from type,to type,connections total,connections RHS,connections LHS,connections bilateral,synapses total,synapses RHS,synapses LHS,synapses bilateral
L2,Tm1,1641,827,814,0,172310,91291,81019,0
Mi1,Pm01,8355,4356,3999,0,162017,87781,74236,0
L2,Tm2,2073,1077,996,0,147571,76834,70737,0
Tm1,Pm03,6534,3351,3183,0,147247,78647,68600,0
Tm1,Pm02,7535,3857,3678,0,132232,70003,62229,0
Mi1,Pm03,6546,3401,3145,0,128368,68840,59528,0
L1,Mi1,1648,824,824,0,122741,66243,56498,0
Mi1,Pm08,7037,3598,3439,0,118284,61797,56487,0
L1,L5,1817,926,891,0,113162,60873,52289,0
Tm1,Pm08,6834,3470,3364,0,94855,49353,45502,0
L2,T1,1451,786,665,0,86070,49238,36832,0
Mi1,T3,5427,2681,2746,0,84417,42704,41713,0
L2,Tm4,7131,3692,3439,0,82198,44291,37907,0
L1,Tm3,7492,3761,3731,0,80368,43094,37274,0
C3,L2,1686,875,811,0,79173,44671,34502,0
Mi1,Pm05,1951,998,953,0,76886,39470,37416,0
C3,T1,1619,884,735,0,74040,43174,30866,0
L2,Dm6,5028,2555,2473,0,72826,37946,34880,0
Tm1,T3,4975,2465,2510,0,69854,35534,34320,0
Mi1,Tm3,8323,4172,4151,0,68509,35556,32953,0
Tm1,T2a,7161,3547,3614,0,68304,34671,33633,0
Mi1,T2a,7357,3674,3683,0,67615,34114,33501,0
Mi1,T4a,6798,3522,3276,0,67388,35045,32343,0
T2a,LC17,9342,4737,4605,0,66469,33505,32964,0
Mi4,Mi9,1787,890,897,0,66286,33596,32690,0
R1-6,L2,5196,2931,2265,0,65785,39753,26032,0
Mi1,T4c,7439,3794,3645,0,65363,33649,31714,0
L3,Mi9,2233,1210,1023,0,65223,37223,28000,0
R1-6,L1,5229,3057,2172,0,63216,40826,22390,0
L5,Tm3,7671,3875,3796,0,60337,31456,28881,0
L5,Mi1,3485,1819,1666,0,58681,30903,27778,0
Tm1,Pm05,1630,818,812,0,58321,29899,28422,0
Mi1,T4d,6924,3548,3376,0,57052,29557,27495,0
L1,C3,1568,810,758,0,56632,32836,23796,0
Mi1,T4b,6820,3444,3376,0,56059,28683,27376,0
L2,L5,1630,836,794,0,54287,29173,25114,0
Tm2,T2,5647,2810,2837,0,53219,27870,25349,0
L5,Mi4,6381,3360,3021,0,52518,28407,24111,0
Pm08,Tm1,6494,3330,3164,0,49023,26905,22118,0
Tm9,CT1,1511,752,759,0,48243,23538,24705,0
L2,Dm19,5753,2659,3094,0,45668,22391,23277,0
L5,Dm18,4877,2480,2397,0,45527,23303,22224,0
Tm4,TmY5a,5227,2544,2683,0,45386,22792,22594,0
Pm08,Mi1,6491,3369,3122,0,45159,25066,20093,0
T3,Li17,6932,3448,3484,0,45028,22647,22381,0
Mi1,Tm27,4568,2392,2176,0,44464,24145,20319,0
Mi1,Y3,4751,2448,2303,0,43207,21527,21680,0
Dm12,L3,4570,2558,2012,0,42908,25235,17673,0
T5c,LPi09,4288,2270,2018,0,41527,24427,17100,0
Tm1,Y3,4674,2390,2284,0,41048,20681,20367,0
Tm2,Pm04,3713,1913,1800,0,40941,22584,18357,0
Lawf2,Lai,3033,2278,755,0,40761,30577,10184,0
Dm2,MeTu1,6351,3304,3047,0,40726,21959,18767,0
Dm4,Mi4,1569,785,784,0,40409,21929,18480,0
Tm1,Tm21,4688,2355,2333,0,40258,20571,19687,0
Mi1,LMa5,2246,1206,1040,0,40148,23841,16307,0
T3,LC11,6936,3364,3572,0,40084,19690,20394,0
Tm9,T5c,6752,3232,3520,0,39529,18465,21064,0
Mi9,TmY11,4582,2237,2345,0,39246,19458,19788,0
L1,C2,1551,816,735,0,39013,21958,17055,0
L5,T2,4953,2532,2421,0,38648,20426,18222,0
C3,Tm4,6240,3208,3032,0,38452,20497,17955,0
L5,Dm10,4186,2194,1992,0,38104,20928,17176,0
R1-6,Lai,3807,2491,1316,0,37737,22293,15444,0
Tm3,TmY5a,4870,2331,2539,0,37023,18086,18937,0
Tm3,Pm01,6653,3440,3213,0,37008,19495,17513,0
L2,Dm15,4742,2455,2287,0,36447,19124,17323,0
T5b,LPi15,1509,760,749,0,35711,20029,15682,0
T2a,LMt2,6501,3616,2885,0,35616,21296,14320,0
Tm2,Pm12,2939,1483,1456,0,35533,18358,17175,0
Tm4,TmY14,3572,1761,1811,0,35519,17796,17723,0
T4a,LPi14,2400,1305,1095,0,35211,19833,15378,0
Tm9,T5d,6105,2951,3154,0,35059,16527,18532,0
T3,LC17,5805,2922,2883,0,35013,17533,17480,0
T5a,LPi14,2425,1308,1117,0,34947,19539,15408,0
L5,L1,1711,851,860,0,34947,17953,16994,0
Tm9,T5a,6314,3000,3314,0,34812,16067,18745,0
Dm6,L2,4634,2260,2374,0,34645,17777,16868,0
Tm2,T5c,4951,2442,2509,0,34160,16530,17630,0
T3,LT1d,1657,814,843,0,34026,16041,17985,0
T4c,LPi09,4072,2172,1900,0,34011,20131,13880,0
L3,Dm12,3875,2146,1729,0,34002,19369,14633,0
T2a,LT1a,1747,844,903,0,33653,16234,17419,0
Tm9,T5b,6109,2994,3115,0,33577,15980,17597,0
T4b,LPi15,1493,747,746,0,33516,18656,14860,0
Tm2,T5a,4068,1989,2079,0,33495,16204,17291,0
Mi4,TmY3,5661,2909,2752,0,32778,17201,15577,0
Mi10,Lawf1,2788,1591,1197,0,32592,18458,14134,0
Tm1,Pm06,5248,2739,2509,0,32014,16939,15075,0
T2a,LT1b,1745,842,903,0,31995,15779,16216,0
Tm20,Tm33,4238,2119,2119,0,31938,17144,14794,0
CT1,T5a,1475,739,736,0,31283,15343,15940,0
Tm2,T5b,4586,2225,2361,0,31277,15180,16097,0
L5,TmY3,5276,2632,2644,0,31108,15781,15327,0
Tm2,L5,1845,958,887,0,31087,16544,14543,0
Mi13,Tm1,4264,2184,2080,0,30628,15825,14803,0
Tm4,TmY15,4447,2275,2172,0,30234,15681,14553,0
CT1,T5b,1510,758,752,0,29854,14588,15266,0
Tm1,LMa5,2137,1143,994,0,29837,17824,12013,0
Tm3,Pm04,3504,1813,1691,0,29820,16349,13471,0
LMa5,Pm03,900,458,442,0,29607,19306,10301,0
Tm3,TmY3,7257,3643,3614,0,29560,15149,14411,0
Mi4,Tm16,4730,2321,2409,0,29392,13965,15427,0
Tm3,TmY15,5065,2575,2490,0,29264,15135,14129,0
Tm2,T5d,4317,2057,2260,0,29237,13931,15306,0
Dm15,L2,5219,2752,2467,0,29077,15729,13348,0
Mi4,TmY11,4248,2083,2165,0,28955,14412,14543,0
L4,TmY3,5384,2849,2535,0,28757,15490,13267,0
L5,Dm1,2969,1595,1374,0,28541,15647,12894,0
L3,Tm9,1519,817,702,0,28386,15488,12898,0
TmY5a,Y3,3465,1784,1681,0,28264,15496,12768,0
Tm3,Pm05,2647,1312,1335,0,28164,14465,13699,0
T2,Li15,5966,2927,3039,0,28025,14206,13819,0
L5,Dm13,4022,2023,1999,0,27894,14386,13508,0
Dm13,Tm2,4249,2151,2098,0,27842,14695,13147,0
L3,Tm20,1843,979,864,0,27741,16020,11721,0
Mi9,Mi4,1873,942,931,0,27682,14707,12975,0
C2,L2,1485,796,689,0,27519,17391,10128,0
Tm2,Pm09,3777,1995,1782,0,27409,14277,13132,0
Dm2,Sm07,3953,2013,1940,0,27299,14823,12476,0
Tm4,Pm05,2271,1125,1146,0,27292,14034,13258,0
Tm3,TmY14,3800,1887,1913,0,27013,13867,13146,0
C2,L1,1483,770,713,0,26776,15393,11383,0
Tm2,Dm13,4234,2131,2103,0,26528,14177,12351,0
Dm20,Lawf1,2833,1538,1295,0,26510,15304,11206,0
Tm2,TmY3,5216,2633,2583,0,26065,13478,12587,0
Mi9,TmY3,4973,2538,2435,0,25873,13555,12318,0
L5,Tm21,5046,2561,2485,0,25781,13211,12570,0
Tm1,T5a,4088,2001,2087,0,25779,12785,12994,0
T2,LC18,5767,2824,2943,0,25764,12757,13007,0
L5,C2,5850,3405,2445,0,25701,15474,10227,0
Tm1,T5c,4731,2300,2431,0,25509,12473,13036,0
L4,Tm2,3752,1998,1754,0,25482,13879,11603,0
Tm3,T3,3866,1883,1983,0,25141,12477,12664,0
Tm1,T5d,4432,2131,2301,0,25135,12271,12864,0
CT1,T5c,1518,763,755,0,25073,12188,12885,0
T2,LMa4,4458,2309,2149,0,24957,13213,11744,0
Tm3,T2,4247,2102,2145,0,24907,12676,12231,0
T4c,Tlp14,4910,2787,2123,0,24384,14844,9540,0
C2,L5,1568,828,740,0,24320,14471,9849,0
Mi1,L1,1550,781,769,0,23841,12441,11400,0
Mi1,TmY3,4908,2488,2420,0,23639,12310,11329,0
Dm15,Tm1,4665,2419,2246,0,23626,12423,11203,0
Tm2,Pm11,3915,1965,1950,0,23557,12012,11545,0
T5c,Tlp14,4665,2644,2021,0,23350,14144,9206,0
Mi9,Mi10,3362,1739,1623,0,23278,12401,10877,0
Mi4,Tm20,1638,828,810,0,23253,12003,11250,0
CT1,T5d,1459,723,736,0,23166,11191,11975,0
Tm3,Li21,2707,1493,1214,0,22919,12168,10751,0
Tm1,Dm3q,3906,1997,1909,0,22881,11912,10969,0
C3,Tm1,1515,770,745,0,22844,12117,10727,0
Tm1,Dm3p,4126,2131,1995,0,22769,11651,11118,0
TmY31,Li10,1335,670,665,0,22694,11799,10895,0
T2,LC11,6269,3044,3225,0,22431,10872,11559,0
Tm1,Dm3v,3673,1839,1834,0,22306,10961,11345,0
Tm1,T5b,3915,1945,1970,0,22287,11154,11133,0
Pm03,Pm04,1133,597,536,0,22287,13366,8921,0
Sm07,Dm2,3687,1923,1764,0,22191,12374,9817,0
Dm1,Mi1,2821,1526,1295,0,22160,12345,9815,0
R1-6,L3,3803,2340,1463,0,22091,14363,7728,0
Tm3,Pm11,4137,2023,2114,0,22073,10859,11214,0
T2a,Li17,5631,2791,2840,0,22034,11109,10925,0
Dm1,L2,2830,1527,1303,0,21992,12294,9698,0
T4d,LPi11,2574,1533,1041,0,21938,15181,6757,0
Tm1,Tm4,3745,1877,1868,0,21631,10890,10741,0
Pm03,Tm1,4871,2700,2171,0,21402,12777,8625,0
T2,LC4,4703,2317,2386,0,21097,10589,10508,0
Li18,Tm5f,4815,2305,2510,0,20910,10452,10458,0
Dm6,Tm2,4354,2162,2192,0,20865,10690,10175,0
Mi4,Tm9,1958,975,983,0,20859,10394,10465,0
Dm10,Mi4,3618,1909,1709,0,20853,11505,9348,0
Tm3,Tm3,6630,3367,3263,0,20813,10882,9931,0
Tm3,T4a,4684,2352,2332,0,20792,10516,10276,0
TmY16,Mi4,4179,2292,1887,0,20753,11709,9044,0
CT1,Tm9,1496,741,755,0,20731,10113,10618,0
Tm2,Mi9,1945,987,958,0,20723,10589,10134,0
Tm3,T4b,4536,2262,2274,0,20667,10386,10281,0
Tm4,T3,3340,1668,1672,0,20665,10570,10095,0
Tm20,Li12,2875,1556,1319,0,20648,11260,9388,0
OA-AL2b2,Mi1,3404,1750,1654,0,20618,10694,9924,0
Tm25,LT11,721,353,368,0,20537,9906,10631,0
Mi1,C2,5262,2987,2275,0,20454,11907,8547,0
Tm3,T4c,4658,2327,2331,0,20303,10196,10107,0
T5b,Am1,1492,759,733,0,20073,11602,8471,0
Dm6,T1,3653,1938,1715,0,20070,11148,8922,0
Pm02,T3,4477,2371,2106,0,19846,11059,8787,0
TmY3,LC4,2708,1307,1401,0,19538,9641,9897,0
LMa5,Pm08,698,345,353,0,19529,12543,6986,0
aMe17c,Dm10,976,483,493,0,19470,9960,9510,0
Pm09,Pm05,849,447,402,0,19465,10427,9038,0
Pm06,Tm1,4483,2425,2058,0,19282,10957,8325,0
Tm1,L5,1472,759,713,0,19269,10587,8682,0
MeMe_e07,TmY3,4174,2148,2026,0,19248,10096,9152,0
Tm4,Li21,2359,1293,1066,0,19183,10164,9019,0
Mi13,Mi1,3822,1958,1864,0,19146,9977,9169,0
T5d,LPi11,2414,1457,957,0,19111,13104,6007,0
Tm5c,Tm5e,1702,862,840,0,19059,9919,9140,0
T2,LMa2,4382,2277,2105,0,18980,9954,9026,0
L3,Mi1,1546,836,710,0,18940,10977,7963,0
Pm01,T3,4613,2531,2082,0,18849,10810,8039,0
Tm20,Tm5f,3758,1841,1917,0,18711,9179,9532,0
Mi2,Tm21,3859,2045,1814,0,18690,10253,8437,0
L3,Dm9,1249,925,324,0,18442,14945,3497,0
Mi4,Pm10,3846,2036,1810,0,18375,9922,8453,0
Mi1,Tm25,2965,1552,1413,0,18163,9768,8395,0
Tm3,T4d,4262,2147,2115,0,18034,9139,8895,0
Li17,LC17,1948,1002,946,0,17961,9361,8600,0
T5a,Y1,3686,1920,1766,0,17913,9282,8631,0
Tm4,Pm10,3502,1821,1681,0,17811,9216,8595,0
Mi13,Tm2,3647,1853,1794,0,17664,9014,8650,0
Dm6,Mi4,3660,1811,1849,0,17604,9029,8575,0
Pm09,T2a,3547,1858,1689,0,17263,9286,7977,0
Mi10,Dm10,2189,1152,1037,0,17234,9343,7891,0
Mi9,Y3,3289,1678,1611,0,17228,8765,8463,0
Mi9,T4a,3661,1892,1769,0,17182,9040,8142,0
Mi1,Mi4,1717,882,835,0,16958,8927,8031,0
Mi1,T2,3722,1940,1782,0,16949,9176,7773,0
L5,C3,2320,1265,1055,0,16942,9540,7402,0
Tm5f,LT79,799,396,403,0,16908,8085,8823,0
Y3,TmY5a,2527,1260,1267,0,16774,8405,8369,0
T5c,Tlp4,3825,2400,1425,0,16738,11287,5451,0
T2a,LMa2,3690,1979,1711,0,16707,9001,7706,0
T2a,LMa5,2991,1687,1304,0,16648,10413,6235,0
Y3,Li10,1539,794,745,0,16637,8941,7696,0
T4b,Am1,1475,745,730,0,16511,9422,7089,0
TmY15,TmY14,1568,849,719,0,16476,9596,6880,0
Y3,Li32,593,298,295,0,16359,8381,7978,0
Mi9,T4c,3691,1887,1804,0,16327,8306,8021,0
L3,Dm20,4767,2633,2134,0,16280,9173,7107,0
Pm05,Y3,1375,707,668,0,16223,8570,7653,0
Dm3v,TmY4,3772,1869,1903,0,16215,8068,8147,0
L2,Dm17,2445,1301,1144,0,16172,8359,7813,0
Sm32,Dm12,1736,801,935,0,16123,8154,7969,0
Dm2,MTe01b,3290,1660,1630,0,16088,8431,7657,0
Tm16,Tm1,3067,1574,1493,0,15975,8402,7573,0
Tm5f,LC17,2600,1317,1283,0,15969,7825,8144,0
Pm08,T2a,4616,2399,2217,0,15863,8454,7409,0
cL21,T2,2685,1333,1352,0,15822,7837,7985,0
T2a,LT62,1659,797,862,0,15813,7875,7938,0
Mi15,MeTu3c,2655,1395,1260,0,15751,8793,6958,0
TmY31,TmY5a,1999,963,1036,0,15748,7994,7754,0
L5,Dm2,3710,2028,1682,0,15732,9028,6704,0
Tm3,L1,4152,2100,2052,0,15691,8156,7535,0
CT1,T4a,1415,719,696,0,15680,8241,7439,0
OA-AL2b2,C3,3157,1690,1467,0,15671,8647,7024,0
Pm02,Tm1,4097,2272,1825,0,15622,9220,6402,0
Tm4,Pm02,4035,2104,1931,0,15620,8326,7294,0
Dm1,Tm3,2954,1582,1372,0,15593,8585,7008,0
Pm04,T2a,2963,1559,1404,0,15576,8705,6871,0
Mi9,Tm1,1546,773,773,0,15470,8172,7298,0
T4c,Tlp4,3752,2362,1390,0,15470,10376,5094,0
TmY10,Mi4,3010,1539,1471,0,15405,7982,7423,0
T2a,LC11,4231,2069,2162,0,15305,7654,7651,0
OA-AL2b2,Lawf2,1176,650,526,0,15295,8762,6533,0
Mi9,T4b,3174,1612,1562,0,15275,7665,7610,0
C3,Mi9,1702,867,835,0,15244,8189,7055,0
Tm3,LC12,3329,1613,1716,0,15200,7347,7853,0
T3,LMa2,3509,1872,1637,0,15159,8229,6930,0
Pm01,Mi1,4053,2397,1656,0,15085,9383,5702,0
Tm8a,Li10,1268,642,626,0,15081,7848,7233,0
Dm3p,TmY9q,3525,1757,1768,0,15078,7655,7423,0
Mi1,Mi2,3054,1646,1408,0,15054,8530,6524,0
Tm4,T5c,3908,1867,2041,0,15036,7099,7937,0
T2a,TmY5a,3143,1543,1600,0,14947,7637,7310,0
Dm12,Mi9,3260,1675,1585,0,14906,7788,7118,0
Dm4,Dm2,1276,639,637,0,14903,8114,6789,0
Mi4,Y3,3265,1673,1592,0,14860,7709,7151,0
L4,Tm4,3573,1909,1664,0,14825,7855,6970,0
Tm2,Li22,3080,1510,1570,0,14748,7437,7311,0
Mi10,Mi9,2950,1535,1415,0,14694,7824,6870,0
Pm09,Mi1,3128,1718,1410,0,14690,8158,6532,0
Y3,Li30,593,301,292,0,14671,7486,7185,0
Dm18,L5,3481,1759,1722,0,14670,7347,7323,0
Dm2,Sm08,2809,1414,1395,0,14669,7427,7242,0
Dm1,L5,2579,1392,1187,0,14664,8194,6470,0
Mi13,Tm4,3690,1888,1802,0,14654,7648,7006,0
Dm11,Dm2,1696,875,821,0,14623,8017,6606,0
T2a,LT83,1699,814,885,0,14613,6423,8190,0
Pm03,T2,3870,2147,1723,0,14558,8290,6268,0
Mi4,LMa5,1893,1074,819,0,14544,9498,5046,0
T2,Pm09,2827,1524,1303,0,14533,8010,6523,0
C3,L5,1463,747,716,0,14533,7927,6606,0
C3,Dm1,2521,1383,1138,0,14507,8017,6490,0
T3,LC21,2777,1331,1446,0,14456,7033,7423,0
Pm05,LMa5,426,215,211,0,14431,9066,5365,0
Dm14,Tm2,2880,1470,1410,0,14387,7474,6913,0
T2a,LPLC1,2914,1453,1461,0,14355,7229,7126,0
Pm02,TmY5a,3177,1704,1473,0,14303,8014,6289,0
Dm4,Dm10,939,480,459,0,14270,7654,6616,0
T4c,LPi07,2608,1575,1033,0,14244,9513,4731,0
Tm16,Mi9,2939,1469,1470,0,14204,7041,7163,0
T4a,LLPC1,2812,1592,1220,0,14192,7959,6233,0
T5b,LPC1,2916,1699,1217,0,14189,8638,5551,0
Y12,TmY14,1708,857,851,0,14135,7849,6286,0
Pm05,TmY14,916,461,455,0,14130,7279,6851,0
LMa2,T2a,2988,1632,1356,0,14114,7740,6374,0
T5c,LPC2,2666,1775,891,0,14086,10449,3637,0
Tm3,Pm10,3209,1648,1561,0,14075,7257,6818,0
Sm20,Dm8b,2108,1034,1074,0,14045,7336,6709,0
L3,Tm5c,1990,1073,917,0,14009,7719,6290,0
T2,LPLC1,3170,1629,1541,0,13988,7265,6723,0
Dm2,Mi4,2215,1131,1084,0,13979,7447,6532,0
Dm2,Sm06,2820,1495,1325,0,13959,7733,6226,0
Dm3q,TmY9q⊥,3637,1872,1765,0,13930,7378,6552,0
Y3,Tm5f,2343,1161,1182,0,13890,6768,7122,0
T5a,LLPC1,2705,1513,1192,0,13881,7644,6237,0
TmY14,Pm08,1829,966,863,0,13870,7810,6060,0
Lawf1,L3,3745,2477,1268,0,13830,9144,4686,0
T4c,Y11,3864,2334,1530,0,13791,8874,4917,0
T4c,LLPC2,3252,1993,1259,0,13774,8981,4793,0
Mi15,MeTu3b,2697,1355,1342,0,13758,7415,6343,0
Y1,TmY14,1406,727,679,0,13733,7551,6182,0
Tm4,T5a,3261,1557,1704,0,13651,6437,7214,0
Mi1,Dm10,3181,1732,1449,0,13638,7671,5967,0
Sm20,Dm8a,1894,984,910,0,13629,7470,6159,0
Dm9,R7,1127,828,299,0,13626,10754,2872,0
T5c,Y11,3781,2306,1475,0,13604,8870,4734,0
T4a,Y1,3152,1676,1476,0,13513,7124,6389,0
TmY3,T2,3107,1627,1480,0,13496,7246,6250,0
Tm4,Mi14,3179,1703,1476,0,13459,7368,6091,0
Y11,TmY14,1498,822,676,0,13453,8265,5188,0
Mi4,Tm27,3029,1566,1463,0,13452,7019,6433,0
Sm16,MeTu1,1553,835,718,0,13408,7603,5805,0
Tm5f,LPLC2,2531,1204,1327,0,13385,6438,6947,0
CT1,T4b,1432,722,710,0,13338,6984,6354,0
Mi9,Tm7,2001,997,1004,0,13298,6736,6562,0
Tm4,LC4,3318,1632,1686,0,13284,6632,6652,0
CT1,T4c,1593,797,796,0,13223,6965,6258,0
Tm20,Sm22,3646,1848,1798,0,13211,6666,6545,0
Tm4,T5d,3369,1589,1780,0,13207,6157,7050,0
CT1,T4d,1473,739,734,0,13200,6909,6291,0
Mi4,Pm12,2458,1257,1201,0,13179,6884,6295,0
Pm09,T2,2793,1488,1305,0,13173,7090,6083,0
Mi9,T4d,3115,1600,1515,0,13155,7032,6123,0
Tm25,LTe26,714,349,365,0,13121,6668,6453,0
Tm5f,Li18,2982,1425,1557,0,13072,6390,6682,0
Dm17,L2,2407,1280,1127,0,13049,6979,6070,0
Mi4,Dm20,4277,2166,2111,0,13048,6646,6402,0
Dm13,TmY3,2182,1106,1076,0,13048,6911,6137,0
Mi9,Pm05,1525,759,766,0,12999,6884,6115,0
Lawf2,L5,3712,2495,1217,0,12908,8779,4129,0
LMa5,Pm04,409,206,203,0,12904,8331,4573,0
Tm5f,LPLC1,1923,962,961,0,12832,6384,6448,0
T4b,LPC1,2768,1610,1158,0,12831,7889,4942,0
Pm05,Tm21,1818,901,917,0,12822,6613,6209,0
T4a,TmY20,2765,1646,1119,0,12780,7836,4944,0
T2,LC12,3965,1920,2045,0,12769,6146,6623,0
T5b,H2,1292,666,626,0,12714,7489,5225,0
Mi1,C3,1664,847,817,0,12642,6902,5740,0
cL21,T3,2429,1196,1233,0,12566,6248,6318,0
Tm3,Li22,3247,1565,1682,0,12507,6089,6418,0
T3,Li16,3564,1777,1787,0,12506,6391,6115,0
Dm17,Tm2,2448,1262,1186,0,12467,6392,6075,0
T4c,LPC2,2542,1735,807,0,12462,9319,3143,0
Pm05,T2a,2248,1106,1142,0,12459,6436,6023,0
Tm1,Tm20,1544,788,756,0,12457,6632,5825,0
T5a,TmY20,2671,1598,1073,0,12453,7630,4823,0
Tm5c,Mi15,2067,1070,997,0,12438,6710,5728,0
T5d,LPi13,1365,725,640,0,12432,8175,4257,0
T3,Pm04,2304,1220,1084,0,12419,6878,5541,0
Tm2,Tm21,3179,1618,1561,0,12343,6453,5890,0
Mi9,Tm21,3387,1699,1688,0,12292,6265,6027,0
T5d,LLPC3,2622,1619,1003,0,12257,8137,4120,0
T5b,LPi10,3405,2074,1331,0,12236,7544,4692,0
Y1,T4a,2874,1537,1337,0,12185,6767,5418,0
L4,Dm14,2569,1403,1166,0,12167,6710,5457,0
Pm10,TmY14,1305,696,609,0,12147,6816,5331,0
Tm20,LC16,2637,1330,1307,0,12086,6083,6003,0
Dm9,R8,1141,799,342,0,12074,9327,2747,0
Li30,TmY31,317,156,161,0,12022,6008,6014,0
Pm05,Tm27,1621,844,777,0,12006,6578,5428,0
Pm01,Tm25,2395,1297,1098,0,11972,6805,5167,0
Dm15,Tm2,3332,1682,1650,0,11935,6112,5823,0
T4b,H2,1288,663,625,0,11899,7079,4820,0
TmY3,TmY14,1901,968,933,0,11892,6351,5541,0
LMa1,Li17,509,250,259,0,11871,6151,5720,0
T5c,LLPC2,2920,1765,1155,0,11847,7633,4214,0
T4d,Tlp1,3098,1906,1192,0,11826,7746,4080,0
Tm5f,Li06,2415,1161,1254,0,11799,5822,5977,0
Sm30,Mi15,2563,1347,1216,0,11774,6594,5180,0
Mi1,Dm2,2395,1281,1114,0,11773,6518,5255,0
Pm03,Tm2,3549,2017,1532,0,11708,6834,4874,0
Tm4,T5b,3084,1494,1590,0,11698,5599,6099,0
Tm4,Li31,1405,689,716,0,11698,5621,6077,0
Tm2,Tm25,2504,1254,1250,0,11648,5910,5738,0
T4d,LPi13,1439,770,669,0,11647,7447,4200,0
Pm10,Pm05,587,314,273,0,11631,6659,4972,0
T3,Tm21,2459,1205,1254,0,11615,5816,5799,0
TmY31,Sm42,316,156,160,0,11602,6255,5347,0
LPi13,TmY14,365,185,180,0,11570,7854,3716,0
T4a,T4a,3466,1867,1599,0,11550,6182,5368,0
Tm25,LC25,2436,1182,1254,0,11510,5717,5793,0
LMt4,LMa4,584,285,299,0,11499,5794,5705,0
Tm2,LC4,2824,1415,1409,0,11497,5704,5793,0
T5d,Tlp1,2881,1789,1092,0,11471,7509,3962,0
T4b,LPi10,3373,2099,1274,0,11403,7217,4186,0
T2,T2,3895,1910,1985,0,11377,5676,5701,0
T2,LMa1,2431,1258,1173,0,11373,6220,5153,0
Tlp14,TmY14,1313,730,583,0,11371,7223,4148,0
Y1,T5a,2855,1561,1294,0,11368,6490,4878,0
Tm3,Mi14,2898,1518,1380,0,11309,6108,5201,0
Pm01,TmY5a,2925,1610,1315,0,11306,6504,4802,0
Tm1,CT1,1484,737,747,0,11299,5590,5709,0
T2,LMa3,2543,1357,1186,0,11285,6366,4919,0
L5,Tm25,2578,1374,1204,0,11278,6035,5243,0
T5a,T5a,3596,1812,1784,0,11274,5591,5683,0
Tm21,LC21,2706,1297,1409,0,11234,5445,5789,0
T4d,LLPC3,2530,1558,972,0,11207,7477,3730,0
Mi1,Mi9,1440,717,723,0,11192,5682,5510,0
Tm21,LC11,3178,1550,1628,0,11164,5618,5546,0
TmY16,Pm03,1224,659,565,0,11108,6344,4764,0
CB0816,Lawf1,911,512,399,0,11093,6157,4936,0
Tm1,TmY9q,2576,1308,1268,0,11049,5632,5417,0
T5b,LPi05,2119,1496,623,0,10993,8052,2941,0
Pm01,Pm09,1332,727,605,0,10930,6382,4548,0
Tm21,Tm21,3510,1855,1655,0,10928,5857,5071,0
MeTu1,MeTu1,1839,936,903,0,10919,5784,5135,0
Mi13,L5,2639,1364,1275,0,10901,5767,5134,0
Dm19,Tm1,3448,1666,1782,0,10899,5375,5524,0
T5c,LPi07,2270,1382,888,0,10879,7237,3642,0
Tm1,TmY9q⊥,2495,1274,1221,0,10858,5695,5163,0
LPi10,TmY14,1452,831,621,0,10849,6919,3930,0
Li06,LMa2,888,440,448,0,10831,4978,5853,0
LPi12,T4b,1391,742,649,0,10802,6741,4061,0
Dm2,Sm15,2354,1194,1160,0,10791,5684,5107,0
T4b,LPi05,2074,1448,626,0,10788,7741,3047,0
Dm12,Dm10,1658,844,814,0,10783,5794,4989,0
Tm5c,Dm2,1999,1065,934,0,10715,5902,4813,0
Li17,T2a,3518,1793,1725,0,10710,5527,5183,0
LMa2,TmY14,1115,609,506,0,10654,5938,4716,0
T4b,T4b,3265,1675,1590,0,10570,5379,5191,0
Tm21,Li25,2213,1079,1134,0,10567,5324,5243,0
Mi9,LMa5,1682,950,732,0,10539,6530,4009,0
Dm19,Tm2,3384,1599,1785,0,10538,5018,5520,0
L3,Dm4,1185,660,525,0,10527,6039,4488,0
Y3,T2a,2712,1351,1361,0,10525,5256,5269,0
TmY14,Pm03,1727,933,794,0,10502,5944,4558,0
Tm2,Dm1,2404,1289,1115,0,10440,5664,4776,0
Tm4,LC12,2531,1202,1329,0,10427,4950,5477,0
Mi4,Dm3p,2336,1159,1177,0,10135,5004,5131,0
Mi4,TmY10,2417,1178,1239,0,10113,4861,5252,0
Pm09,Tm3,2594,1358,1236,0,10113,5345,4768,0
Pm07,Pm09,447,208,239,0,10107,5254,4853,0
Tm20,LC10c,2628,1251,1377,0,10099,4820,5279,0
LMa5,Mi13,941,499,442,0,10079,6016,4063,0
Tm1,Mi2,2506,1391,1115,0,10059,5820,4239,0
Li15,LC11,870,422,448,0,10047,5347,4700,0
Mi9,Dm4,1474,744,730,0,10000,5309,4691,0
Dm15,Tm4,3123,1672,1451,0,9999,5464,4535,0
Y3,TmY14,1556,799,757,0,9989,5280,4709,0
C3,T2,2806,1505,1301,0,9980,5524,4456,0
Pm09,T3,2554,1353,1201,0,9942,5404,4538,0
Mi4,Dm3q,2408,1217,1191,0,9892,4841,5051,0
TmY5a,Li30,1117,552,565,0,9886,4887,4999,0
Dm4,Mi10,853,450,403,0,9869,5564,4305,0
T3,Tm3,2196,1110,1086,0,9841,5052,4789,0
Mi4,TmY5a,2641,1372,1269,0,9830,5178,4652,0
Tm1,TmY16,2237,1250,987,0,9821,5535,4286,0
Pm06,Pm02,994,509,485,0,9763,5787,3976,0
cM05,Mi13,698,344,354,0,9719,5125,4594,0
TmY15,T4a,2393,1298,1095,0,9713,5370,4343,0
Tm5c,Tm21,2154,1098,1056,0,9699,5042,4657,0
TmY4,Li28,783,394,389,0,9685,4771,4914,0
Am1,TmY14,369,185,184,0,9668,5418,4250,0
Pm03,LMa5,728,380,348,0,9660,6254,3406,0
TmY15,T4b,2518,1348,1170,0,9654,5308,4346,0
Pm10,LMa5,380,198,182,0,9648,6181,3467,0
Pm11,Tm2,2759,1472,1287,0,9605,5311,4294,0
Mi9,Tm2,1544,778,766,0,9540,4942,4598,0
T3,Tm25,2188,1082,1106,0,9539,4835,4704,0
LC9,LMa1,503,260,243,0,9531,5194,4337,0
T4b,CT1,1424,724,700,0,9524,5017,4507,0
Mi2,T2,2173,1170,1003,0,9472,5305,4167,0
Tm21,Li19,2126,1013,1113,0,9447,4561,4886,0
Dm8b,Tm5b,1088,563,525,0,9444,5057,4387,0
Dm15,Mi4,2567,1355,1212,0,9443,5084,4359,0
Tm2,TmY16,2095,1190,905,0,9412,5328,4084,0
Pm08,LMa2,528,290,238,0,9398,5177,4221,0
Mi1,Pm09,2339,1252,1087,0,9353,4982,4371,0
Pm09,Tm2,2593,1387,1206,0,9341,5140,4201,0
C2,L4,2144,1225,919,0,9315,5547,3768,0
Sm22,Tm20,2957,1585,1372,0,9303,5080,4223,0
Mi2,T2a,2406,1296,1110,0,9302,5233,4069,0
TmY14,Pm02,1646,880,766,0,9295,5183,4112,0
L4,L2,2210,1368,842,0,9253,5963,3290,0
LMt2,T2a,3115,1675,1440,0,9253,5139,4114,0
Tm3,Tm27,2509,1308,1201,0,9240,4956,4284,0
Pm01,T2,2820,1590,1230,0,9235,5437,3798,0
Tm1,TmY4,2056,1032,1024,0,9188,4688,4500,0
LC17,cL21,545,282,263,0,9181,4621,4560,0
Mi4,T4b,2095,1055,1040,0,9177,4733,4444,0
T5a,Li14,2140,1195,945,0,9149,5257,3892,0
Sm19,Dm8b,1014,514,500,0,9145,4779,4366,0
Mi2,LMa5,1094,615,479,0,9143,5850,3293,0
TmY5a,LMa5,1369,776,593,0,9134,5907,3227,0
Y12,T4d,2778,1618,1160,0,9128,5703,3425,0
Tm25,TmY5a,2174,1047,1127,0,9066,4447,4619,0
L2,Tm20,1293,674,619,0,9033,5228,3805,0
Dm8a,Sm02,1050,548,502,0,9006,4873,4133,0
Y4,TmY14,950,452,498,0,8985,4726,4259,0
Pm07,Pm05,483,217,266,0,8981,4376,4605,0
TmY5a,LMt2,2592,1405,1187,0,8955,5093,3862,0
LMa2,Pm05,479,262,217,0,8954,4992,3962,0
TmY31,Li33,316,155,161,0,8949,4572,4377,0
Sm19,Dm8a,879,459,420,0,8927,4974,3953,0
Mi4,T4a,2163,1116,1047,0,8902,4635,4267,0
T4a,TmY16,2129,1167,962,0,8898,4884,4014,0
TmY15,T4c,2441,1339,1102,0,8878,4966,3912,0
T3,LMa3,1905,974,931,0,8855,4767,4088,0
Tm25,LC11,2111,1018,1093,0,8841,4290,4551,0
T2a,Tm20,2580,1354,1226,0,8792,4659,4133,0
Li32,Y3,589,299,290,0,8788,4639,4149,0
Sm32,Dm10,2118,981,1137,0,8765,4441,4324,0
T4d,LPi07,1986,1275,711,0,8761,6246,2515,0
Dm13,T2,2476,1303,1173,0,8749,4746,4003,0
C2,Mi1,1359,723,636,0,8742,4931,3811,0
Pm11,T2,2371,1290,1081,0,8738,4891,3847,0
TmY16,Mi9,2343,1296,1047,0,8702,4919,3783,0
T5a,VCH,889,458,431,0,8701,4377,4324,0
TmY14,Pm01,1683,926,757,0,8699,5038,3661,0
TmY5a,Dm18,2329,1214,1115,0,8680,4585,4095,0
TmY9q⊥,Li28,711,360,351,0,8678,4301,4377,0
Tm16,Tm9,2318,1140,1178,0,8669,4240,4429,0
Pm08,T2,2770,1462,1308,0,8646,4627,4019,0
Sm15,MeTu1,1042,490,552,0,8635,4344,4291,0
L4,T2,1838,1018,820,0,8609,4890,3719,0
T3,Pm09,2314,1216,1098,0,8604,4585,4019,0
TmY3,LMa4,1574,815,759,0,8566,4571,3995,0
T5b,T5b,2963,1494,1469,0,8564,4243,4321,0
Tm20,Tm20,2597,1393,1204,0,8561,4682,3879,0
Mi13,Tm3,2547,1311,1236,0,8510,4527,3983,0
Y11,T4c,2684,1725,959,0,8510,5745,2765,0
OA-AL2b2,Tm3,2513,1289,1224,0,8465,4391,4074,0
Tm5a,Li12,923,486,437,0,8455,4516,3939,0
Tm16,Lawf1,1548,876,672,0,8448,4780,3668,0
Li33,LPLC1,140,72,68,0,8430,4283,4147,0
Mi1,Tm21,2388,1227,1161,0,8384,4294,4090,0
Li06,LT87,196,93,103,0,8368,4120,4248,0
T2,Mi1,2626,1407,1219,0,8361,4606,3755,0
Dm20,Dm10,2305,1234,1071,0,8361,4684,3677,0
T5b,LT33,1338,699,639,0,8345,4357,3988,0
Tm3,Pm06,2304,1216,1088,0,8316,4437,3879,0
T4a,VCH,854,449,405,0,8315,4336,3979,0
T5a,DCH,872,456,416,0,8310,5379,2931,0
LMa5,Lawf2,601,346,255,0,8309,5325,2984,0
LPi11,Tlp14,417,232,185,0,8285,5401,2884,0
Tm5e,Li10,1269,625,644,0,8272,4158,4114,0
Dm15,Mi9,2412,1260,1152,0,8268,4338,3930,0
Mi4,T4c,2201,1151,1050,0,8261,4372,3889,0
Pm10,Tm3,2536,1363,1173,0,8256,4556,3700,0
T5a,Y11,2344,1286,1058,0,8225,4539,3686,0
Tm2,Dm3q,2569,1298,1271,0,8220,4184,4036,0
Dm3q,Dm3p,3043,1620,1423,0,8196,4426,3770,0
Dm19,Dm6,450,186,264,0,8195,3864,4331,0
T5c,LPi04,1668,1148,520,0,8188,5949,2239,0
Tm3,TmY16,2400,1286,1114,0,8177,4454,3723,0
Pm04,T2,2037,1102,935,0,8174,4710,3464,0
Tm16,Tm4,2159,1079,1080,0,8160,4133,4027,0
Mi9,Pm14,1357,762,595,0,8159,4815,3344,0
Tm2,Li26,2357,1243,1114,0,8151,4338,3813,0
Tm4,Li26,2516,1279,1237,0,8141,4131,4010,0
T4d,Y12,2603,1530,1073,0,8134,4983,3151,0
TmY9q⊥,TmY5a,2491,1253,1238,0,8134,4072,4062,0
TmY5a,LC20b,1528,812,716,0,8124,4451,3673,0
LMa2,LMa5,344,182,162,0,8067,5247,2820,0
Pm10,Tm4,2263,1213,1050,0,8041,4399,3642,0
C3,Tm20,1358,709,649,0,8009,4423,3586,0
Pm04,T3,2130,1165,965,0,8005,4637,3368,0
T4a,CT1,1367,703,664,0,7958,4122,3836,0
T4c,T4c,2630,1340,1290,0,7934,4078,3856,0
Tlp1,TmY14,1030,550,480,0,7930,4611,3319,0
Tm3,Li31,1502,729,773,0,7921,3963,3958,0
cM05,Mi4,1171,592,579,0,7902,4096,3806,0
T4b,LPi12,1299,702,597,0,7894,4719,3175,0
aMe4,Lawf1,1148,545,603,0,7893,4379,3514,0
Mi4,Pm14,1501,840,661,0,7889,4759,3130,0
Pm08,T3,2829,1471,1358,0,7882,4174,3708,0
T4c,CT1,1487,761,726,0,7874,4164,3710,0
T4a,Y11,2286,1276,1010,0,7872,4344,3528,0
T2a,Li06,2457,1214,1243,0,7871,4010,3861,0
Tm5b,Tm5d,1065,571,494,0,7860,4248,3612,0
Dm14,TmY3,1543,773,770,0,7842,3963,3879,0
Tm16,TmY5a,1694,849,845,0,7839,4005,3834,0
Sm26,Dm8b,1248,644,604,0,7834,4232,3602,0
Pm02,Tm25,1911,1035,876,0,7823,4438,3385,0
C3,Lai,1488,1185,303,0,7777,6146,1631,0
Y3,Tm25,1493,755,738,0,7774,3934,3840,0
Sm07,Sm06,1115,572,543,0,7773,4291,3482,0
LMt3,Pm03,766,403,363,0,7771,4508,3263,0
T2,TmY5a,2689,1319,1370,0,7750,3924,3826,0
Li17,LC18,1065,532,533,0,7743,3879,3864,0
Tm2,Dm3p,2413,1188,1225,0,7728,3733,3995,0
Pm04,Pm09,643,350,293,0,7728,4634,3094,0
TmY3,TmY5a,2158,1066,1092,0,7727,3874,3853,0
LPi12,T5b,1327,740,587,0,7712,5030,2682,0
Y3,LC17,1198,611,587,0,7710,3899,3811,0
Dm10,Tm4,2083,1064,1019,0,7667,3945,3722,0
Pm09,LMa2,436,249,187,0,7655,4277,3378,0
Pm12,Tm2,2210,1140,1070,0,7640,3942,3698,0
T5d,Y12,2420,1459,961,0,7607,4772,2835,0
Dm8b,Dm2,1273,664,609,0,7605,4107,3498,0
Pm12,T2,1962,1022,940,0,7588,3962,3626,0
Dm8b,Dm9,737,556,181,0,7576,6161,1415,0
Pm04,Tm3,2206,1217,989,0,7563,4340,3223,0
T2a,Y4,2104,1014,1090,0,7553,3708,3845,0
Pm05,Pm09,724,383,341,0,7547,4075,3472,0
Pm05,Pm03,950,491,459,0,7542,4137,3405,0
Mi9,Mi15,1177,596,581,0,7532,3831,3701,0
Lawf2,C2,2531,1848,683,0,7524,5514,2010,0
LPi15,LLPC1,218,113,105,0,7484,4358,3126,0
Tm20,Mi9,1408,716,692,0,7481,3849,3632,0
Tm3,T2a,2449,1190,1259,0,7477,3628,3849,0
MeTu1,MTe01b,1006,532,474,0,7456,3993,3463,0
cLP03,TmY16,747,432,315,0,7447,4748,2699,0
Pm06,Mi9,2517,1409,1108,0,7443,4305,3138,0
L2,TmY3,1832,957,875,0,7434,3779,3655,0
Tm5b,LC6,1036,510,526,0,7433,3756,3677,0
Tm21,TmY5a,2334,1194,1140,0,7411,3924,3487,0
Pm14,TmY16,286,146,140,0,7384,4687,2697,0
cL21,LC11,254,122,132,0,7377,3670,3707,0
T5b,LPi12,1280,715,565,0,7346,4483,2863,0
Pm08,Pm05,868,448,420,0,7340,4107,3233,0
Tm4,Tm21,2558,1368,1190,0,7336,4034,3302,0
T4a,C3,2074,1111,963,0,7323,4062,3261,0
Tm21,LT1c,1058,400,658,0,7310,1645,5665,0
Tm1,Mi9,1340,681,659,0,7298,3701,3597,0
T2,LMt4,1968,1132,836,0,7298,4337,2961,0
Mi9,Sm32,2378,1117,1261,0,7280,3499,3781,0
Mi1,L5,1361,715,646,0,7259,3895,3364,0
T5c,LPLC2,2301,1423,878,0,7256,4772,2484,0
T5d,LPi07,1736,1167,569,0,7244,5262,1982,0
R8,Dm9,920,651,269,0,7218,5273,1945,0
Tm3,Dm6,2238,1073,1165,0,7201,3526,3675,0
TmY9q,Li28,667,329,338,0,7175,3478,3697,0
Pm08,LMa5,590,298,292,0,7173,4570,2603,0
Li13,Tm5f,1868,939,929,0,7167,3788,3379,0
Tm3,Li14,2029,1127,902,0,7154,4081,3073,0
T4a,DCH,857,459,398,0,7136,4701,2435,0
TmY15,T4d,2081,1140,941,0,7125,3953,3172,0
Tlp4,TmY14,1043,609,434,0,7110,4630,2480,0
Tm5a,LT58,373,217,156,0,7110,5063,2047,0
Pm11,Pm09,429,229,200,0,7107,4022,3085,0
L3,Dm3q,1891,1091,800,0,7089,4151,2938,0
T5a,CT1,1356,688,668,0,7065,3609,3456,0
Tm20,Tm37,1919,918,1001,0,7060,3385,3675,0
Pm04,TmY14,977,525,452,0,7057,4066,2991,0
Tm5d,Sm40,622,337,285,0,7030,3727,3303,0
Pm09,TmY5a,1908,998,910,0,7015,3720,3295,0
Tm5b,Sm40,792,405,387,0,7012,3552,3460,0
Tm2,LMa4,1533,805,728,0,7001,3702,3299,0
TmY5a,Dm13,1996,1076,920,0,6995,3938,3057,0
Li17,Tm21,2285,1128,1157,0,6959,3462,3497,0
Y3,Tm20,1928,970,958,0,6955,3525,3430,0
LMt4,LMa3,329,172,157,0,6955,3893,3062,0
Tm4,TmY3,2452,1246,1206,0,6904,3548,3356,0
TmY5a,Am1,1081,556,525,0,6887,3801,3086,0
TmY3,Y3,1584,813,771,0,6885,3524,3361,0
Pm10,TmY16,684,377,307,0,6880,4061,2819,0
Mi1,MeMe_e08,1586,842,744,0,6864,3668,3196,0
T5b,CT1,1393,719,674,0,6837,3596,3241,0
T5b,LPLC2,2148,1330,818,0,6835,4421,2414,0
T4c,LPLC2,2160,1330,830,0,6826,4415,2411,0
Sm07,MeTu1,1501,781,720,0,6822,3699,3123,0
Dm3p,Dm3v,2661,1335,1326,0,6813,3445,3368,0
Li05,Li33,167,86,81,0,6805,3613,3192,0
Li05,LPLC4,690,360,330,0,6801,3487,3314,0
Y4,LMa5,439,230,209,0,6792,4197,2595,0
cM05,Tm2,1223,613,610,0,6789,3298,3491,0
Tm27,LT61a,1013,506,507,0,6782,3399,3383,0
TmY11,TmY15,1163,584,579,0,6774,3636,3138,0
TmY20,TmY14,1093,588,505,0,6772,3841,2931,0
Pm14,C2,1194,717,477,0,6770,4391,2379,0
T5a,HSE,972,496,476,0,6762,3893,2869,0
T5c,T5c,2432,1130,1302,0,6754,3078,3676,0
Dm2,Dm2,2302,1224,1078,0,6740,3643,3097,0
LPi11,LLPC2,508,301,207,0,6740,4822,1918,0
Tm27,Mi4,2012,1040,972,0,6728,3582,3146,0
TmY4,Li27,581,290,291,0,6725,3505,3220,0
Tm2,T3,2026,1019,1007,0,6715,3356,3359,0
Mi9,Tm8b,1307,615,692,0,6714,3237,3477,0
Y11,T5c,2279,1491,788,0,6706,4591,2115,0
Pm14,Mi13,770,412,358,0,6705,3784,2921,0
Tm20,LPLC1,1423,683,740,0,6686,3285,3401,0
Dm19,T1,2245,1220,1025,0,6652,3724,2928,0
Tm16,Li10,957,468,489,0,6650,3279,3371,0
Pm13,TmY16,215,76,139,0,6648,3547,3101,0
T2,Li24,1600,915,685,0,6642,3795,2847,0
LPi14,LPC1,297,155,142,0,6621,4056,2565,0
cLP03,LPi10,286,159,127,0,6611,4070,2541,0
Tm2,C3,1685,935,750,0,6603,3716,2887,0
cM15,C3,1195,631,564,0,6574,3555,3019,0
Pm08,Pm03,1197,624,573,0,6573,3650,2923,0
Tm4,LMa5,1423,847,576,0,6570,4199,2371,0
TmY3,Pm09,1491,773,718,0,6555,3489,3066,0
Pm10,T2,1852,994,858,0,6528,3606,2922,0
aMe4,Tm5c,1483,647,836,0,6526,3071,3455,0
TmY9q⊥,Li27,550,280,270,0,6514,3475,3039,0
TmY4,LC15,1036,530,506,0,6506,3383,3123,0
Dm2,Dm10,1817,938,879,0,6499,3517,2982,0
Dm14,T2,1880,983,897,0,6487,3481,3006,0
R7,Dm8b,1201,697,504,0,6471,4009,2462,0
T2a,Mi1,2018,1081,937,0,6465,3526,2939,0
T2,Li06,2028,941,1087,0,6465,2994,3471,0
T5a,TmY14,1854,1015,839,0,6464,3489,2975,0
Tm2,Tm4,2268,1167,1101,0,6453,3294,3159,0
Tm4,LMa3,1557,821,736,0,6439,3579,2860,0
T4d,T4d,2239,1212,1027,0,6438,3513,2925,0
Li16,T3,2166,1116,1050,0,6437,3337,3100,0
T4d,CT1,1391,713,678,0,6432,3387,3045,0
L3,TmY10,1744,999,745,0,6411,3636,2775,0
Pm03,Pm09,1002,560,442,0,6408,3839,2569,0
Pm05,Mi2,1088,586,502,0,6406,3718,2688,0
Dm2,Sm12,1914,984,930,0,6376,3249,3127,0
LMa5,Mi2,953,570,383,0,6374,4256,2118,0
Mi4,T4d,1793,939,854,0,6353,3384,2969,0
C3,Dm15,1819,921,898,0,6344,3259,3085,0
Pm03,Mi1,2305,1388,917,0,6328,3889,2439,0
Y12,T5d,2144,1340,804,0,6312,4102,2210,0
Tm3,LMa5,1511,860,651,0,6309,3844,2465,0
Li06,LC17,1170,571,599,0,6302,2942,3360,0
TmY14,Pm07,850,397,453,0,6296,3192,3104,0
L3,Dm3p,1628,976,652,0,6295,3785,2510,0
Tm27,LC21,1648,835,813,0,6293,3277,3016,0
Pm03,Tm21,2114,1205,909,0,6279,3701,2578,0
Li31,LC21,130,62,68,0,6274,3164,3110,0
T5a,Y12,1873,888,985,0,6265,2859,3406,0
Mi10,Mi10,1576,880,696,0,6259,3622,2637,0
Tm5e,Tm4,1640,812,828,0,6245,3239,3006,0
Tm8a,Sm09,1027,548,479,0,6243,3372,2871,0
Pm08,Tm4,2364,1238,1126,0,6226,3281,2945,0
Dm18,Tm21,1980,976,1004,0,6223,3065,3158,0
TmY5a,Li27,1154,605,549,0,6220,3348,2872,0
Li06,Li24,396,220,176,0,6216,3472,2744,0
MLt1,L5,1455,732,723,0,6188,3171,3017,0
OA-AL2b2,C2,1672,919,753,0,6167,3463,2704,0
TmY5a,Pm12,1592,803,789,0,6164,3157,3007,0
T2,Li17,2098,1021,1077,0,6155,2977,3178,0
LC12,cL21,660,320,340,0,6130,2919,3211,0
C2,Tm1,1176,627,549,0,6128,3361,2767,0
cLP02,Tlp1,1079,652,427,0,6096,4444,1652,0
Mi1,CT1,1254,619,635,0,6091,2790,3301,0
TmY5a,Li32,1038,518,520,0,6090,3052,3038,0
cM05,Dm17,8,4,4,0,6087,3114,2973,0
TmY4,TmY5a,1771,1009,762,0,6062,3537,2525,0
Tm27,TmY5a,1748,918,830,0,6040,3230,2810,0
Tm21,LPLC1,1731,858,873,0,6033,3038,2995,0
Mi10,Tm5e,1219,634,585,0,6002,3120,2882,0
TmY31,LC10b,729,375,354,0,5998,3216,2782,0
Tm3,MTe52,1866,985,881,0,5995,3150,2845,0
Tm4,LPLC1,1315,674,641,0,5993,3063,2930,0
T2,LC21,1932,931,1001,0,5986,2867,3119,0
T4c,LPi04,1461,1030,431,0,5981,4364,1617,0
T5a,TmY16,1659,919,740,0,5977,3320,2657,0
LPi15,Y11,129,67,62,0,5969,3456,2513,0
Tm2,Tm1,1226,623,603,0,5951,3088,2863,0
TmY20,Y3,995,547,448,0,5940,3363,2577,0
Mi9,Tm8a,1440,731,709,0,5910,2931,2979,0
LPi15,Y12,203,97,106,0,5910,3176,2734,0
Y3,TmY9q⊥,1522,772,750,0,5904,3036,2868,0
L4,MLt3,1599,898,701,0,5902,3370,2532,0
Sm39,Mi15,831,423,408,0,5899,3306,2593,0
T5d,T5d,2162,1022,1140,0,5892,2730,3162,0
C2,L3,1029,605,424,0,5892,3831,2061,0
T5a,HSN,705,371,334,0,5881,3287,2594,0
Tlp14,T4c,1905,1221,684,0,5877,3979,1898,0
Pm12,Pm09,146,76,70,0,5874,3142,2732,0
Tm2,Dm16,1689,913,776,0,5868,3302,2566,0
Pm05,TmY5a,1210,598,612,0,5856,2911,2945,0
Pm08,MLt4,608,318,290,0,5849,3210,2639,0
Tm3,Li26,2027,991,1036,0,5833,2815,3018,0
T4a,HSE,921,473,448,0,5799,3281,2518,0
cM15,Lawf2,298,164,134,0,5795,3227,2568,0
LPi14,TmY4,670,373,297,0,5782,3469,2313,0
Pm03,Y3,1664,939,725,0,5774,3307,2467,0
Li17,LC12,1382,711,671,0,5770,2957,2813,0
Dm8a,Sm20,1237,662,575,0,5770,3186,2584,0
Dm8a,Tm5a,720,380,340,0,5761,3190,2571,0
Mi15,Mi4,1184,605,579,0,5758,3104,2654,0
Mi10,TmY11,1272,651,621,0,5741,2867,2874,0
TmY9q,TmY5a,1858,879,979,0,5733,2779,2954,0
Dm12,Tm16,1283,633,650,0,5732,2777,2955,0
Pm03,T3,2043,1125,918,0,5726,3172,2554,0
Tm20,LPLC2,1608,762,846,0,5704,2695,3009,0
Y3,LPLC2,1152,590,562,0,5693,2971,2722,0
R7,Dm8a,1050,621,429,0,5691,3605,2086,0
OA-AL2b2,Mi4,1579,845,734,0,5684,3036,2648,0
Tm3,CB0592,1238,621,617,0,5679,2889,2790,0
Li17,Tm5f,1897,938,959,0,5676,2825,2851,0
Dm10,Tm21,1785,992,793,0,5665,3181,2484,0
T4d,VS2,698,357,341,0,5653,3277,2376,0
T3,TmY5a,1699,881,818,0,5649,2949,2700,0
Mi9,Tm4,1792,877,915,0,5644,2781,2863,0
LT42,TmY5a,940,450,490,0,5644,2613,3031,0
Y3,Mi4,1670,867,803,0,5639,2917,2722,0
LT33,T5a,1179,608,571,0,5622,2727,2895,0
Y3,LLPt,1022,516,506,0,5617,2868,2749,0
L5,L2,1167,631,536,0,5613,3067,2546,0
T5d,LPLC2,1780,1196,584,0,5612,3974,1638,0
T4a,Y12,1787,886,901,0,5590,2745,2845,0
Tlp5,Li32,55,27,28,0,5582,2931,2651,0
Mi15,Dm2,1590,839,751,0,5578,3006,2572,0
TmY9q,TmY9q,1411,633,778,0,5575,2729,2846,0
LLPC1,Nod1,329,179,150,0,5573,3071,2502,0
Li32,TmY31,313,154,159,0,5558,2780,2778,0
Tm1,L2,1090,586,504,0,5549,2943,2606,0
Mi1,Mi15,1405,750,655,0,5547,3066,2481,0
Mi9,Tm27,1694,872,822,0,5542,2878,2664,0
Li16,LPLC1,614,307,307,0,5539,2960,2579,0
LPi13,T4d,1124,692,432,0,5526,3864,1662,0
TmY4,Li10,1148,591,557,0,5519,2849,2670,0
Tm3,LMa4,1370,733,637,0,5518,3032,2486,0
Tm7,TmY31,961,459,502,0,5514,2602,2912,0
T5b,LPT23,1232,851,381,0,5513,3974,1539,0
L3,Mi2,1413,775,638,0,5497,2977,2520,0
MeTu1,MeMe_e02,690,363,327,0,5488,2826,2662,0
T4a,Mi9,1810,910,900,0,5486,2786,2700,0
LPi11,LPC2,302,189,113,0,5479,4315,1164,0
Tm5a,Li33,446,219,227,0,5474,2676,2798,0
T5a,Tlp5,1658,904,754,0,5463,2982,2481,0
LPT23,TmY14,487,286,201,0,5462,3616,1846,0
Tm5f,LC13,1575,811,764,0,5453,2849,2604,0
Pm08,Pm09,818,438,380,0,5447,3006,2441,0
Tm20,MTe51,1334,649,685,0,5439,2618,2821,0
Tm16,Y3,1072,554,518,0,5437,2819,2618,0
Mi4,Dm6,1841,959,882,0,5420,2878,2542,0
LMa4,T2,1816,998,818,0,5416,3025,2391,0
Dm4,Mi15,923,481,442,0,5414,3006,2408,0
Li21,Tm21,1368,702,666,0,5407,2790,2617,0
Dm19,Tm4,1972,961,1011,0,5402,2683,2719,0
Sm08,Sm15,710,343,367,0,5401,2829,2572,0
Tm3,LPLC1,1183,570,613,0,5399,2564,2835,0
TmY16,Y1,739,383,356,0,5395,2874,2521,0
Tm5b,Li09,1041,543,498,0,5394,2930,2464,0
Dm17,Mi1,1579,844,735,0,5383,2931,2452,0
TmY3,LC12,1251,602,649,0,5379,2568,2811,0
Tm2,Y3,1687,807,880,0,5377,2435,2942,0
TmY5a,Pm08,1816,973,843,0,5374,2949,2425,0
MeMe_e08,LMa5,497,260,237,0,5373,3506,1867,0
aMe17c,Dm12,425,213,212,0,5361,2818,2543,0
T5d,VS2,686,360,326,0,5359,3192,2167,0
TmY31,Y11,915,512,403,0,5352,3200,2152,0
T4b,LPT23,1191,800,391,0,5348,3714,1634,0
Mi9,MLt2,1193,588,605,0,5344,2586,2758,0
LMa2,T2,1689,964,725,0,5338,3026,2312,0
LPi09,LLPC3,632,375,257,0,5335,3682,1653,0
LMa2,LPLC1,457,240,217,0,5335,2694,2641,0
Mi2,Tm1,1577,882,695,0,5322,3006,2316,0
T5c,CT1,1273,658,615,0,5310,2672,2638,0
Sm09,Tm5b,898,481,417,0,5308,2875,2433,0
Pm07,T2,1539,731,808,0,5303,2651,2652,0
Tm2,Dm3v,1757,823,934,0,5274,2462,2812,0
Tm27,LC11,1765,973,792,0,5272,2996,2276,0
Mi2,T3,1504,811,693,0,5247,2929,2318,0
Tm4,Li10,1225,664,561,0,5241,2889,2352,0
Lai,L3,1222,939,283,0,5237,4050,1187,0
Lawf1,T1,1727,1208,519,0,5225,3716,1509,0
Pm09,Y3,1341,735,606,0,5224,2890,2334,0
Dm18,T2,1799,917,882,0,5220,2632,2588,0
MeTu1,Sm15,800,387,413,0,5216,2753,2463,0
LPi11,Tlp4,360,218,142,0,5213,3883,1330,0
Mi13,T2,1701,919,782,0,5192,2861,2331,0
LPi11,Y11,490,294,196,0,5192,3653,1539,0
TmY9q⊥,LC15,954,484,470,0,5189,2773,2416,0
LMa1,Pm08,528,277,251,0,5180,2881,2299,0
Y3,Sm42,525,284,241,0,5162,2996,2166,0
Li22,LC4,410,195,215,0,5156,2901,2255,0
CB0592,Pm10,91,48,43,0,5155,2865,2290,0
Pm06,Tm4,1949,1061,888,0,5154,2851,2303,0
Sm05,TmY3,816,434,382,0,5151,2973,2178,0
T4b,LPLC2,1726,1098,628,0,5142,3433,1709,0
Mi9,Lawf1,1584,877,707,0,5141,2838,2303,0
TmY31,Y1,816,411,405,0,5132,2690,2442,0
L4,Dm13,1772,962,810,0,5130,2828,2302,0
Tm27,T2,1571,844,727,0,5123,2785,2338,0
Pm07,Pm06,343,145,198,0,5121,2741,2380,0
T2a,LC14b,1137,555,582,0,5120,2486,2634,0
Lawf2,C3,1647,1201,446,0,5120,3779,1341,0
Tm3,LC4,1746,895,851,0,5118,2678,2440,0
LPi07,Y1,559,314,245,0,5114,3144,1970,0
Tm2,L2,1080,565,515,0,5098,2625,2473,0
T3,LC12,1528,741,787,0,5096,2434,2662,0
L3,C3,1094,615,479,0,5093,2952,2141,0
Y3,Li05,1042,525,517,0,5086,2616,2470,0
T2a,LC13,1481,759,722,0,5074,2704,2370,0
Tm4,LPLC4,1328,630,698,0,5074,2431,2643,0
Tlp4,T4c,1712,1172,540,0,5066,3568,1498,0
Li21,T3,1485,780,705,0,5064,2696,2368,0
Tm21,LT61b,1118,555,563,0,5062,2691,2371,0
Tm2,Tm27,1664,916,748,0,5054,2771,2283,0
TmY15,T5b,1612,874,738,0,5053,2767,2286,0
TmY9q,Li27,519,245,274,0,5033,2559,2474,0
Tm5f,Li17,1577,772,805,0,5029,2460,2569,0
T3,Pm07,1618,771,847,0,5024,2417,2607,0
Pm04,Tm27,1396,807,589,0,5010,3113,1897,0
Mi4,MeMe_e07,1479,807,672,0,5006,2868,2138,0
MeMe_e08,Y3,1476,768,708,0,5002,2617,2385,0
Li13,Tm7,1097,533,564,0,4997,2467,2530,0
Li33,LC17,274,142,132,0,4996,2543,2453,0
Tm4,TmY16,1540,781,759,0,4989,2547,2442,0
LMt2,LMa2,428,222,206,0,4987,2744,2243,0
Tlp14,T5c,1698,1125,573,0,4979,3433,1546,0
Tm1,Tm25,1451,761,690,0,4974,2667,2307,0
TmY15,T5a,1549,828,721,0,4974,2670,2304,0
TmY9q⊥,TmY9q⊥,1453,749,704,0,4973,2563,2410,0
LT33,T5c,1114,570,544,0,4966,2352,2614,0
Mi4,MeMe_e08,1538,830,708,0,4964,2719,2245,0
L4,R1-6,2035,1381,654,0,4962,3397,1565,0
Tm8a,Li33,234,119,115,0,4957,2572,2385,0
Tm9,Dm3v,1678,780,898,0,4956,2286,2670,0
Sm42,Sm07,305,153,152,0,4951,2664,2287,0
LT33,T5b,1091,575,516,0,4951,2497,2454,0
Y1,LPi14,317,162,155,0,4944,2747,2197,0
Sm38,MeTu1,453,230,223,0,4938,2798,2140,0
Tm3,LMa3,1330,704,626,0,4935,2767,2168,0
T2a,Dm3v,1931,962,969,0,4926,2463,2463,0
Tm3,Mi1,1796,946,850,0,4921,2626,2295,0
TmY10,Li33,436,217,219,0,4914,2507,2407,0
TmY15,T5d,1529,787,742,0,4911,2546,2365,0
Y3,Tm7,1087,552,535,0,4899,2535,2364,0
Tm27,Tm27,1543,839,704,0,4887,2741,2146,0
T2,Tm21,1607,824,783,0,4884,2582,2302,0
TmY5a,T2a,1575,830,745,0,4882,2628,2254,0
Li16,LC11,623,294,329,0,4874,2542,2332,0
Mi15,Sm30,1242,657,585,0,4869,2693,2176,0
LT56,LC17,273,142,131,0,4851,2362,2489,0
Pm03,TmY15,964,537,427,0,4843,2796,2047,0
LT56,LC9,179,92,87,0,4841,2479,2362,0
LPi15,TmY20,268,141,127,0,4829,2974,1855,0
Y3,TmY4,1226,634,592,0,4822,2485,2337,0
MLt1,Tm20,1328,684,644,0,4816,2501,2315,0
T3,T2,1566,798,768,0,4806,2458,2348,0
LC9,LC14a1,293,158,135,0,4806,2490,2316,0
T2a,TmY9q,1686,859,827,0,4800,2450,2350,0
T4a,HSN,659,343,316,0,4799,2726,2073,0
T4c,TmY4,1847,1257,590,0,4779,3292,1487,0
Tm36,TmY5a,1483,745,738,0,4779,2406,2373,0
TmY14,Mi13,1028,536,492,0,4777,2582,2195,0
TmY5a,TmY31,1290,635,655,0,4768,2346,2422,0
TmY11,Li16,995,475,520,0,4767,2410,2357,0
Tm4,Tm4,1887,997,890,0,4757,2549,2208,0
Tm1,Dm20,1571,803,768,0,4754,2451,2303,0
TmY5a,Tm37,1396,710,686,0,4749,2395,2354,0
LPi11,LPLC2,497,300,197,0,4743,3388,1355,0
Li17,T2,1662,801,861,0,4736,2256,2480,0
LT39,Li33,2,1,1,0,4721,2316,2405,0
LLPt,Li05,478,238,240,0,4719,2447,2272,0
Tm16,Pm10,913,492,421,0,4716,2569,2147,0
Dm20,Mi9,1828,959,869,0,4713,2478,2235,0
Pm04,Mi13,1084,584,500,0,4711,2743,1968,0
Tm20,Tm25,1504,780,724,0,4706,2437,2269,0
TmY5a,Li10,1342,700,642,0,4693,2511,2182,0
Tm27,LC22,1344,714,630,0,4693,2509,2184,0
LLPt,TmY14,1423,881,542,0,4691,3034,1657,0
Mi14,Tm25,1272,673,599,0,4689,2518,2171,0
LMa5,Pm02,579,309,270,0,4689,3071,1618,0
Mi14,Tm1,1539,873,666,0,4680,2738,1942,0
cM05,C3,1032,540,492,0,4679,2526,2153,0
T4c,LPLC1,1325,865,460,0,4667,3115,1552,0
Sm07,Sm41,302,151,151,0,4667,2524,2143,0
Lai,T1,1113,871,242,0,4661,3705,956,0
Dm6,Mi1,1676,830,846,0,4660,2349,2311,0
LPi09,LPi13,113,56,57,0,4653,3218,1435,0
Pm07,TmY15,624,297,327,0,4653,2401,2252,0
Y3,MTe54,1017,609,408,0,4651,2766,1885,0
Dm2,Sm21,1587,856,731,0,4647,2547,2100,0
T5d,LT33,1090,580,510,0,4645,2419,2226,0
Mi1,TmY15,1351,718,633,0,4642,2469,2173,0
LT33,T5d,1086,549,537,0,4626,2185,2441,0
TmY5a,MTe54,1364,800,564,0,4623,2719,1904,0
T4b,TmY15,1452,840,612,0,4621,2752,1869,0
Mi4,Dm3v,1303,636,667,0,4616,2179,2437,0
R7,Dm9,714,553,161,0,4616,3889,727,0
T4d,VS3,652,356,296,0,4612,3081,1531,0
TmY31,LC13,722,360,362,0,4608,2331,2277,0
Pm08,Mi14,1002,535,467,0,4603,2621,1982,0
T2a,Tm5f,1460,737,723,0,4599,2320,2279,0
Mi9,MLt5,931,470,461,0,4599,2411,2188,0
Dm16,T2,1370,735,635,0,4599,2547,2052,0
cMLLP02,CT1,3,2,1,0,4598,2701,1897,0
Tm7,Sm40,690,355,335,0,4597,2354,2243,0
Mi14,Sm32,847,403,444,0,4594,2437,2157,0
LMt2,LC11,683,385,298,0,4591,2734,1857,0
Sm42,Tm35,117,60,57,0,4590,2395,2195,0
TmY5a,Tlp14,1512,980,532,0,4575,3094,1481,0
Pm09,TmY15,871,489,382,0,4573,2617,1956,0
TmY11,Li32,367,174,193,0,4571,2353,2218,0
Pm04,Tm1,1382,788,594,0,4569,2676,1893,0
TmY9q,LC15,930,457,473,0,4560,2281,2279,0
T5d,VS3,660,355,305,0,4555,2940,1615,0
T5c,LT33,1153,600,553,0,4551,2317,2234,0
Pm03,Pm08,1005,542,463,0,4551,2585,1966,0
Dm17,Tm1,1446,747,699,0,4546,2348,2198,0
TmY11,Li05,749,363,386,0,4530,2237,2293,0
TmY11,LLPt,747,373,374,0,4527,2263,2264,0
LMa5,MLt4,258,138,120,0,4521,2905,1616,0
L5,TmY14,1196,643,553,0,4509,2486,2023,0
TmY31,LPLC4,723,345,378,0,4507,2313,2194,0
cL21,TmY5a,1257,604,653,0,4507,2183,2324,0
Sm08,Dm8a,733,373,360,0,4504,2427,2077,0
TmY9q⊥,Li10,1138,588,550,0,4496,2346,2150,0
VCH,TmY14,263,139,124,0,4492,2346,2146,0
Dm6,Dm1,413,198,215,0,4482,2335,2147,0
Pm01,Pm02,961,524,437,0,4479,2644,1835,0
LT36,TmY31,300,141,159,0,4475,1258,3217,0
LC11,LC17,841,427,414,0,4474,2263,2211,0
L5,Tm27,1405,742,663,0,4471,2392,2079,0
T5d,TmY5a,1475,968,507,0,4466,3046,1420,0
Dm8a,Dm9,547,418,129,0,4448,3738,710,0
Tm1,Lawf2,1309,767,542,0,4438,2654,1784,0
TmY31,Lawf2,694,401,293,0,4431,2442,1989,0
LC14a1,LMa1,100,48,52,0,4431,2383,2048,0
Mi14,Tm4,1593,891,702,0,4428,2552,1876,0
Tm2,T2a,1523,774,749,0,4425,2265,2160,0
Tm4,C3,1644,906,738,0,4423,2447,1976,0
Tlp4,LPLC1,458,268,190,0,4418,2671,1747,0
Li10,Li12,437,225,212,0,4413,2426,1987,0
Li05,Y4,812,386,426,0,4411,2100,2311,0
Tm5e,LPLC2,990,484,506,0,4410,2250,2160,0
Dm8b,Sm01,676,359,317,0,4410,2361,2049,0
cL21,T2a,1484,746,738,0,4410,2219,2191,0
Mi2,Tm4,1482,804,678,0,4408,2482,1926,0
T5d,CT1,1183,600,583,0,4402,2155,2247,0
Tm4,LMa2,1503,823,680,0,4400,2444,1956,0
Tm20,Li01,1375,731,644,0,4393,2338,2055,0
R8,Tm20,826,420,406,0,4393,2280,2113,0
LMa4,T2a,1377,738,639,0,4388,2465,1923,0
Mi14,Pm09,882,476,406,0,4386,2469,1917,0
VCH,T4a,779,409,370,0,4386,2316,2070,0
Tm33,Tm5f,1360,697,663,0,4382,2253,2129,0
Dm8a,Tm5d,711,383,328,0,4375,2514,1861,0
TmY11,Tm36,790,389,401,0,4370,2179,2191,0
Tm4,LMa4,1162,630,532,0,4358,2365,1993,0
Tm5e,LC16,957,476,481,0,4350,2267,2083,0
Sm21,Dm4,471,255,216,0,4347,2410,1937,0
Dm10,Dm2,1360,781,579,0,4342,2630,1712,0
Dm20,Mi10,1334,694,640,0,4342,2368,1974,0
TmY15,T5c,1476,774,702,0,4340,2279,2061,0
Dm10,Dm18,1051,552,499,0,4334,2333,2001,0
LPi10,T5b,1570,1045,525,0,4329,2982,1347,0
T4a,TmY14,1411,731,680,0,4327,2206,2121,0
TmY3,TmY11,1357,696,661,0,4327,2271,2056,0
LPi14,Am1,4,2,2,0,4307,2713,1594,0
MLt3,Tm4,1439,737,702,0,4302,2258,2044,0
Sm15,Sm06,571,284,287,0,4297,2314,1983,0
Dm9,Mi4,786,625,161,0,4292,3465,827,0
Dm17,L4,1347,729,618,0,4289,2313,1976,0
Pm09,Pm11,398,206,192,0,4286,2336,1950,0
LLPC2,PLP248,219,106,113,0,4276,2073,2203,0
cLP02,LPi04,691,501,190,0,4275,3517,758,0
Sm07,MTe01b,873,466,407,0,4272,2337,1935,0
TmY15,Mi4,1338,720,618,0,4261,2320,1941,0
Dm10,MLt3,921,491,430,0,4256,2241,2015,0
Sm42,TmY31,307,154,153,0,4255,1903,2352,0
LMa4,LC11,640,326,314,0,4249,2327,1922,0
T4c,TmY15,1394,866,528,0,4241,2751,1490,0
Mi9,Tm3,1299,679,620,0,4240,2303,1937,0
Tm25,Pm10,1227,639,588,0,4238,2264,1974,0
TmY11,Mi4,1407,744,663,0,4233,2300,1933,0
T3,LMa5,1192,696,496,0,4232,2607,1625,0
TmY11,LC12,857,398,459,0,4230,1977,2253,0
Pm05,Tm1,1126,597,529,0,4230,2383,1847,0
T1,L2,936,512,424,0,4227,2463,1764,0
cL04,Tm16,564,279,285,0,4225,2029,2196,0
Dm12,Tm9,1439,690,749,0,4224,2033,2191,0
Tm16,TmY11,922,451,471,0,4220,2068,2152,0
Tlp1,T4d,1428,905,523,0,4219,2764,1455,0
T2,LCe07,760,394,366,0,4217,2147,2070,0
Tm35,LC13,610,317,293,0,4210,2201,2009,0
Pm02,Pm09,832,454,378,0,4209,2414,1795,0
Tm2,LC12,1382,625,757,0,4201,1862,2339,0
Sm08,Dm8b,750,369,381,0,4201,2245,1956,0
T4b,LPLC1,1204,736,468,0,4195,2488,1707,0
LC9,LC10a,578,316,262,0,4195,2233,1962,0
Dm3v,Dm3q,1663,852,811,0,4180,2157,2023,0
Tm4,MLt3,1417,768,649,0,4174,2305,1869,0
CB0592,C2,1073,622,451,0,4171,2496,1675,0
LPi14,LPi10,83,42,41,0,4170,2547,1623,0
Y3,LC21,741,376,365,0,4165,2038,2127,0
T4b,Mi9,1414,702,712,0,4161,2068,2093,0
Y4,Pm09,649,341,308,0,4156,2235,1921,0
Tm20,LCe01b,1116,676,440,0,4155,2558,1597,0
LMt1,LC11,573,286,287,0,4153,2237,1916,0
LPi14,LPi05,149,84,65,0,4150,2894,1256,0
LPC2,TmY14,674,432,242,0,4138,2926,1212,0
LPi09,Tlp1,617,365,252,0,4134,2805,1329,0
LMa3,T2a,1211,651,560,0,4132,2346,1786,0
LPi14,LPi07,182,102,80,0,4122,2603,1519,0
C3,T4a,1337,735,602,0,4118,2290,1828,0
Dm3q,Dm3v,1725,916,809,0,4102,2221,1881,0
CB0566,Dm8a,472,248,224,0,4097,2235,1862,0
Tm4,MTe52,1396,719,677,0,4094,2126,1968,0
Dm15,Dm19,1111,524,587,0,4093,2003,2090,0
LMt3,Y4,551,276,275,0,4092,2124,1968,0
Tm27,Mi10,1438,758,680,0,4084,2186,1898,0
TmY11,TmY5a,1070,521,549,0,4082,2082,2000,0
Li33,Li12,41,21,20,0,4080,2254,1826,0
LC11,cL21,253,122,131,0,4078,1890,2188,0
Li32,Li30,2,1,1,0,4070,2058,2012,0
Tm34,TmY5a,1031,469,562,0,4066,1870,2196,0
Li27,Tm20,1032,530,502,0,4062,2081,1981,0
Li32,TmY20,276,138,138,0,4058,2109,1949,0
LPi10,T4b,1451,960,491,0,4050,2775,1275,0
TmY10,Dm3v,1514,758,756,0,4049,2044,2005,0
Pm05,T2,1154,585,569,0,4044,2099,1945,0
LPi05,TmY31,504,336,168,0,4038,2874,1164,0
Tm1,Tm2,1072,542,530,0,4027,2030,1997,0
L5,Mi15,1290,699,591,0,4019,2238,1781,0
TmY10,Li10,935,479,456,0,4019,2130,1889,0
Tm16,TmY14,777,399,378,0,4018,2051,1967,0
Mi9,CT1,1027,534,493,0,4017,2143,1874,0
LC9,LC9,681,363,318,0,4015,2087,1928,0
T3,Y3,1470,772,698,0,4006,2080,1926,0
Tm5a,Sm31,880,454,426,0,3994,2117,1877,0
Tm8a,Sm40,397,208,189,0,3993,2060,1933,0
LT37,LT52,31,16,15,0,3993,2086,1907,0
Tm5f,LC9,1050,546,504,0,3992,2074,1918,0
Tm1,MeMe_e08,1026,525,501,0,3991,2076,1915,0
Dm19,Dm14,201,94,107,0,3977,1939,2038,0
Mi4,Dm17,1304,719,585,0,3971,2187,1784,0
cLP02,Y12,995,646,349,0,3964,2872,1092,0
Dm3p,Dm3q,1708,947,761,0,3954,2198,1756,0
Sm07,Sm02,917,486,431,0,3954,2126,1828,0
Mi1,Mi1,1238,672,566,0,3953,2262,1691,0
Mi2,Mi1,1260,714,546,0,3952,2315,1637,0
LLPt,TmY20,593,295,298,0,3946,1930,2016,0
aMe17a1,Sm07,307,151,156,0,3941,2156,1785,0
T5c,LPLC1,1206,844,362,0,3937,2813,1124,0
Pm03,Tm27,1408,861,547,0,3936,2481,1455,0
Y3,Lawf2,956,539,417,0,3934,2241,1693,0
Tm5a,Tm5f,1195,600,595,0,3933,1983,1950,0
TmY5a,MeMe_e08,1130,569,561,0,3929,2063,1866,0
LMa2,LC11,507,255,252,0,3929,1916,2013,0
Tm5e,TmY31,932,433,499,0,3926,1856,2070,0
Tlp1,LPLC1,493,266,227,0,3922,2380,1542,0
cL18,LPLC4,191,96,95,0,3922,2087,1835,0
Tm37,LC16,747,361,386,0,3921,1886,2035,0
Sm15,Dm2,1356,714,642,0,3918,2142,1776,0
Li29,Y3,574,291,283,0,3909,2010,1899,0
cML01,Pm09,73,38,35,0,3899,2163,1736,0
Tm5e,TmY10,861,424,437,0,3897,1894,2003,0
Li27,LC15,175,90,85,0,3895,2213,1682,0
T2,Lawf2,1441,857,584,0,3894,2322,1572,0
TmY11,Li06,815,383,432,0,3891,1923,1968,0
TmY5a,Tm33,1047,555,492,0,3889,2118,1771,0
cML01,TmY15,244,130,114,0,3888,2122,1766,0
T5d,VSm,988,624,364,0,3887,2733,1154,0
TmY5a,TmY20,1027,560,467,0,3885,2226,1659,0
Li08,Li10,973,526,447,0,3878,2165,1713,0
Li33,Li28,4,2,2,0,3878,2029,1849,0
Dm2,Sm01,937,504,433,0,3875,2191,1684,0
T5b,T2,1566,789,777,0,3873,1978,1895,0
LMa3,LC11,426,215,211,0,3871,2128,1743,0
Pm01,Tm27,1339,797,542,0,3868,2388,1480,0
Sm21,Dm11,637,352,285,0,3865,2117,1748,0
Tm9,Dm3q,1402,675,727,0,3859,1836,2023,0
R8,Mi1,797,391,406,0,3859,1875,1984,0
Pm07,LMa5,280,121,159,0,3858,2245,1613,0
LC20b,Li05,399,215,184,0,3854,2186,1668,0
L5,Mi2,1329,714,615,0,3852,2084,1768,0
Sm12,MeTu4a,933,482,451,0,3842,2167,1675,0
LC9,LT82a,299,150,149,0,3842,1941,1901,0
Mi14,TmY3,1236,672,564,0,3841,2146,1695,0
T5c,LPT50,681,309,372,0,3837,1636,2201,0
Y11,T4a,1362,830,532,0,3837,2428,1409,0
Tlp1,LLPt,571,293,278,0,3834,1969,1865,0
MLt1,Pm09,449,233,216,0,3834,2078,1756,0
cL14,Li01,166,84,82,0,3823,2054,1769,0
Dm17,TmY3,952,498,454,0,3818,2004,1814,0
TmY11,Li11,842,425,417,0,3816,1953,1863,0
LPLC1,LT83,140,72,68,0,3811,1862,1949,0
T5a,LPLC2,1266,676,590,0,3810,2042,1768,0
Y3,Tm5d,773,426,347,0,3803,2138,1665,0
Li33,LC6,125,60,65,0,3800,1863,1937,0
Dm8a,Dm2,714,362,352,0,3797,1986,1811,0
Y3,TmY11,896,422,474,0,3791,1804,1987,0
Y3,TmY10,944,462,482,0,3784,1809,1975,0
Tm27,Pm09,1231,660,571,0,3780,2053,1727,0
Tm5e,Dm12,1023,534,489,0,3765,2010,1755,0
Tm9,Dm3p,1354,657,697,0,3756,1813,1943,0
CT1,Mi1,992,471,521,0,3754,1699,2055,0
MTe52,Y3,1015,554,461,0,3753,2093,1660,0
Dm2,Sm19,1094,542,552,0,3746,1834,1912,0
LPi15,T4a,1014,572,442,0,3743,2131,1612,0
cL21,LC17,525,272,253,0,3742,1919,1823,0
Tlp4,T5c,1347,914,433,0,3739,2588,1151,0
Lawf1,L2,1515,894,621,0,3732,2200,1532,0
Mi9,Pm10,1360,730,630,0,3730,2022,1708,0
Li13,Li06,679,311,368,0,3730,1830,1900,0
DCH,TmY14,220,111,109,0,3721,2489,1232,0
Tm37,LC6,677,313,364,0,3719,1814,1905,0
Tm21,Pm09,1247,669,578,0,3719,2019,1700,0
Tm4,Lawf2,1219,687,532,0,3711,2083,1628,0
MeTu1,Sm06,778,418,360,0,3710,2079,1631,0
Tm5a,LC10c,881,411,470,0,3706,1771,1935,0
LT52,LC10d,413,208,205,0,3701,1862,1839,0
TmY10,Li31,396,196,200,0,3700,1805,1895,0
TmY10,Dm3p,1490,782,708,0,3700,1948,1752,0
Tm3,MeMe_e07,1271,685,586,0,3691,2036,1655,0
Li14,T5c,1245,691,554,0,3685,2095,1590,0
TmY31,Li05,709,363,346,0,3683,1849,1834,0
TmY15,LC11,866,449,417,0,3682,2001,1681,0
TmY5a,Li02,1041,517,524,0,3679,1843,1836,0
Mi15,Sm07,1073,599,474,0,3679,2091,1588,0
LMt2,LMa5,482,234,248,0,3676,2157,1519,0
Am1,Tm2,991,524,467,0,3675,1951,1724,0
Tm7,Li10,765,358,407,0,3671,1855,1816,0
TmY9q,Li10,901,425,476,0,3659,1743,1916,0
Li14,T5b,1192,649,543,0,3656,2057,1599,0
Y3,LC28a,813,496,317,0,3649,2288,1361,0
Y3,Tm5b,876,455,421,0,3646,1905,1741,0
MLt4,Tm16,616,326,290,0,3645,1980,1665,0
CB0592,Li21,18,11,7,0,3643,1900,1743,0
Tm5c,Li10,800,439,361,0,3642,2037,1605,0
Tm27,LCe07,791,427,364,0,3641,2026,1615,0
Y12,T5a,1332,733,599,0,3641,2046,1595,0
Li28,Tm5f,982,512,470,0,3641,1813,1828,0
T5a,HSS,583,212,371,0,3640,716,2924,0
Sm07,Sm15,718,360,358,0,3640,1976,1664,0
Tm1,Mi13,1122,566,556,0,3635,1820,1815,0
T5c,Y3,1318,884,434,0,3630,2510,1120,0
Tlp5,LLPt,487,238,249,0,3627,1837,1790,0
LLPC1,PLP249,109,109,0,0,3625,3625,0,0
LPi07,LPi12,95,51,44,0,3623,2459,1164,0
Mi9,Tm5e,1068,539,529,0,3610,1827,1783,0
T2a,TmY4,1252,649,603,0,3606,1891,1715,0
MLt4,Pm10,369,194,175,0,3601,2020,1581,0
Sm41,Tm7,427,211,216,0,3599,1816,1783,0
Sm32,Dm15,898,434,464,0,3598,1933,1665,0
Tm16,Tm5c,959,475,484,0,3590,1668,1922,0
LMa2,T3,1294,747,547,0,3589,2060,1529,0
Dm13,Tm4,1294,619,675,0,3573,1708,1865,0
LLPt,Li30,67,35,32,0,3568,1888,1680,0
TmY5a,LC21,1071,514,557,0,3565,1743,1822,0
Tm5c,Tm25,908,484,424,0,3552,1893,1659,0
LPi14,H2,4,2,2,0,3550,2112,1438,0
Tm4,Mi4,1312,686,626,0,3549,1863,1686,0
Tm5e,Tm5d,785,413,372,0,3540,1940,1600,0
Li09,LC22,408,215,193,0,3535,1959,1576,0
Tm8a,Tm16,781,379,402,0,3534,1694,1840,0
TmY5a,LC20a,723,494,229,0,3533,2378,1155,0
Li21,LC17,426,241,185,0,3533,1921,1612,0
Mi15,Sm06,1001,574,427,0,3532,2091,1441,0
Dm12,Lawf1,930,534,396,0,3531,2107,1424,0
Tm3,Li10,1004,548,456,0,3529,1947,1582,0
C3,T4b,1170,652,518,0,3524,1986,1538,0
T5d,LPT27,399,217,182,0,3520,1849,1671,0
Tm5d,Li09,758,411,347,0,3520,1951,1569,0
TmY5a,LC22,980,497,483,0,3519,1782,1737,0
TmY11,LPLC4,653,323,330,0,3519,1808,1711,0
OA-AL2i1,Dm12,212,108,104,0,3518,2032,1486,0
TmY4,TmY4,1050,570,480,0,3515,1935,1580,0
Tm5c,Pm05,585,315,270,0,3512,1930,1582,0
Li17,T3,1397,715,682,0,3505,1812,1693,0
LPi11,LPi09,335,189,146,0,3505,2260,1245,0
Am1,TmY15,238,128,110,0,3501,2031,1470,0
Tm5e,TmY15,946,506,440,0,3485,1887,1598,0
cL04,Tm5e,680,328,352,0,3485,1659,1826,0
Pm04,Pm01,683,377,306,0,3478,2152,1326,0
TmY9q⊥,Y1,958,507,451,0,3477,1843,1634,0
TmY31,LC10d,651,329,322,0,3475,1675,1800,0
LLPt,Li02,348,181,167,0,3471,1926,1545,0
LMa2,LMt1,286,153,133,0,3467,1841,1626,0
cL04,TmY31,550,262,288,0,3465,1625,1840,0
Tlp14,Y3,933,628,305,0,3464,2507,957,0
L4,Mi9,1210,654,556,0,3460,1918,1542,0
Mi10,Pm10,860,482,378,0,3449,2016,1433,0
aMe17a2,Tm5c,432,211,221,0,3449,1659,1790,0
Tm4,T2a,1267,618,649,0,3445,1704,1741,0
LPi04,Y11,450,308,142,0,3445,2550,895,0
Sm06,Tm8a,701,356,345,0,3443,1818,1625,0
LT11,TmY15,237,123,114,0,3438,1720,1718,0
DCH,T4a,691,423,268,0,3437,2470,967,0
TmY9q,Li13,750,364,386,0,3435,1683,1752,0
R8,R7,623,307,316,0,3435,1874,1561,0
LPi14,Tlp1,247,128,119,0,3433,1989,1444,0
LPi07,TmY9q⊥,600,401,199,0,3430,2405,1025,0
TmY31,TmY9q,791,394,397,0,3426,1763,1663,0
Mi1,Tm1,937,460,477,0,3424,1560,1864,0
Li31,LC18,186,91,95,0,3424,1787,1637,0
Sm02,Tm37,810,429,381,0,3416,1781,1635,0
LPC2,Y3,725,490,235,0,3412,2523,889,0
Tm5f,Pm14,765,433,332,0,3410,1937,1473,0
TmY3,LPLC4,791,402,389,0,3410,1880,1530,0
Dm2,Tm7,1121,566,555,0,3409,1738,1671,0
LT56,LMa1,56,28,28,0,3405,1764,1641,0
T4a,HSS,528,181,347,0,3403,541,2862,0
Li05,Y1,598,309,289,0,3398,1661,1737,0
LPi14,T5b,1080,595,485,0,3398,1823,1575,0
Dm3v,Dm3p,1403,702,701,0,3394,1703,1691,0
Tm21,LMa5,948,556,392,0,3394,2122,1272,0
L5,L5,1340,736,604,0,3393,1873,1520,0
L3,Dm3v,1083,600,483,0,3385,1927,1458,0
T2,Sm32,1245,692,553,0,3377,1917,1460,0
TmY5a,Li11,1126,575,551,0,3373,1764,1609,0
Dm4,Lawf1,534,306,228,0,3371,2078,1293,0
TmY31,Y12,735,378,357,0,3367,1767,1600,0
MeTu3c,Sm30,511,255,256,0,3367,1830,1537,0
MLt1,Y3,738,376,362,0,3366,1690,1676,0
T5b,LPLC1,1062,678,384,0,3365,2102,1263,0
TmY9q⊥,Li13,794,388,406,0,3365,1695,1670,0
Tm3,LT33,898,448,450,0,3361,1717,1644,0
Y11,T5a,1229,755,474,0,3361,2132,1229,0
cL08,LMt3,35,18,17,0,3361,1798,1563,0
Tm3,Dm17,1050,521,529,0,3355,1658,1697,0
T5c,TmY4,1342,906,436,0,3353,2278,1075,0
Y3,Li06,910,420,490,0,3353,1504,1849,0
LC9,LC17,646,333,313,0,3353,1673,1680,0
TmY11,Li17,908,443,465,0,3351,1708,1643,0
Li21,T2a,1119,605,514,0,3350,1817,1533,0
Sm02,MTe33,364,186,178,0,3349,1927,1422,0
LMt2,LT83,56,27,29,0,3349,1916,1433,0
cM17,Mi4,814,410,404,0,3349,1740,1609,0
Li33,Tm4,1022,520,502,0,3348,1708,1640,0
Sm02,Sm36,764,400,364,0,3346,1761,1585,0
TmY9q,TmY9q⊥,1134,561,573,0,3344,1639,1705,0
LMa4,LMa5,259,129,130,0,3342,2100,1242,0
Tm4,MeMe_e08,1085,553,532,0,3339,1722,1617,0
TmY3,Tm25,1090,576,514,0,3331,1782,1549,0
TmY31,Li32,297,147,150,0,3320,1677,1643,0
Tm5d,Sm41,323,169,154,0,3320,1795,1525,0
Y3,LC20a,516,349,167,0,3316,2231,1085,0
Tm8b,Li33,126,59,67,0,3316,1604,1712,0
Tm21,LC28a,1043,661,382,0,3315,2169,1146,0
Mi15,Sm03,810,482,328,0,3307,2060,1247,0
Tm35,TmY5a,788,403,385,0,3299,1685,1614,0
Tm5a,Li06,799,387,412,0,3298,1638,1660,0
TmY10,Dm3q,1337,716,621,0,3298,1762,1536,0
Dm8a,Tm5f,733,385,348,0,3294,1706,1588,0
Tm8a,LT52,528,258,270,0,3294,1614,1680,0
Tlp1,T5d,1158,765,393,0,3293,2269,1024,0
Dm8a,Sm19,577,298,279,0,3291,1757,1534,0
Tm20,cM07,769,489,280,0,3289,2312,977,0
Pm04,TmY3,989,543,446,0,3286,1889,1397,0
TmY5a,Pm09,1113,586,527,0,3280,1725,1555,0
TmY5a,LPLC2,1136,628,508,0,3276,1873,1403,0
Li31,LMt1,48,23,25,0,3275,1784,1491,0
Y4,Pm04,435,226,209,0,3272,1813,1459,0
T4a,LPLC2,1121,646,475,0,3265,1892,1373,0
Tm2,LMa5,933,553,380,0,3260,1965,1295,0
TmY15,Tm27,1077,642,435,0,3257,2012,1245,0
Tm20,Tm9,990,504,486,0,3252,1631,1621,0
T4b,VS1,437,234,203,0,3251,2078,1173,0
TmY4,LPi07,899,600,299,0,3249,2233,1016,0
Tm1,Dm12,964,481,483,0,3248,1647,1601,0
Tm3,Tm5e,1079,542,537,0,3247,1642,1605,0
LC18,cL21,339,163,176,0,3247,1544,1703,0
MTe52,Tm16,696,378,318,0,3247,1856,1391,0
Tm21,LC18,1161,586,575,0,3245,1631,1614,0
MC65,Sm12,363,178,185,0,3245,1700,1545,0
MLt3,Li21,263,149,114,0,3244,1661,1583,0
TmY16,Y11,534,296,238,0,3235,1886,1349,0
T4a,Tlp5,1145,631,514,0,3229,1812,1417,0
LMa1,Pm01,588,306,282,0,3221,1795,1426,0
Li11,Li06,569,288,281,0,3215,1663,1552,0
LMa1,Pm03,529,280,249,0,3214,1832,1382,0
Y3,TmY9q,972,466,506,0,3211,1563,1648,0
Tm25,LC15,883,474,409,0,3205,1745,1460,0
T5b,TmY14,1109,600,509,0,3203,1773,1430,0
Y12,T4a,1141,637,504,0,3201,1835,1366,0
TmY9q,Y11,854,467,387,0,3198,1755,1443,0
CB0592,Pm12,8,4,4,0,3198,1659,1539,0
TmY20,TmY5a,942,499,443,0,3197,1755,1442,0
Mi1,TmY9q⊥,1148,596,552,0,3189,1645,1544,0
Tm3,LPLC4,868,415,453,0,3187,1561,1626,0
LPT57,TmY16,125,71,54,0,3186,2120,1066,0
Y12,TmY15,706,365,341,0,3185,1737,1448,0
TmY20,TmY31,621,341,280,0,3183,1805,1378,0
Lawf1,Tm3,1220,707,513,0,3180,1872,1308,0
LT39,Li30,2,1,1,0,3179,1520,1659,0
Li17,LC11,707,346,361,0,3176,1529,1647,0
Y3,Li13,836,432,404,0,3175,1586,1589,0
VCH,T5a,694,360,334,0,3174,1689,1485,0
Tm35,Li10,525,273,252,0,3172,1715,1457,0
Y11,LPi09,567,338,229,0,3172,2207,965,0
LPi15,LPi07,95,51,44,0,3169,1974,1195,0
Tm5c,Tm5b,735,364,371,0,3167,1662,1505,0
Li05,Li10,643,313,330,0,3166,1541,1625,0
Tm9,TmY9q,1087,536,551,0,3159,1547,1612,0
Sm42,Pm05,147,75,72,0,3155,1739,1416,0
Li28,LPLC1,255,132,123,0,3150,1661,1489,0
TmY10,Dm20,1055,526,529,0,3144,1561,1583,0
Sm08,Tm7,825,429,396,0,3143,1637,1506,0
Y11,LPLC1,525,314,211,0,3141,1984,1157,0
Sm21,Dm8b,910,480,430,0,3137,1703,1434,0
Sm15,MTe01b,503,243,260,0,3136,1646,1490,0
LC18,LMt1,618,332,286,0,3131,1812,1319,0
Y3,LLPC3,734,420,314,0,3128,1803,1325,0
Mi4,Tm5b,792,435,357,0,3124,1683,1441,0
Mi15,aMe19b,682,362,320,0,3121,1715,1406,0
Tm1,Mi4,883,460,423,0,3121,1590,1531,0
LPi07,T5c,852,500,352,0,3119,1883,1236,0
TmY5a,LPi13,729,468,261,0,3114,2197,917,0
T4d,LPT27,434,225,209,0,3110,1531,1579,0
T5b,VS1,442,247,195,0,3107,1982,1125,0
Sm32,Dm6,417,186,231,0,3098,1534,1564,0
TmY4,LLPt,782,366,416,0,3092,1475,1617,0
Li14,T5a,1068,570,498,0,3092,1673,1419,0
Sm09,Dm8a,685,377,308,0,3091,1738,1353,0
Pm05,MTe54,411,220,191,0,3089,1756,1333,0
Tm5f,TmY5a,1038,507,531,0,3088,1497,1591,0
Tm5e,Li25,700,339,361,0,3088,1533,1555,0
Tm5c,Sm06,770,412,358,0,3081,1698,1383,0
T2a,Tm3,1157,571,586,0,3078,1545,1533,0
Tm5c,Sm41,490,249,241,0,3077,1613,1464,0
MeMe_e07,Dm10,966,514,452,0,3069,1630,1439,0
Tm4,LPLC2,1059,509,550,0,3063,1479,1584,0
Dm6,Mi14,660,325,335,0,3063,1689,1374,0
Li26,LMa2,140,76,64,0,3061,1617,1444,0
MeMe_e01,Sm07,442,237,205,0,3061,1776,1285,0
Pm04,Y3,860,483,377,0,3057,1779,1278,0
Y4,LC11,632,306,326,0,3052,1588,1464,0
R7,R8,587,304,283,0,3051,1771,1280,0
Tlp4,TmY15,541,344,197,0,3050,2126,924,0
Tm8a,Li30,226,116,110,0,3049,1656,1393,0
Tm1,Dm2,798,429,369,0,3043,1750,1293,0
LT34,Li11,60,30,30,0,3040,1655,1385,0
Li10,Tm32,541,272,269,0,3039,1658,1381,0
Tlp1,TmY15,567,340,227,0,3037,2026,1011,0
Dm14,Tm4,1044,516,528,0,3037,1542,1495,0
T5d,LPLC1,936,662,274,0,3035,2287,748,0
Tm3,Lawf1,1021,556,465,0,3035,1686,1349,0
cM16,Sm32,59,28,31,0,3030,1470,1560,0
TmY11,Li31,363,173,190,0,3029,1436,1593,0
Dm16,Mi9,955,507,448,0,3029,1655,1374,0
T2,LMt3,1061,561,500,0,3024,1628,1396,0
Pm04,T4b,1055,586,469,0,3021,1681,1340,0
Sm12,Sm15,437,217,220,0,3018,1627,1391,0
Tm5b,MTe35,306,140,166,0,3017,1488,1529,0
Mi9,Pm03,1124,648,476,0,3016,1772,1244,0
Li14,T5d,1070,598,472,0,3015,1739,1276,0
Tm5d,Tm31,694,365,329,0,3014,1632,1382,0
Y12,LPi14,350,179,171,0,3013,1698,1315,0
Sm08,TmY5a,913,447,466,0,3009,1433,1576,0
LPi07,LPi10,437,279,158,0,3008,2132,876,0
C3,Tm9,875,471,404,0,2998,1623,1375,0
Dm1,Tm21,1014,547,467,0,2998,1659,1339,0
Sm07,Sm01,605,331,274,0,2997,1696,1301,0
Pm04,Mi1,1090,640,450,0,2994,1826,1168,0
Tlp1,TmY16,562,309,253,0,2987,1729,1258,0
LPi07,T5d,798,504,294,0,2982,1931,1051,0
Pm12,LMa5,148,68,80,0,2980,1853,1127,0
LPi15,T5a,877,484,393,0,2980,1658,1322,0
LPi13,LPi11,53,27,26,0,2979,2245,734,0
LMa2,LMa3,208,110,98,0,2977,1620,1357,0
TmY5a,Tm36,1026,484,542,0,2971,1419,1552,0
Mi4,Tm5f,926,475,451,0,2971,1523,1448,0
T4d,TmY4,1135,838,297,0,2968,2204,764,0
Y1,Pm05,410,206,204,0,2965,1603,1362,0
Pm05,Pm08,629,323,306,0,2965,1627,1338,0
Sm15,Sm08,560,273,287,0,2964,1470,1494,0
Li28,LC11,244,119,125,0,2964,1588,1376,0
cL21,LC12,618,297,321,0,2960,1428,1532,0
T4d,VSm,838,546,292,0,2958,2097,861,0
Y3,LLPC2,764,437,327,0,2957,1669,1288,0
LPi13,TmY15,202,124,78,0,2956,2280,676,0
MeMe_e08,Tm4,1122,621,501,0,2955,1649,1306,0
OA-AL2i2,TmY5a,933,486,447,0,2954,1536,1418,0
Tlp1,LPi05,330,214,116,0,2944,2151,793,0
C3,Dm3q,984,519,465,0,2942,1554,1388,0
Y4,LMt1,597,294,303,0,2935,1547,1388,0
T2a,Dm3p,1228,633,595,0,2928,1515,1413,0
TmY11,TmY9q⊥,913,438,475,0,2927,1450,1477,0
Mi15,Sm08,739,383,356,0,2927,1533,1394,0
TmY5a,Sm36,937,488,449,0,2921,1525,1396,0
LPC1,LPi10,602,376,226,0,2921,2000,921,0
LLPt,LPLC4,515,283,232,0,2919,1544,1375,0
L5,TmY5a,1037,535,502,0,2917,1508,1409,0
MeMe_e07,Dm12,797,409,388,0,2915,1532,1383,0
cM15,Dm2,746,397,349,0,2913,1602,1311,0
LT58,Tm5a,355,212,143,0,2913,1974,939,0
Tm2,Mi4,898,468,430,0,2909,1510,1399,0
MLt4,Pm14,158,79,79,0,2903,1759,1144,0
Tm27,LMt1,1053,583,470,0,2900,1644,1256,0
Tm21,LMt1,1115,623,492,0,2900,1617,1283,0
Mi1,Sm05,579,328,251,0,2899,1668,1231,0
Li13,TmY9q,880,433,447,0,2898,1450,1448,0
T4c,TmY14,1064,617,447,0,2895,1745,1150,0
Tm8a,TmY31,634,308,326,0,2895,1325,1570,0
TmY10,TmY9q⊥,911,452,459,0,2889,1451,1438,0
TmY11,TmY9q,799,386,413,0,2888,1387,1501,0
Tm5a,Tm5d,615,330,285,0,2888,1645,1243,0
MLt3,LPLC2,710,348,362,0,2886,1458,1428,0
Tm5f,Tm5e,865,456,409,0,2881,1534,1347,0
L2,Mi4,826,437,389,0,2878,1518,1360,0
L4,MLt1,952,524,428,0,2874,1594,1280,0
Tm25,Li17,977,486,491,0,2867,1444,1423,0
Y3,Li02,691,361,330,0,2866,1428,1438,0
TmY3,LLPC1,795,443,352,0,2865,1615,1250,0
Tm5b,LC17,747,380,367,0,2864,1463,1401,0
LPLC1,LMa1,340,178,162,0,2853,1621,1232,0
Li13,TmY20,697,348,349,0,2852,1516,1336,0
Tm21,Pm07,1027,495,532,0,2850,1374,1476,0
Pm03,Pm05,635,341,294,0,2847,1607,1240,0
Li16,T2,1073,544,529,0,2838,1464,1374,0
TmY11,LMa4,573,300,273,0,2836,1515,1321,0
TmY11,Sm42,340,169,171,0,2836,1509,1327,0
Mi4,Sm32,1134,511,623,0,2834,1282,1552,0
cM15,Pm14,4,2,2,0,2832,1595,1237,0
Pm10,T2a,1104,617,487,0,2831,1585,1246,0
Tm20,Pm07,859,391,468,0,2829,1317,1512,0
MLt1,TmY3,815,421,394,0,2828,1440,1388,0
T4c,LPT50,635,290,345,0,2826,1244,1582,0
TmY10,LC10b,651,338,313,0,2826,1519,1307,0
Mi1,TmY9q,1032,521,511,0,2825,1457,1368,0
LMt1,TmY5a,1079,556,523,0,2824,1477,1347,0
LPi05,Y3,623,426,197,0,2823,1994,829,0
LC10b,LC19,195,94,101,0,2819,1421,1398,0
T4c,Mi9,950,466,484,0,2818,1382,1436,0
Y12,LPLC1,578,319,259,0,2817,1623,1194,0
Tm3,Li01,853,436,417,0,2816,1465,1351,0
Tm21,LC22,861,412,449,0,2816,1309,1507,0
TmY14,Pm11,720,395,325,0,2816,1617,1199,0
L5,Sm05,653,360,293,0,2813,1546,1267,0
Pm08,Pm02,753,397,356,0,2809,1556,1253,0
Li13,Li13,462,217,245,0,2807,1354,1453,0
LMt3,Pm13,52,18,34,0,2807,1465,1342,0
LC9,LT66,175,91,84,0,2801,1473,1328,0
MeMe_e07,Tm3,1109,605,504,0,2800,1541,1259,0
L2,C3,801,444,357,0,2788,1580,1208,0
Tm8a,LT51,334,165,169,0,2787,1331,1456,0
aMe17b,Dm8a,566,287,279,0,2787,1454,1333,0
LMt1,LC21,450,228,222,0,2784,1469,1315,0
Tm3,LC22,868,418,450,0,2775,1330,1445,0
Tm5e,Lawf1,776,413,363,0,2774,1480,1294,0
T3,LC15,943,496,447,0,2770,1452,1318,0
TmY10,TmY9q,867,433,434,0,2769,1400,1369,0
LMa4,TmY14,506,260,246,0,2768,1466,1302,0
LMa4,LC17,616,325,291,0,2766,1463,1303,0
Tm5d,LTe26,323,169,154,0,2763,1479,1284,0
Dm17,Tm4,985,513,472,0,2756,1462,1294,0
LT42,Y3,560,289,271,0,2756,1378,1378,0
C3,Dm3p,916,446,470,0,2748,1335,1413,0
Li05,Li13,451,228,223,0,2746,1451,1295,0
LT51,LT51,105,53,52,0,2745,1298,1447,0
Y3,Pm13,595,243,352,0,2744,1235,1509,0
Tm36,Li06,675,319,356,0,2744,1312,1432,0
Tm16,Pm14,407,223,184,0,2743,1613,1130,0
Li32,TmY5a,770,392,378,0,2742,1427,1315,0
LPi14,Tlp4,174,96,78,0,2736,1706,1030,0
L5,Tm5e,841,416,425,0,2734,1390,1344,0
LPT23,Y3,528,341,187,0,2733,1837,896,0
Sm31,Tm20,1018,567,451,0,2732,1555,1177,0
LMa3,LMa5,145,77,68,0,2732,1812,920,0
Sm26,Dm8a,681,383,298,0,2730,1579,1151,0
cL22b,LC10b,59,30,29,0,2729,1594,1135,0
T5b,H1,721,416,305,0,2728,1574,1154,0
Tm3,LCe07,637,305,332,0,2727,1305,1422,0
MLt1,Mi4,965,490,475,0,2727,1418,1309,0
cL21,LC18,348,171,177,0,2724,1371,1353,0
DmDRA1,MeTu2a,435,246,189,0,2723,1754,969,0
cM16,Pm13,3,1,2,0,2720,1296,1424,0
Pm03,Tm4,1101,596,505,0,2713,1506,1207,0
Sm42,Sm41,2,1,1,0,2713,1482,1231,0
T2,LPLC4,887,399,488,0,2712,1200,1512,0
LMt3,Pm12,70,36,34,0,2712,1511,1201,0
LLPC3,TmY14,600,357,243,0,2712,1665,1047,0
Tm3,MeLp1,842,427,415,0,2710,1392,1318,0
Pm04,Tm2,1016,588,428,0,2710,1599,1111,0
Li30,LC13,145,70,75,0,2710,1414,1296,0
TmY5a,TmY15,912,510,402,0,2707,1533,1174,0
MeMe_e07,Tm4,1018,489,529,0,2707,1336,1371,0
LC28a,Li10,526,306,220,0,2704,1569,1135,0
Tm8a,LC40,488,241,247,0,2702,1253,1449,0
Mi9,MeLp1,778,409,369,0,2701,1409,1292,0
DCH,T5a,637,406,231,0,2701,1954,747,0
Dm10,Dm20,1010,545,465,0,2699,1478,1221,0
C2,Lai,819,672,147,0,2698,2228,470,0
TmY9q⊥,Li05,819,422,397,0,2697,1456,1241,0
cML01,TmY5a,680,336,344,0,2692,1346,1346,0
Mi15,Sm39,606,335,271,0,2690,1591,1099,0
Li01,LC10d,517,252,265,0,2684,1335,1349,0
Li24,LPLC1,218,128,90,0,2684,1711,973,0
Mi9,TmY5a,952,484,468,0,2682,1366,1316,0
Mi4,Tm1,841,442,399,0,2681,1443,1238,0
cL21,Tm21,878,438,440,0,2680,1338,1342,0
T5a,TmY9q⊥,985,600,385,0,2678,1598,1080,0
Tm36,LPLC2,620,290,330,0,2678,1225,1453,0
Tm5d,LT58,262,165,97,0,2678,2001,677,0
C2,T1,685,434,251,0,2676,1894,782,0
Dm15,L4,1062,583,479,0,2674,1491,1183,0
Li26,LMa4,196,108,88,0,2671,1548,1123,0
CB0592,Li15,32,16,16,0,2667,1313,1354,0
Y11,LPi14,243,133,110,0,2665,1551,1114,0
T2a,TmY9q⊥,1013,519,494,0,2659,1375,1284,0
Tm7,Mi10,766,406,360,0,2658,1429,1229,0
Tm5c,Mi2,837,455,382,0,2656,1468,1188,0
Li21,Tm4,914,468,446,0,2653,1321,1332,0
LMa2,LC4,378,200,178,0,2651,1347,1304,0
Sm42,Tm32,159,74,85,0,2645,1384,1261,0
TmY3,LPC1,651,392,259,0,2641,1671,970,0
Tlp1,Li32,139,67,72,0,2631,1296,1335,0
TmY31,Li01,578,300,278,0,2628,1408,1220,0
LC21,LMa2,381,200,181,0,2627,1290,1337,0
TmY20,Li10,592,301,291,0,2622,1384,1238,0
Tm5a,Li09,701,365,336,0,2616,1345,1271,0
Tm5b,Li12,484,257,227,0,2615,1393,1222,0
LMa2,LT62,37,20,17,0,2609,1334,1275,0
Tm5e,Tm5f,847,435,412,0,2608,1334,1274,0
Li20,T3,862,444,418,0,2608,1351,1257,0
Li02,Li30,100,49,51,0,2608,1468,1140,0
Tm35,Tm8a,647,335,312,0,2608,1394,1214,0
Mi2,Tm27,849,497,352,0,2602,1570,1032,0
T4b,H1,724,403,321,0,2601,1465,1136,0
Tm3,LMt3,897,487,410,0,2597,1429,1168,0
Tm9,TmY9q⊥,896,448,448,0,2596,1292,1304,0
Tm5b,Li05,567,296,271,0,2596,1329,1267,0
cL05,Y3,241,125,116,0,2595,1332,1263,0
MeMe_e08,LMa2,262,143,119,0,2593,1462,1131,0
T4b,TmY14,929,476,453,0,2592,1304,1288,0
Dm2,MeMe_e02,816,412,404,0,2591,1319,1272,0
LPi10,LPLC1,514,306,208,0,2590,1648,942,0
MLt4,Pm08,422,233,189,0,2589,1473,1116,0
LPi10,TmY15,601,403,198,0,2587,1833,754,0
Sm28,DmDRA1,136,67,69,0,2587,1670,917,0
LPi15,TmY4,323,177,146,0,2579,1342,1237,0
Tlp1,LPi11,324,197,127,0,2578,1934,644,0
T2a,LT82a,852,475,377,0,2576,1463,1113,0
Sm02,Sm02,776,411,365,0,2572,1399,1173,0
Pm08,Tm27,1012,574,438,0,2572,1493,1079,0
TmY10,TmY4,786,389,397,0,2571,1317,1254,0
Tm27,LMa5,772,457,315,0,2570,1634,936,0
Mi14,LMa5,432,236,196,0,2565,1603,962,0
LPLC1,LMa2,384,198,186,0,2564,1354,1210,0
Li06,Li17,608,287,321,0,2563,1238,1325,0
Tm5d,Li12,552,320,232,0,2562,1498,1064,0
Tm5c,MLt3,719,376,343,0,2561,1345,1216,0
Li28,Li06,338,166,172,0,2561,1286,1275,0
Li01,LC10c,554,283,271,0,2560,1331,1229,0
Tm20,Sm09,951,529,422,0,2558,1437,1121,0
Tm2,MeMe_e08,877,476,401,0,2557,1372,1185,0
R7,MeTu3c,619,399,220,0,2557,1662,895,0
Mi10,Sm12,666,349,317,0,2554,1327,1227,0
LC28a,LC10b,276,166,110,0,2551,1576,975,0
Li26,T2,1006,551,455,0,2548,1430,1118,0
Li31,Li06,173,81,92,0,2546,1132,1414,0
cM15,MLt4,89,44,45,0,2545,1367,1178,0
LMa3,LPLC1,374,199,175,0,2543,1377,1166,0
TmY14,Li26,697,376,321,0,2542,1432,1110,0
Sm09,Dm8b,677,350,327,0,2542,1347,1195,0
Li33,Tm20,820,416,404,0,2540,1300,1240,0
Tm5f,LC6,824,395,429,0,2538,1226,1312,0
TmY15,LLPC1,541,318,223,0,2538,1559,979,0
Tm5f,Sm02,775,402,373,0,2537,1323,1214,0
TmY20,Tm5f,676,336,340,0,2536,1292,1244,0
Li13,TmY9q⊥,810,406,404,0,2536,1316,1220,0
TmY31,LPi10,651,412,239,0,2533,1681,852,0
T3,LMt1,984,523,461,0,2533,1359,1174,0
Tlp4,LLPt,382,220,162,0,2533,1382,1151,0
Dm11,MTe01b,262,132,130,0,2531,1322,1209,0
Li18,Tm5a,887,455,432,0,2530,1367,1163,0
TmY11,LC21,458,200,258,0,2528,1119,1409,0
LPi14,LPi15,4,2,2,0,2528,1462,1066,0
LC10d,LT52,351,214,137,0,2525,1560,965,0
Dm10,Mi15,824,480,344,0,2522,1503,1019,0
Tm37,LPLC2,602,260,342,0,2519,1043,1476,0
Pm13,LMa1,84,28,56,0,2519,1210,1309,0
Tm27,Pm14,716,399,317,0,2518,1504,1014,0
T4d,VS1,388,200,188,0,2517,1476,1041,0
Tm32,TmY10,604,293,311,0,2516,1209,1307,0
LMa2,LC21,376,189,187,0,2514,1235,1279,0
TmY9q⊥,LTe08,256,125,131,0,2513,1067,1446,0
Tm4,Mi13,880,468,412,0,2509,1352,1157,0
Mi4,Tm3,935,488,447,0,2508,1320,1188,0
aMe17c,TmY15,393,199,194,0,2506,1199,1307,0
Y3,Li17,684,366,318,0,2503,1355,1148,0
TmY11,LMa3,466,237,229,0,2501,1326,1175,0
Lai,R1-6,936,633,303,0,2500,1693,807,0
Pm05,Tm8a,423,225,198,0,2499,1406,1093,0
Tm2,LMa1,758,401,357,0,2498,1359,1139,0
PDt,Dm18,254,136,118,0,2498,1171,1327,0
Mi9,Sm04,499,266,233,0,2497,1380,1117,0
Sm07,Tm7,685,348,337,0,2492,1313,1179,0
Sm06,Sm42,160,80,80,0,2489,1417,1072,0
cL22c,LC10b,60,32,28,0,2488,1338,1150,0
MeTu4c,Li10,491,246,245,0,2483,1288,1195,0
L5,MTe01b,774,412,362,0,2482,1342,1140,0
Tm7,Mi4,797,408,389,0,2481,1287,1194,0
Sm04,MTe16,247,142,105,0,2480,1761,719,0
LPi10,LPi05,353,229,124,0,2478,1835,643,0
TmY11,LMa5,563,306,257,0,2474,1462,1012,0
LPi04,Tlp4,293,205,88,0,2474,1892,582,0
Tlp5,TmY14,602,323,279,0,2468,1406,1062,0
LC10a,LT52,308,164,144,0,2468,1285,1183,0
Dm1,Tm2,911,504,407,0,2465,1367,1098,0
Y11,TmY15,571,350,221,0,2462,1535,927,0
LLPC3,LPi11,323,204,119,0,2462,1778,684,0
LPi09,Y12,582,338,244,0,2460,1593,867,0
Sm05,Mi4,581,330,251,0,2459,1523,936,0
TmY31,Li13,563,284,279,0,2457,1267,1190,0
LPi13,Y3,415,256,159,0,2455,1762,693,0
Tm25,Li05,659,337,322,0,2453,1241,1212,0
Mi9,T2a,955,479,476,0,2452,1237,1215,0
MLt3,C3,953,542,411,0,2451,1390,1061,0
TmY15,LMa5,428,244,184,0,2451,1596,855,0
TmY10,Tm37,666,330,336,0,2449,1196,1253,0
TmY11,Li30,353,162,191,0,2448,1145,1303,0
LPi15,VCH,2,1,1,0,2444,1322,1122,0
LMa5,Li17,423,239,184,0,2443,1498,945,0
Tm3,Mi13,816,399,417,0,2441,1247,1194,0
LPi05,TmY20,408,285,123,0,2439,1853,586,0
Tm1,MeLp2,362,182,180,0,2438,1215,1223,0
Mi4,Tm5a,501,259,242,0,2438,1200,1238,0
MTe01b,Sm07,645,351,294,0,2437,1317,1120,0
Tm5a,LC13,681,348,333,0,2436,1241,1195,0
Tm36,LC16,610,303,307,0,2436,1238,1198,0
Tm37,Tm33,573,277,296,0,2432,1183,1249,0
LC10c,LT52,243,122,121,0,2429,1138,1291,0
Tlp4,Li32,94,49,45,0,2424,1319,1105,0
LPi09,VSm,160,80,80,0,2423,1691,732,0
Tm2,TmY15,781,421,360,0,2420,1311,1109,0
R8,Mi4,505,249,256,0,2419,1257,1162,0
R8,Mi15,469,239,230,0,2419,1375,1044,0
Tm16,Pm08,714,377,337,0,2417,1287,1130,0
L3,MLt1,742,420,322,0,2416,1389,1027,0
Pm11,TmY5a,866,477,389,0,2415,1372,1043,0
cM16,Pm14,4,2,2,0,2414,1396,1018,0
Sm06,TmY31,592,291,301,0,2412,1124,1288,0
Li05,Li01,452,233,219,0,2411,1264,1147,0
cL21,Tm25,744,366,378,0,2410,1198,1212,0
Pm07,Tm27,819,421,398,0,2407,1281,1126,0
LT42,Tm25,513,253,260,0,2407,1200,1207,0
T2,LC14a1,561,268,293,0,2406,1110,1296,0
Tm5d,Sm09,513,296,217,0,2406,1362,1044,0
Tm9,Tm5f,783,403,380,0,2401,1182,1219,0
LT39,LLPt,66,34,32,0,2401,1241,1160,0
Pm05,Tm33,386,207,179,0,2396,1351,1045,0
LMa2,Li06,470,232,238,0,2392,1164,1228,0
MLt1,Tm16,611,312,299,0,2390,1220,1170,0
Li33,Tm5f,608,300,308,0,2389,1171,1218,0
T2a,Li25,764,396,368,0,2386,1255,1131,0
TmY4,LMa4,539,291,248,0,2383,1355,1028,0
Dm2,MTe29,249,126,123,0,2383,1332,1051,0
LC20b,LPLC4,278,150,128,0,2376,1351,1025,0
Tm5d,LC10c,556,293,263,0,2368,1239,1129,0
LPT57,LPi10,35,19,16,0,2365,1545,820,0
Tm5d,TmY31,476,228,248,0,2361,1101,1260,0
Li33,LC11,127,61,66,0,2361,1148,1213,0
LT39,Li06,179,87,92,0,2361,1144,1217,0
Tm5f,Tm5f,876,405,471,0,2360,1122,1238,0
LPi09,VS2,71,36,35,0,2360,1523,837,0
Mi1,LMa3,452,249,203,0,2356,1380,976,0
T2a,Li10,809,483,326,0,2354,1448,906,0
LPi07,T4d,701,429,272,0,2354,1484,870,0
TmY5a,Sm31,835,459,376,0,2352,1318,1034,0
Li33,LC10c,195,96,99,0,2350,1154,1196,0
Sm36,Sm40,12,6,6,0,2349,1125,1224,0
Sm06,MeTu4c,434,236,198,0,2347,1266,1081,0
Tm8a,Li11,486,264,222,0,2344,1259,1085,0
Tm7,LC10c,699,325,374,0,2340,1062,1278,0
L5,Tm20,686,364,322,0,2339,1270,1069,0
C3,Pm04,824,496,328,0,2336,1450,886,0
TmY3,LPLC1,639,345,294,0,2336,1262,1074,0
TmY11,T2,795,422,373,0,2334,1224,1110,0
Tm5b,Sm09,569,293,276,0,2334,1242,1092,0
Tm21,Y3,912,450,462,0,2333,1152,1181,0
LC9,LC4,374,181,193,0,2332,1140,1192,0
Tm4,TmY11,894,428,466,0,2330,1133,1197,0
TmY10,Sm36,491,256,235,0,2330,1222,1108,0
TmY10,Li27,429,227,202,0,2327,1287,1040,0
TmY31,Li11,579,299,280,0,2324,1205,1119,0
Mi10,CT1,361,191,170,0,2323,1279,1044,0
Dm12,Tm3,925,495,430,0,2323,1272,1051,0
cL20,LPLC4,71,33,31,7,2322,1196,1076,50
Y3,LPi07,597,365,232,0,2321,1480,841,0
Tm27,Li05,753,398,355,0,2320,1244,1076,0
LMt2,T3,843,450,393,0,2317,1257,1060,0
TmY5a,Tm21,884,472,412,0,2316,1258,1058,0
Tm21,LC16,875,460,415,0,2315,1215,1100,0
Mi15,Sm41,639,337,302,0,2314,1216,1098,0
TmY31,TmY9q⊥,631,331,300,0,2314,1236,1078,0
Tm7,LC10d,538,259,279,0,2311,1090,1221,0
Y3,LMt2,749,404,345,0,2310,1277,1033,0
TmY14,Li21,435,242,193,0,2309,1281,1028,0
OA-AL2i2,Pm05,263,133,130,0,2309,1132,1177,0
Tm5c,Tm31,621,322,299,0,2306,1220,1086,0
cL17,LC22,157,77,80,0,2306,1058,1248,0
Tm8b,LPLC2,389,173,216,0,2299,1015,1284,0
LMa2,TmY15,506,278,228,0,2298,1271,1027,0
Li31,LC25,62,29,33,0,2298,1088,1210,0
LPi07,T4c,706,446,260,0,2295,1487,808,0
T4a,Tm27,894,528,366,0,2293,1352,941,0
Dm11,Sm03,277,161,116,0,2293,1435,858,0
Tm16,Tm2,869,429,440,0,2289,1140,1149,0
Pm03,T2a,934,552,382,0,2289,1346,943,0
Tm5f,LT77,465,247,218,0,2288,1185,1103,0
Y1,LMa5,294,170,124,0,2288,1473,815,0
TmY14,Li17,638,340,298,0,2286,1246,1040,0
LLPt,LPi05,533,382,151,0,2283,1755,528,0
Tm8a,Sm36,450,236,214,0,2280,1175,1105,0
Tm5e,Tm27,827,424,403,0,2278,1176,1102,0
Mi1,Tm5e,733,389,344,0,2277,1213,1064,0
TmY16,Y12,516,275,241,0,2271,1266,1005,0
Y3,LC14b,373,178,195,0,2270,1018,1252,0
TmY10,Sm09,726,369,357,0,2270,1191,1079,0
Mi4,Tm8a,779,406,373,0,2268,1176,1092,0
C3,MLt3,828,436,392,0,2264,1183,1081,0
LPi13,T5d,695,473,222,0,2264,1606,658,0
LC11,LC13,520,257,263,0,2263,1175,1088,0
LPi09,LPi11,288,170,118,0,2260,1490,770,0
Sm09,Tm5a,599,316,283,0,2259,1261,998,0
TmY4,Li02,530,320,210,0,2258,1423,835,0
TmY31,LT51,445,208,237,0,2257,1063,1194,0
Pm07,Mi14,472,219,253,0,2257,1178,1079,0
Tm34,LC16,355,170,185,0,2255,1166,1089,0
Mi9,Tm5b,651,362,289,0,2254,1243,1011,0
T5a,LT33,749,393,356,0,2252,1163,1089,0
TmY3,LMa3,575,309,266,0,2251,1263,988,0
Tlp14,TmY15,515,372,143,0,2250,1760,490,0
LPT53,LPi10,33,17,16,0,2250,1501,749,0
Tm3,LLPC2,805,378,427,0,2245,1054,1191,0
TmY3,LPLC2,739,404,335,0,2245,1280,965,0
Sm19,Dm11,306,159,147,0,2245,1217,1028,0
Mi10,Sm41,325,176,149,0,2244,1308,936,0
mALC3,LMt4,34,18,16,0,2244,1127,1117,0
T5b,LPT21,453,250,203,0,2243,1242,1001,0
TmY5a,VCH,566,303,263,0,2243,1237,1006,0
Tm4,Li20,662,331,331,0,2242,1134,1108,0
T4b,LPT21,478,263,215,0,2241,1271,970,0
Mi15,aMe5,776,441,335,0,2239,1276,963,0
Tm5f,LC10a,620,303,317,0,2239,1140,1099,0
Tm3,Lawf2,823,454,369,0,2239,1212,1027,0
Mi10,Mi14,615,327,288,0,2239,1207,1032,0
LC14b,Li17,146,80,66,0,2237,1125,1112,0
T2a,T2a,858,401,457,0,2236,1107,1129,0
Y4,TmY15,467,232,235,0,2235,1100,1135,0
Mi15,Mi15,896,470,426,0,2231,1166,1065,0
LMa4,T4b,716,358,358,0,2230,1125,1105,0
Dm6,Tm1,881,503,378,0,2230,1319,911,0
Tm5a,LC26,502,264,238,0,2228,1206,1022,0
Pm03,Pm03,667,376,291,0,2228,1306,922,0
Y3,LT51,533,263,270,0,2227,1116,1111,0
LPi02,LPT23,163,103,60,0,2225,1665,560,0
T4a,LPi01,721,300,421,0,2224,932,1292,0
Pm03,Pm13,253,93,160,0,2222,1212,1010,0
TmY11,Pm13,434,164,270,0,2221,1051,1170,0
MeTu1,Sm16,724,416,308,0,2221,1291,930,0
LPi02,LPC1,466,310,156,0,2220,1523,697,0
Sm22,Pm05,494,245,249,0,2219,1181,1038,0
TmY10,TmY31,625,291,334,0,2216,1010,1206,0
cL08,LC4,104,50,54,0,2212,1011,1201,0
T4d,LPT45_dCal1,354,196,158,0,2211,1480,731,0
Li10,Li30,181,91,90,0,2210,1242,968,0
Tm7,Li09,640,332,308,0,2206,1145,1061,0
Tm20,Mi2,839,479,360,0,2203,1266,937,0
Dm14,L4,867,474,393,0,2203,1198,1005,0
C3,Tm21,853,446,407,0,2201,1142,1059,0
Tm8a,LC10d,481,235,246,0,2201,1013,1188,0
Dm19,L2,914,473,441,0,2199,1169,1030,0
Lawf1,R1-6,1009,695,314,0,2194,1522,672,0
Tm5d,Li11,593,333,260,0,2194,1268,926,0
Sm23,MeTu3a,342,198,144,0,2194,1346,848,0
Dm15,Tm25,769,394,375,0,2193,1163,1030,0
Tm5c,Dm12,694,364,330,0,2192,1150,1042,0
Tm34,LPLC1,307,152,155,0,2189,1083,1106,0
Mi9,Tm16,775,349,426,0,2185,945,1240,0
Pm03,LMa2,418,232,186,0,2185,1296,889,0
Tm5c,Mi4,718,366,352,0,2184,1134,1050,0
TmY10,Tm5c,663,330,333,0,2182,1073,1109,0
MC65,Sm04,383,187,196,0,2182,1175,1007,0
Tm7,Li06,586,281,305,0,2179,1038,1141,0
LMa5,LMa1,232,122,110,0,2179,1412,767,0
Li33,LC28a,98,56,42,0,2176,1239,937,0
Tm16,Li16,546,271,275,0,2174,1120,1054,0
L3,Mi13,664,394,270,0,2174,1279,895,0
Tm5f,LC16,689,354,335,0,2171,1165,1006,0
LMa4,Tm21,770,421,349,0,2171,1201,970,0
MeMe_e08,TmY16,596,360,236,0,2171,1313,858,0
cM16,Tm33,114,56,58,0,2171,1181,990,0
TmY14,C3,788,458,330,0,2167,1291,876,0
Sm12,Dm12,448,225,223,0,2167,1140,1027,0
Mi4,CB0592,676,378,298,0,2164,1244,920,0
Li33,LC16,150,74,76,0,2164,1115,1049,0
TmY9q⊥,Dm3p,850,432,418,0,2162,1106,1056,0
TmY20,Li30,262,130,132,0,2160,1050,1110,0
Tm7,Tm8b,511,233,278,0,2160,1032,1128,0
Tm4,LLPC1,733,333,400,0,2159,959,1200,0
T4d,LPLC1,738,535,203,0,2158,1639,519,0
Sm42,MTe01a,75,46,29,0,2153,1515,638,0
Dm2,MLt6,577,305,272,0,2152,1145,1007,0
Tm7,Sm41,351,176,175,0,2152,1216,936,0
LMa2,TmY16,435,243,192,0,2152,1322,830,0
Mi14,Pm10,529,289,240,0,2151,1247,904,0
TmY20,LPLC4,436,237,199,0,2151,1253,898,0
Dm8a,MTe02,369,184,185,0,2149,1110,1039,0
LPLC1,LT82a,205,104,101,0,2149,1089,1060,0
Dm17,T1,753,456,297,0,2148,1308,840,0
LMa4,Mi1,727,396,331,0,2148,1190,958,0
TmY4,Dm3v,912,437,475,0,2146,1038,1108,0
TmY9q⊥,TmY4,786,369,417,0,2146,1003,1143,0
LPi05,Tlp4,295,199,96,0,2144,1607,537,0
Tm5e,Sm09,562,294,268,0,2139,1179,960,0
Tm20,Li06,741,317,424,0,2138,895,1243,0
LPi12,LPi15,2,1,1,0,2138,1335,803,0
Li28,LC6,237,116,121,0,2133,1114,1019,0
TmY4,Li05,630,317,313,0,2129,1058,1071,0
Am1,LPi15,2,1,1,0,2126,1297,829,0
Y3,LMa5,518,311,207,0,2125,1378,747,0
Li33,LC4,104,50,54,0,2118,1112,1006,0
Pm08,Pm04,447,241,206,0,2116,1176,940,0
Sm12,Sm09,623,344,279,0,2115,1201,914,0
Y3,LT57,558,283,275,0,2114,1045,1069,0
TmY20,Li32,267,133,134,0,2114,1062,1052,0
T4a,TmY9q⊥,814,509,305,0,2111,1327,784,0
T2a,Dm3q,909,513,396,0,2111,1200,911,0
Tm3,Dm10,861,462,399,0,2110,1133,977,0
T5c,LPT26,387,216,171,0,2107,1334,773,0
Tm20,Tm36,730,366,364,0,2107,1053,1054,0
T4c,LPT48_vCal3,607,337,270,0,2106,1187,919,0
Pm10,Tm27,780,460,320,0,2106,1278,828,0
Li15,T2,881,434,447,0,2104,1035,1069,0
Li24,LC11,216,117,99,0,2104,1208,896,0
Tm16,Li17,539,276,263,0,2100,1083,1017,0
Tm5b,Mi10,574,308,266,0,2100,1097,1003,0
LMa2,MTe52,237,134,103,0,2100,1240,860,0
Mi1,Pm02,709,335,374,0,2096,864,1232,0
TmY31,LT52,506,251,255,0,2096,1036,1060,0
LPi14,T4b,766,418,348,0,2096,1107,989,0
Li10,LC21,408,215,193,0,2094,1115,979,0
T5a,LPT26,431,232,199,0,2093,1265,828,0
Tm5e,LT51,538,250,288,0,2093,1007,1086,0
LPi05,Tlp1,327,209,118,0,2093,1463,630,0
T5c,TmY5a,773,440,333,0,2088,1194,894,0
cM17,Sm32,59,28,31,0,2088,915,1173,0
Tm5b,Tm5b,566,279,287,0,2082,1046,1036,0
OA-AL2i2,Pm06,102,50,52,0,2081,1121,960,0
TmY10,Y3,612,353,259,0,2080,1201,879,0
LPLC2,LPLC4,434,245,189,0,2078,1213,865,0
LC14a1,LC17,133,71,62,0,2077,1114,963,0
T5a,LPi01,669,302,367,0,2074,953,1121,0
Dm8b,Sm02,517,266,251,0,2074,1057,1017,0
TmY15,LLPC2,515,326,189,0,2071,1369,702,0
Tm7,TmY11,574,296,278,0,2070,1115,955,0
cLP03,Tlp1,409,225,184,0,2067,1229,838,0
C2,Mi15,509,298,211,0,2064,1229,835,0
Dm11,MTe07,304,130,174,0,2063,883,1180,0
MLt1,Tm9,737,374,363,0,2059,1060,999,0
CB0566,Sm20,118,56,62,0,2059,1080,979,0
Y3,LLPC1,629,362,267,0,2057,1178,879,0
Tm20,T2a,807,386,421,0,2054,949,1105,0
TmY15,LPLC4,415,220,195,0,2047,1174,873,0
Li11,LMa2,218,123,95,0,2047,1139,908,0
MTe52,TmY11,602,308,294,0,2042,1092,950,0
Y3,Li29,427,220,207,0,2041,1035,1006,0
Mi10,Dm14,474,239,235,0,2039,1059,980,0
Li15,T3,811,451,360,0,2039,1147,892,0
Dm20,Dm12,639,319,320,0,2036,1056,980,0
T5d,VS1,348,170,178,0,2033,1128,905,0
TmY10,Li02,537,303,234,0,2031,1174,857,0
Am1,T2,655,351,304,0,2029,1125,904,0
cML01,Dm13,49,24,25,0,2026,1198,828,0
LT39,Tm36,227,111,116,0,2025,1029,996,0
Mi13,Tm25,711,359,352,0,2024,1057,967,0
Pm09,Tm1,769,410,359,0,2024,1078,946,0
Tm5f,Tm37,703,351,352,0,2021,1010,1011,0
H1,TmY20,197,107,90,0,2019,1275,744,0
Tm5e,LC10c,548,264,284,0,2018,970,1048,0
Tm3,LLPC3,718,362,356,0,2014,1018,996,0
TmY9q⊥,Y12,670,321,349,0,2014,1013,1001,0
Pm02,T2a,809,470,339,0,2012,1200,812,0
Li13,Li28,133,64,69,0,2009,1071,938,0
Pm03,TmY5a,797,445,352,0,2009,1120,889,0
TmY15,LLPC3,497,293,204,0,2009,1292,717,0
LMa1,LC14a1,133,73,60,0,2009,1039,970,0
LPi05,LPLC4,265,172,93,0,2007,1455,552,0
Sm31,Tm33,320,170,150,0,2006,1184,822,0
MTe47,LLPt,231,115,116,0,2006,853,1153,0
TmY31,Tm5d,457,245,212,0,2004,1095,909,0
Tm1,Tm9,643,315,328,0,2004,995,1009,0
TmY14,Pm06,682,389,293,0,2004,1179,825,0
C2,Dm9,538,419,119,0,2004,1605,399,0
LC21,LC17,518,259,259,0,2004,953,1051,0
Y3,MLt3,643,313,330,0,2003,967,1036,0
cM17,Pm14,4,2,2,0,2002,1199,803,0
TmY5a,MeMe_e07,659,369,290,0,1999,1200,799,0
cM15,TmY11,335,162,173,0,1999,912,1087,0
TmY31,LLPC1,487,282,205,0,1998,1177,821,0
Sm07,MLt6,336,176,160,0,1997,1083,914,0
LMa5,LT56,72,33,39,0,1997,1118,879,0
Tm5f,Li01,681,358,323,0,1993,1058,935,0
cML01,LMa4,61,31,30,0,1992,1010,982,0
MeMe_e10,MeTu3b,91,48,43,0,1990,1174,816,0
Dm12,Tm5e,598,305,293,0,1988,1016,972,0
Mi9,CB0592,623,326,297,0,1987,1052,935,0
TmY10,TmY11,596,278,318,0,1985,921,1064,0
Mi9,MeMe_e07,735,394,341,0,1984,1069,915,0
Pm10,MTe08,153,82,71,0,1979,997,982,0
T2,LT66,660,344,316,0,1978,1057,921,0
TmY3,MeMe_e08,635,332,303,0,1977,1063,914,0
T5d,TmY4,777,510,267,0,1976,1294,682,0
Li10,Y3,616,328,288,0,1976,1103,873,0
Li10,Tm16,538,272,266,0,1975,997,978,0
Li16,LMa3,208,106,102,0,1975,1173,802,0
T4d,VS4,434,225,209,0,1974,1084,890,0
LLPC1,PLP163,112,112,0,0,1974,1974,0,0
Tm1,T1,612,323,289,0,1973,1068,905,0
T5a,LPi02,695,395,300,0,1970,1077,893,0
Pm09,Pm01,595,347,248,0,1969,1142,827,0
Sm23,MeTu1,491,278,213,0,1965,1111,854,0
Sm41,TmY5a,565,272,293,0,1964,930,1034,0
TmY11,LC24,421,187,234,0,1963,892,1071,0
Y12,LC17,509,261,248,0,1962,988,974,0
Y3,LC10b,509,271,238,0,1961,1082,879,0
L3,TmY9q,618,322,296,0,1961,1007,954,0
LPC1,LPT22,133,67,66,0,1961,1151,810,0
C3,T4d,717,402,315,0,1951,1098,853,0
Tm33,Tm20,779,422,357,0,1950,1050,900,0
Mi10,Sm04,382,207,175,0,1949,1141,808,0
Tm5f,TmY10,689,349,340,0,1948,1005,943,0
T5d,VST2,688,480,208,0,1947,1426,521,0
T4d,TmY14,711,400,311,0,1946,1078,868,0
Li12,LC22,249,133,116,0,1945,1027,918,0
Mi15,Sm10,655,371,284,0,1944,1093,851,0
Li24,LMt1,104,58,46,0,1944,1248,696,0
T3,LMa4,632,327,305,0,1943,969,974,0
Tlp1,LC17,446,225,221,0,1941,939,1002,0
aMe17b,Tm5a,466,235,231,0,1940,1014,926,0
Y12,Pm04,396,205,191,0,1939,1078,861,0
Tm1,Mi1,604,312,292,0,1937,954,983,0
Y3,LC40,455,208,247,0,1937,901,1036,0
Tm16,LC10b,452,234,218,0,1936,1023,913,0
Sm40,Tm5d,470,254,216,0,1936,1045,891,0
Dm2,MeTu4a,604,301,303,0,1935,947,988,0
L4,Tm9,715,374,341,0,1934,992,942,0
T2a,LT80,312,161,151,0,1933,1057,876,0
Li21,Tm3,754,369,385,0,1933,897,1036,0
Sm32,Dm17,147,68,79,0,1933,994,939,0
Dm2,MTe19,318,147,171,0,1931,849,1082,0
R7,Tm5b,420,234,186,0,1931,1145,786,0
T5c,TmY14,729,423,306,0,1930,1142,788,0
Tm5f,Dm20,752,405,347,0,1930,1037,893,0
Tm5b,Li01,571,302,269,0,1923,1012,911,0
LMa1,Li21,137,78,59,0,1920,1055,865,0
LPi11,LPi04,197,138,59,0,1917,1505,412,0
cL03,LMa4,170,85,85,0,1916,1148,768,0
TmY10,Tm32,480,229,251,0,1914,936,978,0
Tlp1,T5b,707,425,282,0,1914,1188,726,0
LLPC3,Y3,543,350,193,0,1914,1263,651,0
cM17,MTe47,4,2,2,0,1912,1084,828,0
T5d,VS4,427,225,202,0,1910,1061,849,0
MLt1,Tm4,733,361,372,0,1907,940,967,0
Tlp4,T5b,723,451,272,0,1906,1206,700,0
Dm12,Dm12,603,301,302,0,1906,924,982,0
Tm5c,Tm7,607,333,274,0,1905,1034,871,0
Tlp4,LPi05,262,179,83,0,1905,1439,466,0
T5a,TmY9q,728,376,352,0,1903,963,940,0
LT42,TmY20,264,131,133,0,1903,949,954,0
Li06,LC31b,251,129,122,0,1901,998,903,0
TmY15,LMt2,481,280,201,0,1899,1181,718,0
MTe52,Pm07,234,106,128,0,1899,954,945,0
Tm3,Li20,528,285,243,0,1896,1021,875,0
TmY4,LMa3,428,224,204,0,1895,1044,851,0
Tm5b,LC10c,536,246,290,0,1891,891,1000,0
Dm8b,MTe01b,485,250,235,0,1891,996,895,0
Dm8b,TmY10,471,234,237,0,1890,939,951,0
LT58,Tm5f,452,300,152,0,1890,1334,556,0
Mi9,MeMe_e08,685,371,314,0,1888,1011,877,0
Pm14,Y1,247,130,117,0,1888,1093,795,0
TmY11,TmY11,647,323,324,0,1884,954,930,0
LPT57,Tlp1,115,60,55,0,1884,1097,787,0
TmY31,LLPC2,435,248,187,0,1881,1102,779,0
Tm25,MTe54,636,374,262,0,1880,1107,773,0
Sm40,Tm5e,528,269,259,0,1879,954,925,0
Sm40,Sm42,4,2,2,0,1879,1030,849,0
Li33,Tm35,118,60,58,0,1879,953,926,0
Mi1,LMa4,488,253,235,0,1878,976,902,0
TmY15,Y4,505,254,251,0,1872,941,931,0
Li12,LPLC1,236,125,111,0,1871,1005,866,0
Tm9,Mi9,585,295,290,0,1869,917,952,0
Mi10,Mi4,662,358,304,0,1868,1025,843,0
Li21,LPLC1,243,140,103,0,1867,972,895,0
R8,Dm2,411,226,185,0,1863,1030,833,0
Tm31,Tm5a,404,211,193,0,1861,1003,858,0
Li16,TmY15,466,264,202,0,1861,1110,751,0
Pm04,T4c,695,392,303,0,1860,1050,810,0
Tm5e,Tm32,456,235,221,0,1859,994,865,0
cML01,Tm27,546,324,222,0,1856,1163,693,0
Tm7,Sm32,640,281,359,0,1853,835,1018,0
Tm21,cL07,524,161,363,0,1853,528,1325,0
Pm08,TmY5a,753,369,384,0,1851,907,944,0
TmY15,Y3,608,361,247,0,1850,1130,720,0
LC10b,LT51,235,119,116,0,1847,957,890,0
OA-ASM1,LMa2,147,80,67,0,1846,996,850,0
Tlp1,LPi15,138,67,71,0,1845,1043,802,0
cM15,Tm9,562,291,271,0,1843,955,888,0
MTe51,Sm22,482,251,231,0,1842,1016,826,0
Tm5c,Dm20,697,349,348,0,1841,933,908,0
Tlp5,TmY31,639,310,329,0,1841,902,939,0
Tm3,LLPC1,654,313,341,0,1840,869,971,0
Tm5f,Tm5b,599,293,306,0,1840,937,903,0
Sm35,Sm02,542,267,275,0,1840,904,936,0
cML01,Li15,32,16,16,0,1840,909,931,0
LPi15,DCH,2,1,1,0,1839,1281,558,0
Tm31,LC10c,448,224,224,0,1836,912,924,0
Tm5e,LPLC1,447,222,225,0,1834,906,928,0
Tm33,Pm05,348,185,163,0,1832,1027,805,0
Y3,LMa3,347,189,158,0,1831,1036,795,0
Tm3,LTe64,306,154,152,0,1831,865,966,0
Sm02,Tm31,468,248,220,0,1830,988,842,0
Tm5c,Tm5a,512,283,229,0,1829,1060,769,0
Sm21,Dm8a,574,317,257,0,1829,1060,769,0
Tm7,Tm33,482,254,228,0,1828,1002,826,0
Sm36,Sm31,69,36,33,0,1828,936,892,0
cM06,TmY15,121,66,55,0,1828,971,857,0
Tm31,LC10d,410,216,194,0,1827,944,883,0
TmY16,LPi05,267,176,91,0,1826,1263,563,0
Sm10,Sm12,517,276,241,0,1824,1026,798,0
Tm7,LPLC2,517,239,278,0,1824,850,974,0
LPT22,LLPC1,149,81,68,0,1824,1092,732,0
TmY10,Sm31,525,267,258,0,1823,926,897,0
TmY31,Pm13,344,133,211,0,1822,879,943,0
Tm5c,Tm8b,451,214,237,0,1822,872,950,0
Pm14,Lawf2,335,197,138,0,1821,1132,689,0
TmY9q,Li33,275,138,137,0,1818,935,883,0
Y1,TmY4,643,315,328,0,1817,874,943,0
Sm06,Sm09,472,273,199,0,1816,1090,726,0
Tm2,LPLC4,495,217,278,0,1813,761,1052,0
Tm32,Li10,375,181,194,0,1812,914,898,0
Tm16,Li33,298,146,152,0,1811,915,896,0
T2a,Li24,580,344,236,0,1811,1042,769,0
Tm5c,T2a,672,354,318,0,1810,960,850,0
LPi13,Y11,126,67,59,0,1810,1281,529,0
Tm5a,Tm36,496,234,262,0,1807,856,951,0
Tm1,C3,654,318,336,0,1806,870,936,0
TmY9q⊥,Li02,553,330,223,0,1806,1105,701,0
TmY31,LT57,480,246,234,0,1804,893,911,0
Lawf2,Lawf1,663,463,200,0,1802,1269,533,0
MeTu1,Sm38,376,206,170,0,1800,1072,728,0
Sm23,MeTu3c,342,208,134,0,1798,1118,680,0
Y12,LLPt,380,187,193,0,1797,937,860,0
cL21,Li06,337,166,171,0,1796,929,867,0
Tm27,LPLC2,624,350,274,0,1795,1021,774,0
TmY31,LPC1,388,220,168,0,1793,1076,717,0
cL05,Tm35,77,38,39,0,1792,904,888,0
TmY4,Tlp4,545,355,190,0,1790,1168,622,0
Li10,Tm8a,520,279,241,0,1789,960,829,0
LMa4,T4c,637,307,330,0,1789,885,904,0
Tm7,Tm5c,555,257,298,0,1788,792,996,0
Mi10,Tm8a,538,289,249,0,1788,941,847,0
Mi9,Sm05,439,238,201,0,1787,983,804,0
MLt3,LPLC1,393,192,201,0,1787,881,906,0
Tlp4,T4b,685,432,253,0,1786,1130,656,0
Li21,LPLC2,332,175,157,0,1786,925,861,0
Li27,LMa2,65,32,33,0,1785,994,791,0
l-LNv,Mi1,589,287,302,0,1785,871,914,0
LT52,LPLC4,227,112,115,0,1783,850,933,0
T3,LT56,581,248,333,0,1782,730,1052,0
LMa4,T5b,641,345,296,0,1782,949,833,0
TmY11,Li10,448,215,233,0,1778,893,885,0
Tm8b,LC6,299,138,161,0,1778,846,932,0
Mi4,MeLp2,438,216,222,0,1777,928,849,0
Li05,LC10d,377,176,201,0,1777,787,990,0
Sm01,Sm07,487,253,234,0,1776,918,858,0
T5c,LPi08,648,483,165,0,1774,1325,449,0
Y1,Pm04,331,177,154,0,1774,1032,742,0
Y11,LLPt,340,179,161,0,1774,1018,756,0
LPi09,LPT27,40,23,17,0,1774,1030,744,0
Li17,Tm27,737,410,327,0,1773,1006,767,0
Tm8a,LC10b,375,187,188,0,1773,886,887,0
cL18,TmY16,216,113,103,0,1773,928,845,0
T2a,TmY31,615,287,328,0,1771,803,968,0
LMa4,T4d,598,304,294,0,1770,918,852,0
LPi12,Y1,156,81,75,0,1769,1108,661,0
Li20,Tm4,664,355,309,0,1765,959,806,0
LC14a1,Li17,126,67,59,0,1765,870,895,0
T4d,LPLC2,691,448,243,0,1764,1166,598,0
Mi13,Mi9,694,354,340,0,1763,894,869,0
Tm16,Li01,416,206,210,0,1763,885,878,0
Mi10,Sm19,435,221,214,0,1760,915,845,0
Y3,LC6,493,241,252,0,1759,873,886,0
Tm5b,Sm41,303,153,150,0,1759,832,927,0
LC9,LTe18,69,35,34,0,1759,891,868,0
Tm3,MeMe_e08,650,339,311,0,1757,917,840,0
TmY5a,Tm16,601,313,288,0,1757,912,845,0
Tm5e,Sm27,434,225,209,0,1757,909,848,0
LPLC1,LT61b,128,65,63,0,1756,910,846,0
Li32,Li10,171,88,83,0,1753,1000,753,0
Mi1,TmY4,648,331,317,0,1752,903,849,0
Pm08,Pm14,218,113,105,0,1752,1063,689,0
Dm13,Mi1,705,390,315,0,1749,961,788,0
Sm31,Sm36,69,36,33,0,1749,954,795,0
MeMe_e08,TmY14,496,267,229,0,1749,974,775,0
C3,T4c,671,389,282,0,1748,1026,722,0
Sm31,Tm5f,588,330,258,0,1747,982,765,0
Tm5b,Tm7,513,254,259,0,1744,854,890,0
Li26,Li24,40,24,16,0,1743,1076,667,0
TmY15,TmY3,619,321,298,0,1742,912,830,0
TmY14,Li16,472,256,216,0,1741,1008,733,0
cM02a,Sm07,159,83,76,0,1741,995,746,0
Tm5f,Tm5a,540,278,262,0,1738,919,819,0
TmY20,Li06,457,231,226,0,1737,882,855,0
Tm8a,TmY4,486,247,239,0,1736,866,870,0
Tm36,LT62,221,107,114,0,1735,864,871,0
cM05,Pm10,46,24,22,0,1735,939,796,0
Mi10,Tm5b,504,266,238,0,1733,930,803,0
Dm9,Tm20,510,391,119,0,1733,1341,392,0
Tm27,TmY15,644,380,264,0,1731,1057,674,0
TmY4,LPLC4,544,338,206,0,1730,1134,596,0
L4,MeMe_e07,643,348,295,0,1729,946,783,0
LPC1,PLP163,81,81,0,0,1727,1727,0,0
Y3,LPC1,502,307,195,0,1726,1096,630,0
T3,CB0592,452,237,215,0,1726,899,827,0
Tm36,Li18,540,264,276,0,1726,841,885,0
LC18,LT82a,293,148,145,0,1726,861,865,0
LC15,LT61b,106,54,52,0,1726,902,824,0
Tm5f,Tm20,644,330,314,0,1725,900,825,0
LLPC3,LC17,428,218,210,0,1725,914,811,0
Dm8b,Tm7,380,189,191,0,1722,878,844,0
LPT23,LPi02,153,94,59,0,1721,1201,520,0
TmY5a,LT62,558,267,291,0,1720,835,885,0
TmY31,Tm36,486,238,248,0,1720,847,873,0
Tm1,Dm16,609,362,247,0,1720,1057,663,0
Y11,LC17,428,236,192,0,1719,970,749,0
Tlp1,T4b,648,379,269,0,1719,1030,689,0
MLt5,Sm12,399,210,189,0,1718,898,820,0
Y3,Tm37,535,263,272,0,1717,806,911,0
TmY10,Li05,500,269,231,0,1717,930,787,0
Mi15,C3,554,306,248,0,1714,996,718,0
Tm35,LC40,334,159,175,0,1714,852,862,0
Sm40,Sm06,256,133,123,0,1712,1006,706,0
LC15,LMa2,280,153,127,0,1712,913,799,0
LPC2,TmY31,377,265,112,0,1712,1290,422,0
TmY16,Tlp5,349,191,158,0,1709,1033,676,0
cL04,Tm8a,344,170,174,0,1709,872,837,0
Tm4,Li01,564,298,266,0,1707,897,810,0
TmY5a,LT57,571,271,300,0,1706,804,902,0
Y11,Li32,130,68,62,0,1706,930,776,0
TmY5a,LT77,482,243,239,0,1704,824,880,0
Sm09,TmY10,536,261,275,0,1704,804,900,0
Li18,Tm20,683,343,340,0,1704,858,846,0
TmY9q⊥,Mi4,677,366,311,0,1702,946,756,0
MeTu3b,MeTu3a,373,224,149,0,1700,1106,594,0
LLPC2,LPT48_vCal3,215,114,101,0,1699,1107,592,0
LPi09,VS3,63,31,32,0,1698,1172,526,0
LC10b,LPLC4,302,155,147,0,1695,905,790,0
Mi15,MeTu1,683,362,321,0,1694,909,785,0
T5d,T2,744,363,381,0,1693,834,859,0
T4b,Tlp4,656,421,235,0,1691,1104,587,0
Tlp5,LPC1,341,197,144,0,1689,1063,626,0
Mi10,Dm8a,495,270,225,0,1687,901,786,0
LPi10,LPi07,315,210,105,0,1686,1169,517,0
T2,Tm5c,592,322,270,0,1683,934,749,0
LMa5,Pm01,392,240,152,0,1683,1131,552,0
TmY4,Tlp1,585,360,225,0,1682,1076,606,0
Tm5c,MTe01b,553,298,255,0,1680,901,779,0
Sm01,Sm27,374,186,188,0,1680,844,836,0
LMa5,LMt3,266,143,123,0,1680,1143,537,0
LPT53,TmY16,65,33,32,0,1678,1093,585,0
R7,Tm5a,324,181,143,0,1677,1015,662,0
Am1,LPC1,159,81,78,0,1677,1084,593,0
LPC2,LPLC4,296,193,103,0,1676,1213,463,0
TmY5a,Tm27,636,370,266,0,1675,997,678,0
C3,L1,532,309,223,0,1674,994,680,0
TmY14,LMa5,395,232,163,0,1674,1033,641,0
Dm2,Tm25,590,312,278,0,1672,894,778,0
TmY10,Sm27,346,175,171,0,1670,813,857,0
Li28,Tm20,648,346,302,0,1669,886,783,0
CB0566,Dm8b,364,186,178,0,1669,833,836,0
T4b,LPT42_Nod4,378,205,173,0,1668,953,715,0
Dm18,Dm16,295,142,153,0,1668,841,827,0
cM02b,Sm07,156,78,78,0,1667,854,813,0
LMa3,LC17,355,190,165,0,1666,939,727,0
TmY31,Li09,464,249,215,0,1665,924,741,0
Pm09,PDt,251,143,108,0,1665,967,698,0
Tm25,LMa3,503,269,234,0,1662,892,770,0
Y4,Li26,362,183,179,0,1662,802,860,0
Li26,Tm2,702,391,311,0,1662,936,726,0
Li31,LC15,105,54,51,0,1657,891,766,0
T4a,Mi13,628,325,303,0,1655,851,804,0
Tm32,Tm5e,497,240,257,0,1655,796,859,0
Dm2,MTe02,512,255,257,0,1651,821,830,0
TmY10,Tm8a,520,272,248,0,1651,853,798,0
Li02,TmY10,515,282,233,0,1651,914,737,0
Dm1,Dm18,280,142,138,0,1650,885,765,0
LMa4,LPLC4,266,143,123,0,1648,883,765,0
LPT54,TmY20,237,122,115,0,1648,951,697,0
Dm2,MTe01a,499,349,150,0,1647,1168,479,0
Li10,LPLC4,370,191,179,0,1647,863,784,0
LC28a,LC10d,342,198,144,0,1647,990,657,0
Dm8a,Sm09,470,257,213,0,1645,913,732,0
Y3,Tlp1,521,283,238,0,1645,878,767,0
LMa1,Mi13,497,264,233,0,1645,882,763,0
cM10,Tm36,229,120,109,0,1642,909,733,0
Li25,LC11,239,119,120,0,1641,872,769,0
cLP02,LPLC4,423,292,131,0,1641,1249,392,0
Tlp4,LPi09,363,247,116,0,1640,1228,412,0
TmY9q⊥,Dm3q,703,353,350,0,1640,815,825,0
OA-AL2i2,Pm09,140,76,64,0,1640,834,806,0
Tm5c,LC10d,442,232,210,0,1638,798,840,0
Tm4,LC35,500,294,206,0,1637,1005,632,0
T3,Li06,561,264,297,0,1636,773,863,0
Li26,Tm3,707,385,322,0,1630,903,727,0
MTe01b,Sm06,370,210,160,0,1629,947,682,0
LMa4,Tm1,516,288,228,0,1628,928,700,0
MeTu4a,Sm08,335,170,165,0,1627,874,753,0
Tm33,Sm31,287,163,124,0,1626,953,673,0
TmY3,LLPC3,525,309,216,0,1626,965,661,0
Y4,T3,568,301,267,0,1624,862,762,0
Tm21,T2,665,338,327,0,1620,820,800,0
Y12,Pm05,354,174,180,0,1618,847,771,0
TmY5a,LT78,458,210,248,0,1617,734,883,0
T5d,LPT45_dCal1,281,165,116,0,1616,1072,544,0
LLPt,LPi04,438,322,116,0,1616,1274,342,0
Dm13,L5,658,388,270,0,1616,960,656,0
Tm8a,LPLC4,412,201,211,0,1614,801,813,0
Li22,LC12,505,276,229,0,1614,914,700,0
TmY5a,MTe52,584,372,212,0,1612,1068,544,0
TmY10,LPLC4,468,233,235,0,1611,810,801,0
LC33a,LC33a,55,27,28,0,1611,751,860,0
Tm20,LC10a,513,256,257,0,1610,781,829,0
Sm08,Tm5d,421,233,188,0,1608,899,709,0
Sm13,Tm7,481,265,216,0,1607,903,704,0
T4d,VST2,619,423,196,0,1606,1128,478,0
T4d,TmY15,576,366,210,0,1604,1071,533,0
Tm21,Pm10,647,387,260,0,1603,981,622,0
MLt2,Tm8a,414,203,211,0,1603,765,838,0
LPC2,Y11,374,261,113,0,1603,1187,416,0
TmY5a,DCH,459,267,192,0,1600,1046,554,0
Dm1,TmY3,523,290,233,0,1600,913,687,0
LPi15,LPi14,4,2,2,0,1600,966,634,0
Li05,Tlp5,473,237,236,0,1599,779,820,0
CB0592,Y3,438,228,210,0,1599,822,777,0
Li30,LC21,130,62,68,0,1598,812,786,0
LMa1,Pm06,276,149,127,0,1597,972,625,0
T4c,TmY5a,630,346,284,0,1596,886,710,0
MTe01a,Tm8a,322,224,98,0,1595,1156,439,0
AVLP151,LLPt,68,36,32,0,1594,789,805,0
TmY9q⊥,Dm3v,680,336,344,0,1590,788,802,0
LT38,LPLC4,79,43,36,0,1590,774,816,0
Tm4,LLPt,580,282,298,0,1589,781,808,0
TmY31,Tm5b,422,213,209,0,1588,832,756,0
LMa4,T4a,542,273,269,0,1587,801,786,0
LMt2,LPLC1,381,213,168,0,1584,921,663,0
T2a,Tm25,622,308,314,0,1582,774,808,0
Mi4,L2,572,316,256,0,1581,889,692,0
TmY4,LC10d,478,217,261,0,1581,694,887,0
MTe47,LMt3,130,66,64,0,1578,780,798,0
Tm8b,LC22,268,122,146,0,1576,719,857,0
TmY9q,LMa3,365,189,176,0,1575,857,718,0
Y3,Mi1,621,318,303,0,1573,806,767,0
LLPC1,Y1,459,253,206,0,1573,893,680,0
LT36,Li05,152,79,73,0,1573,535,1038,0
LT58,LC10c,164,95,69,0,1571,1059,512,0
TmY31,Tlp1,414,244,170,0,1569,976,593,0
LMt1,Tm21,634,353,281,0,1569,890,679,0
Pm14,Pm05,214,111,103,0,1569,850,719,0
Tm21,LC31a,564,336,228,0,1568,941,627,0
LPi15,Y1,163,80,83,0,1568,860,708,0
TmY5a,TmY3,659,380,279,0,1567,909,658,0
TmY5a,Li26,645,354,291,0,1567,878,689,0
Tm8a,Tm32,418,208,210,0,1567,793,774,0
TmY3,LMt3,506,265,241,0,1567,857,710,0
Li10,TmY31,474,245,229,0,1565,828,737,0
MLt1,Tm25,525,245,280,0,1565,740,825,0
Li13,LC40,183,83,100,0,1564,744,820,0
Dm8a,Sm01,328,191,137,0,1564,949,615,0
Tm2,Pm03,602,287,315,0,1563,716,847,0
Sm01,Sm20,541,280,261,0,1562,796,766,0
Pm12,TmY14,457,231,226,0,1562,807,755,0
LMa1,Lawf2,374,217,157,0,1562,940,622,0
Tm2,TmY4,593,301,292,0,1561,801,760,0
Y3,Li33,354,172,182,0,1560,691,869,0
TmY9q,LTe08,236,118,118,0,1559,671,888,0
LPC1,LPC1,394,256,138,0,1559,1060,499,0
Tm16,Li21,381,218,163,0,1555,842,713,0
Li05,TmY9q,515,244,271,0,1554,750,804,0
LPi13,LPLC1,126,71,55,0,1554,1055,499,0
TmY5a,Sm13,523,285,238,0,1553,879,674,0
TmY20,TmY9q,515,256,259,0,1552,797,755,0
Sm36,Tm5f,506,237,269,0,1552,706,846,0
Mi4,MeLp1,522,264,258,0,1551,795,756,0
Tm1,Pm01,337,155,182,0,1550,679,871,0
cL13,LC10b,56,28,28,0,1550,927,623,0
Sm08,Tm27,475,239,236,0,1549,793,756,0
LMa4,T5c,576,290,286,0,1549,762,787,0
LC21,Tm31,348,173,175,0,1548,831,717,0
MTe47,Pm10,91,47,44,0,1548,884,664,0
Li01,LC10a,341,177,164,0,1546,798,748,0
T5b,Nod3,391,228,163,0,1546,928,618,0
Y11,Pm05,228,116,112,0,1542,849,693,0
Tm5e,Pm05,394,219,175,0,1541,911,630,0
Pm10,MTe13,76,44,32,0,1541,790,751,0
Am1,Tm21,525,277,248,0,1541,822,719,0
LPi11,LPT48_vCal3,53,26,27,0,1540,1013,527,0
LPT23,Tlp4,145,91,54,0,1540,1055,485,0
LPi11,LPi08,171,115,56,0,1539,1163,376,0
CB0592,Li16,36,17,19,0,1539,731,808,0
Sm08,MTe01a,293,198,95,0,1538,1042,496,0
Tm16,T2,518,274,244,0,1537,823,714,0
LMa2,LC28a,172,107,65,0,1536,968,568,0
Li30,TmY10,342,166,176,0,1535,746,789,0
LMt2,Pm07,304,133,171,0,1534,733,801,0
cLP03,LPi04,309,202,107,0,1534,996,538,0
Tm2,T1,529,279,250,0,1533,808,725,0
TmY31,Dm3p,589,294,295,0,1531,760,771,0
Tm3,Li06,600,297,303,0,1531,755,776,0
Mi10,MTe01b,474,252,222,0,1531,815,716,0
T4c,LPi08,577,418,159,0,1530,1098,432,0
Tm31,Li06,445,225,220,0,1529,784,745,0
Li30,Tm5f,439,234,205,0,1529,800,729,0
LPC2,TmY4,475,339,136,0,1529,1115,414,0
T5c,LPT48_vCal3,489,282,207,0,1528,909,619,0
Tm1,Tm5f,577,302,275,0,1526,813,713,0
LPi05,LLPC1,304,212,92,0,1526,1044,482,0
Sm12,MLt7,418,221,197,0,1526,855,671,0
Li29,Li30,2,1,1,0,1526,782,744,0
Tm4,Li02,460,308,152,0,1521,1026,495,0
Pm02,Pm14,256,136,120,0,1520,935,585,0
MeTu3a,Sm23,397,241,156,0,1520,967,553,0
Sm07,Tm27,503,275,228,0,1519,850,669,0
Tm5c,Sm12,445,228,217,0,1517,758,759,0
LPT50,LPi11,48,26,22,0,1517,1219,298,0
Pm02,Y4,369,197,172,0,1516,821,695,0
Li25,Tm21,599,317,282,0,1514,820,694,0
LMa4,TmY3,528,272,256,0,1509,806,703,0
MeTu3c,Sm41,132,65,67,0,1509,878,631,0
MTe54,TmY31,413,210,203,0,1509,728,781,0
Tm4,CB0592,498,265,233,0,1506,823,683,0
TmY14,Tm16,458,256,202,0,1506,887,619,0
TmY11,T2a,595,282,313,0,1504,714,790,0
Sm04,MeTu4a,393,204,189,0,1504,870,634,0
Mi15,Tm5c,525,256,269,0,1503,736,767,0
Tm37,LTe26,220,109,111,0,1503,784,719,0
TmY3,Pm07,493,223,270,0,1501,694,807,0
Tm34,LC17,354,176,178,0,1499,772,727,0
Li21,LC22,177,94,83,0,1498,762,736,0
OA-AL2i1,Dm10,370,210,160,0,1497,899,598,0
LLPt,LPC2,457,339,118,0,1496,1165,331,0
cML01,Li21,18,11,7,0,1495,856,639,0
Tm3,LC35,439,276,163,0,1493,967,526,0
Li15,LPLC1,383,192,191,0,1493,787,706,0
LMa4,T5a,534,281,253,0,1492,820,672,0
TmY11,Pm14,349,190,159,0,1491,876,615,0
Tm36,Pm14,273,159,114,0,1491,890,601,0
R7,MeTu3b,425,265,160,0,1491,1003,488,0
Tlp14,LPLC4,307,204,103,0,1489,1105,384,0
Mi1,Tm20,485,253,232,0,1488,817,671,0
Sm19,Mi4,435,229,206,0,1488,815,673,0
T2a,LMt1,572,297,275,0,1487,779,708,0
Tlp5,LPLC1,292,154,138,0,1486,851,635,0
Dm13,TmY15,398,215,183,0,1486,799,687,0
T5d,TmY15,553,331,222,0,1484,890,594,0
Y3,MLt1,453,220,233,0,1484,686,798,0
TmY3,MeMe_e07,471,248,223,0,1484,834,650,0
LMa1,Li10,263,142,121,0,1484,862,622,0
OA-AL2b2,Mi10,419,232,187,0,1483,797,686,0
Y3,LC9,424,234,190,0,1481,800,681,0
TmY31,LLPC3,357,208,149,0,1479,901,578,0
cL11,LC10b,34,18,16,0,1479,762,717,0
Mi10,Tm7,517,261,256,0,1478,756,722,0
Sm07,MTe01a,316,214,102,0,1477,1030,447,0
LMa2,LC15,236,123,113,0,1477,765,712,0
MTe54,Pm10,251,134,117,0,1477,851,626,0
Pm05,MeMe_e08,221,109,112,0,1476,762,714,0
Sm06,Tm32,348,181,167,0,1475,803,672,0
Tm5e,LC4,503,233,270,0,1475,718,757,0
Sm15,Sm12,316,151,165,0,1473,709,764,0
T3,Pm10,546,326,220,0,1472,887,585,0
Mi15,MeMe_e05,344,177,167,0,1472,798,674,0
LPi06,TmY20,337,206,131,0,1471,914,557,0
Tm5b,Sm21,519,281,238,0,1471,775,696,0
LPLC4,cL18,156,80,76,0,1471,824,647,0
TmY31,Sm09,442,235,207,0,1469,802,667,0
Tm16,Tm20,578,295,283,0,1468,758,710,0
TmY14,Lawf2,435,268,167,0,1468,940,528,0
LMa2,Li12,143,76,67,0,1468,754,714,0
Y1,LPLC1,354,190,164,0,1466,837,629,0
LC25,LMa2,234,115,119,0,1466,739,727,0
LMt1,LMt2,262,145,117,0,1465,922,543,0
Tm1,MLt3,525,277,248,0,1464,771,693,0
TmY9q⊥,LPLC4,464,248,216,0,1463,835,628,0
Sm27,Dm2,515,260,255,0,1463,727,736,0
Pm14,Mi14,279,154,125,0,1462,887,575,0
Tm3,LLPt,530,259,271,0,1460,700,760,0
Sm40,Sm36,12,6,6,0,1460,814,646,0
LC13,LLPt,296,148,148,0,1460,747,713,0
MLt1,Tm21,550,253,297,0,1459,684,775,0
Pm05,T3,542,269,273,0,1456,721,735,0
Li33,Li09,52,26,26,0,1456,794,662,0
T2a,LC21,555,254,301,0,1455,669,786,0
Dm8b,Tm5d,401,218,183,0,1454,812,642,0
CT1,Tm1,502,218,284,0,1454,632,822,0
MeTu1,Sm41,126,62,64,0,1454,672,782,0
L2,L4,594,404,190,0,1452,983,469,0
aMe17c,Mi14,329,167,162,0,1451,745,706,0
Tlp14,LPLC1,316,206,110,0,1450,978,472,0
Tm4,MeMe_e07,512,283,229,0,1449,811,638,0
Tm5e,cL04,450,224,226,0,1448,746,702,0
LMa1,Li15,224,104,120,0,1448,707,741,0
cM15,Tm7,322,167,155,0,1447,794,653,0
C3,Mi1,535,291,244,0,1446,791,655,0
Li22,Tm2,616,326,290,0,1446,768,678,0
Sm01,Tm7,370,197,173,0,1444,771,673,0
Tm21,LC15,576,336,240,0,1444,845,599,0
Li08,Li05,492,270,222,0,1444,785,659,0
Tm8a,LC20b,291,158,133,0,1443,804,639,0
Tlp1,LPi14,230,119,111,0,1443,853,590,0
MeTu3c,aMe9,226,114,112,0,1443,777,666,0
LC14b,TmY5a,181,93,88,0,1439,838,601,0
LPLC1,Li24,185,110,75,0,1439,873,566,0
Li03,Li17,199,103,96,0,1438,819,619,0
mALD1,MTe51,91,48,43,0,1438,753,685,0
Tm16,Dm12,498,274,224,0,1437,787,650,0
cM15,Tm27,479,258,221,0,1437,783,654,0
cM16,Mi4,476,251,225,0,1436,777,659,0
Tm4,LMt3,541,265,276,0,1435,704,731,0
Li11,LC21,324,168,156,0,1435,750,685,0
Sm42,MeTu4a,98,46,52,0,1435,753,682,0
LPC1,LPT23,188,116,72,0,1433,1015,418,0
T4a,LPT26,360,198,162,0,1431,863,568,0
Tm5e,LPLC4,392,185,207,0,1430,678,752,0
Li26,Li14,94,49,45,0,1430,836,594,0
Li26,LPLC1,325,177,148,0,1429,765,664,0
Sm40,Tm5f,491,242,249,0,1428,698,730,0
Li24,LC4,163,88,75,0,1428,834,594,0
cLP03,LPT23,77,43,34,0,1428,946,482,0
TmY11,Li33,311,148,163,0,1426,659,767,0
LPi14,H1,4,2,2,0,1426,835,591,0
Tm16,Li15,407,198,209,0,1425,696,729,0
Dm18,Tm4,593,306,287,0,1425,728,697,0
L2,Mi1,423,234,189,0,1424,855,569,0
TmY5a,LC9,517,275,242,0,1423,758,665,0
LC21,Li24,177,91,86,0,1423,766,657,0
LT57,Li33,22,11,11,0,1422,775,647,0
Li19,Li06,271,131,140,0,1420,704,716,0
CT1,C3,463,230,233,0,1419,716,703,0
VCH,Am1,2,1,1,0,1419,728,691,0
Am1,Tm27,440,253,187,0,1418,858,560,0
Mi2,Tm20,554,309,245,0,1417,789,628,0
TmY31,Dm3q,556,290,266,0,1416,737,679,0
Dm20,Mi14,524,276,248,0,1414,766,648,0
LT36,TmY5a,395,133,262,0,1414,385,1029,0
Sm10,Sm08,406,207,199,0,1413,723,690,0
Tm16,MeMe_e08,406,205,201,0,1413,726,687,0
Tlp5,TmY5a,528,290,238,0,1413,799,614,0
Sm37,MeTu1,180,94,86,0,1412,707,705,0
L2,MLt3,496,267,229,0,1411,782,629,0
Mi1,TmY14,412,211,201,0,1409,641,768,0
TmY9q,Li05,492,249,243,0,1409,731,678,0
CB0566,Sm19,103,53,50,0,1409,763,646,0
L3,Tm5f,484,282,202,0,1407,834,573,0
TmY11,Li02,364,218,146,0,1405,856,549,0
Tm5f,Li02,466,247,219,0,1405,762,643,0
Tm16,TmY10,523,264,259,0,1405,688,717,0
T5a,VS6,282,154,128,0,1404,847,557,0
Y11,LLPC1,407,247,160,0,1401,876,525,0
mALC4,LC17,192,98,94,0,1401,670,731,0
TmY5a,LT51,430,201,229,0,1399,694,705,0
T2,Pm13,472,235,237,0,1397,717,680,0
Tlp1,LLPC1,402,238,164,0,1397,877,520,0
Pm09,Tm25,509,258,251,0,1397,725,672,0
cL21,LC9,254,145,109,0,1397,814,583,0
cL21,Li20,12,6,6,0,1395,721,674,0
LLPC3,PLP081,100,100,0,0,1395,1395,0,0
TmY9q,TmY4,531,272,259,0,1393,722,671,0
MLt5,Sm04,292,152,140,0,1393,800,593,0
TmY11,MLt2,428,220,208,0,1392,731,661,0
Mi4,MTe52,557,316,241,0,1390,786,604,0
mALC4,T2a,506,232,274,0,1389,640,749,0
Y3,LT52,403,207,196,0,1387,670,717,0
Tm7,LC20b,361,189,172,0,1387,721,666,0
Sm23,MeTu3b,321,155,166,0,1387,719,668,0
cML01,Pm01,206,106,100,0,1387,794,593,0
DmDRA2,DmDRA1,146,74,72,0,1386,833,553,0
Li26,LT33,8,4,4,0,1386,687,699,0
Sm12,MC65,289,145,144,0,1385,797,588,0
LC14a1,T2,322,157,165,0,1384,687,697,0
LPi15,HSE,2,1,1,0,1383,858,525,0
cLP03,LPi07,297,196,101,0,1383,986,397,0
Li16,LC18,358,188,170,0,1379,758,621,0
cM05,Pm07,41,16,25,0,1377,691,686,0
LMa5,Y3,420,254,166,0,1376,868,508,0
Dm8a,Sm41,278,140,138,0,1375,733,642,0
OA-AL2i4,Sm09,148,79,69,0,1373,746,627,0
Tm5b,LC13,453,235,218,0,1372,696,676,0
Pm02,Tm21,570,315,255,0,1372,770,602,0
C3,LMa5,485,301,184,0,1370,871,499,0
Sm06,Tm16,407,204,203,0,1369,711,658,0
Tm7,Li05,424,213,211,0,1369,710,659,0
Tm16,Lawf2,390,228,162,0,1368,810,558,0
TmY9q⊥,LC10d,450,219,231,0,1368,655,713,0
T1,Tm1,368,203,165,0,1367,819,548,0
Tm16,Li11,367,181,186,0,1367,677,690,0
MTe54,Tm8a,334,189,145,0,1367,795,572,0
CB0592,Pm07,80,32,48,0,1366,636,730,0
MTe26,Sm41,2,1,1,0,1365,649,716,0
aMe17b,Tm5b,409,208,201,0,1364,686,678,0
Pm02,T2,572,321,251,0,1363,775,588,0
Tm4,C2,472,260,212,0,1361,752,609,0
T3,Li24,497,303,194,0,1361,811,550,0
aMe4,Mi1,519,240,279,0,1361,644,717,0
TmY5a,LT82a,485,228,257,0,1360,633,727,0
Tm36,Tm5e,446,242,204,0,1360,767,593,0
TmY10,TmY10,496,249,247,0,1359,671,688,0
Tm5c,Tm5f,507,258,249,0,1359,683,676,0
Pm03,Pm02,484,291,193,0,1359,833,526,0
Tm8b,Li06,288,137,151,0,1359,649,710,0
Mi10,Dm19,370,170,200,0,1359,642,717,0
Li27,LC25,108,49,59,0,1359,714,645,0
cM15,Sm32,59,28,31,0,1359,588,771,0
Tm5d,Tm7,424,237,187,0,1358,810,548,0
Pm05,Sm22,349,173,176,0,1358,709,649,0
aMe17a2,Sm30,26,12,14,0,1358,779,579,0
cM14,Mi4,386,182,204,0,1358,641,717,0
MLt4,TmY11,327,168,159,0,1356,703,653,0
LC20b,Li06,284,153,131,0,1356,775,581,0
Y1,TmY3,480,254,226,0,1355,702,653,0
LMa2,Li32,37,20,17,0,1355,700,655,0
cMLLP01,MTe47,8,4,4,0,1355,669,686,0
L3,Tm5a,323,196,127,0,1353,827,526,0
Tm5f,LTe12,180,89,91,0,1353,684,669,0
T5b,TmY15,554,318,236,0,1352,789,563,0
Tm8b,LPLC1,243,119,124,0,1352,656,696,0
Tm20,C3,473,240,233,0,1351,711,640,0
cL08,TmY15,205,106,99,0,1351,707,644,0
Tm5f,Tm5d,475,247,228,0,1350,696,654,0
Am1,LPLC1,124,71,53,0,1349,804,545,0
MeTu4c,Tm32,300,144,156,0,1349,690,659,0
Tm32,Li33,159,76,83,0,1348,689,659,0
Pm09,LMa5,284,159,125,0,1348,886,462,0
Li17,TmY14,432,221,211,0,1346,697,649,0
Tm36,Tm5d,429,245,184,0,1345,759,586,0
cLP03,LPLC4,298,183,115,0,1345,854,491,0
Li03,Li32,83,46,37,0,1344,751,593,0
Li16,Li20,86,39,47,0,1343,662,681,0
aMe17b,Sm41,4,2,2,0,1343,688,655,0
TmY9q,Li02,464,264,200,0,1342,767,575,0
Dm16,Dm15,414,219,195,0,1342,740,602,0
LPi13,LPLC4,103,53,50,0,1341,937,404,0
Dm2,MeMe_e03,292,151,141,0,1340,747,593,0
Li33,LC22,82,42,40,0,1340,721,619,0
Y4,T2,457,235,222,0,1337,694,643,0
LC10c,LC10d,226,109,117,0,1337,611,726,0
Tm7,Tm31,440,219,221,0,1336,667,669,0
cM05,CB0592,3,2,1,0,1335,672,663,0
L4,L3,545,378,167,0,1334,937,397,0
Li24,LT62,10,6,4,0,1334,732,602,0
T4a,LPi02,492,282,210,0,1333,736,597,0
T4d,LPi06,456,371,85,0,1333,1109,224,0
TmY5a,LC6,483,241,242,0,1332,673,659,0
Li11,Li09,265,144,121,0,1330,732,598,0
Tm33,LT58,96,56,40,0,1329,875,454,0
LPi10,TmY4,458,304,154,0,1329,865,464,0
LT66,cL21,8,4,4,0,1329,691,638,0
Tm32,LC10b,296,150,146,0,1328,721,607,0
T2a,Tm5b,484,242,242,0,1327,690,637,0
T5d,LPi06,445,364,81,0,1326,1132,194,0
Tm2,TmY14,498,239,259,0,1326,653,673,0
C2,Tm9,408,230,178,0,1325,740,585,0
MeMe_e08,Y12,409,216,193,0,1325,715,610,0
Sm14,MTe01a,186,117,69,0,1324,866,458,0
Mi1,Pm04,411,204,207,0,1323,678,645,0
TmY10,Tm5f,456,217,239,0,1323,619,704,0
cLP03,LPi02,279,186,93,0,1323,946,377,0
Li03,LMa2,185,108,77,0,1322,737,585,0
Sm12,MTe01a,372,251,121,0,1322,908,414,0
OA-AL2i2,LMt1,95,46,49,0,1322,689,633,0
MLt6,Sm13,208,115,93,0,1321,705,616,0
Sm18,MeTu3c,305,169,136,0,1320,749,571,0
LT57,Tm8a,347,169,178,0,1320,646,674,0
TmY9q,LC10b,374,186,188,0,1319,636,683,0
cML02,TmY15,95,51,44,0,1318,665,653,0
R8,MLt1,408,208,200,0,1317,666,651,0
Li03,Li18,312,163,149,0,1315,691,624,0
Mi15,Tm21,469,269,200,0,1315,765,550,0
Sm02,Sm35,441,210,231,0,1312,654,658,0
Tm16,Mi4,508,260,248,0,1311,653,658,0
Li33,LLPt,67,35,32,0,1311,670,641,0
LT34,LC10c,130,65,65,0,1311,640,671,0
OA-ASM1,TmY5a,536,288,248,0,1311,685,626,0
LC21,LC13,342,174,168,0,1310,678,632,0
cM05,Dm6,65,31,34,0,1310,660,650,0
TmY9q,TmY16,454,245,209,0,1308,716,592,0
Dm19,Dm17,82,37,45,0,1308,550,758,0
Li24,Li06,220,111,109,0,1308,700,608,0
TmY5a,Li12,400,217,183,0,1307,718,589,0
LMa5,Pm06,275,149,126,0,1306,865,441,0
Sm42,MLt5,66,35,31,0,1306,741,565,0
Tm7,LC24,365,179,186,0,1305,649,656,0
CB0566,Dm11,169,87,82,0,1305,712,593,0
Tm27,LPLC1,481,281,200,0,1304,783,521,0
Tm5d,MTe35,204,105,99,0,1304,668,636,0
T5a,VS8,219,133,86,0,1303,919,384,0
Sm31,Tm37,352,186,166,0,1303,685,618,0
LPi15,LPLC2,170,91,79,0,1303,786,517,0
Li25,Li06,274,131,143,0,1303,650,653,0
Tm36,Tm5f,471,236,235,0,1301,638,663,0
Tm4,Pm08,549,309,240,0,1301,712,589,0
R1-6,T1,379,243,136,0,1301,679,622,0
Li08,Li27,85,44,41,0,1300,778,522,0
TmY5a,Tm8a,472,263,209,0,1300,731,569,0
LLPt,Li10,308,166,142,0,1300,719,581,0
Sm07,Mi4,392,220,172,0,1300,749,551,0
T5b,LPT42_Nod4,332,195,137,0,1299,787,512,0
LMa2,MLt4,217,121,96,0,1299,749,550,0
Li06,Tm5e,470,215,255,0,1298,595,703,0
LC13,LTe12,106,49,57,0,1298,647,651,0
cL22b,LT51,25,7,7,11,1298,403,354,541
Li05,cL16,210,137,73,0,1297,816,481,0
LT58,Tm5d,236,156,80,0,1297,910,387,0
Mi4,Tm5d,392,210,182,0,1296,697,599,0
Sm40,Sm41,4,2,2,0,1293,699,594,0
H1,LLPC1,150,81,69,0,1293,756,537,0
L3,Mi4,429,231,198,0,1292,687,605,0
LMt1,Li15,221,117,104,0,1292,748,544,0
Tm5c,LPLC2,441,205,236,0,1291,604,687,0
Tm16,LT51,324,154,170,0,1291,648,643,0
cLP01,Tlp5,264,147,117,0,1290,736,554,0
LPT22,Nod1,4,2,2,0,1290,755,535,0
Tm3,MeLp2,357,182,175,0,1289,667,622,0
MeTu3b,Sm18,275,135,140,0,1286,645,641,0
Tm5c,Li09,428,230,198,0,1285,676,609,0
Li05,Tlp1,313,145,168,0,1285,574,711,0
cL21,LPLC1,242,124,118,0,1285,709,576,0
Tlp4,LPC1,313,204,109,0,1284,873,411,0
LMt3,Pm11,173,84,89,0,1284,736,548,0
Sm32,Dm20,390,180,210,0,1284,641,643,0
TmY11,Li01,394,196,198,0,1283,652,631,0
Tm3,LMt4,467,291,176,0,1282,817,465,0
T4d,LPTe01,418,332,86,0,1282,1053,229,0
TmY3,LLPC2,442,250,192,0,1281,731,550,0
Li21,LC4,197,103,94,0,1281,709,572,0
Tm5f,LC20a,319,223,96,0,1280,858,422,0
Sm02,MTe02,388,208,180,0,1280,710,570,0
T4c,LLPC1,464,293,171,0,1280,815,465,0
LPi14,Nod3,4,2,2,0,1280,729,551,0
aMe17a2,Sm15,107,50,57,0,1279,678,601,0
Sm40,Sm27,28,14,14,0,1278,686,592,0
Y1,LC17,381,207,174,0,1278,692,586,0
MeMe_e08,Pm05,258,135,123,0,1278,769,509,0
cLP05,Y11,112,68,44,0,1278,1025,253,0
MeMe_e10,MeTu3a,67,34,33,0,1278,778,500,0
Y12,TmY3,425,199,226,0,1277,574,703,0
Pm13,Pm05,197,71,126,0,1277,578,699,0
LPT22,Y1,106,52,54,0,1277,675,602,0
Mi15,MTe12,282,143,139,0,1275,656,619,0
Y3,LC10c,372,176,196,0,1274,597,677,0
Tm5c,Li06,448,226,222,0,1274,655,619,0
Sm05,Tm5e,292,171,121,0,1274,749,525,0
TmY31,Tlp4,358,239,119,0,1272,883,389,0
Sm01,MTe33,233,119,114,0,1272,753,519,0
Tm16,LLPt,320,164,156,0,1272,634,638,0
Li10,LC20a,209,141,68,0,1272,874,398,0
Li17,LMa3,239,133,106,0,1271,722,549,0
Tm5f,LT82a,346,163,183,0,1271,660,611,0
Pm11,TmY14,384,239,145,0,1270,843,427,0
TmY5a,CB0592,433,246,187,0,1270,748,522,0
Li10,LC12,406,231,175,0,1270,740,530,0
TmY9q,Dm3p,576,287,289,0,1269,638,631,0
MTe01a,MeTu4a,238,147,91,0,1269,859,410,0
Dm18,TmY3,507,269,238,0,1268,678,590,0
cLP02,LPi11,247,161,86,0,1267,977,290,0
CB0592,Mi13,413,210,203,0,1267,642,625,0
cL22b,LPLC4,74,38,36,0,1267,662,605,0
Mi9,C3,466,251,215,0,1266,684,582,0
Mi4,Tm2,467,235,232,0,1266,618,648,0
Tm8a,Sm13,324,184,140,0,1266,707,559,0
Li10,LT51,272,139,133,0,1266,614,652,0
Li06,Tm36,356,174,182,0,1265,613,652,0
Dm8b,Sm26,423,233,190,0,1265,707,558,0
LC10a,LC10d,188,77,111,0,1265,503,762,0
Tm2,MeMe_e07,395,233,162,0,1264,798,466,0
Tm37,LPLC1,299,137,162,0,1263,602,661,0
TmY9q,LPi10,419,239,180,0,1263,736,527,0
LMa2,Li05,245,113,132,0,1263,542,721,0
TmY5a,Li18,488,237,251,0,1262,608,654,0
cLP01,Y11,326,220,106,0,1261,890,371,0
LLPt,LC20a,147,102,45,0,1260,896,364,0
MLt1,Tm2,525,253,272,0,1260,610,650,0
T4c,Y3,507,313,194,0,1259,769,490,0
Y4,Mi14,340,199,141,0,1259,771,488,0
LPi07,TmY9q,380,208,172,0,1259,713,546,0
Tm27,LC15,464,258,206,0,1258,729,529,0
Tm4,Pm07,514,246,268,0,1256,598,658,0
Li02,TmY31,341,191,150,0,1256,719,537,0
LC40,Li33,35,17,18,0,1256,652,604,0
Li24,LC21,155,81,74,0,1255,678,577,0
Li30,Li10,170,85,85,0,1252,727,525,0
Dm8b,MTe02,296,149,147,0,1251,627,624,0
Tm8b,LT58,99,56,43,0,1251,917,334,0
Pm10,Pm09,251,157,94,0,1251,905,346,0
LPLC4,LPT52,92,47,45,0,1250,803,447,0
Li18,Tm5b,523,264,259,0,1249,637,612,0
LLPC3,LC13,328,176,152,0,1249,667,582,0
Pm07,LMa4,172,70,102,0,1247,560,687,0
LC10b,LC36,174,92,82,0,1247,686,561,0
CB0816,Tm5c,378,200,178,0,1247,646,601,0
Tlp4,LLPC1,303,207,96,0,1245,836,409,0
LMa4,LC4,311,176,135,0,1245,756,489,0
LC11,LC16,343,173,170,0,1245,670,575,0
TmY31,LC14a2,169,87,82,0,1244,605,639,0
Mi10,Sm40,375,206,169,0,1244,692,552,0
T5d,VS8,204,112,92,0,1244,732,512,0
LMa4,LPLC1,331,192,139,0,1244,718,526,0
Tm5f,LC14a1,249,118,131,0,1243,593,650,0
Li18,Li06,420,194,226,0,1243,579,664,0
MeMe_e08,Y1,372,193,179,0,1242,637,605,0
TmY20,Tm7,425,206,219,0,1241,600,641,0
TmY10,LC10c,372,194,178,0,1241,627,614,0
R8,L1,343,177,166,0,1241,676,565,0
LC14a1,LC11,125,66,59,0,1241,653,588,0
Tm5c,LC12,419,206,213,0,1240,619,621,0
Mi4,MLt2,456,230,226,0,1239,616,623,0
Tm5f,LTe29,180,104,76,0,1239,724,515,0
Mi10,Dm17,315,169,146,0,1239,673,566,0
MLt3,LT61b,105,54,51,0,1239,548,691,0
cM19,LC4,170,55,89,26,1239,396,608,235
MC65,Sm03,242,133,109,0,1238,692,546,0
Tm20,LC24,322,174,148,0,1235,669,566,0
T2a,LC9,508,270,238,0,1235,643,592,0
LPi15,HSN,2,1,1,0,1234,762,472,0
MeMe_e02,Sm16,182,89,93,0,1234,620,614,0
Tm2,Mi2,503,267,236,0,1233,651,582,0
Y1,LPLC4,311,155,156,0,1233,639,594,0
Pm04,MeMe_e08,202,114,88,0,1233,770,463,0
TmY15,LPLC1,289,170,119,0,1233,693,540,0
TmY15,MTe52,392,223,169,0,1233,721,512,0
Tlp1,LPC1,315,197,118,0,1233,803,430,0
Sm36,Tm5d,370,190,180,0,1232,635,597,0
Tm8a,LT53,169,77,92,0,1231,568,663,0
TmY16,Y4,291,148,143,0,1231,655,576,0
LPi09,LPT49,103,54,49,0,1230,907,323,0
T4a,VS6,275,149,126,0,1230,773,457,0
LMt3,Mi13,415,228,187,0,1230,681,549,0
LPT50,LPi09,99,51,48,0,1230,908,322,0
cM14,Tm8a,192,96,96,0,1230,589,641,0
DCH,Am1,2,1,1,0,1230,768,462,0
Li11,Li24,94,51,43,0,1228,709,519,0
cM15,T4a,441,224,217,0,1228,603,625,0
TmY31,Tm8a,381,191,190,0,1227,598,629,0
Tlp14,LPi10,234,151,83,0,1227,829,398,0
LMa3,LMt4,186,103,83,0,1227,722,505,0
LPi02,LPi14,159,92,67,0,1224,822,402,0
cL13,LT52,15,8,7,0,1224,633,591,0
LPi05,LPT23,115,75,40,0,1222,907,315,0
Pm11,Tm3,532,314,218,0,1221,719,502,0
LMa4,T5d,462,254,208,0,1220,668,552,0
LC11,LC11,340,140,200,0,1220,486,734,0
Sm06,MTe01a,266,188,78,0,1219,895,324,0
T4d,Y3,460,313,147,0,1219,854,365,0
MeMe_e02,Sm07,336,167,169,0,1219,597,622,0
Y4,LPLC1,314,144,170,0,1218,574,644,0
cM14,Sm32,58,27,31,0,1218,552,666,0
LMa1,Li22,182,91,91,0,1217,626,591,0
cM05,Dm14,28,14,14,0,1217,640,577,0
TmY31,Li31,255,123,132,0,1215,602,613,0
Tm25,Tm7,415,195,220,0,1214,580,634,0
TmY10,Lawf2,396,219,177,0,1214,671,543,0
Tm25,LC31a,312,186,126,0,1214,753,461,0
LPLC2,LPLC2,264,173,91,0,1214,806,408,0
Tm7,LC10b,335,173,162,0,1213,637,576,0
Tm7,Tm5d,390,216,174,0,1210,698,512,0
Sm42,MLt2,103,48,55,0,1210,546,664,0
Tm4,LT53,372,189,183,0,1209,604,605,0
Pm10,MLt4,244,137,107,0,1209,727,482,0
Tm25,Li16,488,254,234,0,1208,653,555,0
T4a,LPi15,402,255,147,0,1208,796,412,0
cLP03,Tlp4,258,156,102,0,1208,789,419,0
cM14,MTe01a,75,46,29,0,1208,781,427,0
Tm2,TmY9q,490,242,248,0,1207,597,610,0
T5d,VS5,307,200,107,0,1207,889,318,0
Dm11,Sm12,253,133,120,0,1207,655,552,0
Tm7,Tm35,252,114,138,0,1207,580,627,0
MTe52,Lawf2,372,224,148,0,1207,756,451,0
TmY5a,MTe51,413,173,240,0,1206,505,701,0
Tm5c,LMt2,402,212,190,0,1206,650,556,0
Mi1,Dm3v,479,221,258,0,1205,558,647,0
Sm08,Sm02,378,188,190,0,1205,614,591,0
Y4,LMa2,320,177,143,0,1205,693,512,0
MeTu3a,Sm30,204,115,89,0,1204,766,438,0
mALC3,Li26,8,4,4,0,1204,643,561,0
T4c,LPT26,302,174,128,0,1203,746,457,0
T4d,VS8,221,123,98,0,1202,722,480,0
Tm1,LMa3,300,175,125,0,1201,763,438,0
DmDRA2,Dm2,201,101,100,0,1201,657,544,0
Li05,LT52,215,106,109,0,1201,579,622,0
LT41,LMa1,29,15,14,0,1201,782,419,0
Li13,Tm5c,399,193,206,0,1200,609,591,0
Pm08,Y11,354,184,170,0,1200,653,547,0
Pm09,CB0592,73,38,35,0,1200,687,513,0
Tm5e,Li27,320,174,146,0,1199,667,532,0
Pm10,MTe42,45,24,21,0,1197,655,542,0
Dm1,T2,488,268,220,0,1196,662,534,0
Dm2,MTe03,391,205,186,0,1195,632,563,0
Tm16,LC10d,349,156,193,0,1195,551,644,0
cL09,LMt4,17,9,8,0,1195,848,347,0
cM15,Tm5f,357,186,171,0,1194,638,556,0
LPT23,TmY31,274,171,103,0,1193,817,376,0
Sm18,DmDRA1,201,110,91,0,1192,820,372,0
Li28,Li18,64,30,34,0,1192,631,561,0
Sm02,Sm01,351,201,150,0,1191,717,474,0
Am1,LC4,102,50,52,0,1189,661,528,0
TmY31,Tlp5,376,210,166,0,1188,684,504,0
L3,Lawf1,457,248,209,0,1188,648,540,0
Li10,LC22,320,162,158,0,1188,634,554,0
Li05,Y12,290,133,157,0,1186,519,667,0
LT11,Li10,152,78,74,0,1186,614,572,0
VCH,TmY5a,390,194,196,0,1185,576,609,0
TmY31,Li30,253,120,133,0,1184,521,663,0
LMa4,LMt2,235,134,101,0,1184,781,403,0
Sm09,MTe01a,258,173,85,0,1183,839,344,0
Tm4,LLPC2,446,206,240,0,1182,545,637,0
Tm27,LC6,452,249,203,0,1182,677,505,0
LPT54,Y11,123,64,59,0,1182,644,538,0
cM07,Tm20,389,229,160,0,1182,683,499,0
T5b,LPi14,447,245,202,0,1180,625,555,0
Li25,LT82a,12,6,6,0,1180,651,529,0
Mi15,Dm16,375,198,177,0,1179,622,557,0
R7,Dm2,362,215,147,0,1179,724,455,0
Tm8a,LCe03,204,134,70,0,1178,741,437,0
TmY5a,LPLC4,439,241,198,0,1178,655,523,0
LMa2,LC31a,125,74,51,0,1176,613,563,0
MeTu3c,MeTu3b,321,164,157,0,1176,628,548,0
Sm42,Sm08,114,58,56,0,1175,562,613,0
LC14a1,LPLC1,84,44,40,0,1175,629,546,0
Tm16,LPLC2,327,152,175,0,1174,558,616,0
MeTu3b,Sm30,257,122,135,0,1174,603,571,0
cL21,Li16,72,34,38,0,1174,576,598,0
cL04,LT52,48,24,24,0,1174,558,616,0
Tm31,Li18,332,170,162,0,1172,635,537,0
Dm2,Sm03,365,212,153,0,1172,701,471,0
MLt3,MLt3,318,168,150,0,1171,610,561,0
R7,Dm11,307,182,125,0,1171,746,425,0
Li21,TmY14,315,166,149,0,1171,609,562,0
Li08,Li02,350,203,147,0,1170,710,460,0
Sm18,MeTu2b,181,92,89,0,1170,763,407,0
Y1,Pm09,339,181,158,0,1168,649,519,0
cM05,MTe41,2,1,1,0,1167,577,590,0
Tm2,LMt4,425,230,195,0,1165,652,513,0
T5b,Tlp4,460,295,165,0,1165,755,410,0
Tm4,LT83,399,199,200,0,1164,590,574,0
Tm34,Tm25,408,186,222,0,1164,540,624,0
Li33,Tm5a,312,147,165,0,1164,573,591,0
cL21,Tm5f,429,216,213,0,1164,592,572,0
MLt2,Li11,263,135,128,0,1162,593,569,0
LPC2,Tlp4,291,217,74,0,1162,886,276,0
LC36,cL11,46,13,13,20,1162,388,348,426
L3,R8,326,185,141,0,1161,637,524,0
Dm17,Dm19,80,36,44,0,1161,553,608,0
cM13,Sm07,144,73,71,0,1161,631,530,0
H1,Am1,4,2,2,0,1160,612,548,0
LPT23,Tlp1,170,105,65,0,1160,858,302,0
TmY31,LT63,244,129,115,0,1159,615,544,0
Tm5e,Tm33,394,211,183,0,1159,618,541,0
Sm42,Sm04,143,74,69,0,1159,682,477,0
LLPt,LC28a,194,121,73,0,1158,731,427,0
TmY5a,LPLC1,389,201,188,0,1157,595,562,0
TmY20,LC14a2,152,79,73,0,1157,551,606,0
cM17,Tm8a,198,106,92,0,1156,611,545,0
LPi02,LPLC2,371,240,131,0,1155,736,419,0
Pm10,LMa1,194,100,94,0,1155,643,512,0
MTe02,Tm8b,206,96,110,0,1155,601,554,0
Mi14,Dm1,344,183,161,0,1154,647,507,0
Li19,Tm21,488,242,246,0,1154,564,590,0
Mi1,MTe52,378,194,184,0,1153,567,586,0
Mi1,Dm8b,418,239,179,0,1153,667,486,0
LMt1,LT82a,105,53,52,0,1153,695,458,0
Tm7,Pm14,324,180,144,0,1152,663,489,0
Tm8a,LTe64,102,50,52,0,1152,576,576,0
Tm27,Tm4,459,227,232,0,1151,578,573,0
TmY9q,Y1,427,213,214,0,1151,599,552,0
MLt7,MeTu4a,216,97,119,0,1151,541,610,0
Tm5a,MTe32,240,115,125,0,1150,552,598,0
Pm08,Pm01,412,228,184,0,1150,672,478,0
Li26,LC4,259,134,125,0,1149,638,511,0
Tm20,MTe34,290,140,150,0,1148,478,670,0
Li03,LLPt,202,112,90,0,1147,615,532,0
Tm21,LC14a1,362,187,175,0,1147,592,555,0
Sm07,MTe02,309,149,160,0,1147,572,575,0
Dm16,Dm1,238,125,113,0,1147,627,520,0
Sm31,Pm05,259,142,117,0,1146,707,439,0
Li33,Tm5b,324,157,167,0,1146,539,607,0
cM14,Tm35,110,56,54,0,1145,537,608,0
T5c,LC4,489,230,259,0,1144,541,603,0
LT70,TmY31,315,147,168,0,1143,505,638,0
LPLC4,cL20,73,34,37,2,1142,546,582,14
cM15,T4b,395,200,195,0,1142,573,569,0
Li16,LT56,36,17,19,0,1140,602,538,0
LMt2,LMt1,229,126,103,0,1139,701,438,0
Y11,LPLC4,281,164,117,0,1139,711,428,0
LMa2,LPLC4,214,107,107,0,1138,582,556,0
Sm25,Sm07,299,165,134,0,1138,657,481,0
Li30,Tm8a,215,113,102,0,1138,623,515,0
cMLLP02,LLPt,94,64,30,0,1138,750,388,0
Pm06,Mi2,451,289,162,0,1137,744,393,0
Mi9,Pm09,428,222,206,0,1135,595,540,0
Li07,Li10,310,133,177,0,1135,494,641,0
LLPt,LPT23,160,96,64,0,1135,805,330,0
Sm20,Dm11,289,153,136,0,1135,617,518,0
R7,DmDRA1,198,143,55,0,1134,867,267,0
Li03,LC20b,194,104,90,0,1133,664,469,0
Sm23,Sm18,209,111,98,0,1133,672,461,0
T4a,VS8,221,131,90,0,1132,769,363,0
Dm12,Dm20,425,224,201,0,1132,587,545,0
Li32,Li06,164,77,87,0,1132,557,575,0
Tm5c,Sm40,365,201,164,0,1131,620,511,0
Pm02,Pm06,373,215,158,0,1130,682,448,0
Tm2,Dm14,441,233,208,0,1129,591,538,0
Tm5d,Li10,304,166,138,0,1129,618,511,0
Li15,LT82a,69,36,33,0,1128,598,530,0
Tm16,LC16,314,151,163,0,1127,561,566,0
R7,L3,289,185,104,0,1127,779,348,0
MeTu1,MTe37,134,71,63,0,1127,606,521,0
TmY10,Tm20,425,222,203,0,1126,582,544,0
Tm36,LC10a,314,147,167,0,1126,542,584,0
Li12,Li13,195,100,95,0,1126,573,553,0
LPT45_dCal1,LPC2,114,72,42,0,1125,781,344,0
T5b,LPT50,270,144,126,0,1124,656,468,0
Tm3,TmY11,475,232,243,0,1124,555,569,0
Y12,LMa2,281,159,122,0,1124,643,481,0
Dm15,Mi14,444,257,187,0,1123,662,461,0
OA-AL2b2,Tm9,409,203,206,0,1123,555,568,0
TmY5a,LPT23,385,263,122,0,1119,780,339,0
Tlp4,LC17,286,149,137,0,1118,578,540,0
TmY31,LMt3,276,138,138,0,1117,603,514,0
Tm36,LT78,218,117,101,0,1117,593,524,0
L2,R1-6,453,321,132,0,1117,805,312,0
MLt2,Tm35,335,158,177,0,1117,523,594,0
T1,Tm2,311,178,133,0,1117,691,426,0
LMa4,Pm09,233,127,106,0,1117,618,499,0
Sm31,Tm5d,367,204,163,0,1117,619,498,0
Pm13,Tm33,159,56,103,0,1116,531,585,0
TmY14,Li22,384,206,178,0,1114,614,500,0
MTe01b,MeTu1,326,173,153,0,1113,592,521,0
LPC2,LLPC2,279,197,82,0,1113,816,297,0
MLt4,MeMe_e07,159,88,71,0,1112,634,478,0
Tm36,LC19,209,95,114,0,1112,477,635,0
Pm05,Mi1,419,246,173,0,1112,658,454,0
Li12,Tm5e,361,186,175,0,1112,539,573,0
LC40,TmY31,258,123,135,0,1112,540,572,0
Dm2,Mi2,402,200,202,0,1110,554,556,0
TmY20,TmY10,311,182,129,0,1110,667,443,0
LMa1,LC31b,81,40,41,0,1110,608,502,0
T4d,VS5,293,187,106,0,1109,790,319,0
Sm30,Sm08,232,116,116,0,1109,555,554,0
T2a,Tm37,409,207,202,0,1108,561,547,0
MeTu1,MTe23,179,89,90,0,1108,590,518,0
OA-AL2i3,Dm1,139,71,68,0,1108,578,530,0
MeMe_e07,Mi14,359,188,171,0,1108,589,519,0
LMa5,T2a,432,248,184,0,1107,644,463,0
LPi15,HSS,2,1,1,0,1107,369,738,0
LC20b,LC13,253,136,117,0,1107,618,489,0
LT63,LT51,44,22,22,0,1106,590,516,0
Sm32,T2,461,236,225,0,1105,582,523,0
MTe52,Pm03,277,136,141,0,1104,574,530,0
LPi09,VS1,58,31,27,0,1103,619,484,0
Tm5b,Tm36,351,167,184,0,1102,522,580,0
T4b,T5b,490,269,221,0,1102,604,498,0
Tm5a,Sm40,361,188,173,0,1101,577,524,0
TmY9q,LPi07,322,175,147,0,1101,612,489,0
Tm9,TmY4,428,214,214,0,1101,538,563,0
Tm7,Tm5b,363,190,173,0,1100,604,496,0
MTe01b,MeMe_e02,130,74,56,0,1099,553,546,0
LC22,LT51,192,100,92,0,1098,532,566,0
Li17,LMt2,319,184,135,0,1097,679,418,0
T4b,Nod3,309,189,120,0,1096,727,369,0
Sm22,T2a,472,243,229,0,1096,566,530,0
TmY31,Tm25,343,169,174,0,1095,528,567,0
T5a,Tm27,431,294,137,0,1095,757,338,0
Tm8a,LT63,216,104,112,0,1095,570,525,0
Sm05,Sm04,236,133,103,0,1095,668,427,0
LPLC4,LC10b,222,126,96,0,1094,624,470,0
TmY15,LC18,375,210,165,0,1093,627,466,0
Pm01,LMa5,309,182,127,0,1090,657,433,0
Li21,LCe07,42,23,19,0,1090,574,516,0
Tm5b,Li18,426,219,207,0,1089,563,526,0
LPi04,LLPC3,227,152,75,0,1089,739,350,0
cMLLP01,TmY20,211,109,102,0,1089,536,553,0
Pm05,Pm02,347,175,172,0,1088,548,540,0
LC28a,Li09,208,129,79,0,1088,683,405,0
LT52,LC10a,198,99,99,0,1086,534,552,0
Tm5f,Tm36,417,201,216,0,1084,523,561,0
TmY31,Tm9,359,185,174,0,1083,546,537,0
TmY9q⊥,Li01,391,195,196,0,1082,528,554,0
TmY5a,Li29,369,175,194,0,1081,511,570,0
cL04,LC10b,133,71,62,0,1080,619,461,0
T4a,T5a,467,240,227,0,1079,556,523,0
Tm5d,LC10b,266,151,115,0,1079,647,432,0
LC20b,Li33,46,23,23,0,1079,625,454,0
cL21,Tm4,443,225,218,0,1079,538,541,0
cM17,Tm5e,238,121,117,0,1078,597,481,0
Pm04,T4a,408,224,184,0,1077,602,475,0
Am1,Tm3,434,237,197,0,1077,607,470,0
LPT57,Tlp4,79,43,36,0,1077,787,290,0
T5b,T4b,479,233,246,0,1076,505,571,0
LLPt,Tlp5,315,181,134,0,1076,632,444,0
T5d,LPTe01,354,272,82,0,1073,868,205,0
LLPC1,Nod2,116,65,51,0,1073,609,464,0
LC14a1,Tm5f,208,109,99,0,1073,568,505,0
Mi9,Sm12,335,172,163,0,1072,537,535,0
Sm12,MeTu4c,349,177,172,0,1071,565,506,0
Pm10,Mi14,335,202,133,0,1071,672,399,0
CT1,LT33,2,1,1,0,1071,517,554,0
LC14a1,LT61b,32,16,16,0,1071,545,526,0
Tm8a,LTe42c,94,46,48,0,1070,485,585,0
Sm37,Sm06,138,73,65,0,1070,578,492,0
LT52,LC10b,164,88,76,0,1070,550,520,0
CB0592,Pm11,57,28,29,0,1070,583,487,0
Pm09,Tm16,360,197,163,0,1068,568,500,0
LT56,LC12,276,124,152,0,1068,507,561,0
T4b,Tm27,456,291,165,0,1067,695,372,0
Pm06,LMa4,216,114,102,0,1067,619,448,0
Sm16,MTe01a,233,166,67,0,1065,776,289,0
Tm5b,TmY5a,406,183,223,0,1064,475,589,0
Tm36,Tm7,399,212,187,0,1064,551,513,0
TmY31,LC36,307,157,150,0,1064,558,506,0
T2,LC31a,379,249,130,0,1063,717,346,0
Dm11,Tm25,346,179,167,0,1063,546,517,0
Li05,Tlp4,239,121,118,0,1063,544,519,0
TmY15,LPC1,296,206,90,0,1063,769,294,0
cL08,LC18,163,82,81,0,1063,547,516,0
Dm17,T2,422,227,195,0,1062,573,489,0
Li25,LPLC1,214,111,103,0,1062,478,584,0
LC15,Li24,133,79,54,0,1062,677,385,0
R8,Mi9,336,164,172,0,1061,532,529,0
Tm16,Li28,267,126,141,0,1060,485,575,0
Lawf2,T1,394,267,127,0,1060,705,355,0
Mi9,Pm07,406,186,220,0,1059,488,571,0
cL21,Li15,64,32,32,0,1059,571,488,0
LPi10,LLPC1,332,218,114,0,1058,692,366,0
Li05,LC10b,197,93,104,0,1057,471,586,0
Pm04,TmY5a,407,251,156,0,1057,665,392,0
OA-AL2b2,Sm32,180,81,99,0,1057,494,563,0
OA-AL2b2,OA-AL2i3,16,8,8,0,1057,579,478,0
Dm16,Tm2,415,213,202,0,1056,565,491,0
Tm33,Tm8a,316,166,150,0,1055,554,501,0
T4c,T5c,463,210,253,0,1054,461,593,0
Tm25,Pm04,361,196,165,0,1054,587,467,0
T4d,LPT47_vCal2,282,178,104,0,1054,724,330,0
LC14a1,LC4,77,42,35,0,1054,523,531,0
TmY5a,LCe03,304,198,106,0,1053,672,381,0
Sm30,Sm18,188,85,103,0,1053,545,508,0
MeTu3b,Sm39,87,43,44,0,1052,572,480,0
Mi15,Mi2,387,213,174,0,1051,577,474,0
Li13,Li03,244,129,115,0,1050,517,533,0
Tm36,LMa5,254,157,97,0,1050,692,358,0
Mi15,Tm7,344,177,167,0,1049,542,507,0
Tm36,LC13,323,165,158,0,1049,550,499,0
cLP03,LLPC3,294,189,105,0,1049,685,364,0
TmY11,Li29,232,112,120,0,1047,496,551,0
Sm15,Sm07,309,142,167,0,1046,505,541,0
LC21,LC9,297,166,131,0,1046,598,448,0
LLPC1,LPLC4,300,166,134,0,1046,621,425,0
Tm8a,LC10e,286,135,151,0,1045,469,576,0
Mi9,T2,410,218,192,0,1044,546,498,0
Tm7,LPLC4,303,141,162,0,1043,465,578,0
T2,LMa5,398,226,172,0,1043,613,430,0
LMt3,Tlp1,223,111,112,0,1043,533,510,0
Li03,Tm35,221,129,92,0,1043,587,456,0
Li33,LPLC2,184,93,91,0,1043,533,510,0
Mi13,Tm9,434,225,209,0,1042,540,502,0
Mi15,Lawf1,366,216,150,0,1042,621,421,0
MLt4,LMa5,161,95,66,0,1042,662,380,0
Li19,Li31,4,2,2,0,1042,495,547,0
Pm14,LMa4,108,55,53,0,1042,594,448,0
MTe01b,Sm12,265,145,120,0,1042,566,476,0
TmY31,Dm3v,413,211,202,0,1040,531,509,0
Tm16,LC10a,285,133,152,0,1040,474,566,0
Tm5a,LCe01b,321,197,124,0,1039,647,392,0
Dm13,Tm3,446,227,219,0,1037,524,513,0
LPi14,LPT23,12,6,6,0,1037,706,331,0
Li03,Li27,107,60,47,0,1036,585,451,0
TmY20,LC20b,279,152,127,0,1036,568,468,0
TmY9q,Mi4,410,211,199,0,1036,510,526,0
Dm16,Tm21,400,246,154,0,1036,662,374,0
LLPC2,PLP163,100,100,0,0,1036,1036,0,0
Tm16,LC13,318,176,142,0,1035,585,450,0
Li33,TmY3,375,190,185,0,1035,513,522,0
Am1,DCH,2,1,1,0,1035,714,321,0
LPC1,Tlp4,295,201,94,0,1035,750,285,0
cM02b,Sm16,47,24,23,0,1035,551,484,0
LC14a1,TmY5a,204,99,105,0,1034,549,485,0
Dm3v,Mi9,436,220,216,0,1032,525,507,0
Tm36,Li16,288,144,144,0,1032,518,514,0
Li10,LC10b,286,157,129,0,1032,588,444,0
Pm04,Tm21,428,245,183,0,1032,599,433,0
PLP248,LLPC2,153,42,53,58,1032,298,368,366
LT42,Li32,2,1,1,0,1031,589,442,0
Sm26,DmDRA1,125,65,60,0,1030,495,535,0
Sm29,Sm07,229,138,91,0,1030,664,366,0
MeMe_e02,MTe01b,76,43,33,0,1030,515,515,0
cM19,LMt3,182,79,103,0,1030,427,603,0
Tm5f,LT78,270,109,161,0,1029,364,665,0
Mi10,T4a,421,243,178,0,1028,597,431,0
Li06,LC31c,102,44,58,0,1028,446,582,0
Sm01,Sm02,321,183,138,0,1028,584,444,0
LC28a,LC10a,242,153,89,0,1028,624,404,0
Sm38,MTe01b,100,54,46,0,1027,623,404,0
Y3,LTe21,290,147,143,0,1026,502,524,0
Y4,Li32,143,69,74,0,1026,537,489,0
Dm20,Tm5b,399,198,201,0,1026,517,509,0
Am1,Y3,320,186,134,0,1026,620,406,0
L5,Tm1,382,175,207,0,1025,467,558,0
TmY3,TmY15,376,228,148,0,1025,650,375,0
Tm25,Li01,393,211,182,0,1025,569,456,0
TmY9q,LPLC4,317,150,167,0,1025,484,541,0
Sm07,Tm5d,337,196,141,0,1025,593,432,0
LPT54,LPi05,71,42,29,0,1025,719,306,0
TmY9q⊥,TmY16,340,201,139,0,1024,645,379,0
Tm9,Tm20,387,186,201,0,1023,509,514,0
LC12,AVLP151,146,85,61,0,1023,601,422,0
CB0566,Tm5a,263,135,128,0,1023,530,493,0
OA-AL2i1,TmY5a,358,210,148,0,1023,615,408,0
Dm2,MeMe_e05,241,118,123,0,1022,547,475,0
LPi15,Tlp5,53,27,26,0,1021,613,408,0
T2a,LPLC4,324,157,167,0,1020,496,524,0
TmY11,Mi10,366,189,177,0,1020,542,478,0
Dm18,MLt3,255,135,120,0,1020,550,470,0
LMa4,Tm4,408,216,192,0,1020,541,479,0
Tm5b,Li33,277,141,136,0,1018,537,481,0
MeTu1,MTe29,62,32,30,0,1018,556,462,0
L4,MTe41,308,138,170,0,1017,428,589,0
TmY16,TmY20,300,195,105,0,1017,680,337,0
MTe46,aMe17c,12,6,6,0,1017,440,577,0
Y4,LC18,301,155,146,0,1016,531,485,0
Pm02,LMa5,298,174,124,0,1016,611,405,0
Tlp14,TmY5a,406,291,115,0,1016,757,259,0
Sm03,Sm06,277,166,111,0,1016,617,399,0
Pm08,Tm21,453,223,230,0,1016,490,526,0
Tm20,Sm31,405,221,184,0,1014,559,455,0
TmY10,LC20b,308,180,128,0,1014,623,391,0
Tm7,Pm05,185,98,87,0,1014,569,445,0
LMa2,LT61b,37,20,17,0,1014,456,558,0
Sm41,MeTu3b,93,43,50,0,1014,578,436,0
Y3,TmY31,359,182,177,0,1013,509,504,0
Dm19,Dm15,387,179,208,0,1012,502,510,0
Li28,LT79,4,2,2,0,1012,483,529,0
Tlp14,LPC2,261,199,62,0,1011,816,195,0
C3,Dm13,423,228,195,0,1010,539,471,0
aMe17c,TmY14,262,124,138,0,1010,487,523,0
Tlp4,LPi15,91,48,43,0,1009,585,424,0
LPi10,LPLC4,225,136,89,0,1009,636,373,0
cLP01,LPLC4,302,207,95,0,1009,707,302,0
cL22c,LPLC4,59,27,32,0,1009,511,498,0
MLt6,Li11,207,100,107,0,1008,483,525,0
Li10,LC28a,281,165,116,0,1008,629,379,0
LLPC3,TmY4,364,216,148,0,1008,594,414,0
MLt4,LLPt,241,101,140,0,1004,430,574,0
Tm25,Tm25,401,204,197,0,1004,534,470,0
Tm5e,TmY3,409,224,185,0,1004,554,450,0
Tm21,LC6,402,192,210,0,1004,501,503,0
LMa4,Pm14,105,54,51,0,1004,574,430,0
Y4,TmY16,330,208,122,0,1003,672,331,0
Dm18,Tm2,419,218,201,0,1003,519,484,0
LC14b,Dm3q,243,182,61,0,1003,804,199,0
T5c,T4c,443,234,209,0,1002,517,485,0
Tm7,Tm5e,360,195,165,0,1002,539,463,0
LT42,TmY11,274,128,146,0,1002,476,526,0
Li02,Li10,298,160,138,0,1001,502,499,0
Dm2,Dm8a,372,178,194,0,999,464,535,0
TmY10,Tm36,344,154,190,0,999,433,566,0
Li05,LTe15,102,52,50,0,998,498,500,0
CB0592,Li26,8,4,4,0,998,508,490,0
Tm8a,Mi13,319,153,166,0,996,451,545,0
LC11,LC9,305,168,137,0,996,542,454,0
OA-AL2i2,Li31,4,2,2,0,995,470,525,0
aMe17a1,MTe01a,74,46,28,0,995,666,329,0
TmY3,Li16,389,202,187,0,994,520,474,0
Tm2,MTe43,302,172,130,0,994,572,422,0
Li10,TmY20,308,168,140,0,994,553,441,0
MeTu1,Sm30,269,151,118,0,994,576,418,0
LC18,LT61a,175,84,91,0,993,503,490,0
MeTu1,Tm5e,345,165,180,0,993,485,508,0
Li05,LTe21,144,76,68,0,992,521,471,0
LLPC3,LPT42_Nod4,70,37,33,0,992,473,519,0
Tm5e,LCe06,201,108,93,0,990,524,466,0
LPi15,LPT26,2,1,1,0,990,649,341,0
TmY10,Sm08,285,147,138,0,989,497,492,0
Li21,MLt3,184,98,86,0,989,484,505,0
Y3,LC10a,303,160,143,0,988,515,473,0
Tm5b,Tm5f,390,188,202,0,988,480,508,0
Li33,LTe58,12,6,6,0,988,481,507,0
cL10,MLt5,64,35,29,0,987,487,500,0
Li08,TmY10,406,220,186,0,986,531,455,0
TmY11,LPLC1,266,139,127,0,985,505,480,0
Dm2,Sm05,327,178,149,0,985,548,437,0
Sm27,Tm5d,256,137,119,0,985,532,453,0
Tm1,T2,336,146,190,0,984,414,570,0
Dm20,Tm1,419,205,214,0,984,487,497,0
Li13,LPLC2,314,147,167,0,983,452,531,0
TmY9q,Li23,190,87,103,0,983,472,511,0
cM14,Pm14,4,2,2,0,983,515,468,0
Dm15,MLt1,368,195,173,0,982,532,450,0
Dm2,Sm02,361,177,184,0,982,493,489,0
Tm20,LT79,366,153,213,0,982,409,573,0
LPi05,Y11,256,182,74,0,981,689,292,0
mALC5,LPLC1,54,29,25,0,981,541,440,0
cML01,Tm25,320,181,139,0,981,550,431,0
Li19,LC11,205,97,108,0,980,474,506,0
Y1,Y3,360,214,146,0,979,559,420,0
Pm10,Tm21,405,216,189,0,979,514,465,0
T2,Tm5b,410,208,202,0,978,492,486,0
LMt3,Tm27,382,216,166,0,978,569,409,0
LC10a,LC10a,153,68,85,0,978,450,528,0
TmY11,LT58,205,141,64,0,977,746,231,0
Mi9,Dm3v,428,217,211,0,977,505,472,0
Tm33,Tm5d,314,170,144,0,976,520,456,0
TmY5a,Pm05,368,194,174,0,975,512,463,0
TmY15,Tm4,406,238,168,0,975,572,403,0
mALC4,Li17,75,37,38,0,975,450,525,0
Li13,Tm5d,315,171,144,0,974,555,419,0
Tm8a,LT58,136,86,50,0,972,709,263,0
Li10,Li16,287,157,130,0,972,553,419,0
LPC1,LPLC1,236,151,85,0,972,656,316,0
LMt3,Y11,216,112,104,0,971,521,450,0
LPC1,LPT42_Nod4,66,33,33,0,971,513,458,0
cM02b,MeMe_e01,18,9,9,0,971,469,502,0
Mi14,Pm07,289,139,150,0,970,505,465,0
Dm1,Tm4,396,244,152,0,970,605,365,0
aMe9,Sm41,4,2,2,0,969,526,443,0
TmY11,Li03,316,172,144,0,968,514,454,0
Li10,MeTu4c,256,139,117,0,968,544,424,0
MLt1,Sm09,243,124,119,0,968,487,481,0
CB0816,L3,348,168,180,0,968,442,526,0
Mi9,Mi1,371,205,166,0,967,547,420,0
Tm4,LC10a,338,162,176,0,966,459,507,0
LPi09,LPT45_dCal1,35,18,17,0,966,666,300,0
T5a,LPi15,343,206,137,0,966,597,369,0
MeMe_e08,MTe08,98,54,44,0,966,512,454,0
TmY31,LC37a,235,112,123,0,965,456,509,0
LC20a,TmY20,214,142,72,0,965,617,348,0
Dm14,T1,388,234,154,0,964,586,378,0
Li18,LC16,341,172,169,0,964,489,475,0
Tm8a,LC13,258,128,130,0,963,510,453,0
LT34,Li05,112,57,55,0,963,490,473,0
cLP05,Tlp4,84,49,35,0,963,753,210,0
mALC5,Li02,41,22,19,0,963,603,360,0
Dm3q,Tm20,418,236,182,0,962,560,402,0
Tm3,MTe44,314,149,165,0,962,439,523,0
mALC5,TmY3,115,52,63,0,962,451,511,0
TmY5a,LC18,412,208,204,0,961,487,474,0
Pm10,LMt3,207,107,100,0,961,533,428,0
LPi14,LPT42_Nod4,4,2,2,0,961,581,380,0
MeTu3c,Sm39,115,60,55,0,961,539,422,0
TmY9q,LMa4,291,150,141,0,960,525,435,0
Tm8a,Tm35,281,145,136,0,960,488,472,0
LC11,Tm35,235,119,116,0,960,482,478,0
LLPC3,LPT49,146,92,54,0,960,718,242,0
cL05,Li10,82,44,38,0,960,508,452,0
TmY11,Pm07,315,140,175,0,959,424,535,0
Li10,LCe03,160,102,58,0,959,589,370,0
LC11,LPLC4,244,117,127,0,959,466,493,0
Sm09,Tm8a,339,194,145,0,958,568,390,0
Dm8a,Tm31,272,141,131,0,956,488,468,0
Tm5a,Sm20,382,193,189,0,956,487,469,0
MeMe_e01,Sm08,185,96,89,0,956,519,437,0
mALC4,LC11,93,45,48,0,956,474,482,0
L3,Tm16,396,223,173,0,955,529,426,0
cLP01,Y1,278,168,110,0,955,545,410,0
T2a,LPLC2,322,136,186,0,954,412,542,0
Tm36,LC10d,267,137,130,0,954,475,479,0
Li05,Y11,257,138,119,0,954,518,436,0
aMe5,aMe19a,84,46,38,0,954,509,445,0
Tm31,Tm33,277,142,135,0,953,514,439,0
Li27,LC26,91,49,42,0,953,543,410,0
Sm04,MC65,260,136,124,0,952,521,431,0
TmY15,Tlp14,295,232,63,0,952,783,169,0
Sm23,MeMe_e10,60,32,28,0,952,522,430,0
Li11,Tm36,306,161,145,0,952,505,447,0
Sm41,Tm8a,167,86,81,0,952,447,505,0
Pm14,cM15,4,2,2,0,950,555,395,0
LC24,LC10c,216,97,119,0,950,440,510,0
LPC1,LPi05,225,161,64,0,950,744,206,0
MLt1,T2,373,197,176,0,949,507,442,0
LC25,Li06,307,159,148,0,949,505,444,0
cL01,LPLC4,144,65,79,0,949,439,510,0
LPi04,LPC2,193,143,50,0,948,770,178,0
aMe17c,Tm5c,289,119,170,0,948,364,584,0
Dm10,MLt2,308,143,165,0,947,451,496,0
Pm08,Pm13,153,57,96,0,947,471,476,0
MeMe_e01,Sm23,127,75,52,0,947,540,407,0
LPi12,LPLC1,117,67,50,0,946,625,321,0
Sm09,TmY31,337,159,178,0,945,436,509,0
Sm20,Tm5a,379,203,176,0,945,508,437,0
LPT45_dCal1,LPi13,4,2,2,0,945,658,287,0
cM05,Tm9,290,132,158,0,945,434,511,0
Tm21,Pm14,366,211,155,0,944,568,376,0
cL11,LPLC4,51,20,23,8,944,466,397,81
TmY5a,TmY14,348,202,146,0,943,541,402,0
Pm07,T2a,377,184,193,0,943,465,478,0
TmY5a,LC37a,303,156,147,0,942,477,465,0
Tm32,MLt7,200,95,105,0,942,436,506,0
Li27,Tm5f,353,185,168,0,942,495,447,0
TmY31,LTe14,127,58,69,0,941,430,511,0
Mi4,MTe54,382,241,141,0,941,592,349,0
Li02,LC10e,240,122,118,0,941,469,472,0
TmY31,LTe42c,88,47,41,0,941,472,469,0
Sm02,MTe01a,238,163,75,0,940,664,276,0
TmY9q,Li03,259,132,127,0,940,470,470,0
cL21,Li31,4,2,2,0,939,439,500,0
cL18,LMa1,94,47,47,0,939,486,453,0
Tm5d,MTe32,197,101,96,0,938,466,472,0
TmY11,TmY16,313,175,138,0,937,546,391,0
Sm06,TmY5a,291,158,133,0,937,508,429,0
Tm4,MTe44,230,123,107,0,937,499,438,0
cM15,Mi10,260,131,129,0,937,451,486,0
Tm5f,LMa2,356,179,177,0,936,463,473,0
TmY15,T2a,407,238,169,0,936,556,380,0
LC25,Li24,95,48,47,0,936,572,364,0
Sm41,MeTu1,152,81,71,0,935,521,414,0
Li24,LMa3,60,39,21,0,935,659,276,0
LPT23,TmY9q,211,120,91,0,935,532,403,0
Tm7,LT52,246,125,121,0,934,483,451,0
Tm36,Y3,309,144,165,0,934,457,477,0
LMt1,LPLC1,258,139,119,0,934,515,419,0
T4a,T4c,429,206,223,0,933,442,491,0
Dm8a,MeTu1,256,139,117,0,933,508,425,0
Tm16,Tm5f,352,178,174,0,933,446,487,0
Sm02,Tm35,257,137,120,0,933,520,413,0
Li27,Li24,20,12,8,0,933,575,358,0
cL12,Li10,114,59,55,0,933,555,378,0
Tm35,Tm5f,339,171,168,0,931,470,461,0
LPi15,LPi02,82,47,35,0,931,569,362,0
LC14b,Mi1,186,111,75,0,931,573,358,0
TmY9q,LC10e,263,112,151,0,930,404,526,0
LMa2,LTe12,34,18,16,0,930,312,618,0
cL15,LPLC4,61,21,25,15,930,294,473,163
Mi1,TmY5a,287,124,163,0,929,371,558,0
T5a,VS7,240,137,103,0,929,576,353,0
LPT54,Tlp5,55,27,28,0,929,513,416,0
Sm15,MeTu3b,228,112,116,0,928,466,462,0
Tm4,LCe06,254,133,121,0,928,465,463,0
LC14b,Li10,71,38,33,0,928,519,409,0
Sm09,MLt6,232,127,105,0,926,508,418,0
LPi07,DCH,58,31,27,0,926,682,244,0
MTe02,Sm13,198,109,89,0,926,507,419,0
cL08,Li21,18,11,7,0,926,493,433,0
cM06,LMa4,54,29,25,0,926,460,466,0
TmY20,TmY16,277,162,115,0,925,562,363,0
Sm10,Dm20,281,143,138,0,924,442,482,0
Tm36,TmY10,336,165,171,0,924,464,460,0
LT1d,LC11,121,57,64,0,924,359,565,0
Sm07,Tm8b,221,107,114,0,923,452,471,0
Li03,LC16,221,113,108,0,922,481,441,0
TmY3,TmY3,407,223,184,0,921,510,411,0
Dm1,L1,373,205,168,0,921,508,413,0
MLt1,TmY10,335,162,173,0,921,454,467,0
LT37,LPLC4,64,34,30,0,921,494,427,0
Tm20,LTe12,256,141,115,0,920,538,382,0
Tm35,LT57,252,129,123,0,920,456,464,0
LT38,TmY16,93,42,51,0,920,420,500,0
Am1,T4c,346,181,165,0,918,484,434,0
Y3,LTe15,195,100,95,0,917,442,475,0
LPi04,Y3,294,222,72,0,917,727,190,0
cL13,LT51,22,11,11,0,917,441,476,0
T4a,T4b,417,200,217,0,916,436,480,0
Pm04,LMa5,210,119,91,0,916,574,342,0
Tm4,LMt4,354,208,146,0,916,533,383,0
TmY11,LLPC3,278,145,133,0,915,480,435,0
Tm5c,TmY31,318,138,180,0,915,396,519,0
Sm35,Sm01,286,147,139,0,915,494,421,0
MeTu3b,Sm23,285,173,112,0,915,555,360,0
LC20a,Li10,184,127,57,0,915,611,304,0
TmY11,Mi14,305,153,152,0,914,464,450,0
TmY11,Tm8a,319,171,148,0,914,487,427,0
LC18,LT60,89,45,44,0,914,501,413,0
LLPC3,LPLC4,233,135,98,0,914,563,351,0
LC14b,LC17,81,39,42,0,914,427,487,0
LC9,LT56,111,54,57,0,914,506,408,0
Mi4,Mi4,391,185,206,0,913,434,479,0
TmY9q⊥,LC10e,277,129,148,0,913,439,474,0
Li12,LC19,98,47,51,0,913,435,478,0
Li33,LC37a,17,9,8,0,913,455,458,0
cM05,MeMe_e07,11,6,5,0,913,452,461,0
Li13,LC15,245,126,119,0,912,501,411,0
TmY5a,Li28,355,189,166,0,911,481,430,0
Pm01,Y3,370,217,153,0,910,541,369,0
LLPt,LC20b,160,81,79,0,910,473,437,0
Sm08,MLt6,219,107,112,0,909,470,439,0
LMa2,LC10a,227,111,116,0,909,468,441,0
cM02a,MeMe_e01,20,10,10,0,909,402,507,0
cML01,LMa3,35,18,17,0,909,495,414,0
C3,Pm09,393,218,175,0,908,509,399,0
Sm12,Tm7,322,157,165,0,908,450,458,0
Li24,Li12,61,34,27,0,908,539,369,0
MLt6,Tm8a,239,132,107,0,907,487,420,0
Sm09,Tm35,251,132,119,0,907,483,424,0
Pm06,Pm05,287,147,140,0,907,483,424,0
LLPC3,LLPt,295,171,124,0,907,527,380,0
MeMe_e08,LMa1,226,120,106,0,907,484,423,0
TmY31,LC14b,176,84,92,0,906,438,468,0
LC13,Tm35,251,129,122,0,906,451,455,0
Li03,TmY4,290,145,145,0,905,435,470,0
MeMe_e01,MeTu3c,169,96,73,0,905,543,362,0
cM17,LPT54,2,1,1,0,904,487,417,0
DCH,TmY5a,325,200,125,0,903,584,319,0
cM15,Mi4,331,174,157,0,903,492,411,0
Tm31,LT87,94,49,45,0,902,469,433,0
T5b,vCal1,180,97,83,0,902,429,473,0
Sm17,MeTu2a,149,83,66,0,902,541,361,0
LMa3,LMt1,157,86,71,0,902,544,358,0
TmY11,Sm32,369,178,191,0,901,447,454,0
TmY9q,Mi13,300,144,156,0,901,443,458,0
Am1,LLPC1,183,101,82,0,901,486,415,0
cM09,aMe4,33,15,18,0,901,465,436,0
TmY9q⊥,LMt3,269,145,124,0,900,510,390,0
T5c,LPT28,303,207,96,0,899,639,260,0
LPi10,H2,41,21,20,0,899,628,271,0
Li09,Li06,281,149,132,0,898,477,421,0
LPi08,TmY31,313,235,78,0,898,688,210,0
LC21,LT74,183,74,109,0,898,415,483,0
TmY15,LPC2,244,196,48,0,897,755,142,0
Li27,Tm35,148,75,73,0,897,434,463,0
LPLC4,LC10d,232,114,118,0,897,435,462,0
cM17,Tm35,104,53,51,0,897,436,461,0
cML01,TmY16,129,66,63,0,897,491,406,0
LPC1,LPT21,108,56,52,0,896,532,364,0
Li17,Tm25,389,187,202,0,895,434,461,0
Mi9,Dm13,376,202,174,0,895,487,408,0
TmY20,TmY9q⊥,338,199,139,0,895,538,357,0
LPi02,LPLC4,223,134,89,0,895,530,365,0
TmY31,Mi10,285,153,132,0,893,480,413,0
Li02,LC10b,188,108,80,0,893,537,356,0
Sm08,MTe02,228,119,109,0,893,472,421,0
Tm16,Tm27,350,185,165,0,892,471,421,0
Tm35,LPLC1,231,122,109,0,892,469,423,0
Tm37,Tm5f,334,178,156,0,891,474,417,0
MLt1,L4,357,191,166,0,891,473,418,0
cML01,PDt,11,6,5,0,890,496,394,0
Sm10,Sm31,234,128,106,0,889,482,407,0
MLt1,Dm1,179,94,85,0,889,496,393,0
aMe10,aMe4,34,15,19,0,889,413,476,0
TmY5a,Tm35,293,163,130,0,888,497,391,0
Tm31,Sm31,190,107,83,0,888,510,378,0
C2,Mi4,313,181,132,0,888,496,392,0
Tm7,Tm7,327,180,147,0,887,500,387,0
Y1,T2,344,184,160,0,887,472,415,0
MeMe_e02,MeTu1,249,126,123,0,887,451,436,0
LC19,cL22b,20,6,8,6,887,360,350,177
Pm11,LMa1,165,93,72,0,886,538,348,0
Tm5a,Tm35,283,146,137,0,886,472,414,0
cL22b,LC19,17,7,8,2,886,460,408,18
T5d,VS7,211,121,90,0,885,561,324,0
T5a,T4a,394,205,189,0,885,442,443,0
Tm5c,Li33,290,148,142,0,885,451,434,0
DmDRA1,MeTu3a,236,155,81,0,885,631,254,0
Tm25,LC26,318,179,139,0,884,508,376,0
T4b,vCal1,175,88,87,0,884,435,449,0
T2a,LC10a,292,129,163,0,884,370,514,0
Pm10,LPT54,46,24,22,0,884,483,401,0
MeMe_e07,TmY14,287,133,154,0,884,385,499,0
T5c,LLPC1,329,215,114,0,883,571,312,0
Y4,LMa4,221,117,104,0,883,511,372,0
LLPC2,LPT42_Nod4,63,28,35,0,882,389,493,0
Li07,LT52,104,46,58,0,881,420,461,0
Tm8b,Pm14,164,88,76,0,881,489,392,0
VCH,Tlp4,52,29,23,0,881,462,419,0
T3,T2a,360,169,191,0,880,422,458,0
L5,MTe07,357,179,178,0,880,444,436,0
Dm1,Tm1,351,218,133,0,880,562,318,0
LC10a,LMa1,240,122,118,0,880,463,417,0
cLP03,LPT22,29,15,14,0,880,613,267,0
Tm8b,TmY11,301,139,162,0,879,422,457,0
MTe01a,MeMe_e02,142,94,48,0,879,593,286,0
LMa5,Tm3,358,222,136,0,878,542,336,0
Sm20,Tm5b,349,168,181,0,878,424,454,0
Am1,VCH,2,1,1,0,878,476,402,0
Tlp4,LPi11,176,132,44,0,877,732,145,0
Sm08,MLt7,180,85,95,0,877,404,473,0
Tm8a,Li03,262,133,129,0,877,426,451,0
LC10a,LT82a,224,111,113,0,877,435,442,0
LC14b,Dm3p,220,145,75,0,877,615,262,0
cL05,LT57,20,10,10,0,877,428,449,0
TmY5a,LMt1,380,212,168,0,876,496,380,0
Sm10,Tm7,341,195,146,0,876,502,374,0
L5,MeMe_e07,319,186,133,0,876,523,353,0
Tm5f,LC31b,270,130,140,0,876,441,435,0
cM15,T4c,313,146,167,0,876,415,461,0
LPi09,VST2,182,112,70,0,875,651,224,0
Tm5e,LC19,265,117,148,0,875,387,488,0
MTe01b,Tm35,193,112,81,0,874,506,368,0
T2a,Mi10,357,199,158,0,873,502,371,0
Li33,Tm5e,281,142,139,0,873,427,446,0
cLP03,Tlp14,130,71,59,0,873,523,350,0
LPC2,TmY20,210,161,49,0,873,681,192,0
T2a,LC31b,307,196,111,0,872,592,280,0
TmY20,TmY11,283,155,128,0,872,481,391,0
LMa4,LMt4,184,112,72,0,872,545,327,0
LPLC4,LT51,134,69,65,0,872,410,462,0
Y3,LCe01b,256,157,99,0,871,488,383,0
T4d,TmY5a,359,259,100,0,871,618,253,0
Sm09,Tm8b,256,124,132,0,871,439,432,0
Sm30,MTe01b,131,64,67,0,871,460,411,0
LT40,TmY16,95,50,45,0,871,472,399,0
Li10,LC15,251,147,104,0,870,525,345,0
LPi12,Tlp5,53,27,26,0,870,539,331,0
C2,Dm20,281,163,118,0,869,525,344,0
LPT22,Y11,80,41,39,0,869,490,379,0
Li17,LC15,288,154,134,0,868,464,404,0
Mi9,Dm16,359,206,153,0,868,492,376,0
Tm36,TmY31,312,147,165,0,868,400,468,0
Mi15,Tm25,337,185,152,0,867,483,384,0
T5c,T2,382,178,204,0,867,409,458,0
cL13,LC36,27,7,7,13,867,384,362,121
T5a,Nod1,283,159,124,0,866,485,381,0
TmY31,LTe65,78,49,29,0,865,513,352,0
Sm12,Sm42,131,66,65,0,865,475,390,0
Li24,LC15,122,69,53,0,865,539,326,0
MeMe_e10,Sm18,50,24,26,0,865,522,343,0
Tm27,LC28a,322,226,96,0,864,615,249,0
Y3,C2,340,202,138,0,864,539,325,0
Tm5e,LC31a,254,138,116,0,863,455,408,0
LT52,LTe17,20,10,10,0,863,448,415,0
Tlp14,Tlp4,268,179,89,0,862,604,258,0
TmY4,LPi04,297,230,67,0,862,676,186,0
Tm5c,aMe4,264,159,105,0,862,536,326,0
Sm25,Sm16,170,99,71,0,862,537,325,0
MeTu3b,MeMe_e10,96,48,48,0,862,440,422,0
T5a,VS5,182,108,74,0,861,548,313,0
LMa5,Pm05,193,109,84,0,861,512,349,0
MLt6,Tm35,162,91,71,0,860,478,382,0
LC4,DNp11,63,28,35,0,860,316,544,0
Tm25,Mi2,325,197,128,0,859,537,322,0
TmY5a,LC10e,306,139,167,0,859,398,461,0
TmY16,Pm07,246,121,125,0,859,428,431,0
LLPC2,LLPC2,294,199,95,0,858,590,268,0
TmY11,LC14b,197,84,113,0,857,386,471,0
TmY10,LC28a,289,164,125,0,857,488,369,0
Pm04,Tm25,332,187,145,0,857,489,368,0
Sm09,Tm7,325,165,160,0,857,458,399,0
LPi10,LPLC2,279,191,88,0,857,617,240,0
LPi09,LPi06,149,105,44,0,857,682,175,0
LC11,LLPt,207,111,96,0,856,482,374,0
Dm8b,Sm40,284,155,129,0,855,487,368,0
LT34,LC22,77,40,37,0,854,462,392,0
T2a,LT79,291,154,137,0,853,454,399,0
TmY10,Tm16,346,160,186,0,853,396,457,0
LPLC1,LLPC1,226,137,89,0,853,543,310,0
MTe41,cL21,4,2,2,0,853,492,361,0
LPLC1,LC31b,177,92,85,0,853,468,385,0
Tm16,Pm13,246,117,129,0,852,444,408,0
Dm15,MLt3,316,172,144,0,852,477,375,0
LPT23,LPLC4,129,79,50,0,852,570,282,0
Tm20,TmY31,286,129,157,0,851,372,479,0
Li10,Tm8b,236,130,106,0,851,462,389,0
CB0566,Sm21,70,38,32,0,851,413,438,0
Li08,LC28a,225,139,86,0,850,525,325,0
Tm5c,TmY5a,325,168,157,0,850,456,394,0
Sm10,Sm09,285,158,127,0,849,458,391,0
Tm5f,LLPC1,279,138,141,0,849,397,452,0
LPi07,VCH,67,40,27,0,849,506,343,0
MTe51,cM07,83,49,34,0,849,567,282,0
OA-AL2i2,Pm04,144,75,69,0,849,454,395,0
cM10,Tm20,313,175,138,0,849,478,371,0
Li10,LC10a,252,147,105,0,848,494,354,0
Pm08,Tm16,329,185,144,0,848,476,372,0
Li12,LC6,207,109,98,0,847,475,372,0
Tm4,LC14b,280,103,177,0,846,300,546,0
LC21,LPLC1,245,121,124,0,846,438,408,0
cL21,LMa1,109,55,54,0,845,448,397,0
Tm5a,Tm5e,281,154,127,0,844,464,380,0
TmY3,Mi4,352,201,151,0,844,501,343,0
Li05,LT51,123,58,65,0,844,352,492,0
cL18,LC22,109,54,55,0,844,478,366,0
L4,CB0592,326,183,143,0,843,472,371,0
Dm8b,Mi4,301,179,122,0,843,520,323,0
LPi13,LPi08,39,22,17,0,843,656,187,0
OA-AL2b2,Dm19,90,41,49,0,843,410,433,0
Tm20,Dm3v,377,189,188,0,842,418,424,0
LMa5,T3,329,207,122,0,842,516,326,0
Sm09,MLt7,183,89,94,0,842,419,423,0
LPi14,LPT21,4,2,2,0,842,474,368,0
LPC2,TmY11,230,159,71,0,841,605,236,0
L4,Lawf2,344,214,130,0,840,518,322,0
Li33,LC9,151,80,71,0,840,425,415,0
L2,L1,314,191,123,0,839,515,324,0
LMt3,Tlp4,171,97,74,0,839,461,378,0
Dm3p,Tm5f,362,207,155,0,838,479,359,0
Tm32,MTe01a,201,126,75,0,838,546,292,0
Li20,LC15,151,76,75,0,838,415,423,0
MTe52,MLt4,204,114,90,0,838,517,321,0
LPT50,LLPC3,117,72,45,0,838,637,201,0
Tm5c,MLt6,213,117,96,0,837,461,376,0
Tm8a,Li02,215,117,98,0,836,476,360,0
Sm03,MLt5,239,132,107,0,836,491,345,0
LC10b,LCe06,99,54,45,0,836,523,313,0
Tm27,LPLC4,314,164,150,0,835,444,391,0
TmY4,Tm36,288,146,142,0,835,436,399,0
Li02,LC10d,214,114,100,0,835,464,371,0
Tlp5,LPLC2,271,144,127,0,835,445,390,0
Tlp5,LC17,296,154,142,0,835,429,406,0
Li32,LC13,133,67,66,0,835,422,413,0
Y3,LC15,293,160,133,0,834,443,391,0
Pm04,Pm03,268,152,116,0,834,497,337,0
Sm27,Sm40,28,14,14,0,834,415,419,0
Li31,Li15,32,16,16,0,834,386,448,0
LT37,Y12,134,62,72,0,834,397,437,0
Sm08,Tm5c,307,147,160,0,833,398,435,0
Y12,LPi11,249,163,86,0,833,602,231,0
Am1,Tlp5,55,27,28,0,833,484,349,0
LC25,LC11,252,127,125,0,833,444,389,0
Dm3v,TmY9q,339,190,149,0,832,459,373,0
MeTu3a,Sm18,201,115,86,0,832,522,310,0
T5d,TmY14,326,157,169,0,831,392,439,0
Tm36,cM10,183,106,77,0,831,504,327,0
Sm26,Tm5b,299,138,161,0,831,390,441,0
LPi12,TmY4,222,148,74,0,831,576,255,0
T2a,Li05,292,145,147,0,830,399,431,0
Dm2,Sm37,226,116,110,0,830,426,404,0
Li10,LC34,141,73,68,0,830,445,385,0
LC17,LC17,164,83,81,0,830,430,400,0
T4d,VS6,200,116,84,0,829,504,325,0
LMa3,Tm21,316,174,142,0,829,479,350,0
LPT58,VCH,2,1,1,0,829,466,363,0
Dm15,T2,357,200,157,0,828,465,363,0
MeTu4a,Pm05,169,86,83,0,828,427,401,0
LPLC1,LC4,254,137,117,0,828,450,378,0
Tm5a,Tm5a,234,126,108,0,827,436,391,0
Li24,LC28a,70,49,21,0,827,603,224,0
LPi09,LPLC2,260,179,81,0,826,603,223,0
TmY4,LC21,260,115,145,0,826,343,483,0
Tm8b,Li01,216,102,114,0,826,410,416,0
Tlp1,Li29,120,59,61,0,826,467,359,0
LMa2,LC22,176,91,85,0,826,423,403,0
aMe26,Sm07,206,121,85,0,826,505,321,0
Mi10,MeMe_e05,116,63,53,0,825,497,328,0
Tm36,LPLC4,234,106,128,0,825,370,455,0
Sm41,Tm5b,245,122,123,0,825,406,419,0
LC18,LC14a1,160,79,81,0,825,419,406,0
aMe17a1,Sm41,2,1,1,0,825,410,415,0
TmY11,TmY4,293,139,154,0,824,382,442,0
T4b,LPT50,217,130,87,0,824,532,292,0
LMa5,Pm10,190,110,80,0,824,533,291,0
LC11,Li03,202,115,87,0,824,446,378,0
DmDRA1,MeMe_e10,66,33,33,0,823,471,352,0
aMe4,Tm20,289,136,153,0,823,400,423,0
TmY15,LPi13,172,117,55,0,822,599,223,0
LPi11,LPT50,40,19,21,0,822,456,366,0
cL01,LC10b,202,104,98,0,821,435,386,0
mALC5,LPLC4,24,13,11,0,821,426,395,0
cLLPM02,LT52,12,6,6,0,821,386,435,0
TmY20,Li33,182,98,84,0,820,458,362,0
LMa1,Pm02,242,133,109,0,820,478,342,0
LMa4,LC18,269,148,121,0,819,459,360,0
cL20,LMa1,33,17,16,0,819,469,350,0
Sm40,Tm36,227,112,115,0,818,395,423,0
LMa2,Mi2,336,213,123,0,818,528,290,0
Y4,Li06,277,124,153,0,817,375,442,0
TmY3,LPi09,297,174,123,0,816,479,337,0
Pm02,Pm08,313,169,144,0,816,453,363,0
aMe17c,Mi10,262,129,133,0,816,391,425,0
Li26,LC17,263,121,142,0,815,356,459,0
cMLLP02,LPi13,3,2,1,0,815,591,224,0
TmY4,LT75,171,80,91,0,814,377,437,0
Dm15,Tm35,221,114,107,0,813,427,386,0
T4b,T4c,371,181,190,0,813,390,423,0
C3,Tm2,261,135,126,0,813,423,390,0
TmY11,Li13,274,139,135,0,812,411,401,0
Sm18,MeTu2a,202,126,76,0,812,583,229,0
Tm5e,Li06,312,170,142,0,812,432,380,0
Y11,Li29,121,65,56,0,812,437,375,0
OA-AL2i2,T3,332,161,171,0,812,389,423,0
Li17,LC4,262,135,127,0,811,414,397,0
T4b,LPi14,319,149,170,0,810,364,446,0
MLt4,TmY31,209,105,104,0,810,370,440,0
Tm5a,LC10a,233,103,130,0,810,353,457,0
TmY5a,T2,335,176,159,0,810,418,392,0
Li33,LC21,106,55,51,0,810,394,416,0
cL22b,LC36,20,9,8,3,810,416,370,24
TmY31,TmY16,271,155,116,0,809,486,323,0
LMa2,Li25,72,38,34,0,809,394,415,0
TmY31,Li06,268,131,137,0,808,391,417,0
T5d,VS6,199,121,78,0,808,545,263,0
TmY14,Li14,285,169,116,0,808,491,317,0
Mi9,T3,316,167,149,0,808,437,371,0
Dm6,Dm19,225,103,122,0,808,372,436,0
Tm5b,LPLC2,265,131,134,0,807,404,403,0
Li10,T2a,327,176,151,0,807,427,380,0
Tm8a,LTe42b,54,29,25,0,807,382,425,0
LPi08,TmY20,261,230,31,0,807,716,91,0
LC14a2,Li30,19,10,9,0,807,412,395,0
Tm16,MeMe_e07,258,132,126,0,806,427,379,0
Dm8a,MTe01b,252,138,114,0,806,460,346,0
Tm5a,TmY31,253,121,132,0,806,390,416,0
L3,Tm27,312,185,127,0,806,490,316,0
LC20a,LC20b,107,82,25,0,806,583,223,0
Tm7,Tm5a,273,154,119,0,805,459,346,0
MLt1,Li33,86,42,44,0,805,442,363,0
Pm07,T3,321,171,150,0,804,438,366,0
mALC3,T2,273,138,135,0,804,363,441,0
Tm5c,Li31,260,141,119,0,803,452,351,0
Tm37,LC10c,293,132,161,0,803,358,445,0
Y11,TmY3,313,183,130,0,803,469,334,0
mALC3,LPLC1,65,33,32,0,803,400,403,0
Y3,LC16,286,143,143,0,802,422,380,0
Sm01,MTe03,181,96,85,0,802,385,417,0
Tm35,LC37a,178,88,90,0,802,382,420,0
R8,Tm5c,258,135,123,0,802,429,373,0
T2a,T3,344,164,180,0,801,382,419,0
Tm8b,Tm16,223,106,117,0,801,394,407,0
Li33,LC27,37,19,18,0,801,414,387,0
Y3,Mi14,279,148,131,0,800,422,378,0
T4a,TmY9q,342,181,161,0,800,420,380,0
TmY31,TmY10,292,136,156,0,800,366,434,0
Tm8a,Li05,264,143,121,0,800,421,379,0
aMe12,mALC6,23,8,7,8,800,343,304,153
aMe17a1,Sm16,61,31,30,0,800,403,397,0
Y3,Sm05,246,155,91,0,799,522,277,0
TmY14,Pm10,255,156,99,0,799,538,261,0
Pm07,LMa3,80,39,41,0,799,415,384,0
LPi13,LLPC2,160,99,61,0,799,612,187,0
LT42,Li01,127,64,63,0,799,370,429,0
cM17,Tm16,196,95,101,0,799,366,433,0
LC14b,Pm10,104,65,39,0,798,522,276,0
Tm3,Dm19,281,133,148,0,797,395,402,0
Mi10,Dm12,293,156,137,0,797,406,391,0
MLt1,Sm32,241,119,122,0,797,423,374,0
Sm41,MeMe_e02,17,8,9,0,797,408,389,0
TmY31,LPi02,263,167,96,0,796,527,269,0
LPi10,LLPt,256,162,94,0,796,532,264,0
LPC1,LPLC2,249,154,95,0,796,495,301,0
cL14,Li10,120,58,62,0,796,403,393,0
cL12,LT51,10,5,5,0,796,431,365,0
MeMe_e01,Sm16,169,97,72,0,795,500,295,0
LLPC1,LLPC1,253,147,106,0,795,462,333,0
Tm8a,LT57,239,117,122,0,794,395,399,0
T5d,LPT47_vCal2,234,153,81,0,793,558,235,0
Y11,LMa3,157,88,69,0,793,444,349,0
Tm3,LC10d,286,122,164,0,792,343,449,0
TmY11,Tlp5,272,151,121,0,791,446,345,0
Li05,cLLP02,199,92,107,0,791,357,434,0
LC28a,LC10c,199,107,92,0,791,415,376,0
Sm42,Sm13,38,20,18,0,790,430,360,0
LPT53,Tlp4,52,29,23,0,790,540,250,0
Sm01,MTe23,161,93,68,0,789,484,305,0
Tm5a,LCe02,157,90,67,0,789,484,305,0
LLPC1,LPi02,246,165,81,0,789,518,271,0
Tlp1,LC4,229,110,119,0,787,385,402,0
Sm31,Tm5b,293,155,138,0,787,402,385,0
LC15,LTe20,86,41,45,0,787,381,406,0
Sm15,MeTu3c,199,102,97,0,786,431,355,0
Pm09,Tm4,337,192,145,0,786,452,334,0
cLLPM02,Tlp1,62,29,33,0,786,402,384,0
Tm16,Sm42,194,110,84,0,785,452,333,0
Mi4,Tm25,313,155,158,0,785,399,386,0
Y1,LLPt,228,119,109,0,785,413,372,0
Tm25,Pm07,308,124,184,0,784,312,472,0
Dm8a,Sm40,258,156,102,0,784,491,293,0
Tm35,LC41,182,89,93,0,784,347,437,0
Mi10,aMe5,272,155,117,0,784,452,332,0
Li30,Li33,2,1,1,0,784,404,380,0
LPLC1,LPC1,202,127,75,0,784,516,268,0
cM14,MeTu4a,108,52,56,0,784,408,376,0
OA-AL2i4,Sm42,2,1,1,0,783,447,336,0
cLLPM02,Y1,59,30,29,0,783,405,378,0
Y3,Tm36,260,127,133,0,782,366,416,0
TmY5a,LPi01,286,145,141,0,782,419,363,0
Tm8b,LC40,163,69,94,0,782,310,472,0
LPLC1,LC14a1,106,55,51,0,782,400,382,0
CB0592,MeMe_e07,20,0,0,20,782,0,0,782
Dm8b,Sm20,310,169,141,0,781,431,350,0
Sm34,Sm20,184,98,86,0,781,446,335,0
Pm09,MLt1,201,114,87,0,781,430,351,0
Tm20,LTe76,209,104,105,0,780,377,403,0
Li18,Tm5c,311,143,168,0,780,368,412,0
Li03,Li24,101,53,48,0,779,429,350,0
Sm40,Dm8b,258,145,113,0,779,462,317,0
Pm06,Pm09,223,117,106,0,779,433,346,0
Sm35,Tm25,264,125,139,0,779,353,426,0
cM15,T4d,286,166,120,0,779,454,325,0
cL13,LCe06,11,6,5,0,779,466,313,0
mALC3,LC4,51,27,24,0,778,424,354,0
cLLPM02,Y12,88,42,46,0,778,403,375,0
Sm10,Sm06,260,150,110,0,777,435,342,0
T5a,T5c,358,159,199,0,777,345,432,0
T3,LC31a,239,150,89,0,777,493,284,0
Tm7,Mi15,276,141,135,0,777,413,364,0
Tm5d,MTe33,189,104,85,0,777,441,336,0
MeTu4a,Li10,235,111,124,0,777,369,408,0
cLP01,TmY20,275,179,96,0,777,516,261,0
Tm5b,LPLC4,246,114,132,0,776,338,438,0
LT38,LC10b,64,37,27,0,776,464,312,0
LT58,Li06,125,73,52,0,776,529,247,0
cMLLP01,Mi4,281,128,153,0,776,354,422,0
T4a,VS7,215,125,90,0,775,492,283,0
T5d,VST1,296,231,65,0,774,620,154,0
LPLC4,PLP051,56,30,26,0,774,393,381,0
Sm15,MeMe_e02,177,86,91,0,773,383,390,0
Y12,LC4,237,113,124,0,773,390,383,0
LPLC4,cL11,68,23,25,20,773,283,335,155
TmY15,Tm16,284,152,132,0,772,402,370,0
DmDRA1,Sm23,222,126,96,0,772,461,311,0
OA-AL2i3,Dm18,91,45,46,0,772,379,393,0
Mi1,Lawf2,244,147,97,0,771,435,336,0
Sm02,MLt6,252,142,110,0,771,450,321,0
TmY3,LC14b,218,89,129,0,770,306,464,0
MLt3,Tm21,317,151,166,0,770,372,398,0
DCH,Tlp4,58,33,25,0,770,577,193,0
Tm36,LT51,200,93,107,0,769,341,428,0
Pm08,Y3,325,167,158,0,769,399,370,0
cL04,cL05,4,2,2,0,769,390,379,0
Tm3,Tm4,314,152,162,0,768,364,404,0
Dm8b,MLt2,193,88,105,0,768,341,427,0
LPi04,TmY31,203,137,66,0,768,498,270,0
Li10,Tm21,302,170,132,0,767,426,341,0
Mi10,DmDRA1,174,97,77,0,767,441,326,0
cM12,Sm08,94,44,50,0,767,343,424,0
Tm7,aMe5,273,143,130,0,766,402,364,0
LMt3,LC22,181,94,87,0,766,391,375,0
Pm10,MTe18,52,20,32,0,766,335,431,0
Am1,LMa4,59,30,29,0,766,371,395,0
LC4,LMa1,151,76,75,0,766,418,348,0
LC14a1,LMa2,54,24,30,0,766,319,447,0
Y12,Li32,154,73,81,0,765,409,356,0
Sm42,MTe02,77,38,39,0,765,385,380,0
cL02d,LT52,21,7,14,0,765,262,503,0
LT58,Li18,32,15,17,0,765,537,228,0
Mi1,MeLp2,218,108,110,0,763,385,378,0
MLt3,Lawf1,253,135,118,0,763,417,346,0
LMa2,CB0592,37,20,17,0,763,445,318,0
LPi15,Nod2,2,1,1,0,763,432,331,0
Li24,LPLC4,114,60,54,0,763,401,362,0
Li33,Li02,92,45,47,0,763,413,350,0
CB0592,MLt4,112,60,52,0,763,415,348,0
Dm10,L3,296,160,136,0,762,378,384,0
LMa2,Tm3,343,199,144,0,762,452,310,0
LMt1,LT62,48,23,25,0,762,424,338,0
Pm14,Sm07,188,123,65,0,762,540,222,0
TmY10,LC27,246,121,125,0,761,366,395,0
TmY10,Li13,274,141,133,0,761,388,373,0
LC14b,Dm3v,168,91,77,0,761,419,342,0
cML01,Sm42,2,1,1,0,761,429,332,0
T2a,Pm07,324,156,168,0,760,369,391,0
Tm8a,Li13,231,115,116,0,760,378,382,0
Dm3q,Dm3q,338,190,148,0,760,426,334,0
TmY3,Mi9,310,172,138,0,760,428,332,0
Li32,Tm7,225,110,115,0,760,368,392,0
LPT57,LPi04,71,46,25,0,760,496,264,0
Tm21,MLt1,325,157,168,0,759,365,394,0
Pm03,LMa1,226,131,95,0,759,466,293,0
LC21,LC28a,197,129,68,0,759,490,269,0
LC13,LC17,223,119,104,0,759,400,359,0
cM16,Pm07,41,16,25,0,759,344,415,0
Tm9,Tm2,296,124,172,0,758,308,450,0
Li18,Tm37,300,142,158,0,758,373,385,0
LPT48_vCal3,Y11,106,56,50,0,758,490,268,0
C3,Mi4,279,136,143,0,757,362,395,0
Tlp4,TmY16,228,142,86,0,756,483,273,0
Sm06,Tm5d,258,152,106,0,756,461,295,0
Tm5d,Li05,229,114,115,0,756,359,397,0
Li11,LC6,211,109,102,0,756,407,349,0
TmY20,Li05,232,123,109,0,756,406,350,0
LPi08,LPLC4,236,173,63,0,756,573,183,0
MeMe_e01,Sm12,165,87,78,0,756,426,330,0
LC14b,Li08,174,82,92,0,756,348,408,0
Tm36,LPLC1,238,128,110,0,755,406,349,0
Tm5e,LTe65,109,67,42,0,754,416,338,0
Tm36,Tm37,282,162,120,0,754,430,324,0
Pm05,MTe47,171,95,76,0,754,432,322,0
LPi13,LLPC3,152,88,64,0,754,547,207,0
OA-AL2i2,Pm01,226,117,109,0,754,363,391,0
TmY9q,Dm3q,335,159,176,0,753,353,400,0
Li12,LCe03,86,57,29,0,753,482,271,0
MeMe_e10,Sm17,20,9,11,0,753,415,338,0
Tm5d,LCe01b,211,138,73,0,752,487,265,0
Pm03,MeMe_e08,216,123,93,0,752,464,288,0
LT42,Li30,2,1,1,0,752,344,408,0
Tm31,LT79,98,51,47,0,751,371,380,0
TmY10,LC24,222,101,121,0,751,355,396,0
Mi15,Dm10,323,172,151,0,751,400,351,0
LMt1,T3,317,179,138,0,751,432,319,0
mALC3,LMa3,31,17,14,0,751,342,409,0
Tm4,LC29,258,128,130,0,750,377,373,0
LPLC2,LMa1,194,114,80,0,750,426,324,0
Tm8a,LC24,205,109,96,0,749,355,394,0
TmY15,Pm09,281,153,128,0,749,418,331,0
LT36,Tm16,154,57,97,0,748,213,535,0
Mi13,T2a,297,171,126,0,747,427,320,0
Li32,LT42,2,1,1,0,747,392,355,0
Li30,LC6,110,58,52,0,747,417,330,0
L2,Mi9,269,164,105,0,745,471,274,0
TmY3,CB0592,251,124,127,0,745,351,394,0
Pm08,Tm2,325,166,159,0,745,380,365,0
LT40,LC14a1,23,12,11,0,745,359,386,0
mALC4,Li26,8,4,4,0,745,466,279,0
Li32,TmY11,219,100,119,0,744,368,376,0
LC16,Tm5e,288,154,134,0,744,398,346,0
TmY31,LTe01,202,100,102,0,743,404,339,0
Tm5e,TmY9q⊥,296,149,147,0,743,384,359,0
T4a,VS5,172,105,67,0,742,504,238,0
Li33,Tm5c,273,138,135,0,742,374,368,0
LC10b,LTe65,56,34,22,0,742,427,315,0
T4a,Nod2,228,113,115,0,741,352,389,0
Tm4,Tm1,304,131,173,0,741,291,450,0
Sm12,MTe02,194,99,95,0,741,393,348,0
MeTu4a,LTe22,91,42,49,0,741,353,388,0
LMa2,Tm31,194,104,90,0,740,376,364,0
LC18,LC9,231,122,109,0,740,399,341,0
Tm25,Tm31,296,151,145,0,739,374,365,0
LMa4,LMa1,153,79,74,0,739,402,337,0
Li32,LMa2,37,20,17,0,739,394,345,0
Y3,LC25,253,130,123,0,737,364,373,0
Sm05,Tm3,286,177,109,0,737,479,258,0
LMt3,LC35,58,33,25,0,737,473,264,0
LC10d,TmY5a,289,141,148,0,737,364,373,0
MeMe_e02,Sm12,159,77,82,0,737,348,389,0
Dm10,Dm12,305,152,153,0,736,374,362,0
Sm09,MTe02,217,104,113,0,736,373,363,0
LC20b,LC10a,209,118,91,0,736,417,319,0
LC19,LT51,46,6,21,19,736,71,180,485
Y3,LT62,191,106,85,0,735,413,322,0
Dm2,MTe38,222,106,116,0,735,370,365,0
TmY9q⊥,LC20b,264,145,119,0,735,392,343,0
Li31,LC11,111,57,54,0,734,373,361,0
LCe01b,Tm20,305,186,119,0,734,449,285,0
LC35,LPLC4,132,73,59,0,734,446,288,0
MLt4,MeMe_e08,143,73,70,0,733,380,353,0
Mi10,T4c,307,162,145,0,733,395,338,0
cLP02,LLPC3,253,196,57,0,733,591,142,0
LPT50,Tlp14,63,34,29,0,733,496,237,0
OA-AL2i4,Sm07,202,112,90,0,733,410,323,0
Li33,LTe24,2,1,1,0,732,418,314,0
LC24,Li10,193,94,99,0,732,356,376,0
MeTu3b,Sm17,126,59,67,0,732,383,349,0
MLt4,TmY5a,268,141,127,0,731,386,345,0
Y12,LLPC1,270,159,111,0,731,437,294,0
Li22,LMt1,137,78,59,0,731,470,261,0
LT11,LCe07,9,5,4,0,731,391,340,0
Mi10,MeTu1,274,152,122,0,730,410,320,0
LMa4,MTe52,150,81,69,0,730,397,333,0
LMt1,LT1b,48,23,25,0,730,389,341,0
MeMe_e01,MeTu3b,138,67,71,0,730,340,390,0
T4b,LMa4,281,129,152,0,729,334,395,0
T5a,VST2,283,181,102,0,729,454,275,0
Dm9,MLt1,207,150,57,0,729,563,166,0
VCH,Tlp1,80,40,40,0,729,380,349,0
mALC4,LPLC1,77,39,38,0,729,398,331,0
LPi14,LPLC2,184,110,74,0,728,489,239,0
cL21,Tm3,330,155,175,0,728,339,389,0
Li13,LC10a,224,107,117,0,727,353,374,0
Li08,LC20b,203,105,98,0,727,388,339,0
Li07,TmY31,263,126,137,0,727,340,387,0
cL22b,LC10d,100,51,49,0,727,357,370,0
MLt4,Pm07,142,68,74,0,726,372,354,0
Tm5b,Tm5c,254,120,134,0,726,352,374,0
Tm2,Tm9,291,127,164,0,725,303,422,0
DmDRA1,Sm28,123,65,58,0,725,464,261,0
T5a,LPT04_HST,248,97,151,0,724,274,450,0
LPi04,LPi08,206,161,45,0,724,595,129,0
Dm3v,Tm5f,317,149,168,0,724,331,393,0
LPi10,LLPC3,226,146,80,0,724,470,254,0
LMa4,Tm9,298,158,140,0,724,387,337,0
Li22,LT11,17,8,9,0,724,406,318,0
Li28,LC25,100,45,55,0,724,354,370,0
Mi14,T3,296,164,132,0,723,409,314,0
T4d,VST1,257,218,39,0,723,623,100,0
LPLC4,LMa1,161,83,78,0,723,370,353,0
Li06,LC14a1,158,74,84,0,722,331,391,0
L3,MLt2,259,170,89,0,722,478,244,0
Am1,LPT23,6,3,3,0,722,523,199,0
LLPC3,LTe12,137,65,72,0,722,346,376,0
LC14a2,LMa1,51,26,25,0,722,383,339,0
Tm2,Li17,282,154,128,0,720,397,323,0
LPi05,LPi02,177,131,46,0,720,520,200,0
Sm41,TmY31,178,77,101,0,720,289,431,0
Tm8a,Y4,228,104,124,0,719,323,396,0
MLt6,Sm09,172,88,84,0,719,361,358,0
Li02,LT77,101,55,46,0,719,413,306,0
Li18,LC13,260,132,128,0,719,370,349,0
Dm8a,Tm7,246,135,111,0,718,387,331,0
Mi4,MLt5,278,138,140,0,718,354,364,0
TmY20,Y1,246,132,114,0,718,403,315,0
Mi4,TmY15,281,148,133,0,718,379,339,0
LPi13,LPi07,85,51,34,0,718,567,151,0
CB0592,Am1,4,2,2,0,718,393,325,0
Tm5a,LCe01a,188,114,74,0,717,439,278,0
Tm5c,LC28a,239,143,96,0,717,421,296,0
LT57,TmY31,239,112,127,0,717,345,372,0
Li21,LC35,37,20,17,0,716,468,248,0
Li10,LC4,211,109,102,0,716,382,334,0
Li15,LC4,225,122,103,0,716,401,315,0
LLPC3,Tm5f,264,143,121,0,716,394,322,0
Tm16,TmY31,268,125,143,0,715,334,381,0
Tm31,Li27,132,66,66,0,715,391,324,0
LT11,Li21,18,11,7,0,715,363,352,0
T1,Tm20,273,166,107,0,714,442,272,0
LPi12,Y12,155,84,71,0,714,446,268,0
cM16,Tm16,186,97,89,0,714,371,343,0
T4d,VS7,192,116,76,0,713,434,279,0
TmY16,Y3,234,131,103,0,713,397,316,0
Tm3,Tm5f,285,126,159,0,712,308,404,0
Tm16,LC15,223,116,107,0,712,345,367,0
TmY31,Sm15,199,113,86,0,711,413,298,0
Y4,LMa3,174,85,89,0,711,372,339,0
Mi10,MTe07,224,100,124,0,711,315,396,0
Y1,TmY15,215,119,96,0,711,378,333,0
Dm8a,TmY10,227,123,104,0,710,390,320,0
Dm9,aMe12,175,133,42,0,710,542,168,0
Am1,T4d,273,155,118,0,710,397,313,0
cLP01,LPi05,203,143,60,0,710,505,205,0
Pm01,Pm08,271,137,134,0,709,372,337,0
MLt5,TmY5a,251,116,135,0,709,323,386,0
TmY3,MeLp2,189,95,94,0,708,352,356,0
Dm8a,MLt6,180,105,75,0,708,414,294,0
Tm31,Tm5b,238,137,101,0,707,405,302,0
Tm21,LT82a,276,121,155,0,707,312,395,0
aMe4,cM09,33,15,18,0,706,400,306,0
Li03,Tm36,215,116,99,0,705,378,327,0
Li16,LT82a,67,34,33,0,705,371,334,0
Dm3p,Dm3p,306,156,150,0,704,373,331,0
Tm8a,Lawf2,206,109,97,0,704,366,338,0
Tm5c,Tm36,274,147,127,0,704,377,327,0
MeTu1,MeMe_e04,116,65,51,0,704,436,268,0
Li03,Li28,136,74,62,0,703,368,335,0
cL22a,LT51,17,9,8,0,703,321,382,0
LPi02,LPT21,65,38,27,0,702,458,244,0
Tm16,LPLC4,219,104,115,0,702,340,362,0
LC11,LT60,62,32,30,0,702,348,354,0
LC27,Li10,209,117,92,0,702,395,307,0
T4a,Nod1,236,118,118,0,701,347,354,0
Tm2,TmY5a,289,143,146,0,701,341,360,0
Tm27,Tm8b,272,132,140,0,701,331,370,0
Pm02,Y3,286,162,124,0,701,397,304,0
LT52,LTe64,36,19,17,0,701,381,320,0
cM18,PDt,11,6,5,0,701,377,324,0
LPT31,DCH,8,4,4,0,701,331,370,0
Y12,LMa5,178,99,79,0,700,434,266,0
Sm40,MTe01b,93,48,45,0,700,374,326,0
Pm02,Mi1,301,187,114,0,700,432,268,0
TmY20,Tm36,236,133,103,0,699,382,317,0
Dm3q,Tm5f,315,176,139,0,699,395,304,0
C3,CT1,287,160,127,0,699,399,300,0
Tm20,Sm05,265,153,112,0,699,401,298,0
Li24,Li05,124,77,47,0,699,413,286,0
Li27,Tm34,108,55,53,0,699,383,316,0
Sm31,Tm5a,254,153,101,0,698,428,270,0
TmY9q⊥,Y4,264,138,126,0,697,361,336,0
Sm03,Pm05,143,83,60,0,697,420,277,0
LMt3,MTe41,26,15,11,0,697,397,300,0
TmY5a,MeLp2,209,108,101,0,696,367,329,0
C2,Mi2,273,168,105,0,696,439,257,0
LPT54,Tlp4,78,39,39,0,696,419,277,0
LLPt,LTe21,64,32,32,0,695,352,343,0
DmDRA1,MeTu2b,145,85,60,0,695,459,236,0
LPi13,TmY5a,262,196,66,0,695,523,172,0
LT58,Tm33,88,53,35,0,695,425,270,0
Dm8a,Tm5b,176,96,80,0,694,345,349,0
Tm21,LC17,296,148,148,0,694,359,335,0
L1,L2,240,137,103,0,694,357,337,0
Sm03,MeTu3b,224,129,95,0,694,404,290,0
MeTu1,MeMe_e03,73,37,36,0,694,377,317,0
TmY31,Tm5f,240,126,114,0,693,360,333,0
Tm8a,Sm31,237,126,111,0,693,353,340,0
Tm1,TmY5a,221,80,141,0,693,228,465,0
Tm20,TmY3,267,140,127,0,693,359,334,0
Li11,LC10d,194,95,99,0,693,343,350,0
LC22,cL20,65,32,32,1,693,379,309,5
LPT31,VCH,8,4,4,0,693,364,329,0
Li33,Tm7,99,46,53,0,692,362,330,0
LPi09,VS4,51,27,24,0,691,452,239,0
TmY10,Tm9,290,145,145,0,691,343,348,0
MLt7,MLt5,191,98,93,0,691,364,327,0
Sm36,Tm8b,183,93,90,0,691,361,330,0
Pm13,Sm09,163,63,100,0,691,327,364,0
LPLC2,LC4,228,112,116,0,691,360,331,0
Sm01,Tm5f,238,124,114,0,690,349,341,0
Tm37,Tm20,283,128,155,0,690,308,382,0
Tm2,LMa3,263,132,131,0,690,348,342,0
Sm16,Sm38,118,63,55,0,690,419,271,0
cL10,cM08c,6,3,3,0,690,352,338,0
MeMe_e05,Sm22,43,20,23,0,690,296,394,0
cMLLP02,Am1,3,2,1,0,690,449,241,0
Mi2,Pm01,301,191,110,0,689,443,246,0
Dm2,MTe07,270,116,154,0,689,300,389,0
L3,Dm10,261,152,109,0,689,367,322,0
Sm06,MTe28,126,70,56,0,689,419,270,0
Pm02,Pm07,218,108,110,0,689,354,335,0
mALC4,LC12,166,88,78,0,689,368,321,0
TmY20,LLPC1,239,136,103,0,688,388,300,0
Mi1,LMa2,243,115,128,0,688,277,411,0
Dm2,Mi13,259,123,136,0,688,320,368,0
T5b,VSm,232,175,57,0,688,544,144,0
Pm08,Pm08,257,146,111,0,688,403,285,0
Pm02,Tm4,312,185,127,0,688,408,280,0
Sm36,Dm2,270,146,124,0,688,378,310,0
VCH,TmY15,109,61,48,0,687,400,287,0
cM08b,Sm20,101,47,54,0,687,395,292,0
Tm27,MLt4,265,152,113,0,686,398,288,0
MLt4,Tm8a,175,91,84,0,686,359,327,0
TmY20,Li02,218,114,104,0,685,363,322,0
Tm2,Lawf1,264,173,91,0,685,454,231,0
MLt5,Sm14,185,95,90,0,685,354,331,0
Li10,MeTu4a,200,101,99,0,685,356,329,0
Li16,LC4,199,103,96,0,685,373,312,0
cML01,T2,253,139,114,0,685,375,310,0
PLP249,LPC1,49,49,0,0,685,685,0,0
T5b,T5c,313,135,178,0,684,286,398,0
Tm27,Pm10,285,149,136,0,684,359,325,0
LC10c,LC10a,117,57,60,0,684,341,343,0
Dm9,Tm1,252,200,52,0,683,550,133,0
cMLLP01,LC22,79,40,39,0,683,331,352,0
LPLC4,DNp31,39,39,0,0,683,683,0,0
Tm9,Tm1,286,119,167,0,682,277,405,0
Tm8a,Sm42,164,89,75,0,682,393,289,0
OA-AL2i2,Sm42,4,2,2,0,682,378,304,0
MTe47,Li14,79,42,37,0,682,421,261,0
TmY5a,LTe29,176,106,70,0,681,397,284,0
Y12,T2,271,139,132,0,681,353,328,0
T4d,LPT30,221,134,87,0,680,425,255,0
Li11,LMa1,140,75,65,0,680,394,286,0
MTe52,Pm13,56,21,35,0,680,327,353,0
cL11,LC46,14,7,7,0,680,298,382,0
cM05,Tm35,91,48,43,0,680,383,297,0
Tm32,LPLC4,207,100,107,0,679,342,337,0
Sm14,MeTu4b,83,48,35,0,679,434,245,0
LC20b,LC10d,183,93,90,0,679,371,308,0
MTe26,Sm07,156,88,68,0,679,374,305,0
TmY15,TmY11,252,139,113,0,678,359,319,0
LPi12,LPi07,89,50,39,0,678,499,179,0
VCH,LLPC1,96,53,43,0,678,358,320,0
Tm20,Li27,256,153,103,0,677,392,285,0
MTe07,mALC6,37,10,20,7,677,185,378,114
L4,Tm25,276,160,116,0,676,390,286,0
Mi9,Sm01,176,102,74,0,676,415,261,0
Tm20,TmY9q,290,164,126,0,676,388,288,0
Y3,LPLC4,232,126,106,0,676,380,296,0
Mi4,C3,269,151,118,0,676,379,297,0
LC21,LMt1,220,110,110,0,676,340,336,0
cM13,Sm12,52,26,26,0,676,337,339,0
TmY15,Tm8b,200,85,115,0,675,278,397,0
Li24,LTe12,10,6,4,0,675,453,222,0
MeTu1,aMe26,224,126,98,0,675,390,285,0
Li11,LC17,236,123,113,0,674,347,327,0
Pm14,Y11,118,67,51,0,674,460,214,0
CB0566,Sm26,40,20,20,0,674,358,316,0
LMa5,Li21,117,71,46,0,673,448,225,0
Sm40,Tm8b,156,76,80,0,673,317,356,0
LPT48_vCal3,PLP248,4,1,1,2,673,114,104,455
TmY31,LC10c,238,124,114,0,672,349,323,0
T4b,T2,274,134,140,0,672,322,350,0
Tm5d,Sm15,197,109,88,0,672,377,295,0
Dm20,Tm27,311,142,169,0,672,316,356,0
Li32,LC9,120,64,56,0,672,370,302,0
MTe52,LMa2,150,87,63,0,672,393,279,0
cM16,LMa2,37,20,17,0,672,319,353,0
T4b,Pm04,285,155,130,0,671,374,297,0
TmY5a,LT1b,289,137,152,0,671,318,353,0
TmY4,TmY15,261,192,69,0,671,488,183,0
LPi14,VS1,4,2,2,0,671,472,199,0
Li27,LCe01b,61,37,24,0,671,443,228,0
l-LNv,Tm3,265,119,146,0,671,300,371,0
T5d,LPT49,256,198,58,0,670,537,133,0
LMt2,Li24,100,63,37,0,670,477,193,0
Y11,LLPC2,241,156,85,0,670,426,244,0
Li10,LLPt,207,110,97,0,670,377,293,0
LC14a1,Li06,134,72,62,0,670,354,316,0
CB0592,LC9,123,67,56,0,670,365,305,0
Mi4,T1,259,153,106,0,669,387,282,0
MLt3,cM07,74,52,22,0,669,564,105,0
Sm13,Tm5b,235,125,110,0,669,350,319,0
CB0566,aMe12,14,6,4,4,669,279,219,171
cML01,Pm04,78,40,38,0,669,374,295,0
Y1,LPi02,183,112,71,0,668,420,248,0
MLt3,LC11,213,108,105,0,668,347,321,0
LLPC3,vCal1,73,36,37,0,668,344,324,0
Tm8a,LTe17,117,60,57,0,667,331,336,0
Tm5e,LT53,197,91,106,0,667,327,340,0
LMa3,Li06,212,122,90,0,667,396,271,0
cM17,MLt2,82,38,44,0,667,303,364,0
cM05,Dm15,200,114,86,0,667,387,280,0
LPC1,PLP035,54,54,0,0,667,667,0,0
Mi9,MTe52,278,154,124,0,666,376,290,0
Tm1,Tm27,196,89,107,0,666,281,385,0
MLt3,TmY11,251,116,135,0,666,313,353,0
Sm09,MLt2,205,92,113,0,666,298,368,0
LPi10,LPC1,233,158,75,0,666,455,211,0
LC11,LT61b,117,54,63,0,666,272,394,0
LLPC3,TmY31,204,120,84,0,666,409,257,0
LT39,Li05,137,69,68,0,666,336,330,0
TmY31,LT86,124,56,68,0,665,250,415,0
Lawf1,L1,304,175,129,0,665,374,291,0
LMt1,LC18,223,122,101,0,665,377,288,0
OA-AL2i1,Lawf1,179,106,73,0,664,404,260,0
Sm05,Mi1,241,151,90,0,663,430,233,0
Pm06,T2,288,168,120,0,663,390,273,0
CB0592,Li22,17,8,9,0,663,319,344,0
cMLLP01,Y3,185,90,95,0,663,300,363,0
LLPC2,DNp31,66,66,0,0,663,663,0,0
T5d,T4d,286,160,126,0,662,356,306,0
Tm25,Tm5c,243,117,126,0,662,327,335,0
TmY31,LTe42a,106,51,55,0,662,326,336,0
TmY4,TmY9q⊥,273,142,131,0,662,334,328,0
Tm8b,LC28a,145,84,61,0,662,421,241,0
Y11,LC4,215,109,106,0,662,337,325,0
T2a,Tm5a,263,157,106,0,662,398,264,0
Li19,LT11,4,2,2,0,662,292,370,0
cL22c,LTe65,10,4,3,3,662,409,224,29
R1-6,R1-6,264,85,179,0,661,215,446,0
Sm16,Sm06,172,73,99,0,661,249,412,0
Li05,LTe03,53,29,24,0,661,401,260,0
cLP01,Y12,236,134,102,0,661,381,280,0
LT39,LC15,94,47,47,0,661,318,343,0
Mi15,MTe19,209,91,118,0,660,273,387,0
LPT48_vCal3,Tlp4,75,43,32,0,660,470,190,0
cL12,LT43,4,2,2,0,660,364,296,0
TmY15,LC21,234,123,111,0,659,337,322,0
cLP01,LPi04,190,139,51,0,659,497,162,0
cL12,LC34,12,7,5,0,659,343,316,0
LPT49,Tlp1,95,51,44,0,659,477,182,0
T5b,LMa4,266,136,130,0,658,351,307,0
MLt6,Sm07,185,97,88,0,657,351,306,0
cL20,LC4,69,33,36,0,657,340,317,0
Tm27,LC29,231,133,98,0,656,379,277,0
Mi4,Tm4,265,139,126,0,656,333,323,0
LLPC2,LC4,242,139,103,0,656,387,269,0
T5a,T5d,285,108,177,0,655,237,418,0
L5,MLt1,246,139,107,0,655,374,281,0
cLP02,LPi09,208,143,65,0,655,477,178,0
TmY10,Tm5e,243,120,123,0,654,311,343,0
Li05,LT36,107,48,59,0,654,213,441,0
MLt2,LCe03,168,103,65,0,654,401,253,0
Y1,Tlp1,213,117,96,0,654,351,303,0
LLPC3,LC9,191,107,84,0,654,346,308,0
Pm09,Pm04,196,109,87,0,653,362,291,0
MTe46,cL10,6,3,3,0,653,281,372,0
Tm20,LC28a,240,135,105,0,652,355,297,0
Pm09,Mi2,267,145,122,0,652,344,308,0
LT52,TmY20,161,80,81,0,652,323,329,0
T5c,Nod5,232,145,87,0,651,421,230,0
Dm6,Tm4,275,161,114,0,651,384,267,0
Li25,LC18,203,100,103,0,651,324,327,0
cM17,Tm7,183,98,85,0,651,340,311,0
LPi09,LPTe01,127,86,41,0,650,501,149,0
Li21,Tm27,267,150,117,0,650,362,288,0
Pm12,Pm04,132,67,65,0,649,330,319,0
LLPt,TmY11,238,110,128,0,649,290,359,0
cM07,MLt1,81,42,39,0,649,388,261,0
Tm27,Pm05,245,124,121,0,648,327,321,0
Li20,LC14a1,69,40,29,0,648,391,257,0
Dm16,Tm25,259,135,124,0,647,345,302,0
T4b,VSm,220,169,51,0,647,526,121,0
Sm31,Tm35,189,94,95,0,647,328,319,0
LMa4,LMt1,169,101,68,0,647,405,242,0
Tm8a,LC36,184,93,91,0,646,331,315,0
MLt3,Lawf2,251,147,104,0,646,369,277,0
LT65,Li10,121,63,58,0,646,365,281,0
Mi9,MTe54,262,173,89,0,645,432,213,0
Tlp14,LLPC2,228,146,82,0,645,440,205,0
Dm18,Dm19,133,65,68,0,645,321,324,0
Tm16,Sm09,223,124,99,0,644,372,272,0
L2,Tm25,255,130,125,0,643,328,315,0
Dm11,Mi4,263,153,110,0,643,386,257,0
Pm12,TmY5a,276,99,177,0,643,228,415,0
Tm20,Dm3p,287,136,151,0,642,297,345,0
LPi06,Y11,193,100,93,0,642,325,317,0
MLt5,Sm03,177,104,73,0,642,408,234,0
LPi13,Tlp4,79,49,30,0,642,451,191,0
aMe9,Sm30,51,24,27,0,642,373,269,0
T5b,TmY5a,288,154,134,0,641,338,303,0
Tm5c,Tm16,258,127,131,0,641,319,322,0
MLt2,TmY11,228,120,108,0,641,334,307,0
Tm4,LLPC3,259,137,122,0,641,335,306,0
TmY15,MLt3,212,108,104,0,641,306,335,0
Pm09,Tm27,267,161,106,0,641,382,259,0
Li10,LC40,187,95,92,0,641,320,321,0
Li28,LC10c,188,92,96,0,641,300,341,0
Tm5f,Mi10,245,138,107,0,640,371,269,0
Dm11,Mi2,245,131,114,0,640,352,288,0
Li20,LC17,193,97,96,0,640,327,313,0
LMa2,LC29,112,60,52,0,640,367,273,0
Sm42,Tm34,65,37,28,0,640,354,286,0
cLP05,LPLC2,95,68,27,0,640,478,162,0
Sm09,Tm5c,244,126,118,0,639,330,309,0
Y3,Tm34,209,103,106,0,638,306,332,0
Li16,Tm21,276,137,139,0,638,327,311,0
LPLC1,LTe18,43,21,22,0,638,343,295,0
MTe51,LTe56,52,27,25,0,638,355,283,0
LT37,Li13,60,29,31,0,638,332,306,0
Li18,LC9,230,121,109,0,637,323,314,0
LMa2,Pm14,67,39,28,0,637,439,198,0
LC10c,LC10c,106,31,75,0,637,177,460,0
LC14a1,Li24,36,23,13,0,637,407,230,0
LPT23,TmY9q⊥,177,126,51,0,637,452,185,0
Y4,T2a,257,139,118,0,636,361,275,0
TmY9q,LC10d,214,93,121,0,636,281,355,0
Y3,LC14a2,163,81,82,0,636,308,328,0
Sm42,MTe51,83,47,36,0,636,373,263,0
LC14a1,LMt3,51,26,25,0,636,358,278,0
Li13,LC6,184,92,92,0,635,318,317,0
T2a,Li20,260,132,128,0,635,333,302,0
TmY3,LMa5,234,142,92,0,635,397,238,0
Pm03,LMa4,188,103,85,0,635,378,257,0
TmY10,LC36,217,112,105,0,635,329,306,0
TmY11,Tm8b,227,102,125,0,635,284,351,0
Lawf2,Lawf2,274,169,105,0,635,390,245,0
Tm5c,LTe64,104,54,50,0,635,322,313,0
Li10,LTe46,51,25,26,0,635,325,310,0
Tlp5,Li29,54,27,27,0,634,341,293,0
cL22a,LT63,4,2,2,0,634,338,296,0
LPi06,LPLC4,147,84,63,0,633,359,274,0
Tm7,Tm8a,214,117,97,0,633,334,299,0
Y4,LC4,197,94,103,0,633,313,320,0
Tm4,LC11,276,151,125,0,633,347,286,0
LLPt,LLPC3,249,171,78,0,633,431,202,0
TmY15,LPi09,197,158,39,0,633,524,109,0
Sm32,TmY15,243,132,111,0,633,353,280,0
MeTu4c,Sm09,195,107,88,0,633,331,302,0
cL04,LC28a,76,41,35,0,633,342,291,0
Dm3v,Tm1,277,127,150,0,632,290,342,0
TmY31,LC10e,203,104,99,0,632,316,316,0
L5,T1,256,141,115,0,632,355,277,0
Pm07,Tm3,267,136,131,0,632,326,306,0
Li18,Tm36,242,119,123,0,632,314,318,0
LT11,Li19,4,2,2,0,632,290,342,0
LC14a2,TmY5a,189,94,95,0,632,308,324,0
VCH,Y3,186,93,93,0,632,294,338,0
Tm5b,MLt6,181,100,81,0,631,367,264,0
Dm8b,Sm03,161,97,64,0,631,380,251,0
Y11,LPLC2,239,151,88,0,631,399,232,0
LPi07,LLPC2,197,130,67,0,631,427,204,0
Li10,Li06,230,131,99,0,631,371,260,0
cLP01,Tlp1,171,108,63,0,631,427,204,0
R7,MeTu2a,153,112,41,0,630,481,149,0
Y3,Pm07,236,113,123,0,629,288,341,0
Tm5b,LC10a,186,93,93,0,629,304,325,0
LMt2,LPLC4,161,86,75,0,629,359,270,0
Li02,LT51,76,36,40,0,629,335,294,0
Dm2,Dm8b,244,127,117,0,629,328,301,0
Dm9,Tm21,231,188,43,0,629,512,117,0
Li08,Li01,243,133,110,0,628,360,268,0
MLt3,LC10d,219,109,110,0,628,307,321,0
Tm4,LTe13,201,100,101,0,628,315,313,0
Pm09,Tm21,264,128,136,0,628,310,318,0
Li31,Am1,2,1,1,0,628,307,321,0
LC4,LT82a,143,65,78,0,628,305,323,0
LC6,LMa1,160,81,79,0,628,340,288,0
MTe01a,MeTu4c,148,101,47,0,628,440,188,0
Tm16,LC14b,138,57,81,0,627,264,363,0
Pm08,Y4,228,123,105,0,627,338,289,0
LMt1,LT1a,48,23,25,0,627,332,295,0
MTe46,cM08b,12,6,6,0,627,341,286,0
cM17,Tm32,132,66,66,0,627,328,299,0
Tm25,Sm02,234,122,112,0,626,343,283,0
Li05,Tm7,213,112,101,0,626,321,305,0
LPi07,LPi15,89,51,38,0,626,395,231,0
LPi08,Y3,257,204,53,0,626,497,129,0
MTe51,Tm32,187,98,89,0,626,336,290,0
aMe8,cL10,4,2,2,0,626,295,331,0
LT58,LC10a,122,75,47,0,626,411,215,0
Tm9,Li26,204,115,89,0,625,364,261,0
Tm5e,LC15,216,106,110,0,625,287,338,0
LCe01b,Tm5d,214,125,89,0,625,376,249,0
T1,L5,224,118,106,0,624,334,290,0
LPi02,LPT22,69,41,28,0,624,393,231,0
Sm27,Tm5f,226,108,118,0,624,291,333,0
LC14a1,LC6,88,45,43,0,624,294,330,0
aMe3,APDN3,6,3,3,0,624,353,271,0
Tm2,CT1,240,112,128,0,623,301,322,0
LMt1,MTe52,163,96,67,0,623,363,260,0
cM15,TmY5a,228,121,107,0,623,347,276,0
Tm8a,LMa2,153,95,58,0,622,357,265,0
Dm8b,Tm8a,205,113,92,0,622,355,267,0
R7,Tm20,181,91,90,0,622,302,320,0
Tm5c,TmY9q,203,98,105,0,621,340,281,0
T4c,Nod5,232,134,98,0,621,382,239,0
Pm05,MTe51,156,68,88,0,621,250,371,0
Tm34,Tm33,185,96,89,0,621,318,303,0
Sm25,MLt7,132,73,59,0,621,376,245,0
Li25,LT61a,4,2,2,0,621,293,328,0
T4b,Mi13,261,131,130,0,620,313,307,0
MLt5,LLPt,133,72,61,0,620,341,279,0
Li31,LT82a,6,3,3,0,620,329,291,0
Dm2,Sm20,264,146,118,0,619,358,261,0
Sm03,MeTu4a,195,109,86,0,619,346,273,0
MTe02,Tm8a,193,101,92,0,619,325,294,0
cLLPM02,Lawf2,64,41,23,0,619,434,185,0
vCal1,PLP248,4,1,1,2,619,102,103,414
Mi10,Sm05,195,106,89,0,618,325,293,0
Tm5d,LC10d,200,101,99,0,618,324,294,0
T5a,T5b,274,122,152,0,617,271,346,0
Tm35,Li13,201,105,96,0,617,309,308,0
Tm5f,LC31a,191,117,74,0,617,391,226,0
LPT45_dCal1,LPi09,90,51,39,0,617,413,204,0
cM15,OA-AL2i1,2,1,1,0,617,345,272,0
cL22c,LT51,15,7,8,0,617,264,353,0
Y3,Tlp4,221,113,108,0,616,316,300,0
Mi4,MTe27,225,129,96,0,616,352,264,0
LPi04,LPi09,148,99,49,0,615,426,189,0
LPi04,TmY20,159,115,44,0,615,434,181,0
Li33,Tm21,222,95,127,0,615,258,357,0
Mi9,TmY4,244,126,118,0,614,320,294,0
Tm35,LC25,199,88,111,0,614,291,323,0
Dm8b,Dm8a,214,112,102,0,614,309,305,0
Li12,LC29,110,61,49,0,614,341,273,0
LC14b,Li30,34,18,16,0,614,317,297,0
TmY20,LC37a,156,83,73,0,613,327,286,0
TmY20,LT57,185,91,94,0,613,296,317,0
Tm32,LT52,163,73,90,0,613,279,334,0
Li30,LC10e,85,43,42,0,613,287,326,0
LPi13,TmY3,224,131,93,0,613,366,247,0
MTe51,Pm05,144,76,68,0,613,338,275,0
Li31,LT61a,2,1,1,0,612,310,302,0
LC24,Li33,67,31,36,0,612,305,307,0
Mi4,Dm12,240,111,129,0,611,285,326,0
Dm8a,Dm8b,232,119,113,0,611,291,320,0
Sm42,MTe50,53,28,25,0,611,315,296,0
MeMe_e05,MTe01b,40,22,18,0,611,336,275,0
Tm27,LC35,222,144,78,0,610,414,196,0
Pm01,Pm01,257,148,109,0,610,359,251,0
Mi4,Mi1,238,136,102,0,610,346,264,0
LPTe01,VSm,56,31,25,0,610,475,135,0
T4b,T4a,284,144,140,0,609,307,302,0
TmY11,Tm16,233,105,128,0,609,270,339,0
Mi1,Sm02,220,124,96,0,609,336,273,0
Dm20,Tm5f,262,154,108,0,609,361,248,0
Li24,Li32,10,6,4,0,609,351,258,0
LLPC3,PLP163,71,71,0,0,609,609,0,0
Tm36,LMt2,209,118,91,0,608,341,267,0
Sm04,MTe09,144,51,93,0,608,244,364,0
cM17,TmY11,163,75,88,0,608,281,327,0
LT70,Li10,145,75,70,0,607,303,304,0
LT42,Tm5b,198,103,95,0,606,318,288,0
Sm10,TmY4,204,104,100,0,605,304,301,0
Mi10,Pm05,193,108,85,0,605,336,269,0
Pm02,Pm03,250,124,126,0,605,306,299,0
MTe51,PLP215,71,33,38,0,605,294,311,0
Tm4,TmY9q⊥,260,146,114,0,604,342,262,0
Tm35,LT51,80,39,41,0,604,302,302,0
Li13,LC4,146,68,78,0,603,284,319,0
Li30,Li32,2,1,1,0,603,272,331,0
Tm7,Li11,217,106,111,0,602,304,298,0
Li11,LPLC2,217,110,107,0,602,298,304,0
LC14a2,LPLC4,100,48,52,0,602,278,324,0
OA-ASM1,Pm05,205,108,97,0,602,329,273,0
Dm8b,Tm5c,197,104,93,0,601,290,311,0
Y4,Sm42,111,59,52,0,601,330,271,0
LC28a,LC10e,164,91,73,0,601,327,274,0
Sm02,MTe22,145,74,71,0,600,286,314,0
Pm11,Pm04,165,90,75,0,600,341,259,0
Mi14,Y3,237,124,113,0,600,320,280,0
Li02,LC20b,145,80,65,0,600,295,305,0
Li03,LC24,145,73,72,0,600,280,320,0
LMt4,LT80,35,18,17,0,600,338,262,0
Li33,Tm31,89,41,48,0,600,324,276,0
Tm25,Tm37,236,127,109,0,599,321,278,0
Tm20,LCe02,191,103,88,0,599,321,278,0
Y3,LPT48_vCal3,175,109,66,0,599,371,228,0
MLt6,Sm12,145,75,70,0,599,333,266,0
Tm5e,Tm5a,235,142,93,0,599,359,240,0
Li33,LCe03,37,25,12,0,599,374,225,0
MeTu1,MTe03,176,104,72,0,599,355,244,0
CB0816,Tm20,191,101,90,0,599,310,289,0
LLPC1,CB0143,68,68,0,0,599,599,0,0
Mi2,Pm09,232,135,97,0,598,341,257,0
Tm16,Dm3p,262,131,131,0,598,305,293,0
Tm31,LC17,227,118,109,0,598,315,283,0
LLPt,LPLC1,197,114,83,0,598,323,275,0
Sm42,MTe03,41,23,18,0,598,294,304,0
Pm02,Pm05,216,119,97,0,597,322,275,0
LMa4,Tm27,236,142,94,0,597,371,226,0
LC21,LT61b,102,48,54,0,597,244,353,0
LC6,LT82a,146,68,78,0,597,287,310,0
LPT58,LPi01,38,16,22,0,597,302,295,0
Tm36,LTe12,117,62,55,0,596,318,278,0
Tm7,Li33,117,53,64,0,596,312,284,0
Li11,LCe01b,146,87,59,0,596,367,229,0
LT74,Li32,5,2,3,0,596,271,325,0
CB0592,C3,229,136,93,0,596,348,248,0
Tm27,Tm7,253,117,136,0,595,276,319,0
Li02,LPLC4,169,100,69,0,595,369,226,0
Mi15,Sm05,219,122,97,0,595,335,260,0
LC14b,Li25,51,24,27,0,595,319,276,0
LC14a1,LT82a,35,14,21,0,595,238,357,0
LPLC1,LC31c,64,34,30,0,595,277,318,0
cM08c,Sm42,6,3,3,0,595,427,168,0
Tm4,Tm27,249,137,112,0,594,327,267,0
Tlp14,LPi15,53,29,24,0,594,358,236,0
Tm5d,Li27,171,96,75,0,594,344,250,0
cLP03,LPLC1,149,93,56,0,594,389,205,0
Mi10,CB0816,213,120,93,0,593,344,249,0
Sm18,Sm12,201,101,100,0,593,303,290,0
Tm4,Li16,240,143,97,0,592,356,236,0
Tm32,TmY31,212,94,118,0,592,271,321,0
Tm5c,Y4,218,101,117,0,592,276,316,0
Li05,LC13,186,102,84,0,592,323,269,0
MTe51,PLP251,59,28,31,0,592,264,328,0
cLP03,LPC1,204,118,86,0,592,343,249,0
T4a,T4d,272,141,131,0,591,304,287,0
Tm4,Li06,230,122,108,0,591,305,286,0
TmY11,LC10d,180,88,92,0,591,284,307,0
Sm40,Pm05,85,46,39,0,591,297,294,0
LMa2,LC6,178,83,95,0,591,265,326,0
Pm06,T3,262,152,110,0,591,343,248,0
Li32,Tm5f,207,105,102,0,591,304,287,0
T4b,T4d,273,136,137,0,590,291,299,0
TmY10,LT58,162,109,53,0,590,400,190,0
Tm5c,Sm04,180,95,85,0,590,332,258,0
Tm5e,T2a,248,146,102,0,589,342,247,0
Li05,Li07,201,92,109,0,589,262,327,0
LC15,Tm31,186,105,81,0,589,331,258,0
mALC4,LC18,110,55,55,0,589,283,306,0
DCH,Tlp1,68,40,28,0,589,463,126,0
Dm15,Dm15,250,122,128,0,588,292,296,0
L5,Tm2,217,97,120,0,588,264,324,0
Dm4,Tm7,167,101,66,0,588,346,242,0
Li16,LMa4,116,71,45,0,588,361,227,0
MeTu4c,LTe25,68,33,35,0,588,297,291,0
mALC5,LLPt,28,13,15,0,588,295,293,0
Nod5,VCH,4,1,1,2,588,61,25,502
Dm8a,Sm08,172,88,84,0,587,280,307,0
T3,Tm27,241,140,101,0,587,338,249,0
Tm1,Pm04,124,61,63,0,587,311,276,0
Li16,Tm27,257,143,114,0,587,324,263,0
aMe4,TmY5a,207,72,135,0,587,194,393,0
MTe47,Li15,93,48,45,0,587,312,275,0
T2a,LLPC3,188,75,113,0,586,214,372,0
Pm02,Pm02,231,134,97,0,586,339,247,0
Li03,LC22,153,84,69,0,586,309,277,0
LT52,LC10c,84,41,43,0,586,251,335,0
T5c,T5d,258,106,152,0,585,246,339,0
TmY31,Tm37,212,105,107,0,585,288,297,0
TmY15,Pm14,169,103,66,0,585,387,198,0
LC28a,Tm31,143,86,57,0,585,385,200,0
LC14a1,LC16,102,50,52,0,585,311,274,0
LLPC3,PLP020,61,61,0,0,585,585,0,0
Mi15,Mi10,244,124,120,0,584,295,289,0
LPi05,LPi10,171,125,46,0,584,420,164,0
T3,LT11,186,101,85,0,584,319,265,0
LMa2,LC16,174,88,86,0,584,305,279,0
LPLC4,LC19,119,62,57,0,584,324,260,0
LT11,LT87,2,1,1,0,583,324,259,0
Tm31,Tm37,192,102,90,0,582,298,284,0
Dm8b,Dm8b,223,102,121,0,582,248,334,0
T4c,LPT28,216,155,61,0,582,439,143,0
Li10,LPLC1,154,83,71,0,582,293,289,0
LMt4,TmY15,154,62,92,0,582,256,326,0
LT52,LC19,113,59,54,0,582,304,278,0
LC14b,TmY9q⊥,124,82,42,0,582,406,176,0
cLP03,LLPC1,187,119,68,0,582,366,216,0
Dm8a,Sm36,198,105,93,0,581,316,265,0
Tm3,LC10a,214,109,105,0,581,297,284,0
Tm25,Li03,219,128,91,0,581,350,231,0
Li03,Li06,182,90,92,0,580,302,278,0
Y3,Pm03,239,121,118,0,580,292,288,0
Tm16,LC36,195,96,99,0,580,280,300,0
Tm5e,Tm37,242,122,120,0,580,297,283,0
Dm14,Lawf1,187,110,77,0,580,336,244,0
Dm3p,Tm21,267,140,127,0,579,306,273,0
Dm8b,Sm08,182,95,87,0,579,297,282,0
Li11,LC16,186,96,90,0,579,289,290,0
LPC1,Nod3,83,49,34,0,579,393,186,0
MTe47,LMt4,88,51,37,0,579,349,230,0
T2a,Tm21,223,90,133,0,578,237,341,0
Tlp4,LPLC2,203,144,59,0,578,419,159,0
MeTu4a,MeTu4a,150,61,89,0,578,246,332,0
Dm2,Sm27,231,109,122,0,577,283,294,0
LLPt,LPT49,62,36,26,0,577,461,116,0
Y3,TmY16,236,129,107,0,576,328,248,0
Li08,LC10e,195,102,93,0,576,292,284,0
Tm8a,Mi4,243,135,108,0,576,324,252,0
Tm21,LTe12,207,89,118,0,576,253,323,0
TmY11,LTe64,96,48,48,0,576,277,299,0
Li31,LT60,2,1,1,0,576,317,259,0
MTe50,LTe56,38,21,17,0,576,318,258,0
Mi10,T4d,250,162,88,0,575,374,201,0
TmY9q⊥,LT52,148,68,80,0,575,274,301,0
LC10f,LC10c,80,31,49,0,575,208,367,0
mALC5,Tm5f,113,58,55,0,575,300,275,0
cL22c,LC19,13,4,7,2,575,214,343,18
Sm10,Dm8b,204,124,80,0,574,346,228,0
Tm16,LMa4,207,114,93,0,574,313,261,0
T2a,Sm02,231,134,97,0,574,326,248,0
Tm27,Li17,227,132,95,0,574,325,249,0
Tm7,LCe01a,140,72,68,0,574,319,255,0
DmDRA1,Sm18,145,80,65,0,574,355,219,0
LMa4,LC12,231,133,98,0,574,343,231,0
Li10,T3,246,134,112,0,574,312,262,0
LMa2,LMt2,153,90,63,0,574,340,234,0
Li10,LC11,200,116,84,0,574,342,232,0
cLLPM02,Pm13,3,1,2,0,574,238,336,0
LTe25,Li33,2,1,1,0,574,274,300,0
Tm33,LCe01b,138,91,47,0,573,365,208,0
LMt3,Tlp5,154,79,75,0,573,287,286,0
LT37,Y1,102,52,50,0,573,289,284,0
cL12,LC33a,9,5,4,0,573,265,308,0
Dm8a,Tm5c,196,102,94,0,572,280,292,0
cM14,Pm13,3,1,2,0,572,198,374,0
TmY3,Tm4,242,112,130,0,571,264,307,0
TmY3,LCe07,180,90,90,0,571,292,279,0
TmY3,Mi14,231,131,100,0,571,331,240,0
LPi07,Y12,197,117,80,0,571,334,237,0
aMe5,aMe4,125,58,67,0,571,266,305,0
LT77,LC10d,128,75,53,0,571,312,259,0
cM15,Sm20,58,28,30,0,571,300,271,0
Tm35,Tm16,218,111,107,0,570,302,268,0
Dm3v,Tm2,251,117,134,0,570,260,310,0
T5c,TmY15,241,163,78,0,570,394,176,0
Li16,T2a,253,130,123,0,570,292,278,0
LC28a,LC19,104,61,43,0,570,333,237,0
Mi1,Mi14,169,99,70,0,569,389,180,0
LMt3,Li05,156,80,76,0,569,289,280,0
Tm16,LCe06,131,69,62,0,569,269,300,0
Mi4,Sm42,232,142,90,0,568,358,210,0
Pm05,TmY16,185,107,78,0,568,349,219,0
Sm40,Sm31,46,24,22,0,568,319,249,0
TmY5a,LCe01b,217,127,90,0,568,323,245,0
LC9,LT51,132,57,75,0,568,224,344,0
cM05,Dm19,25,11,14,0,568,219,349,0
TmY31,LTe17,138,65,73,0,567,266,301,0
Mi9,aMe5,180,103,77,0,567,321,246,0
C2,Dm18,250,130,120,0,567,290,277,0
Tm5e,Li21,200,96,104,0,567,272,295,0
Li05,LT76,77,35,42,0,567,261,306,0
Dm14,L2,233,134,99,0,567,327,240,0
LPLC4,Li05,177,95,82,0,567,322,245,0
Mi15,OA-AL2i3,227,143,84,0,566,364,202,0
Tlp4,LC4,172,90,82,0,566,293,273,0
Li13,LT58,61,32,29,0,566,423,143,0
Sm01,Sm19,208,103,105,0,566,284,282,0
TmY15,MeMe_e07,195,118,77,0,566,357,209,0
Li16,LC31a,109,62,47,0,566,379,187,0
Pm06,Tm25,246,143,103,0,566,330,236,0
LC14b,LMt2,87,51,36,0,566,363,203,0
LC14a2,TmY16,59,29,30,0,566,270,296,0
OA-ASM1,Li24,40,24,16,0,566,299,267,0
Sm02,Dm8a,213,105,108,0,565,274,291,0
T3,TmY9q⊥,198,92,106,0,565,254,311,0
Tm5f,Tm25,237,110,127,0,565,249,316,0
TmY15,Dm20,212,113,99,0,565,301,264,0
LMa2,LC10c,173,81,92,0,565,262,303,0
LC14a1,TmY14,74,36,38,0,565,278,287,0
Sm33,Sm16,56,40,16,0,564,425,139,0
LC18,LC17,216,110,106,0,564,288,276,0
cL02a,Li10,100,55,45,0,564,365,199,0
TmY11,LT53,159,71,88,0,563,254,309,0
Tm3,Li02,209,138,71,0,563,366,197,0
Li24,LT61b,10,6,4,0,563,327,236,0
LT1d,cL21,4,2,2,0,563,293,270,0
cMLLP02,LT33,3,2,1,0,563,400,163,0
T2a,LC14a1,159,87,72,0,562,320,242,0
MLt3,Mi14,207,110,97,0,562,288,274,0
Sm01,Dm8a,202,115,87,0,562,320,242,0
LT41,LC4,58,29,29,0,562,324,238,0
Tm5b,Tm35,170,85,85,0,561,294,267,0
Sm42,Sm12,95,47,48,0,561,289,272,0
LT52,LT51,119,56,63,0,561,282,279,0
cM06,Dm6,18,7,11,0,561,234,327,0
aMe17a1,MLt7,52,24,28,0,561,245,316,0
Tm2,TmY9q⊥,239,115,124,0,560,260,300,0
Tm20,MTe01a,199,137,62,0,560,387,173,0
Sm04,Tm32,181,105,76,0,560,327,233,0
Li33,Tm16,165,84,81,0,560,281,279,0
MTe50,Tm32,158,81,77,0,560,296,264,0
LCe03,LC10d,135,85,50,0,560,340,220,0
cM02a,Sm16,43,21,22,0,560,328,232,0
VCH,TmY20,141,77,64,0,560,326,234,0
MLt6,Sm41,59,30,29,0,559,261,298,0
LC21,LT73,82,44,38,0,559,315,244,0
TmY11,LC20b,189,100,89,0,558,292,266,0
T4c,LLPt,245,164,81,0,558,378,180,0
Pm08,TmY15,206,130,76,0,558,355,203,0
Li04,Li10,166,101,65,0,558,325,233,0
LPi09,LPT47_vCal2,46,25,21,0,558,390,168,0
LLPC1,Y3,209,124,85,0,558,339,219,0
aMe4,aMe1,28,10,18,0,558,252,306,0
Mi10,MTe04,158,96,62,0,557,329,228,0
Sm03,MTe05,184,117,67,0,557,354,203,0
Sm40,TmY5a,229,106,123,0,557,253,304,0
PLP032,OA-AL2b2,8,4,4,0,557,291,266,0
H2,VCH,4,1,1,2,557,8,4,545
Dm10,Lawf1,228,133,95,0,556,323,233,0
TmY5a,TmY11,226,134,92,0,556,349,207,0
Sm16,MeTu3c,161,96,65,0,556,323,233,0
Y11,MLt3,199,100,99,0,556,283,273,0
TmY5a,Li21,224,118,106,0,556,293,263,0
LPi14,vCal1,4,2,2,0,556,291,265,0
Tm5e,LC13,209,105,104,0,555,295,260,0
MTe47,LMa4,112,60,52,0,555,318,237,0
Mi2,TmY10,225,109,116,0,554,275,279,0
T4d,T5d,245,134,111,0,554,303,251,0
Y12,Li29,146,77,69,0,554,311,243,0
Li11,LC14a1,57,30,27,0,554,279,275,0
LMa2,LLPt,118,62,56,0,554,307,247,0
LMa2,LT51,77,44,33,0,554,267,287,0
Pm14,MTe13,10,6,4,0,554,290,264,0
LT52,LC22,117,61,56,0,554,280,274,0
LC14b,Li06,116,55,61,0,554,256,298,0
cM06,C2,153,88,65,0,554,319,235,0
Y3,Mi10,204,116,88,0,553,313,240,0
T2a,Y1,236,127,109,0,553,301,252,0
Sm35,Tm37,184,81,103,0,553,227,326,0
Tm8b,LT52,130,51,79,0,552,233,319,0
Tm1,Pm09,128,46,82,0,551,158,393,0
Y12,LMa3,150,79,71,0,551,309,242,0
Li22,Li15,106,62,44,0,551,354,197,0
LT41,LC9,71,36,35,0,551,317,234,0
cM16,MTe08,12,6,6,0,551,256,295,0
Li17,LC9,212,124,88,0,550,321,229,0
TmY16,TmY31,187,95,92,0,550,290,260,0
Pm08,Pm06,196,112,84,0,550,323,227,0
Li18,Tm7,230,105,125,0,550,256,294,0
T2a,LC31a,200,123,77,0,549,353,196,0
Tm25,Sm01,198,111,87,0,549,310,239,0
Li08,LC24,181,99,82,0,549,318,231,0
Tm5f,Tm35,194,93,101,0,549,259,290,0
MeTu4c,LT51,48,24,24,0,549,274,275,0
C3,Pm13,216,107,109,0,548,278,270,0
Mi4,Tm5c,226,111,115,0,548,265,283,0
LMa2,LT66,36,20,16,0,548,288,260,0
T5d,LPT29,193,141,52,0,548,418,130,0
MeLp2,LPi14,4,2,2,0,548,277,271,0
H2,TmY20,122,81,41,0,548,390,158,0
Mi9,CB0816,214,121,93,0,547,313,234,0
Tm32,Sm27,115,53,62,0,547,265,282,0
Tm5a,Dm8a,205,109,96,0,547,276,271,0
L3,MTe50,196,130,66,0,547,367,180,0
Pm10,Pm06,130,77,53,0,547,392,155,0
Li27,Tm5d,177,105,72,0,547,321,226,0
cL22a,LC36,26,13,13,0,547,252,295,0
MeMe_e03,MTe01b,35,16,19,0,547,190,357,0
Tm3,C3,226,130,96,0,546,296,250,0
Tlp4,H2,77,42,35,0,546,350,196,0
MLt6,TmY31,154,80,74,0,546,268,278,0
Y3,Tm5e,202,107,95,0,546,292,254,0
Pm06,MTe08,133,72,61,0,546,322,224,0
Am1,Y11,98,46,52,0,546,249,297,0
MTe51,aMe20,69,30,39,0,546,235,311,0
cM15,OA-AL2i2,4,2,2,0,546,262,284,0
Li17,LPLC1,202,104,98,0,545,287,258,0
MLt3,Li33,70,36,34,0,545,259,286,0
Sm13,Tm5d,202,106,96,0,545,272,273,0
LMt1,T2a,246,123,123,0,545,278,267,0
Li22,LCe07,36,20,16,0,545,317,228,0
cM04,l-LNv,24,12,12,0,545,232,313,0
Sm02,Sm07,205,123,82,0,544,344,200,0
TmY5a,T3,226,111,115,0,544,252,292,0
Sm01,CB0566,147,56,91,0,544,172,372,0
Tm35,MTe54,139,67,72,0,544,276,268,0
TmY9q⊥,LT51,148,74,74,0,544,267,277,0
Tm35,LTe76,37,18,19,0,544,252,292,0
Pm08,LMa4,168,89,79,0,544,303,241,0
Li28,Tm5b,206,107,99,0,544,273,271,0
TmY11,Li28,195,102,93,0,543,297,246,0
Tm4,LT51,176,91,85,0,543,296,247,0
L4,L4,239,164,75,0,543,358,185,0
Tm5e,LC10d,203,97,106,0,543,262,281,0
Tm4,DNp11,157,59,98,0,543,210,333,0
cM12,Sm12,64,30,34,0,543,286,257,0
TmY5a,LC39,178,86,92,0,542,264,278,0
Li10,Li02,154,60,94,0,542,182,360,0
Tm5c,Sm32,226,121,105,0,542,294,248,0
Sm03,Sm34,190,129,61,0,542,394,148,0
Sm26,DmDRA2,67,37,30,0,542,354,188,0
Sm42,MLt1,80,40,40,0,542,259,283,0
LC21,LC16,188,95,93,0,542,275,267,0
VSm,LPT58,6,0,2,4,542,0,23,519
H1,LPLC4,62,32,30,0,542,321,221,0
cM19,LMa1,125,62,63,0,542,263,279,0
L1,Mi4,170,83,87,0,541,277,264,0
Mi10,Sm42,169,88,81,0,541,272,269,0
Tm8b,Li04,132,65,67,0,541,284,257,0
Tm8b,LC21,138,58,80,0,541,205,336,0
LC22,LPLC4,151,73,78,0,541,260,281,0
T5d,LPT30,181,106,75,0,540,319,221,0
TmY15,Tm9,243,110,133,0,540,249,291,0
Y1,T3,220,112,108,0,540,276,264,0
LMa3,LMt2,133,79,54,0,540,328,212,0
cML01,TmY9q⊥,138,79,59,0,540,328,212,0
Tm37,LCe03,133,88,45,0,539,342,197,0
TmY9q,Li01,216,98,118,0,539,235,304,0
Nod5,DCH,4,1,1,2,539,40,25,474
TmY9q,LC14b,166,76,90,0,538,238,300,0
Dm9,MLt3,157,119,38,0,538,446,92,0
Tm16,Pm07,177,84,93,0,537,269,268,0
T5c,LPi11,167,95,72,0,537,343,194,0
Li10,Tm5c,213,106,107,0,537,285,252,0
Pm03,Pm01,221,137,84,0,537,341,196,0
Pm07,Tm21,239,119,120,0,537,275,262,0
T4b,Tlp1,216,129,87,0,536,335,201,0
Tlp14,LPC1,167,109,58,0,536,350,186,0
TmY5a,Mi2,222,133,89,0,536,323,213,0
Sm30,Sm03,182,106,76,0,536,325,211,0
Mi10,MLt6,170,95,75,0,536,308,228,0
TmY4,LLPC1,190,123,67,0,536,352,184,0
MTe02,TmY31,171,76,95,0,536,232,304,0
VCH,LPi02,59,33,26,0,536,286,250,0
TmY3,OA-AL2i2,205,114,91,0,535,308,227,0
TmY4,TmY31,208,111,97,0,535,282,253,0
Li02,LTe21,85,48,37,0,535,309,226,0
Li14,LT33,26,13,13,0,535,267,268,0
Sm05,Tm27,190,112,78,0,535,335,200,0
TmY4,LPi13,147,112,35,0,535,400,135,0
LMt1,LC12,206,112,94,0,535,294,241,0
Li30,Tm37,152,83,69,0,535,326,209,0
L3,cM09,190,134,56,0,534,392,142,0
MLt2,Sm13,155,83,72,0,534,300,234,0
TmY5a,LC10c,215,110,105,0,533,277,256,0
Dm12,Tm5f,215,109,106,0,533,274,259,0
aMe5,aMe10,56,23,33,0,533,296,237,0
LC14b,Li16,75,38,37,0,533,298,235,0
cM08b,Dm8b,177,112,65,0,533,337,196,0
Tlp1,LLPC2,191,119,72,0,532,345,187,0
Tm5d,Sm07,190,108,82,0,532,327,205,0
Li24,TmY14,182,104,78,0,532,313,219,0
Li30,LC20b,46,23,23,0,532,317,215,0
T4a,VST2,211,138,73,0,531,348,183,0
Li02,LT78,91,49,42,0,531,283,248,0
TmY15,T2,230,131,99,0,531,303,228,0
T4a,VS4,105,75,30,0,531,408,123,0
Sm42,Sm05,105,59,46,0,531,324,207,0
Sm42,MTe08,12,6,6,0,531,277,254,0
Li33,LC26,55,31,24,0,531,300,231,0
LC22,LT82a,80,28,52,0,531,216,315,0
LC10a,LC14a1,139,72,67,0,531,298,233,0
MeMe_e07,TmY11,218,107,111,0,531,258,273,0
LT53,Li33,8,4,4,0,531,311,220,0
Sm08,MeTu4a,150,70,80,0,530,278,252,0
Tm1,TmY14,89,31,58,0,530,135,395,0
Tm36,Tm5c,210,102,108,0,530,267,263,0
LC18,LT61b,144,67,77,0,530,227,303,0
LC11,LT1d,109,51,58,0,530,212,318,0
OA-ASM1,MTe54,124,73,51,0,530,335,195,0
cM08b,Sm26,40,20,20,0,530,279,251,0
Tm2,Pm05,192,96,96,0,529,276,253,0
Pm12,Tm27,226,144,82,0,529,339,190,0
LMa5,Tm1,198,129,69,0,529,325,204,0
TmY14,Pm05,185,99,86,0,529,296,233,0
cL22c,LC36,18,9,9,0,529,239,290,0
Dm17,Mi14,185,95,90,0,528,274,254,0
Mi9,TmY16,226,137,89,0,528,324,204,0
LTe20,LMa1,44,23,21,0,528,270,258,0
OA-AL2i2,LMa5,109,55,54,0,528,275,253,0
Dm20,TmY5a,235,111,124,0,527,246,281,0
Tm1,LMa4,166,90,76,0,527,296,231,0
Am1,LPi05,69,39,30,0,527,371,156,0
LC10d,LMa1,139,66,73,0,527,252,275,0
aMe4,Dm16,157,71,86,0,527,273,254,0
OA-AL2b1,Li33,4,2,2,0,527,236,291,0
Tm8a,Li28,151,73,78,0,526,251,275,0
LC9,LCe06,58,31,27,0,526,279,247,0
LT40,LPLC4,70,36,34,0,526,294,232,0
T2a,LMa3,180,75,105,0,525,209,316,0
Y3,LC24,183,89,94,0,525,253,272,0
Tm36,LC31b,113,55,58,0,525,241,284,0
Li09,LC13,174,93,81,0,525,274,251,0
Li10,LT63,151,86,65,0,525,317,208,0
Sm30,MeTu3c,184,96,88,0,525,276,249,0
Dm9,Dm9,186,153,33,0,525,442,83,0
LMa3,LC4,147,76,71,0,525,296,229,0
LPi09,VST1,89,63,26,0,525,441,84,0
MC65,MTe16,12,6,6,0,525,355,170,0
Mi4,LMa4,219,122,97,0,524,281,243,0
Sm12,MTe03,127,73,54,0,524,292,232,0
Mi10,Tm8b,186,87,99,0,524,231,293,0
Li03,LT51,78,43,35,0,523,286,237,0
Li24,LC10a,131,81,50,0,523,318,205,0
Li33,LT72,2,1,1,0,523,237,286,0
MeTu3c,aMe5,188,96,92,0,523,268,255,0
cL21,Li17,138,70,68,0,523,256,267,0
LPi04,Y1,131,83,48,0,522,323,199,0
MLt6,Tm31,122,60,62,0,522,253,269,0
Li11,LC22,142,81,61,0,522,296,226,0
Dm18,Dm1,157,86,71,0,522,279,243,0
LPi09,LPT30,37,22,15,0,522,318,204,0
LT34,Li10,104,59,45,0,522,301,221,0
Tm8a,LC33a,140,63,77,0,521,229,292,0
Mi15,Sm20,199,112,87,0,520,287,233,0
Tm3,Tm8b,214,85,129,0,520,207,313,0
Li01,LC20b,157,87,70,0,520,280,240,0
LC21,Li10,153,74,79,0,520,246,274,0
LPC1,LPLC4,168,99,69,0,520,331,189,0
MTe01a,TmY10,177,124,53,0,520,369,151,0
LC22,cL18,66,39,27,0,520,307,213,0
cL10,MTe05,25,11,14,0,520,200,320,0
MLt5,cM08c,110,69,41,0,519,322,197,0
Y11,TmY31,180,78,102,0,519,219,300,0
LLPC1,Tlp5,190,124,66,0,519,354,165,0
cL02b,Li10,83,49,34,0,519,293,226,0
T5b,T5a,229,98,131,0,518,215,303,0
Dm10,Tm5e,205,120,85,0,518,296,222,0
Tm5c,Sm15,190,113,77,0,518,313,205,0
LMa5,Pm09,162,96,66,0,518,331,187,0
Li29,Li32,2,1,1,0,518,258,260,0
OA-AL2b2,T2,203,118,85,0,518,298,220,0
H2,DCH,4,1,1,2,518,13,3,502
T4c,LPi11,179,95,84,0,517,304,213,0
Tm5e,Mi9,220,120,100,0,517,271,246,0
TmY9q⊥,Mi13,197,100,97,0,517,249,268,0
Mi10,Sm13,185,95,90,0,517,277,240,0
LMa2,LT1b,37,20,17,0,517,261,256,0
Pm14,MTe51,115,58,57,0,517,273,244,0
LT36,Li10,118,53,65,0,517,179,338,0
Li10,Li29,127,64,63,0,516,262,254,0
CB0802,OA-AL2i1,4,1,1,2,516,119,95,302
cL22b,LT38,6,2,2,2,516,252,220,44
Li09,LC10a,183,99,84,0,515,270,245,0
Pm14,MeTu1,141,82,59,0,515,321,194,0
Sm36,Tm31,150,72,78,0,515,262,253,0
LC14a1,Tm36,92,51,41,0,515,290,225,0
LC14a2,TmY10,130,67,63,0,515,270,245,0
LPT27,Tlp1,51,27,24,0,515,274,241,0
MLt3,LC31a,108,63,45,0,514,271,243,0
MTe54,TmY10,198,91,107,0,514,244,270,0
MC65,MeTu4a,77,38,39,0,514,262,252,0
OA-AL2i1,Sm42,2,1,1,0,514,251,263,0
T5a,T2,238,117,121,0,513,261,252,0
Y3,LC36,167,78,89,0,513,234,279,0
Tm5e,LC36,188,93,95,0,513,244,269,0
Tm5b,Tm20,206,99,107,0,513,249,264,0
Tm5a,LC37a,138,76,62,0,513,292,221,0
Lawf2,L3,186,120,66,0,513,300,213,0
LPT21,Tlp1,80,43,37,0,513,300,213,0
Tm5b,LC20b,177,98,79,0,512,293,219,0
Li31,Li22,17,8,9,0,512,228,284,0
LPi13,TmY11,147,93,54,0,512,356,156,0
MTe01b,Sm16,131,77,54,0,512,306,206,0
T5b,T5d,231,95,136,0,511,205,306,0
Tm27,LMa2,223,136,87,0,511,308,203,0
TmY10,LC37a,168,78,90,0,511,241,270,0
Tm5d,Tm37,189,96,93,0,511,258,253,0
TmY15,LC10a,178,95,83,0,511,278,233,0
Tm35,LTe01,129,69,60,0,511,293,218,0
Tlp1,LPLC2,195,138,57,0,511,370,141,0
Li33,LPLC4,75,33,42,0,511,181,330,0
LT58,LT79,2,1,1,0,511,357,154,0
Tlp4,LPLC4,155,105,50,0,510,368,142,0
Tm5c,LC10b,164,90,74,0,510,283,227,0
Li27,Li28,8,4,4,0,510,311,199,0
LMt1,LC9,172,103,69,0,509,312,197,0
Am1,Li14,26,13,13,0,509,307,202,0
LT51,cL22b,14,0,1,13,509,0,2,507
mALC4,Tm21,183,96,87,0,509,274,235,0
T4a,LPT04_HST,192,89,103,0,508,223,285,0
Mi2,Y3,216,119,97,0,508,279,229,0
Mi10,Dm20,214,112,102,0,508,248,260,0
Tm5d,LT67,139,80,59,0,508,294,214,0
Mi4,Mi10,206,103,103,0,507,246,261,0
Tm5b,LC9,176,89,87,0,507,265,242,0
Mi15,MTe01b,207,122,85,0,507,302,205,0
Tm36,LC31c,90,45,45,0,507,241,266,0
Sm01,Dm8b,187,101,86,0,507,251,256,0
LMa2,Y3,199,115,84,0,507,295,212,0
Dm3v,Tm20,218,132,86,0,506,306,200,0
C2,C3,209,129,80,0,506,322,184,0
Dm1,MLt1,147,78,69,0,506,288,218,0
Li12,LCe06,52,32,20,0,506,299,207,0
LMt4,LC31a,114,69,45,0,506,323,183,0
LPLC1,LPi05,132,96,36,0,506,375,131,0
Li10,LMt2,157,97,60,0,505,329,176,0
aMe4,Dm9,181,123,58,0,505,344,161,0
LT37,LC22,53,28,25,0,505,260,245,0
mALC3,Li14,23,11,12,0,505,269,236,0
Mi14,Tm2,223,138,85,0,504,311,193,0
Tm35,LC6,167,86,81,0,504,243,261,0
LLPt,LPT21,57,30,27,0,504,336,168,0
MTe01a,MTe37,34,22,12,0,504,315,189,0
mALC4,LMt4,14,8,6,0,504,293,211,0
cML01,CB0592,4,2,2,0,504,275,229,0
TmY5a,LC10d,198,100,98,0,503,255,248,0
TmY20,LPi02,168,103,65,0,503,288,215,0
Sm06,MeTu4b,102,65,37,0,503,338,165,0
Sm18,Sm39,35,17,18,0,503,302,201,0
Tm7,LT76,113,55,58,0,503,229,274,0
LMa1,Mi2,207,123,84,0,503,306,197,0
Li13,LTe08,25,14,11,0,503,260,243,0
LC4,LMa2,127,70,57,0,503,269,234,0
Sm01,Sm08,167,78,89,0,502,224,278,0
MeTu4c,LC10c,148,73,75,0,502,261,241,0
mALC5,Li07,22,10,12,0,502,274,228,0
Dm15,T1,187,115,72,0,501,307,194,0
Tm37,Tm5e,193,100,93,0,501,263,238,0
Tm5d,LC26,177,97,80,0,501,274,227,0
Tm31,LC13,170,96,74,0,501,292,209,0
LMt1,Pm10,144,75,69,0,501,280,221,0
LTe65,cL13,14,4,3,7,501,174,124,203
Tm5e,TmY4,192,119,73,0,500,311,189,0
Li18,Tm5d,208,106,102,0,500,258,242,0
LMa4,T3,186,111,75,0,500,287,213,0
Sm41,Pm10,42,23,19,0,500,301,199,0
LPLC1,DNp11,64,23,41,0,500,124,376,0
OA-AL2b2,MLt3,151,72,79,0,500,264,236,0
Dm3v,Dm3v,219,110,109,0,499,249,250,0
Y3,Pm09,197,110,87,0,499,290,209,0
Tm21,TmY10,218,98,120,0,499,220,279,0
Dm18,Dm18,153,82,71,0,499,256,243,0
LPi10,LPi04,137,106,31,0,499,406,93,0
LPi08,VSm,59,40,19,0,499,408,91,0
Li12,LC40,110,52,58,0,499,278,221,0
Li28,LTe12,4,2,2,0,499,285,214,0
MeTu2a,MeMe_e10,84,44,40,0,499,298,201,0
cL20,LC22,37,20,16,1,499,252,240,7
Tm16,Pm05,167,74,93,0,498,227,271,0
L3,Lawf2,212,114,98,0,498,252,246,0
TmY5a,Sm09,197,121,76,0,498,314,184,0
LMa5,Tm27,188,119,69,0,498,326,172,0
LPi13,Tlp1,101,55,46,0,498,333,165,0
MeTu4c,LTe23,67,35,32,0,498,235,263,0
LTe20,LMa2,33,16,17,0,498,245,253,0
LPT57,LPi08,37,22,15,0,498,357,141,0
Sm10,Dm12,166,88,78,0,497,274,223,0
T5a,Nod2,168,83,85,0,497,238,259,0
TmY20,LC16,171,90,81,0,497,268,229,0
T2a,LMa1,168,70,98,0,497,204,293,0
TmY9q,LC14a2,134,61,73,0,497,203,294,0
Tm5a,LC10b,136,82,54,0,497,299,198,0
Tm25,TmY9q⊥,220,125,95,0,497,275,222,0
Li31,LC28a,49,27,22,0,497,317,180,0
aMe4,l-LNv,61,27,34,0,497,190,307,0
CB0816,aMe4,35,13,22,0,497,253,244,0
cM02b,MeMe_e02,11,6,5,0,497,252,245,0
Tm20,Tm32,179,88,91,0,496,239,257,0
Y4,Tm21,212,96,116,0,496,229,267,0
LPi02,LPT42_Nod4,32,21,11,0,496,357,139,0
MeTu1,MTe26,115,57,58,0,496,220,276,0
Y3,LPLC1,167,83,84,0,495,241,254,0
Tlp4,LPi14,116,70,46,0,495,290,205,0
Mi4,Dm4,192,97,95,0,495,250,245,0
Li11,LC20b,134,71,63,0,495,287,208,0
Li27,Tm31,107,59,48,0,495,283,212,0
Am1,T4b,207,120,87,0,495,276,219,0
LLPC2,LLPt,195,114,81,0,495,286,209,0
LTe01,LT36,10,2,3,5,495,124,184,187
cM15,Sm04,108,61,47,0,495,316,179,0
Tm20,LC6,207,100,107,0,494,231,263,0
TmY15,LC4,186,102,84,0,494,288,206,0
LMa2,Pm09,153,84,69,0,494,269,225,0
cLP03,LPi13,23,10,13,0,494,236,258,0
MeMe_e02,Sm14,82,43,39,0,494,263,231,0
Y3,LPT31,142,93,49,0,493,337,156,0
TmY20,Tm5e,190,101,89,0,493,263,230,0
Tm7,MTe01a,161,109,52,0,493,332,161,0
Sm07,MTe12,126,62,64,0,493,239,254,0
Tm16,LC10c,173,87,86,0,493,251,242,0
Li32,LC20a,34,22,12,0,493,356,137,0
LPi13,LLPC1,116,79,37,0,493,357,136,0
MeTu3a,Sm39,39,19,20,0,493,292,201,0
Tm27,MTe52,208,111,97,0,492,264,228,0
Sm10,MLt6,165,91,74,0,492,271,221,0
Tm25,LMa4,193,104,89,0,492,270,222,0
C2,R8,191,118,73,0,492,297,195,0
Mi4,MTe50,193,97,96,0,492,243,249,0
TmY4,Pm10,196,104,92,0,492,263,229,0
Dm11,MTe04,93,55,38,0,492,288,204,0
C2,T2,211,119,92,0,492,284,208,0
LPLC4,LPLC4,118,61,57,0,492,279,213,0
LPT57,LPT23,6,3,3,0,492,330,162,0
Tm32,LT51,104,48,56,0,491,243,248,0
T2a,LTe12,102,60,42,0,490,274,216,0
Li33,LC45,23,11,12,0,490,250,240,0
MeTu3c,Mi15,203,108,95,0,490,258,232,0
cM14,Tm34,64,34,30,0,490,252,238,0
TmY5a,LC11,217,112,105,0,489,249,240,0
Sm34,CB0566,22,12,10,0,489,264,225,0
Li05,LC19,126,59,67,0,489,239,250,0
TmY9q⊥,LMa3,149,89,60,0,489,316,173,0
Tm4,LC17,203,99,104,0,489,241,248,0
Tm7,Li01,197,105,92,0,489,258,231,0
Li10,LTe08,100,53,47,0,489,276,213,0
Pm04,T4d,199,118,81,0,489,290,199,0
Y1,LLPC1,186,103,83,0,489,258,231,0
LPi13,Tlp5,48,26,22,0,489,389,100,0
LC10b,LTe14,58,31,27,0,489,258,231,0
aMe17b,Dm8b,183,86,97,0,489,218,271,0
MeLp2,LPi10,39,21,18,0,489,314,175,0
DCH,TmY15,101,61,40,0,489,343,146,0
T5c,T5b,226,97,129,0,488,208,280,0
Tm16,LLPC1,168,66,102,0,488,175,313,0
Dm20,TmY3,190,94,96,0,488,238,250,0
Sm36,Tm37,189,100,89,0,488,250,238,0
LC22,LMa1,124,62,62,0,488,239,249,0
LT34,Tm20,178,91,87,0,488,240,248,0
H1,LPi02,67,40,27,0,488,294,194,0
MeMe_e10,MeTu2b,36,17,19,0,488,288,200,0
cMLLP01,Pm14,4,2,2,0,488,237,251,0
T3,Tm4,217,101,116,0,487,225,262,0
Tm34,LC10c,148,73,75,0,487,239,248,0
Tm34,LC13,139,78,61,0,487,292,195,0
MeTu3a,Sm10,169,107,62,0,487,311,176,0
aMe17a1,TmY10,140,73,67,0,487,244,243,0
Tm35,LC12,175,85,90,0,486,245,241,0
TmY9q⊥,Tlp5,216,108,108,0,486,243,243,0
LMa5,LMa2,127,72,55,0,486,284,202,0
Pm14,LPT54,4,2,2,0,486,317,169,0
LPLC1,LT51,85,40,45,0,486,257,229,0
TmY31,LC33a,142,59,83,0,485,186,299,0
TmY5a,LC28a,180,104,76,0,485,273,212,0
Li32,Li11,41,21,20,0,485,251,234,0
MeTu4c,TmY31,177,78,99,0,485,216,269,0
Dm2,Mi15,193,98,95,0,484,252,232,0
Tm8a,Pm13,148,74,74,0,484,258,226,0
Tm35,Tm8b,159,73,86,0,484,220,264,0
TmY3,LC11,190,90,100,0,484,220,264,0
Li02,LTe14,45,25,20,0,484,263,221,0
TmY15,TmY5a,206,122,84,0,484,291,193,0
Dm4,Sm03,124,80,44,0,484,320,164,0
LC14b,Li13,48,25,23,0,484,264,220,0
DCH,Y3,152,109,43,0,484,365,119,0
TmY5a,Li09,209,116,93,0,483,264,219,0
Tm2,Sm01,156,88,68,0,483,293,190,0
LPi04,LPLC4,103,63,40,0,483,300,183,0
Dm8a,Mi4,174,97,77,0,483,274,209,0
LPi10,LPi11,102,72,30,0,483,377,106,0
cL06,LC10d,82,44,38,0,483,254,229,0
T2a,LT56,199,99,100,0,482,235,247,0
LPLC4,LTe21,93,43,50,0,482,228,254,0
Tm5f,LMa3,164,98,66,0,481,284,197,0
LPi07,LLPC3,153,98,55,0,481,312,169,0
MeTu4a,Sm14,154,76,78,0,481,244,237,0
cL05,TmY20,83,44,39,0,481,278,203,0
Tm16,Dm20,203,109,94,0,480,255,225,0
Tm27,LC17,190,102,88,0,480,245,235,0
TmY20,Tm5b,196,106,90,0,480,250,230,0
TmY5a,Tm4,204,107,97,0,480,258,222,0
Pm10,Pm14,76,40,36,0,480,288,192,0
LPi15,LPT31,8,4,4,0,480,311,169,0
LPTe01,LPT42_Nod4,33,16,17,0,480,247,233,0
LLPC3,TmY11,165,98,67,0,480,293,187,0
LC14b,LC12,79,34,45,0,480,203,277,0
Li32,LC21,108,54,54,0,479,257,222,0
MeTu3b,MeTu3b,151,81,70,0,479,269,210,0
LC20b,Tm36,160,87,73,0,479,279,200,0
LT41,LC17,97,51,46,0,479,251,228,0
Y3,LTe20,112,51,61,0,478,204,274,0
Y3,LCe06,122,62,60,0,478,259,219,0
Mi4,Dm10,198,113,85,0,478,264,214,0
Tm5c,LPLC4,181,88,93,0,478,232,246,0
Sm42,Sm06,51,25,26,0,478,66,412,0
Li33,LT53,8,4,4,0,478,269,209,0
LC22,Li01,152,80,72,0,478,263,215,0
aMe12,aMe24,14,5,4,5,478,228,167,83
Li17,LC13,166,89,77,0,477,271,206,0
Tm33,LC6,167,79,88,0,477,229,248,0
TmY10,LC6,167,70,97,0,477,192,285,0
LC10b,LC14a2,56,30,26,0,477,244,233,0
cM14,MLt7,53,24,29,0,477,240,237,0
LT58,LC10d,107,68,39,0,477,327,150,0
Sm01,Sm01,179,91,88,0,476,248,228,0
Sm21,MTe07,115,49,66,0,476,222,254,0
Dm9,Dm2,182,147,35,0,476,383,93,0
Sm38,Dm2,194,108,86,0,476,270,206,0
cL10,Tm32,71,33,38,0,476,239,237,0
Sm15,cM08b,123,63,60,0,475,266,209,0
TmY3,LPT30,97,46,51,0,475,249,226,0
Y4,LT66,100,52,48,0,475,251,224,0
Tm16,MLt3,182,93,89,0,475,244,231,0
T4d,Tm27,206,131,75,0,475,304,171,0
Pm04,Pm11,143,81,62,0,475,286,189,0
TmY9q⊥,Li03,166,92,74,0,475,258,217,0
T4a,LPT31,177,129,48,0,475,350,125,0
Li33,Tm34,69,35,34,0,475,233,242,0
MTe51,TmY10,174,96,78,0,475,262,213,0
OA-AL2i2,Pm02,146,76,70,0,475,238,237,0
cL04,Li04,52,32,20,0,475,274,201,0
cL15,LLPC1,70,28,42,0,475,165,310,0
Mi9,Tm20,190,97,93,0,474,264,210,0
Dm11,Mi15,182,113,69,0,474,287,187,0
TmY5a,Sm40,195,89,106,0,474,214,260,0
Y1,HSE,106,56,50,0,473,295,178,0
Dm17,L5,210,105,105,0,473,239,234,0
LPi11,LPT26,23,13,10,0,473,321,152,0
Li30,LC10b,71,40,31,0,473,254,219,0
LPTe01,LPi08,127,95,32,0,473,379,94,0
LC16,LC16,141,82,59,0,473,277,196,0
MTe52,LMa5,133,80,53,0,473,309,164,0
Tlp4,LLPC2,170,125,45,0,472,349,123,0
Tm21,Tm8a,180,98,82,0,472,264,208,0
Li12,LTe33,43,19,24,0,472,254,218,0
LPi01,VST2,81,43,38,0,472,283,189,0
LLPC1,Tm5f,178,92,86,0,472,238,234,0
LC14a1,LMt4,35,20,15,0,472,249,223,0
T4c,T4a,224,111,113,0,471,231,240,0
MLt6,aMe5,136,72,64,0,471,250,221,0
Tm5d,LT51,104,55,49,0,471,253,218,0
LMt3,LMa5,138,85,53,0,471,303,168,0
Li22,LPLC1,95,47,48,0,471,239,232,0
H1,LPi14,5,2,3,0,471,305,166,0
CB0592,LPLC4,78,42,36,0,471,256,215,0
cLLPM02,MLt4,22,11,11,0,471,261,210,0
Li03,LC21,130,65,65,0,470,235,235,0
T5c,T5a,220,100,120,0,470,211,259,0
Tm5e,LCe01b,161,87,74,0,470,254,216,0
LPi05,LPT21,54,31,23,0,470,311,159,0
Tm4,T2,200,91,109,0,470,215,255,0
Tm8a,LC10c,138,67,71,0,470,219,251,0
Tm31,Dm2,192,95,97,0,470,242,228,0
LC22,LC36,118,67,51,0,470,258,212,0
LC14a2,Tm8a,99,52,47,0,470,255,215,0
MTe01b,Tm5e,183,97,86,0,470,243,227,0
cL14,LPLC4,81,39,42,0,470,236,234,0
cML01,Pm12,4,2,2,0,470,274,196,0
LMt2,Li33,53,27,26,0,469,260,209,0
Sm34,Sm19,125,71,54,0,469,283,186,0
Tm3,Pm09,183,81,102,0,469,197,272,0
Tlp4,MLt3,160,85,75,0,469,239,230,0
LPi02,H1,77,44,33,0,469,295,174,0
Li31,Li26,8,4,4,0,469,120,349,0
Li24,LC31a,51,32,19,0,469,347,122,0
cL04,MeTu4c,100,47,53,0,469,226,243,0
T4a,Mi1,209,88,121,0,468,189,279,0
Tm2,Mi1,190,89,101,0,468,209,259,0
Tm31,Tm5e,161,84,77,0,468,240,228,0
Tm7,LTe26,152,82,70,0,468,279,189,0
MeTu3b,Tm5c,184,85,99,0,468,207,261,0
MeTu2b,MeTu2b,67,43,24,0,468,322,146,0
LT42,Li21,18,11,7,0,468,263,205,0
Tm4,Mi10,179,112,67,0,467,292,175,0
Tlp5,LLPC1,163,104,59,0,467,290,177,0
Tm4,Y3,196,86,110,0,467,192,275,0
LLPt,LPT30,52,30,22,0,467,284,183,0
Sm27,Tm5a,171,96,75,0,467,256,211,0
LMa1,LC31c,30,15,15,0,467,229,238,0
LC14b,Tm16,77,49,28,0,467,318,149,0
aMe12,aMe22,11,4,3,4,467,217,191,59
MeMe_e02,Sm08,141,71,70,0,467,245,222,0
Tlp14,Tlp5,127,83,44,0,466,319,147,0
Dm3p,Mi9,199,103,96,0,466,239,227,0
LLPt,LC40,97,47,50,0,466,225,241,0
Sm05,Sm32,158,82,76,0,466,265,201,0
Sm36,MTe51,99,45,54,0,466,157,309,0
TmY31,LC46,146,69,77,0,465,214,251,0
Sm12,MTe11,138,72,66,0,465,246,219,0
MLt7,Tm16,138,69,69,0,465,226,239,0
Tm5d,LC40,117,61,56,0,465,235,230,0
Sm32,Dm14,117,59,58,0,465,255,210,0
Dm9,Tm4,185,153,32,0,465,386,79,0
MeTu3b,aMe5,149,82,67,0,465,262,203,0
LPLC2,LC31b,131,66,65,0,465,233,232,0
cL10,MTe46,6,3,3,0,465,250,215,0
TmY5a,LC40,179,76,103,0,464,211,253,0
TmY11,LMt1,175,95,80,0,464,258,206,0
Mi1,Dm6,203,101,102,0,464,230,234,0
TmY31,MTe54,165,93,72,0,464,268,196,0
Tm20,TmY10,200,114,86,0,464,265,199,0
Sm40,Tm37,161,84,77,0,464,233,231,0
cLP02,TmY16,131,107,24,0,464,401,63,0
CB0816,MLt1,118,65,53,0,464,263,201,0
Tm5c,LT61a,165,62,103,0,463,181,282,0
Tm4,L2,196,88,108,0,463,202,261,0
Li24,LC22,90,47,43,0,463,249,214,0
MTe07,MTe01b,75,36,39,0,463,218,245,0
cL06,LC10e,54,28,26,0,463,218,245,0
Tm20,Y3,181,83,98,0,462,207,255,0
Y4,LT62,101,51,50,0,462,237,225,0
Tm5e,MeTu4a,171,75,96,0,462,193,269,0
Tm16,LC6,154,73,81,0,462,210,252,0
LLPt,Tlp4,185,133,52,0,462,336,126,0
LMa4,TmY15,163,92,71,0,462,266,196,0
LMa2,Tm36,170,95,75,0,462,261,201,0
LPi14,Nod5,4,2,2,0,462,287,175,0
MeTu4c,Tm5e,142,79,63,0,462,268,194,0
LT11,LMa4,45,23,22,0,462,242,220,0
cM02b,Sm08,71,32,39,0,462,195,267,0
cL12,LCe06,11,6,5,0,462,270,192,0
TmY5a,LTe42c,131,61,70,0,461,189,272,0
Tm8a,Li09,145,75,70,0,461,239,222,0
Pm02,Pm01,181,113,68,0,461,301,160,0
TmY5a,Sm27,194,100,94,0,461,246,215,0
Li31,Li32,2,1,1,0,461,233,228,0
MTe47,LMa2,65,36,29,0,461,277,184,0
cM15,Tm16,144,74,70,0,461,209,252,0
LT36,Tm8b,64,24,40,0,461,135,326,0
T5b,Tm9,203,60,143,0,460,130,330,0
L5,Mi13,192,93,99,0,460,212,248,0
TmY10,Pm13,156,57,99,0,460,174,286,0
Pm12,LMa2,68,36,32,0,460,181,279,0
TmY15,Mi1,204,138,66,0,460,310,150,0
Sm07,aMe9,164,100,64,0,460,288,172,0
Li11,Li01,161,96,65,0,460,268,192,0
MTe07,cM08a,55,13,33,9,460,117,273,70
LT65,LPLC4,65,32,33,0,460,231,229,0
Li06,LC10a,166,87,79,0,459,246,213,0
Pm04,Pm12,118,63,55,0,459,240,219,0
Tlp14,LPi04,131,107,24,0,459,392,67,0
Tm16,Li27,150,78,72,0,459,242,217,0
LC10b,cL11,27,14,13,0,459,253,206,0
MeMe_e02,MeTu4a,86,39,47,0,459,205,254,0
cM17,Tm8b,95,47,48,0,459,214,245,0
Tm27,Tm25,189,106,83,0,458,252,206,0
LPi04,LPi10,148,117,31,0,458,374,84,0
TmY4,LC35,142,89,53,0,458,288,170,0
Sm19,Dm4,112,61,51,0,458,266,192,0
Li10,MLt2,164,78,86,0,458,230,228,0
MLt1,Mi1,176,85,91,0,458,237,221,0
LMa1,Li20,79,43,36,0,458,267,191,0
LLPC2,LTe18,76,39,37,0,458,232,226,0
LC20b,LLPt,107,57,50,0,458,256,202,0
cML01,TmY14,134,69,65,0,458,259,199,0
Tm9,LT33,190,90,100,0,457,215,242,0
Li07,Li33,21,9,12,0,457,175,282,0
Li20,LMa2,66,36,30,0,457,232,225,0
TmY3,LC21,181,81,100,0,457,217,240,0
TmY9q⊥,Li33,131,67,64,0,457,240,217,0
Dm13,MLt3,138,71,67,0,457,232,225,0
Tm20,Dm3q,205,107,98,0,456,240,216,0
Tm8a,LTe42a,88,44,44,0,456,212,244,0
Tm5b,Mi4,167,95,72,0,456,256,200,0
LT37,LC10d,69,34,35,0,456,244,212,0
LT63,LC19,29,14,15,0,456,269,187,0
cM02a,Sm12,61,29,32,0,456,241,215,0
LT1b,LT1a,2,1,1,0,456,188,268,0
Sm02,MTe49,89,43,46,0,455,235,220,0
LPi02,Y3,190,119,71,0,455,288,167,0
Pm05,Sm41,78,52,26,0,455,321,134,0
Dm4,L3,169,95,74,0,455,244,211,0
Li26,LC18,162,81,81,0,455,225,230,0
Li33,LT79,2,1,1,0,455,225,230,0
LT11,LT61a,2,1,1,0,455,211,244,0
LC14a2,LC10b,56,30,26,0,455,254,201,0
TmY31,Li08,199,94,105,0,454,219,235,0
Tm20,LC20b,173,103,70,0,454,268,186,0
Pm13,C2,176,76,100,0,454,203,251,0
LC10d,LTe64,86,40,46,0,454,224,230,0
MTe37,Sm07,80,39,41,0,454,225,229,0
Li03,Li10,118,70,48,0,453,254,199,0
Tm5f,LC31c,121,59,62,0,453,223,230,0
Mi15,Sm12,180,98,82,0,453,251,202,0
Tm8a,LTe65,45,27,18,0,453,263,190,0
TmY9q,Sm42,120,65,55,0,453,260,193,0
TmY10,Sm42,148,71,77,0,453,200,253,0
Tm7,T2a,190,96,94,0,453,226,227,0
Tm5b,Li06,176,83,93,0,453,216,237,0
LMa1,LC14b,87,40,47,0,453,230,223,0
Tm31,LC31b,51,24,27,0,453,216,237,0
LT63,LPLC4,98,52,46,0,453,275,178,0
Tm5d,LCe01a,135,80,55,0,452,266,186,0
Y1,LMt1,134,81,53,0,452,284,168,0
Sm25,Sm12,135,71,64,0,452,242,210,0
Li33,Li06,110,50,60,0,452,183,269,0
LC14b,Y4,69,29,40,0,452,204,248,0
MeMe_e02,MeMe_e01,61,0,0,61,452,0,0,452
cM18,MTe01a,55,32,23,0,452,294,158,0
cL13,LPLC4,34,17,17,0,452,232,220,0
L4,Tm1,144,69,75,0,451,208,243,0
TmY5a,Pm03,183,105,78,0,451,233,218,0
Tm8a,Li27,121,67,54,0,451,247,204,0
Pm04,MTe52,137,73,64,0,451,263,188,0
LC15,LC31a,105,58,47,0,451,263,188,0
LC14a1,LC31a,59,33,26,0,451,255,196,0
cL12,LC19,11,6,5,0,451,217,234,0
cM13,Sm08,72,36,36,0,451,204,247,0
cL22c,cL22b,3,1,0,2,451,2,0,449
Tm16,MTe50,155,79,76,0,450,223,227,0
TmY20,Tm27,193,131,62,0,450,305,145,0
Li06,LC9,170,76,94,0,450,201,249,0
LPi02,TmY20,174,125,49,0,450,325,125,0
Li32,Li05,118,63,55,0,450,239,211,0
LPC1,LPi15,111,58,53,0,450,256,194,0
LC27,LTe53,37,19,18,0,450,263,187,0
LLPC1,LC10a,155,89,66,0,450,258,192,0
TmY31,LC20b,159,87,72,0,449,246,203,0
Tm5c,Sm05,138,68,70,0,449,217,232,0
Y3,Tm5a,166,93,73,0,449,243,206,0
Tm8a,Tm33,142,75,67,0,449,224,225,0
Tm4,Tm3,183,64,119,0,449,163,286,0
Dm1,C3,201,123,78,0,449,272,177,0
LMt1,Li06,162,89,73,0,449,260,189,0
MeTu1,Sm07,189,107,82,0,449,244,205,0
LT82a,LT56,5,2,3,0,449,199,250,0
Tm27,MLt2,187,92,95,0,448,227,221,0
MLt5,MeMe_e07,99,59,40,0,448,263,185,0
TmY9q⊥,LC10b,151,77,74,0,448,217,231,0
Tm5d,Sm06,163,103,60,0,448,273,175,0
aMe1,aMe17c,8,4,4,0,448,198,250,0
MTe12,TmY31,123,51,72,0,448,181,267,0
LPT53,LPi07,43,24,19,0,448,323,125,0
Pm01,T2a,200,102,98,0,447,227,220,0
Tm35,LC10b,132,77,55,0,447,254,193,0
Tm16,LC19,139,65,74,0,447,201,246,0
Y11,LPC2,165,136,29,0,447,376,71,0
Mi14,Mi9,195,120,75,0,447,273,174,0
LPT58,LPi06,30,14,16,0,447,179,268,0
CB0592,TmY20,130,75,55,0,447,271,176,0
LTe53,LC27,36,19,17,0,447,259,188,0
TmY4,Y12,182,105,77,0,446,254,192,0
T3,LPLC1,162,83,79,0,446,213,233,0
L3,LMa4,109,60,49,0,446,228,218,0
Sm23,Sm17,91,47,44,0,446,218,228,0
Tm25,Li15,191,104,87,0,446,249,197,0
LPi01,Am1,36,16,20,0,446,263,183,0
Y3,LPTe01,147,107,40,0,446,347,99,0
Tm34,Tm5f,180,73,107,0,446,181,265,0
Li31,Li27,4,2,2,0,446,223,223,0
LLPC1,cLP03,73,39,34,0,446,242,204,0
MTe52,LMa4,101,56,45,0,446,228,218,0
LT56,Tm5f,170,70,100,0,446,194,252,0
MLt4,MTe52,143,78,65,0,445,256,189,0
T2,T3,185,82,103,0,445,202,243,0
Li14,Tm1,194,122,72,0,445,285,160,0
TmY10,Tm5d,179,105,74,0,445,261,184,0
Sm41,aMe5,53,26,27,0,445,219,226,0
Li25,LT11,4,2,2,0,445,264,181,0
Sm38,MeMe_e02,37,18,19,0,445,280,165,0
LC15,LMa5,132,80,52,0,445,289,156,0
MeMe_e09,MTe02,44,22,22,0,445,250,195,0
cL17,LC28a,68,40,28,0,445,244,201,0
LT56,LC10a,111,57,54,0,445,181,264,0
cL11,LT51,13,6,7,0,445,209,236,0
LT58,Tm37,125,89,36,0,445,339,106,0
Y11,LMa5,102,62,40,0,444,295,149,0
LC28a,LT51,75,39,36,0,444,232,212,0
LC11,LC10a,148,76,72,0,444,224,220,0
aMe4,CB0816,51,18,33,0,444,236,208,0
LT37,cL11,2,1,1,0,444,250,194,0
Li10,LC36,132,70,62,0,443,222,221,0
Tm5f,LMt4,150,85,65,0,442,254,188,0
Tlp4,Li29,86,45,41,0,442,245,197,0
Tm31,LPLC2,168,87,81,0,442,225,217,0
Mi10,MTe42,116,60,56,0,442,247,195,0
Dm17,Dm14,66,34,32,0,442,246,196,0
Sm41,Tm8b,87,44,43,0,442,231,211,0
DCH,TmY3,159,106,53,0,442,305,137,0
Tm7,Pm07,158,67,91,0,441,173,268,0
Tm36,LC6,160,84,76,0,441,229,212,0
MLt2,Tm8b,136,70,66,0,441,233,208,0
Li10,LC6,159,78,81,0,441,217,224,0
TmY5a,LC27,155,73,82,0,441,204,237,0
Li11,Li31,60,31,29,0,441,224,217,0
LC22,LC22,129,80,49,0,441,267,174,0
cM01c,MeTu4b,19,11,8,0,441,269,172,0
cM15,MTe01b,21,11,10,0,441,252,189,0
TmY20,Tm5a,179,93,86,0,440,220,220,0
R7,Mi15,151,99,52,0,440,306,134,0
Li28,LC10a,149,85,64,0,440,252,188,0
MTe05,aMe8,48,22,26,0,440,211,229,0
LPT22,Nod2,2,1,1,0,440,221,219,0
TmY31,LC39,106,49,57,0,439,216,223,0
Tm3,LMa2,179,94,85,0,439,235,204,0
Tm2,Dm15,201,101,100,0,439,219,220,0
aMe17a2,Sm19,52,27,25,0,439,226,213,0
cL22b,LC14a2,14,7,7,0,439,235,204,0
T4d,T4c,196,107,89,0,438,246,192,0
Tm5e,LMa3,161,90,71,0,438,242,196,0
Y3,Tm35,154,80,74,0,438,235,203,0
LMa2,LC14a1,56,26,30,0,438,179,259,0
LT66,LT56,4,2,2,0,438,230,208,0
MeTu1,MTe17,67,38,29,0,438,247,191,0
cL11,LC19,15,7,8,0,438,211,227,0
DCH,LPi02,52,33,19,0,438,363,75,0
Y3,Pm05,163,87,76,0,437,220,217,0
Sm06,Sm13,136,80,56,0,437,277,160,0
Tm8a,LTe16,99,44,55,0,437,194,243,0
Tm8a,LC34,92,44,48,0,437,192,245,0
Tm4,LT66,173,97,76,0,437,246,191,0
Dm8b,TmY14,172,84,88,0,437,215,222,0
MLt3,LC4,156,83,73,0,437,237,200,0
Dm10,Mi1,196,117,79,0,437,260,177,0
Tm5d,Tm33,163,85,78,0,437,233,204,0
Tm20,LC31a,149,101,48,0,437,302,135,0
Sm29,Sm42,10,5,5,0,437,291,146,0
LT52,LC46,38,18,20,0,437,193,244,0
cL08,Li10,96,51,45,0,437,260,177,0
OA-AL2i1,LT33,2,1,1,0,437,245,192,0
Li08,Tm7,177,91,86,0,436,227,209,0
PDt,Tm21,199,98,101,0,436,212,224,0
MTe51,cL05,53,28,25,0,436,232,204,0
LC20b,Li02,105,65,40,0,436,260,176,0
MeLp2,LPi11,34,20,14,0,436,323,113,0
aMe17c,Tm3,179,90,89,0,436,207,229,0
Li17,Tm4,196,96,100,0,435,206,229,0
Tm16,MTe01a,136,95,41,0,435,311,124,0
Sm08,Mi4,136,76,60,0,435,257,178,0
Tm9,Tm21,177,95,82,0,435,241,194,0
Li28,LC22,106,56,50,0,435,224,211,0
Pm13,MTe13,7,3,4,0,435,190,245,0
LPT54,LPC1,92,46,46,0,435,225,210,0
Dm3v,TmY9q⊥,183,104,79,0,434,262,172,0
Li13,LC24,157,69,88,0,434,190,244,0
Pm05,Pm01,151,74,77,0,434,212,222,0
T5a,VS4,91,65,26,0,434,312,122,0
LMa1,LMa5,117,67,50,0,434,260,174,0
LPi15,LPi05,68,41,27,0,434,286,148,0
cLP03,LLPC2,158,101,57,0,434,281,153,0
TmY15,Dm12,161,84,77,0,433,216,217,0
TmY3,LPC2,164,120,44,0,433,321,112,0
Sm08,MTe54,144,87,57,0,433,256,177,0
MLt1,cM08a,116,45,71,0,433,183,250,0
LMa3,Li05,109,58,51,0,433,248,185,0
MeMe_e02,Sm18,64,28,36,0,433,179,254,0
cLP03,LPi12,25,13,12,0,433,307,126,0
LT37,LC13,77,37,40,0,433,223,210,0
cM07,MLt3,74,51,23,0,433,357,76,0
LT1a,LT1b,2,1,1,0,433,181,252,0
L2,T2,161,95,66,0,432,241,191,0
Y1,LC14a2,91,48,43,0,432,226,206,0
TmY5a,Tm7,184,95,89,0,432,233,199,0
Sm09,Tm25,173,91,82,0,432,230,202,0
Pm12,Y3,174,83,91,0,432,201,231,0
Li29,Y1,118,61,57,0,432,239,193,0
mALC5,LLPC1,39,21,18,0,432,245,187,0
LT61b,Li10,102,57,45,0,432,255,177,0
aMe3,DNp27,4,2,2,0,432,80,352,0
Li11,Tm5f,183,106,77,0,431,242,189,0
LC20a,LLPt,93,66,27,0,431,309,122,0
cM17,MLt4,72,35,37,0,431,226,205,0
MTe04,Sm04,129,75,54,0,431,256,175,0
CB0802,OA-AL2i2,8,2,2,4,431,74,92,265
TmY5a,LTe47,119,50,69,0,430,183,247,0
T2,Tm25,188,109,79,0,430,247,183,0
Tm7,LT51,132,58,74,0,430,191,239,0
LMt2,Pm05,153,86,67,0,430,247,183,0
Tm5e,Tm5c,179,89,90,0,430,218,212,0
cL01,LCe06,61,34,27,0,430,226,204,0
LPT50,Tlp1,81,47,34,0,430,330,100,0
LPT53,LPi02,41,23,18,0,430,298,132,0
LPi09,LPT29,63,35,28,0,429,304,125,0
T5c,LPi03,169,90,79,0,429,224,205,0
Sm16,MTe01b,116,60,56,0,429,224,205,0
TmY10,LTe54,154,75,79,0,429,213,216,0
TmY10,Tm8b,142,79,63,0,429,228,201,0
TmY31,Y4,145,73,72,0,429,200,229,0
TmY9q⊥,LC19,137,61,76,0,429,195,234,0
Dm6,Mi9,188,100,88,0,429,229,200,0
LMa2,LMa4,102,57,45,0,429,217,212,0
Li11,LT58,49,32,17,0,429,325,104,0
MeTu3a,Sm17,94,50,44,0,429,272,157,0
cL22a,LC33a,16,8,8,0,429,179,250,0
cL03,Li17,51,29,22,0,429,259,170,0
T2a,LC14a2,139,88,51,0,428,278,150,0
LC15,LC9,151,79,72,0,428,216,212,0
LT63,LLPt,69,38,31,0,428,230,198,0
Tm2,LT33,179,69,110,0,427,171,256,0
TmY11,Y3,163,96,67,0,427,269,158,0
Y3,LT80,62,34,28,0,427,222,205,0
TmY4,LC45,129,73,56,0,427,248,179,0
Tlp1,DCH,63,37,26,0,427,331,96,0
T3,mALC4,158,84,74,0,427,223,204,0
Sm30,Dm2,167,79,88,0,427,207,220,0
LT74,Li10,137,73,64,0,427,234,193,0
TmY31,MeTu4c,144,64,80,0,426,180,246,0
Tm5e,LC28a,180,97,83,0,426,231,195,0
TmY9q⊥,LTe41,93,42,51,0,426,192,234,0
TmY4,LT52,154,70,84,0,426,195,231,0
MeTu4a,Dm2,172,96,76,0,426,242,184,0
cM18,MeTu4a,71,37,34,0,426,234,192,0
LPT50,Tlp4,66,42,24,0,426,332,94,0
cM14,Sm10,67,39,28,0,426,248,178,0
LT33,CT1,2,1,1,0,426,218,208,0
Mi15,MeTu2b,167,110,57,0,425,288,137,0
Tm5b,Li27,87,46,41,0,425,265,160,0
Lawf1,Lawf1,186,119,67,0,425,267,158,0
CB0816,PDt,32,18,14,0,425,226,199,0
L4,MeLp1,174,74,100,0,424,180,244,0
MLt7,MeTu4c,118,55,63,0,424,182,242,0
Sm09,MTe50,125,66,59,0,424,221,203,0
Pm09,Pm02,166,85,81,0,424,221,203,0
Li28,LC24,86,41,45,0,424,205,219,0
LC14b,TmY4,82,47,35,0,424,287,137,0
aMe4,OA-AL2i3,28,10,18,0,424,209,215,0
PLP051,LC13,49,0,0,49,424,0,0,424
TmY5a,MTe33,166,91,75,0,423,246,177,0
MLt2,Li33,85,41,44,0,423,213,210,0
Tlp1,VCH,73,39,34,0,423,228,195,0
MTe52,OA-AL2i1,38,21,17,0,423,230,193,0
LTe22,MeTu4a,78,38,40,0,423,219,204,0
aMe17a2,Dm10,135,71,64,0,423,217,206,0
cL15,cLP02,41,19,22,0,423,189,234,0
T4c,T4b,199,89,110,0,422,187,235,0
LMt2,LT1b,55,27,28,0,422,248,174,0
Tm7,LT67,72,32,40,0,422,207,215,0
Dm6,T2,182,91,91,0,422,214,208,0
LC22,LC10b,133,76,57,0,422,244,178,0
MTe52,MeMe_e07,69,43,26,0,422,246,176,0
cM07,PDt,11,6,5,0,422,250,172,0
cL02c,LT52,15,8,7,0,422,208,214,0
TmY31,LC24,151,67,84,0,421,184,237,0
T4b,Mi1,192,94,98,0,421,206,215,0
Mi10,OA-AL2i1,148,85,63,0,421,252,169,0
Tm34,Li13,116,61,55,0,421,225,196,0
Li23,LC40,22,10,12,0,421,194,227,0
LC21,LT61a,97,46,51,0,421,194,227,0
LC10d,Tm5e,160,76,84,0,421,202,219,0
LC4,LTe18,44,21,23,0,421,219,202,0
LC14b,MTe54,49,33,16,0,421,342,79,0
LT53,LPLC4,102,53,49,0,421,234,187,0
cM16,Y4,94,49,45,0,421,201,220,0
T5d,T5c,193,77,116,0,420,168,252,0
TmY31,LTe49a,75,37,38,0,420,210,210,0
Dm8a,Dm8a,169,96,73,0,420,233,187,0
T2a,Sm01,159,88,71,0,420,248,172,0
T4c,T4d,193,88,105,0,420,182,238,0
Dm10,Tm9,181,86,95,0,420,200,220,0
Mi14,Tm27,178,109,69,0,420,254,166,0
Pm05,LMa2,144,73,71,0,420,221,199,0
Dm10,L4,186,112,74,0,420,254,166,0
MeTu4c,MeTu4a,138,63,75,0,420,203,217,0
LC14a1,Tm5d,81,47,34,0,420,230,190,0
LC14a2,TmY20,79,43,36,0,420,212,208,0
MTe51,MLt1,130,61,69,0,420,179,241,0
LPLC1,LC11,165,85,80,0,420,222,198,0
Tm27,LC16,177,107,70,0,419,254,165,0
Tm7,Sm10,167,95,72,0,419,228,191,0
TmY10,Dm16,160,96,64,0,419,250,169,0
TmY10,T2a,182,86,96,0,419,202,217,0
Li02,TmY20,125,43,82,0,419,135,284,0
Tm35,LT52,132,68,64,0,419,234,185,0
Li18,LC21,162,74,88,0,419,188,231,0
Sm41,Dm2,173,98,75,0,419,244,175,0
LLPC3,LPT30,63,34,29,0,419,215,204,0
Mi10,PDt,164,98,66,0,418,243,175,0
Tm5a,Sm09,149,74,75,0,418,222,196,0
Tm4,Tm2,173,79,94,0,418,180,238,0
Li24,Li25,20,12,8,0,418,265,153,0
Li23,TmY10,105,52,53,0,418,211,207,0
LC18,LMa5,139,80,59,0,418,260,158,0
LPLC2,LC31c,70,35,35,0,418,203,215,0
LTe20,LC14a1,25,12,13,0,418,207,211,0
cML01,LMa5,61,33,28,0,418,292,126,0
Pm12,Pm11,62,30,32,0,417,182,235,0
Tm5f,Li24,164,120,44,0,417,310,107,0
MLt1,MeMe_e08,118,64,54,0,417,241,176,0
Tm5e,Y4,169,72,97,0,416,180,236,0
Tm3,Pm08,125,47,78,0,416,137,279,0
Dm12,MTe44,88,43,45,0,416,197,219,0
Sm27,Tm8b,111,51,60,0,416,189,227,0
Y3,LTe42c,88,42,46,0,416,196,220,0
CT1,Tm2,165,60,105,0,416,152,264,0
Am1,T5c,175,78,97,0,416,177,239,0
LC11,Tm31,133,64,69,0,416,215,201,0
LC10b,LTe24,58,30,28,0,416,211,205,0
MeLp2,LPi09,72,38,34,0,416,248,168,0
Sm01,Sm13,159,86,73,0,415,231,184,0
Sm08,Sm09,159,83,76,0,415,233,182,0
Tm4,Pm03,168,88,80,0,415,206,209,0
Tm20,LC10b,156,94,62,0,415,243,172,0
Tm5e,MTe33,145,74,71,0,415,216,199,0
Tm25,LCe02,128,78,50,0,415,259,156,0
LC15,LC21,128,59,69,0,415,184,231,0
LC10e,LC10d,71,50,21,0,415,298,117,0
cM06,Dm15,64,28,36,0,415,181,234,0
Li01,LC19,120,64,56,0,414,226,188,0
Tm3,Y3,174,75,99,0,414,172,242,0
Dm17,Mi4,179,112,67,0,414,267,147,0
Sm09,Tm27,173,83,90,0,414,197,217,0
Tm16,LTe65,67,43,24,0,414,234,180,0
MeMe_e01,MLt7,85,45,40,0,414,230,184,0
LC14b,T2a,98,60,38,0,414,276,138,0
LC14a2,LT57,48,22,26,0,414,161,253,0
MTe47,TmY5a,170,94,76,0,414,228,186,0
TmY9q,LC20b,154,73,81,0,413,199,214,0
Tm5e,Tm36,163,94,69,0,413,226,187,0
Pm04,Pm05,141,87,54,0,413,274,139,0
LMa4,Li06,156,84,72,0,413,232,181,0
TmY31,MTe42,109,57,52,0,413,226,187,0
LC21,LC11,160,65,95,0,413,155,258,0
LC9,LPLC4,99,48,51,0,413,204,209,0
cM01c,MTe15,4,2,2,0,413,217,196,0
mALC5,Sm42,2,1,1,0,413,195,218,0
TmY4,LT84,87,39,48,0,412,183,229,0
Mi9,MeLp2,146,78,68,0,412,227,185,0
Y3,LTe10,102,58,44,0,412,227,185,0
Tm4,Li24,159,106,53,0,412,277,135,0
Dm20,L3,176,94,82,0,412,205,207,0
Tm7,Li02,131,80,51,0,412,258,154,0
LMt3,LPLC4,119,55,64,0,412,213,199,0
LMt1,LT61a,48,23,25,0,412,226,186,0
LC22,LMa2,116,67,49,0,412,226,186,0
Tm21,Li06,179,91,88,0,411,208,203,0
Tm1,TmY15,138,84,54,0,411,238,173,0
Tm35,Li33,94,41,53,0,411,184,227,0
Tm37,Li01,154,84,70,0,411,219,192,0
MLt6,Li01,123,59,64,0,411,181,230,0
TmY31,LPT23,127,97,30,0,411,336,75,0
Pm03,MeMe_e07,128,89,39,0,411,304,107,0
LMa5,TmY5a,160,89,71,0,411,219,192,0
Tlp1,VS1,70,43,27,0,411,315,96,0
Tlp1,LLPC3,162,115,47,0,411,298,113,0
LPi13,Y12,106,67,39,0,411,296,115,0
MTe01b,MTe01b,132,68,64,0,411,218,193,0
LC9,DNp11,52,23,29,0,411,140,271,0
LPC1,Y3,159,105,54,0,411,285,126,0
LTe63,LTe63,12,6,6,0,411,223,188,0
LT40,LMa1,46,24,22,0,411,240,171,0
LT80,Li10,33,15,18,0,411,195,216,0
Tm35,LTe42a,66,34,32,0,410,188,222,0
Dm11,Dm15,165,85,80,0,410,211,199,0
Tm5c,LPLC1,155,78,77,0,410,219,191,0
Y4,MeMe_e08,146,78,68,0,410,227,183,0
MLt2,Tm5c,163,79,84,0,410,197,213,0
R7,Mi9,142,90,52,0,410,259,151,0
Dm20,CB0816,106,60,46,0,410,257,153,0
Tm5d,LTe03,85,53,32,0,410,271,139,0
LMt1,LC14b,95,47,48,0,410,246,164,0
LT58,Tm36,114,70,44,0,410,242,168,0
cMLLP01,LC28a,42,26,16,0,410,254,156,0
TmY31,Li29,120,57,63,0,409,175,234,0
Sm16,Sm03,149,95,54,0,409,263,146,0
Tm7,Sm02,161,78,83,0,409,188,221,0
Li25,LC31a,57,31,26,0,409,242,167,0
Li33,LTe54,4,2,2,0,409,199,210,0
LC26,LC26,72,42,30,0,409,232,177,0
TmY3,Tm27,182,99,83,0,408,223,185,0
Tlp4,LPC2,135,112,23,0,408,345,63,0
TmY9q⊥,LPi07,144,96,48,0,408,261,147,0
Li33,LC12,138,64,74,0,408,183,225,0
cLP02,LPi06,139,110,29,0,408,332,76,0
cM02b,Sm12,62,30,32,0,408,184,224,0
cM07,MTe51,63,38,25,0,408,265,143,0
LTe21,cMLLP01,4,1,1,2,408,111,146,151
Tm7,MTe35,133,69,64,0,407,218,189,0
Tm7,MLt6,152,97,55,0,407,272,135,0
R7,Sm01,133,81,52,0,407,244,163,0
LLPt,Nod3,60,35,25,0,407,293,114,0
LLPt,LC22,124,51,73,0,407,184,223,0
Li11,LC15,125,66,59,0,407,215,192,0
Sm31,MTe51,130,78,52,0,407,245,162,0
LLPC1,HSS,87,37,50,0,407,123,284,0
MeMe_e01,Sm18,72,38,34,0,407,216,191,0
cL13,LC19,15,7,8,0,407,196,211,0
LPi06,TmY14,140,63,77,0,406,173,233,0
Mi4,MTe46,147,51,96,0,406,134,272,0
Tm5e,LCe01a,126,71,55,0,406,221,185,0
Tm20,T1,150,87,63,0,406,216,190,0
Li33,LC10d,106,51,55,0,406,171,235,0
LC22,LC19,79,38,41,0,406,202,204,0
TmY31,Tm7,139,72,67,0,405,205,200,0
Pm05,MTe52,118,77,41,0,405,300,105,0
Mi1,Pm06,136,56,80,0,405,129,276,0
MLt1,Tm5c,153,75,78,0,405,205,200,0
cL22a,LC10b,50,27,23,0,405,212,193,0
cM17,Sm04,88,55,33,0,405,261,144,0
Nod5,Am1,2,1,1,0,405,240,165,0
aMe17a1,Sm05,84,43,41,0,405,192,213,0
Mi4,aMe17c,175,87,88,0,404,200,204,0
TmY9q⊥,Lawf2,143,83,60,0,404,221,183,0
Tm34,LPLC2,118,54,64,0,404,190,214,0
Li11,LC10c,142,78,64,0,404,229,175,0
Li33,LC10a,107,47,60,0,404,159,245,0
LC10a,LC9,147,69,78,0,404,183,221,0
MeTu4c,LC33a,79,45,34,0,404,205,199,0
LC10b,LTe17,59,33,26,0,404,225,179,0
cM08a,Tm20,162,68,94,0,404,167,237,0
cLP05,LPLC4,55,36,19,0,404,296,108,0
Tm25,LT76,103,52,51,0,403,208,195,0
Tm21,Li17,165,66,99,0,403,156,247,0
LLPt,TmY9q⊥,171,92,79,0,403,220,183,0
Sm30,Mi10,159,86,73,0,403,216,187,0
Tm5c,LT58,142,104,38,0,403,304,99,0
Sm27,Tm5b,153,83,70,0,403,217,186,0
Mi10,L3,142,78,64,0,403,234,169,0
LPi12,Y11,88,56,32,0,403,286,117,0
LPi13,LPi03,13,7,6,0,403,246,157,0
LC20a,cL05,22,14,8,0,403,207,196,0
CB0816,Dm9,138,88,50,0,403,261,142,0
Sm10,Sm42,68,35,33,0,402,185,217,0
T2,LC17,165,59,106,0,402,138,264,0
Y3,Y4,154,74,80,0,402,197,205,0
Tm7,Tm36,150,70,80,0,402,192,210,0
Pm09,Pm08,148,77,71,0,402,207,195,0
Tlp1,Am1,90,52,38,0,402,268,134,0
Y11,TmY4,166,121,45,0,402,300,102,0
Tm36,LT84,72,34,38,0,402,171,231,0
Li33,Tm32,90,47,43,0,402,156,246,0
cM14,Tm32,100,51,49,0,402,208,194,0
cM15,Tm5d,137,81,56,0,402,239,163,0
Tm27,LC14a1,141,77,64,0,401,224,177,0
TmY4,LT86,114,55,59,0,401,204,197,0
Pm12,Pm12,4,2,2,0,401,196,205,0
Dm9,Tm5e,135,110,25,0,401,332,69,0
Sm28,Sm17,34,18,16,0,401,269,132,0
Li33,LTe30,2,1,1,0,401,202,199,0
MTe02,Sm41,66,31,35,0,401,172,229,0
cL01,LT63,34,16,18,0,401,239,162,0
cMLLP01,Tm32,90,42,48,0,401,173,228,0
T3,LT80,107,52,55,0,400,202,198,0
Y12,Am1,107,53,54,0,400,204,196,0
Y3,Tlp5,166,93,73,0,400,231,169,0
Mi4,Pm05,155,81,74,0,400,196,204,0
Tm5c,Li28,140,68,72,0,400,205,195,0
Li09,LC21,147,75,72,0,400,217,183,0
Dm20,Dm11,135,77,58,0,400,225,175,0
cM19,LT80,31,13,18,0,400,216,184,0
LPT23,TmY11,135,89,46,0,400,258,142,0
TmY14,LMa4,150,84,66,0,399,221,178,0
Tm33,Tm7,141,77,64,0,399,211,188,0
Y4,LT61b,104,50,54,0,399,178,221,0
Tm5a,aMe17b,157,84,73,0,399,224,175,0
Y11,T2,169,90,79,0,399,225,174,0
Li24,TmY15,116,75,41,0,399,269,130,0
Li33,LTe25,2,1,1,0,399,184,215,0
MeMe_e10,Sm23,55,30,25,0,399,233,166,0
LPC1,CB0143,45,45,0,0,399,399,0,0
Tm4,Li05,158,92,66,0,398,236,162,0
Tm4,Y4,160,80,80,0,398,199,199,0
T2a,mALC4,169,69,100,0,398,156,242,0
Mi9,Tm5d,142,81,61,0,398,221,177,0
Tm7,LC10a,136,69,67,0,398,192,206,0
Li10,LTe33,86,43,43,0,398,218,180,0
TmY14,TmY5a,167,88,79,0,398,210,188,0
Tm35,LTe19,59,30,29,0,398,210,188,0
LC28a,Y4,142,76,66,0,398,220,178,0
MeTu3b,Sm41,64,30,34,0,398,188,210,0
aMe17b,MeTu3c,125,68,57,0,398,234,164,0
cM16,MLt2,74,38,36,0,398,212,186,0
Tm35,Li08,162,67,95,0,397,161,236,0
Tlp1,TmY9q⊥,156,72,84,0,397,185,212,0
Li21,LC12,153,73,80,0,397,190,207,0
LPi10,LPi15,39,20,19,0,397,224,173,0
Tm21,LC35,144,97,47,0,397,270,127,0
Tm3,Mi4,173,82,91,0,397,198,199,0
Sm13,Tm8b,121,57,64,0,397,196,201,0
LMa3,Li02,81,54,27,0,397,296,101,0
MeTu4c,Li33,61,34,27,0,397,223,174,0
LPC1,TmY11,145,85,60,0,397,231,166,0
LLPC3,LC10a,134,68,66,0,397,196,201,0
LC14b,LT52,46,24,22,0,397,189,208,0
OA-AL2i2,Tm21,168,84,84,0,397,206,191,0
T5b,Tlp1,157,102,55,0,396,262,134,0
Tm20,LC37a,140,65,75,0,396,188,208,0
T2a,Tm1,169,72,97,0,396,152,244,0
Tm5a,Tm37,139,61,78,0,396,174,222,0
MLt3,TmY3,168,94,74,0,396,212,184,0
Tm5e,Li33,152,69,83,0,396,190,206,0
Tm2,Li14,174,82,92,0,396,184,212,0
Pm05,TmY3,162,80,82,0,396,192,204,0
TmY5a,Tm5f,164,82,82,0,396,192,204,0
Sm27,Tm5e,150,82,68,0,396,214,182,0
Li24,LC29,55,32,23,0,396,236,160,0
MTe05,cM08c,44,15,29,0,396,75,321,0
L4,C3,166,87,79,0,395,202,193,0
Tm8a,LTe49a,47,26,21,0,395,211,184,0
TmY3,LC31a,153,83,70,0,395,216,179,0
TmY11,MTe44,115,56,59,0,395,185,210,0
LMt3,LT53,45,24,21,0,395,223,172,0
Pm10,TmY15,118,84,34,0,395,316,79,0
cM15,Lawf1,109,64,45,0,395,250,145,0
cM15,Mi1,164,83,81,0,395,200,195,0
T3,Pm01,184,88,96,0,394,193,201,0
Tm7,Li13,151,78,73,0,394,207,187,0
Tm36,LLPC1,133,69,64,0,394,200,194,0
Y11,LPi07,144,87,57,0,394,249,145,0
MLt2,Pm14,98,49,49,0,394,194,200,0
LMt1,LT74,89,38,51,0,394,164,230,0
Sm41,LMa1,37,23,14,0,394,269,125,0
MTe02,Sm07,129,70,59,0,394,219,175,0
cLP03,LPi06,101,70,31,0,394,260,134,0
cM13,Sm16,35,19,16,0,394,214,180,0
cMLLP01,LPT54,2,1,1,0,394,186,208,0
Mi9,Dm12,157,85,72,0,393,208,185,0
T3,Pm05,172,84,88,0,393,187,206,0
Dm8a,Tm27,147,91,56,0,393,239,154,0
LPi11,T4c,163,96,67,0,393,235,158,0
LMt1,LC15,132,67,65,0,393,215,178,0
LC11,LC22,110,47,63,0,393,193,200,0
LPC2,Y1,127,84,43,0,393,254,139,0
T2a,LMt4,143,92,51,0,392,254,138,0
Mi2,TmY9q⊥,172,105,67,0,392,239,153,0
Tm36,TmY11,159,76,83,0,392,181,211,0
Tlp1,LTe18,37,18,19,0,392,215,177,0
Y4,Li24,106,63,43,0,392,255,137,0
Sm04,MTe11,115,72,43,0,392,266,126,0
LMt1,T2,172,88,84,0,392,203,189,0
Li12,LC45,57,30,27,0,392,211,181,0
cLP03,LPi09,77,39,38,0,392,232,160,0
H2,LLPC1,100,61,39,0,392,266,126,0
MLt4,Y3,149,91,58,0,391,236,155,0
TmY20,TmY20,148,99,49,0,391,267,124,0
Tm5e,LT1c,141,32,109,0,391,76,315,0
Tm27,Li01,154,97,57,0,391,253,138,0
LMa5,LT1d,63,31,32,0,391,234,157,0
Y1,LPi07,140,80,60,0,391,228,163,0
MeTu1,aMe9,101,53,48,0,391,206,185,0
LC14a1,LC10a,82,40,42,0,391,180,211,0
cM01a,Sm08,44,21,23,0,391,215,176,0
cM18,Mi4,128,76,52,0,391,235,156,0
cM18,TmY14,77,43,34,0,391,224,167,0
aMe17a2,Sm36,6,3,3,0,391,167,224,0
Y3,TmY15,138,84,54,0,390,242,148,0
T4d,T4a,184,93,91,0,390,194,196,0
Y11,Tlp4,148,91,57,0,390,243,147,0
Li10,LC29,118,65,53,0,390,214,176,0
Pm08,Tm3,179,99,80,0,390,214,176,0
Sm41,MTe02,67,30,37,0,390,165,225,0
MTe46,cM08c,18,9,9,0,390,244,146,0
Y3,LC31a,124,61,63,0,389,192,197,0
Y4,TmY3,150,78,72,0,389,192,197,0
MLt3,LC13,125,51,74,0,389,164,225,0
TmY31,cL16,144,86,58,0,389,231,158,0
Li10,LT65,100,54,46,0,389,191,198,0
Li12,LT51,65,34,31,0,389,202,187,0
Tm4,LC10b,136,70,66,0,389,208,181,0
cLP05,LPLC1,49,38,11,0,389,353,36,0
DCH,LPLC4,47,25,22,0,389,283,106,0
LPi09,T4d,167,93,74,0,388,217,171,0
Y12,VCH,104,52,52,0,388,192,196,0
T4d,T4b,179,88,91,0,388,189,199,0
MLt3,TmY10,156,72,84,0,388,183,205,0
Tm16,Tm16,163,80,83,0,388,197,191,0
Li01,LC37a,93,50,43,0,388,208,180,0
LMa3,Li17,118,68,50,0,388,235,153,0
Tm32,Li30,78,40,38,0,387,193,194,0
TmY9q⊥,LTe40,79,41,38,0,387,199,188,0
Li28,LC13,110,56,54,0,387,191,196,0
Sm36,Sm02,144,74,70,0,387,198,189,0
MTe54,MTe54,98,73,25,0,387,305,82,0
cL08,LT56,2,1,1,0,387,173,214,0
Mi1,Mi10,157,89,68,0,386,221,165,0
Dm11,Sm08,117,65,52,0,386,222,164,0
Y12,LLPC3,155,107,48,0,386,275,111,0
Pm04,TmY15,151,91,60,0,386,233,153,0
Sm07,Tm5b,114,69,45,0,386,247,139,0
LMa4,LMa3,120,72,48,0,386,229,157,0
cL21,LMa4,71,34,37,0,386,199,187,0
cL12,LTe49a,4,2,2,0,386,243,143,0
cM15,Tm5e,137,69,68,0,386,194,192,0
LPi09,VS5,43,26,17,0,385,274,111,0
L1,R1-6,160,107,53,0,385,258,127,0
Tm5a,LT84,69,30,39,0,385,200,185,0
Y3,Nod2,126,68,58,0,385,217,168,0
Tm27,LC31a,156,105,51,0,385,264,121,0
Y12,Tm3,150,69,81,0,384,176,208,0
TmY10,LTe14,111,57,54,0,384,194,190,0
Mi9,MTe03,83,49,34,0,384,245,139,0
Am1,LPLC4,75,38,37,0,384,214,170,0
LC28a,LT65,43,26,17,0,384,248,136,0
LC21,LPLC4,127,63,64,0,384,185,199,0
LC35,Li05,97,57,40,0,384,237,147,0
VCH,TmY3,148,81,67,0,384,206,178,0
TmY5a,LPC2,158,121,37,0,383,292,91,0
Mi4,Dm2,157,82,75,0,383,182,201,0
C2,Sm32,165,95,70,0,383,220,163,0
Tm8a,LC28a,117,67,50,0,383,235,148,0
Dm1,Dm6,129,72,57,0,383,231,152,0
Sm05,Tm25,132,83,49,0,383,261,122,0
T2a,T2,144,62,82,0,383,146,237,0
LT52,Li30,28,14,14,0,383,202,181,0
MTe52,Pm10,112,70,42,0,383,255,128,0
LC9,LTe65,36,22,14,0,383,238,145,0
cMLLP01,cL16,3,2,1,0,383,239,144,0
Sm02,Sm27,107,59,48,0,382,226,156,0
LMa5,Mi1,144,86,58,0,382,207,175,0
Pm02,Pm10,132,80,52,0,382,245,137,0
OA-AL2i3,Dm6,81,39,42,0,382,199,183,0
cL18,LLPC1,123,68,55,0,382,210,172,0
LPT21,Tlp4,62,35,27,0,382,226,156,0
TmY11,TmY14,142,88,54,0,381,239,142,0
C3,MTe43,142,89,53,0,381,236,145,0
LMt2,Sm42,53,26,27,0,381,208,173,0
Y11,Pm04,112,73,39,0,381,267,114,0
Sm30,MeTu3b,132,71,61,0,381,225,156,0
LPi08,Y12,153,113,40,0,381,284,97,0
MeMe_e02,MTe29,9,5,4,0,381,181,200,0
cL22c,LCe06,8,5,3,0,381,248,133,0
LT41,TmY16,51,26,25,0,381,178,203,0
Dm11,Dm9,119,97,22,0,380,318,62,0
LLPt,Y11,148,80,68,0,380,209,171,0
MLt1,Li12,126,74,52,0,380,225,155,0
LPT58,TmY14,88,70,18,0,380,333,47,0
CB0592,LMa4,46,23,23,0,380,171,209,0
Tm20,Li10,144,83,61,0,379,206,173,0
Tm20,LC13,162,86,76,0,379,205,174,0
Tm5c,MTe35,128,64,64,0,379,191,188,0
Li11,LLPt,116,64,52,0,379,227,152,0
cLP03,LPLC2,131,93,38,0,379,262,117,0
LT40,LC22,66,34,32,0,379,209,170,0
Tm36,Sm32,142,60,82,0,378,157,221,0
Tm36,LT82a,119,62,57,0,378,205,173,0
TmY10,LC46,127,51,76,0,378,144,234,0
Mi9,OA-AL2i1,159,93,66,0,378,221,157,0
Tm7,LTe42c,78,38,40,0,378,171,207,0
Tlp14,LPi09,143,81,62,0,378,215,163,0
Mi1,Mi13,106,44,62,0,378,130,248,0
TmY16,Pm10,136,82,54,0,378,230,148,0
Y11,LPi02,134,100,34,0,378,293,85,0
LT66,CB0802,4,2,2,0,378,187,191,0
cM14,TmY14,80,40,40,0,378,188,190,0
TmY31,Li17,130,73,57,0,377,194,183,0
T2a,LT87,134,85,49,0,377,251,126,0
Li05,TmY31,142,73,69,0,377,193,184,0
Pm03,TmY16,156,98,58,0,377,241,136,0
Sm30,Tm5e,159,83,76,0,377,195,182,0
Li02,Li12,88,52,36,0,377,237,140,0
Tm35,LC36,98,55,43,0,377,235,142,0
Li10,LMt1,149,96,53,0,377,241,136,0
Li24,LC16,103,58,45,0,377,213,164,0
Li24,LC10c,101,52,49,0,377,182,195,0
LPi09,VS8,22,12,10,0,376,251,125,0
Tm5c,Tm20,153,85,68,0,376,209,167,0
Li20,LC9,103,62,41,0,376,235,141,0
Li09,LC31a,88,52,36,0,376,249,127,0
Li10,LC33a,122,53,69,0,376,157,219,0
Mi4,Lawf1,148,80,68,0,376,190,186,0
Tm35,MLt6,98,54,44,0,376,224,152,0
Tm16,LMa5,127,70,57,0,376,223,153,0
Mi10,MTe02,133,69,64,0,376,188,188,0
Li06,LT82a,102,39,63,0,376,130,246,0
L4,MTe44,140,92,48,0,376,248,128,0
Pm13,Sm07,113,54,59,0,376,202,174,0
MeLp1,cM15,4,2,2,0,376,182,194,0
LC16,LT51,89,38,51,0,376,166,210,0
mALC5,LPi05,24,13,11,0,376,207,169,0
cL04,LC36,46,21,25,0,376,181,195,0
Tm5f,Li33,147,68,79,0,375,174,201,0
Tm4,cML01,146,79,67,0,375,200,175,0
TmY15,Tm5e,145,80,65,0,375,204,171,0
LC14b,Li15,51,26,25,0,375,213,162,0
LPT54,LLPC3,85,44,41,0,375,193,182,0
OA-ASM1,LC14a1,79,0,0,79,375,0,0,375
cM10,Tm5f,137,63,74,0,375,183,192,0
TmY20,LC10e,120,55,65,0,374,157,217,0
TmY4,Sm42,140,72,68,0,374,197,177,0
TmY9q⊥,LT75,121,51,70,0,374,159,215,0
Tm5c,LC35,120,73,47,0,374,224,150,0
Li09,LC6,139,78,61,0,374,209,165,0
Dm6,L5,162,84,78,0,374,187,187,0
Li15,LC9,135,75,60,0,374,208,166,0
Li30,LC40,37,18,19,0,374,202,172,0
LLPC3,LTe64,78,38,40,0,374,177,197,0
LC4,LC14a1,71,39,32,0,374,209,165,0
cL20,TmY15,84,42,42,0,374,182,192,0
CB0802,OA-AL2b2,8,4,4,0,374,187,187,0
LT39,LC10a,101,50,51,0,374,165,209,0
T5d,T5b,171,69,102,0,373,147,226,0
Mi1,Tm2,131,65,66,0,373,179,194,0
MLt5,Mi4,143,62,81,0,373,156,217,0
Dm9,Tm5c,138,107,31,0,373,289,84,0
Mi1,Y4,139,62,77,0,373,176,197,0
LMa3,Tm1,141,82,59,0,373,228,145,0
MeTu4c,LTe22,56,29,27,0,373,181,192,0
mALC5,Li06,36,18,18,0,373,193,180,0
Y3,Tm16,148,69,79,0,372,161,211,0
Tm8a,LT86,77,39,38,0,372,154,218,0
Dm3v,Tm8a,162,69,93,0,372,156,216,0
TmY4,LTe37,87,36,51,0,372,157,215,0
LMa2,LTe26,37,20,17,0,372,181,191,0
LMa2,LTe20,28,13,15,0,372,165,207,0
LC14b,Dm12,68,44,24,0,372,261,111,0
LT11,Li17,78,40,38,0,372,185,187,0
LPC1,LPi02,132,81,51,0,372,234,138,0
LT56,Tm27,149,79,70,0,372,204,168,0
LPT57,cLP02,42,26,16,0,372,282,90,0
L3,Sm02,120,74,46,0,371,232,139,0
MLt7,TmY10,136,65,71,0,371,175,196,0
TmY5a,Pm14,148,98,50,0,371,251,120,0
Li12,LCe07,45,23,22,0,371,152,219,0
Li12,Tm8a,128,73,55,0,371,221,150,0
Sm14,Sm10,97,52,45,0,371,188,183,0
Pm06,Pm03,143,79,64,0,371,202,169,0
Li25,LT61b,4,2,2,0,371,196,175,0
Li33,Y3,143,60,83,0,371,152,219,0
Li33,LTe06,2,1,1,0,371,180,191,0
Tm25,LCe01b,105,87,18,0,370,326,44,0
Dm2,CB0566,151,82,69,0,370,208,162,0
Y4,LT60,64,35,29,0,370,192,178,0
MLt7,Tm32,101,49,52,0,370,182,188,0
Tm5b,aMe5,136,78,58,0,370,225,145,0
Mi10,LMa5,121,85,36,0,370,273,97,0
Dm14,Mi9,160,93,67,0,370,219,151,0
LC28a,LC15,113,73,40,0,370,232,138,0
LPT48_vCal3,cLP03,20,5,4,11,370,63,38,269
Tm8a,LTe07,35,13,22,0,369,70,299,0
TmY11,LTe21,133,68,65,0,369,186,183,0
LPT58,Tlp14,24,13,11,0,369,226,143,0
LPT53,LPi12,2,1,1,0,369,265,104,0
Mi4,Sm04,140,73,67,0,368,198,170,0
Li05,LLPt,129,65,64,0,368,190,178,0
Tm5d,Tm8a,135,79,56,0,368,207,161,0
Dm20,T1,140,88,52,0,368,229,139,0
Sm40,Tm35,109,54,55,0,368,173,195,0
Li31,Li28,4,2,2,0,368,163,205,0
cLP02,Y1,117,78,39,0,368,266,102,0
LPT54,Tlp1,59,29,30,0,368,202,166,0
aMe17a2,Dm16,67,38,29,0,368,248,120,0
cLLPM02,Y4,46,18,28,0,368,117,251,0
Sm09,Tm5d,141,84,57,0,367,218,149,0
TmY5a,LT66,153,86,67,0,367,215,152,0
T4d,LPT49,152,114,38,0,367,281,86,0
cM17,Sm42,2,1,1,0,367,198,169,0
cM06,Pm11,15,8,7,0,367,174,193,0
AVLP151,OA-AL2b2,8,4,4,0,367,192,175,0
Tm25,Mi1,162,92,70,0,366,211,155,0
TmY15,CT1,121,66,55,0,366,212,154,0
Dm12,Tm4,161,80,81,0,366,177,189,0
Li12,Li11,102,51,51,0,366,183,183,0
Dm17,Dm15,145,77,68,0,366,196,170,0
Mi4,Tm7,149,69,80,0,366,170,196,0
Li27,LC24,67,36,31,0,366,186,180,0
Li33,LCe01a,22,12,10,0,366,211,155,0
MeMe_e09,Sm34,20,11,9,0,366,202,164,0
cL22b,LTe66,11,3,4,4,366,96,227,43
Mi9,LMa1,146,77,69,0,365,196,169,0
T4b,TmY16,157,87,70,0,365,198,167,0
Tm8a,LT85,68,35,33,0,365,194,171,0
Tm32,Sm08,113,56,57,0,365,185,180,0
Tm25,LC13,145,80,65,0,365,206,159,0
LLPt,Tlp1,144,85,59,0,365,212,153,0
Tm3,Pm03,109,33,76,0,365,100,265,0
LMa2,C3,169,104,65,0,365,219,146,0
LMt1,Tm27,165,88,77,0,365,196,169,0
Sm33,Sm12,65,54,11,0,365,317,48,0
MeTu4c,LTe43,73,42,31,0,365,201,164,0
MTe54,TmY11,139,66,73,0,365,170,195,0
cL20,LC9,70,36,34,0,365,188,177,0
LTe20,LT82a,6,3,3,0,365,182,183,0
Sm10,Tm8b,115,56,59,0,364,184,180,0
TmY5a,LMa2,154,67,87,0,364,149,215,0
Dm8b,MeTu1,127,65,62,0,364,186,178,0
LPi07,LPLC2,143,96,47,0,364,248,116,0
T5b,VS2,105,70,35,0,364,270,94,0
Sm36,MeTu4a,99,48,51,0,364,188,176,0
MeTu4a,Sm12,151,90,61,0,364,224,140,0
Tm5b,Tm37,142,71,71,0,363,182,181,0
Li08,TmY20,148,73,75,0,363,177,186,0
Y1,Tm21,141,80,61,0,363,208,155,0
LPi03,LPT30,13,7,6,0,363,200,163,0
LLPC1,Y11,141,88,53,0,363,236,127,0
Li17,LC21,140,65,75,0,362,162,200,0
T3,LPLC4,140,68,72,0,362,173,189,0
Tm20,Li02,135,71,64,0,362,194,168,0
Y3,LC39,111,64,47,0,362,202,160,0
MLt1,aMe20,60,28,32,0,362,173,189,0
MeLp1,LPLC1,64,42,22,0,362,287,75,0
MeLp2,Y11,81,43,38,0,362,199,163,0
cL13,LTe65,7,4,3,0,362,197,165,0
Li01,LC22,114,57,57,0,361,176,185,0
Pm05,Pm06,145,71,74,0,361,179,182,0
Tlp14,LPLC2,147,109,38,0,361,271,90,0
LLPt,LT77,72,40,32,0,361,212,149,0
LMa2,LMt4,90,50,40,0,361,195,166,0
Sm41,MeTu3c,70,38,32,0,361,210,151,0
Am1,T3,149,88,61,0,361,215,146,0
cM18,MLt7,52,23,29,0,361,188,173,0
MeLp2,LPLC2,93,54,39,0,361,228,133,0
mALC3,Pm05,24,10,14,0,361,121,240,0
LT56,Li17,72,32,40,0,361,147,214,0
TmY5a,LC14a2,127,66,61,0,360,190,170,0
Li20,Li24,25,14,11,0,360,215,145,0
Mi10,Tm27,148,78,70,0,360,188,172,0
LPLC1,LT74,98,32,66,0,360,141,219,0
aMe4,aMe12,45,19,26,0,360,164,196,0
OA-AL2i3,Dm17,16,8,8,0,360,176,184,0
cL17,Li09,66,31,35,0,360,128,232,0
Mi15,aMe9,152,88,64,0,359,214,145,0
Tm5f,Tm33,152,78,74,0,359,185,174,0
LPi02,Nod3,40,28,12,0,359,298,61,0
Y1,Nod1,91,53,38,0,359,211,148,0
Sm42,aMe5,34,18,16,0,359,181,178,0
LCe03,LTe42a,35,23,12,0,359,223,136,0
LT34,Li12,31,16,15,0,359,221,138,0
MTe51,LTe23,50,26,24,0,359,178,181,0
cML02,C2,119,66,53,0,359,193,166,0
Dm3p,Tm20,162,104,58,0,358,227,131,0
TmY10,LC14b,100,44,56,0,358,146,212,0
MLt6,LT57,82,41,41,0,358,174,184,0
Sm19,Tm27,139,72,67,0,358,183,175,0
Tm5b,LPLC1,141,73,68,0,358,181,177,0
Tm21,TmY9q⊥,159,77,82,0,358,172,186,0
Li25,Li17,79,35,44,0,358,162,196,0
LC11,LMa2,121,61,60,0,358,181,177,0
LC20a,Li29,35,23,12,0,358,274,84,0
cL03,LMa3,66,42,24,0,358,246,112,0
TmY31,Li27,126,61,65,0,357,160,197,0
Pm11,LMa4,96,57,39,0,357,228,129,0
Tm5e,LC10b,142,69,73,0,357,175,182,0
MLt3,LLPC1,131,73,58,0,357,201,156,0
T2,T2a,153,60,93,0,357,130,227,0
Y1,T2a,152,88,64,0,357,210,147,0
Sm27,MTe51,86,39,47,0,357,162,195,0
Sm38,MTe29,4,2,2,0,357,164,193,0
LC21,LC6,127,64,63,0,357,175,182,0
LT37,TmY9q,88,39,49,0,357,166,191,0
cLLPM01,Y1,53,30,23,0,357,185,172,0
LAL047,LTe53,2,1,1,0,357,195,162,0
Y3,LT86,102,49,53,0,356,167,189,0
Y3,LT69,85,43,42,0,356,183,173,0
TmY31,LTe64,73,34,39,0,356,167,189,0
Tm5e,L4,152,91,61,0,356,217,139,0
Tm4,Mi2,152,84,68,0,356,198,158,0
Li05,Li05,143,83,60,0,356,210,146,0
Tm5a,Tm8b,122,57,65,0,356,167,189,0
TmY4,LTe42c,81,38,43,0,356,158,198,0
Li10,LC13,135,74,61,0,356,184,172,0
LMt1,LT1d,47,23,24,0,356,177,179,0
MTe52,CB0592,38,21,17,0,356,227,129,0
cL03,T2,115,68,47,0,356,221,135,0
cM16,TmY5a,137,75,62,0,356,195,161,0
TmY20,LC20a,106,72,34,0,355,234,121,0
Li06,Tm5f,152,75,77,0,355,170,185,0
Tm3,Sm04,146,76,70,0,355,184,171,0
MLt6,MTe38,55,28,27,0,355,187,168,0
LLPt,Li32,60,32,28,0,355,201,154,0
Dm14,Dm19,95,39,56,0,355,141,214,0
Sm17,Sm23,94,45,49,0,355,182,173,0
Li25,LTe12,4,2,2,0,355,174,181,0
LC10e,LTe42a,36,16,20,0,355,159,196,0
cLP01,LPi08,110,91,19,0,355,303,52,0
LC13,Li33,70,36,34,0,355,192,163,0
LC14a2,LC10d,88,49,39,0,355,190,165,0
LC20b,LTe42c,22,11,11,0,355,139,216,0
cL05,LC22,40,22,18,0,355,193,162,0
Tm5b,LC10b,117,62,55,0,354,182,172,0
Dm8b,Tm25,146,73,73,0,354,174,180,0
Li02,LTe58,105,62,43,0,354,201,153,0
Tm3,Mi9,150,67,83,0,354,156,198,0
Tm21,LTe10,125,72,53,0,354,207,147,0
LMa5,TmY14,124,81,43,0,354,238,116,0
Sm09,Sm21,139,79,60,0,354,197,157,0
Pm08,TmY14,139,64,75,0,354,158,196,0
LPLC2,LPC1,127,84,43,0,354,237,117,0
cLP02,TmY14,126,93,33,0,354,269,85,0
LCe03,LTe42b,30,21,9,0,354,219,135,0
MeTu4a,Tm32,129,68,61,0,354,203,151,0
LC10b,cL13,49,25,24,0,354,189,165,0
T5a,Tm9,161,49,112,0,353,105,248,0
T2a,Pm05,143,67,76,0,353,150,203,0
Tm7,OA-AL2b1,122,48,74,0,353,131,222,0
LMt3,MTe18,37,14,23,0,353,151,202,0
Sm32,TmY10,152,74,78,0,353,170,183,0
Li16,LC9,128,70,58,0,353,202,151,0
Pm10,Tm35,111,64,47,0,353,201,152,0
Sm29,Sm16,84,54,30,0,353,253,100,0
aMe9,aMe17b,16,8,8,0,353,166,187,0
LT37,TmY10,93,49,44,0,353,206,147,0
cM16,MTe18,3,1,2,0,353,172,181,0
Tm37,Tm31,134,60,74,0,352,148,204,0
TmY5a,Li05,132,71,61,0,352,187,165,0
Tm3,LT66,131,74,57,0,352,205,147,0
T3,T3,155,60,95,0,352,141,211,0
Sm03,Sm22,132,80,52,0,352,214,138,0
Pm08,Y12,146,72,74,0,352,172,180,0
Pm06,LMa2,111,69,42,0,352,224,128,0
CB0816,Mi1,140,42,98,0,352,99,253,0
LT63,LC36,44,22,22,0,352,199,153,0
Tm36,LC14a1,86,44,42,0,351,179,172,0
TmY3,Pm12,140,62,78,0,351,150,201,0
Tm35,cL05,67,34,33,0,351,175,176,0
Pm05,Tm5f,143,73,70,0,351,181,170,0
LMa3,T2,156,92,64,0,351,206,145,0
Li24,LC14a1,35,21,14,0,351,229,122,0
Li30,Tm5a,129,63,66,0,351,174,177,0
LTe08,LTe40,2,1,1,0,351,180,171,0
MTe52,MeMe_e08,97,57,40,0,351,216,135,0
OA-AL2i2,T2,159,59,100,0,351,129,222,0
cM05,Lawf1,90,53,37,0,351,222,129,0
LT58,LC16,75,50,25,0,351,258,93,0
LT41,Li21,12,7,5,0,351,168,183,0
T5b,LPi07,96,21,75,0,350,49,301,0
TmY5a,LPi08,143,113,30,0,350,277,73,0
Tlp4,Y11,129,77,52,0,350,209,141,0
TmY11,LLPC1,135,68,67,0,350,173,177,0
Tm5c,LC25,145,65,80,0,350,152,198,0
Sm07,Sm08,136,63,73,0,350,155,195,0
Li11,LC11,127,75,52,0,350,194,156,0
LMa2,LMt3,78,43,35,0,350,190,160,0
LPi15,LPC1,97,58,39,0,350,205,145,0
Li23,LT52,9,5,4,0,350,179,171,0
LLPC3,Nod1,48,23,25,0,350,160,190,0
LC4,LT60,47,21,26,0,350,160,190,0
mALC5,LPLC2,37,18,19,0,350,178,172,0
DCH,LLPC1,81,51,30,0,350,256,94,0
cM05,MLt3,77,42,35,0,350,200,150,0
Tm8a,LT64,67,39,28,0,349,201,148,0
Tm20,LLPt,120,47,73,0,349,114,235,0
Y12,Pm09,140,71,69,0,349,180,169,0
TmY15,CB0592,116,69,47,0,349,211,138,0
TmY31,Li02,120,66,54,0,349,190,159,0
L2,C2,100,61,39,0,349,232,117,0
LMa1,Li14,91,49,42,0,349,208,141,0
LC27,LTe23,28,13,15,0,349,172,177,0
cM02a,MTe01a,28,17,11,0,349,227,122,0
cM12,MeTu4d,32,15,17,0,349,210,139,0
aMe22,MTe45,2,1,1,0,349,167,182,0
T5b,LPT22,133,69,64,0,348,187,161,0
Sm15,MTe05,94,42,52,0,348,163,185,0
TmY9q,CB0472,91,36,55,0,348,129,219,0
Li11,LC10a,125,61,64,0,348,172,176,0
L2,Dm16,141,73,68,0,348,193,155,0
LMt3,Y12,127,62,65,0,348,169,179,0
Sm08,Sm01,132,74,58,0,348,192,156,0
Sm25,MeTu4a,112,61,51,0,348,195,153,0
Li33,LCe07,11,6,5,0,348,180,168,0
cL07,Tm21,142,48,94,0,348,117,231,0
cL15,LC22,33,15,18,0,348,143,205,0
Y3,Li01,142,77,65,0,347,191,156,0
DmDRA1,Sm43,51,37,14,0,347,274,73,0
Dm6,Dm6,74,52,22,0,347,295,52,0
Sm39,Dm9,90,65,25,0,347,270,77,0
Li27,LTe08,4,2,2,0,347,191,156,0
MeMe_e02,Sm23,82,37,45,0,347,148,199,0
cM08c,Sm21,44,25,19,0,347,181,166,0
aMe26,Sm16,87,53,34,0,347,219,128,0
LC22,LTe65,27,17,10,0,347,200,147,0
cM01c,Sm42,2,1,1,0,347,194,153,0
MTe47,Li16,74,43,31,0,347,212,135,0
T3,Lawf2,143,87,56,0,346,204,142,0
T2a,LT1d,132,59,73,0,346,148,198,0
T4b,VS2,103,76,27,0,346,269,77,0
Li06,LC13,123,58,65,0,346,162,184,0
Tm37,Li18,137,59,78,0,346,152,194,0
MLt5,Sm08,121,70,51,0,346,205,141,0
Tm20,LC10d,134,67,67,0,346,170,176,0
TmY11,LPC1,126,74,52,0,346,207,139,0
Li10,LC19,91,44,47,0,346,162,184,0
Li24,Tm31,83,51,32,0,346,201,145,0
LLPC3,LPC1,113,73,40,0,346,235,111,0
LPLC4,LT76,41,22,19,0,346,167,179,0
cM02b,Sm41,2,1,1,0,346,147,199,0
MTe04,MTe19,24,14,10,0,346,203,143,0
LT65,LT51,18,9,9,0,346,190,156,0
aMe3,LTe71,2,1,1,0,346,187,159,0
LC10d,AOTU026,31,31,0,0,346,346,0,0
Tm5a,LC28a,97,49,48,0,345,154,191,0
Sm15,TmY10,133,56,77,0,345,147,198,0
Li07,Tm16,139,67,72,0,345,169,176,0
Dm11,Sm04,106,66,40,0,345,226,119,0
Tm32,LTe42c,43,24,19,0,345,192,153,0
Mi2,Pm05,136,83,53,0,345,210,135,0
Li12,LT57,69,41,28,0,345,183,162,0
LPi15,Nod1,4,2,2,0,345,208,137,0
Li30,TmY11,117,59,58,0,345,185,160,0
VCH,Tm27,138,95,43,0,345,239,106,0
Tm20,MTe08,144,79,65,0,344,182,162,0
TmY3,LT61a,127,56,71,0,344,161,183,0
MLt4,MTe44,26,12,14,0,344,190,154,0
Tm2,Pm07,130,49,81,0,344,144,200,0
Sm05,MeLp1,88,45,43,0,344,175,169,0
Tm7,LCe02,112,68,44,0,344,227,117,0
LT42,LC17,97,47,50,0,344,160,184,0
LC14a1,Tm37,49,24,25,0,344,154,190,0
LPT23,LPT42_Nod4,5,3,2,0,344,239,105,0
LPT28,Tlp14,40,22,18,0,344,236,108,0
LT84,Li10,43,16,27,0,344,112,232,0
LT36,Y4,69,23,46,0,344,88,256,0
MTe28,LTe50,4,2,2,0,344,179,165,0
cL09,LPLC1,21,11,10,0,344,218,126,0
LTe21,CB0143,1,1,0,0,344,344,0,0
Tm3,Mi10,146,90,56,0,343,216,127,0
Y12,LPi07,137,87,50,0,343,231,112,0
MLt2,LT58,65,42,23,0,343,262,81,0
Dm17,Tm21,152,88,64,0,343,204,139,0
Tm5e,cM07,115,88,27,0,343,271,72,0
Li05,TmY10,136,83,53,0,343,207,136,0
Li10,LC45,93,51,42,0,343,186,157,0
Sm41,Tm33,70,42,28,0,343,207,136,0
LT66,Li26,15,7,8,0,343,163,180,0
LT34,Y3,103,45,58,0,343,167,176,0
aMe4,aMe6a,14,5,9,0,343,139,204,0
aMe12,PLP231,24,10,7,7,343,155,135,53
LPT54,Y3,111,52,59,0,343,163,180,0
OA-AL2i3,Lawf1,126,71,55,0,343,187,156,0
MeMe_e07,Mi4,156,78,78,0,343,173,170,0
T2a,Pm14,128,74,54,0,342,203,139,0
Mi9,LMa4,122,57,65,0,342,164,178,0
Tm8a,LC14b,87,42,45,0,342,154,188,0
Y3,LPT30,80,39,41,0,342,163,179,0
LPi11,LPT28,35,20,15,0,342,258,84,0
T1,Tm4,105,64,41,0,342,214,128,0
MeTu3b,Sm10,131,74,57,0,342,201,141,0
LT37,Li06,72,35,37,0,342,161,181,0
LPT53,Tlp1,51,29,22,0,342,215,127,0
Li17,mALC4,62,27,35,0,341,156,185,0
Li03,Tm34,94,53,41,0,341,198,143,0
Li13,Tm5b,134,65,69,0,341,172,169,0
Tm31,LC10a,128,69,59,0,341,185,156,0
Y1,Tm3,134,73,61,0,341,189,152,0
Tm35,Li03,116,58,58,0,341,169,172,0
LPi11,T5c,145,79,66,0,341,188,153,0
LMa3,Pm05,79,46,33,0,341,204,137,0
Li24,LC6,93,50,43,0,341,188,153,0
MTe54,Pm05,109,70,39,0,341,225,116,0
OA-AL2i3,Dm10,146,74,72,0,341,171,170,0
MTe42,LT53,8,4,4,0,341,149,192,0
aMe17a2,Lawf1,80,61,19,0,341,258,83,0
Tlp5,LLPC3,123,81,42,0,340,234,106,0
Tm5d,MeTu1,128,80,48,0,340,205,135,0
LPi11,LPi07,102,70,32,0,340,229,111,0
Pm08,MTe52,135,72,63,0,340,177,163,0
MeTu4c,MLt7,88,47,41,0,340,178,162,0
TmY4,TmY9q,149,63,86,0,339,153,186,0
Dm2,MeTu3b,145,72,73,0,339,169,170,0
Mi10,aMe12,135,76,59,0,339,193,146,0
Li33,MeTu4c,72,39,33,0,339,170,169,0
Li30,LTe14,2,1,1,0,339,169,170,0
LC9,LTe20,66,33,33,0,339,157,182,0
MeTu1,Dm2,126,50,76,0,339,110,229,0
LTe03,LC10b,50,28,22,0,339,214,125,0
Dm2,Sm40,128,70,58,0,338,205,133,0
Tm7,Li28,125,74,51,0,338,198,140,0
Tm31,LC6,123,66,57,0,338,173,165,0
Sm24,Sm21,71,45,26,0,338,217,121,0
Sm01,Tm37,128,65,63,0,338,169,169,0
LMt3,Y1,122,62,60,0,338,171,167,0
LMa4,Pm05,99,56,43,0,338,201,137,0
LC40,Li10,107,51,56,0,338,164,174,0
LC10e,Li03,96,50,46,0,338,168,170,0
MTe46,LMTe01,12,6,6,0,338,166,172,0
MTe51,aMe1,38,25,13,0,338,218,120,0
cM17,MTe18,3,1,2,0,338,134,204,0
MeLp2,LPLC1,73,42,31,0,338,221,117,0
cL21,Tm20,149,84,65,0,338,189,149,0
LT40,LT66,2,1,1,0,338,194,144,0
Sm10,TmY3,125,60,65,0,337,160,177,0
Sm32,Mi14,137,86,51,0,337,216,121,0
Tm8a,LMa4,99,48,51,0,337,164,173,0
Li27,LC10c,98,51,47,0,337,182,155,0
LC14b,LT57,46,25,21,0,337,182,155,0
cM08c,Sm39,6,3,3,0,337,183,154,0
cL08,LT61b,2,1,1,0,337,148,189,0
LPT26,Tlp1,49,30,19,0,337,267,70,0
OA-AL2i1,Mi14,105,57,48,0,337,196,141,0
cM15,PDt,11,6,5,0,337,196,141,0
T2,Li31,143,65,78,0,336,155,181,0
Mi15,MTe17,82,52,30,0,336,199,137,0
TmY20,LC34,83,35,48,0,336,133,203,0
Tm31,Tm8b,101,54,47,0,336,158,178,0
T5a,LC4,147,73,74,0,336,161,175,0
Sm02,CB0566,109,49,60,0,336,139,197,0
Pm04,Pm04,113,63,50,0,336,202,134,0
Tm5c,LLPC1,130,60,70,0,336,150,186,0
Li27,LCe02,57,31,26,0,336,217,119,0
LPi13,TmY31,110,77,33,0,336,246,90,0
cL14,LT52,27,14,13,0,336,190,146,0
LT39,Tm25,117,60,57,0,336,180,156,0
Nod2,PLP035,2,1,0,1,336,82,0,254
TmY11,LLPC2,129,63,66,0,335,171,164,0
T2a,Y3,150,70,80,0,335,158,177,0
Tm35,LC16,116,51,65,0,335,152,183,0
MLt7,cM08c,71,41,30,0,335,200,135,0
cLP03,TmY20,114,85,29,0,335,255,80,0
MeLp2,LPi15,2,1,1,0,335,190,145,0
LTe22,MeTu4c,64,33,31,0,335,179,156,0
LT39,Li32,2,1,1,0,335,162,173,0
Pm11,Pm12,61,30,31,0,334,160,174,0
T5b,LC4,150,75,75,0,334,167,167,0
Tm5e,Li03,115,57,58,0,334,160,174,0
LMa5,LT1b,57,30,27,0,334,211,123,0
Li12,Tm16,125,69,56,0,334,182,152,0
MLt1,Tm1,142,74,68,0,334,169,165,0
LCe01b,LC6,103,63,40,0,334,220,114,0
LPC2,LPi11,81,59,22,0,334,260,74,0
MeLp2,TmY14,94,52,42,0,334,185,149,0
LC46,LT51,40,21,19,0,334,172,162,0
cL21,LMa3,56,29,27,0,334,179,155,0
Li02,LTe54,86,46,40,0,333,181,152,0
TmY5a,LLPt,100,50,50,0,333,190,143,0
T4d,LPT31,123,92,31,0,333,253,80,0
Tm5c,TmY10,139,73,66,0,333,177,156,0
Li32,Li24,10,6,4,0,333,155,178,0
MeTu4a,MLt7,93,54,39,0,333,195,138,0
cL15,LTe64,10,5,5,0,333,151,182,0
Tm1,Dm15,135,57,78,0,332,130,202,0
Mi10,MTe19,75,32,43,0,332,140,192,0
Sm15,Tm16,106,52,54,0,332,166,166,0
Li11,LT79,56,29,27,0,332,165,167,0
Sm12,Sm30,96,58,38,0,332,197,135,0
Dm17,Dm6,86,46,40,0,332,175,157,0
Li32,TmY9q⊥,117,62,55,0,332,181,151,0
MeTu1,MTe12,74,36,38,0,332,149,183,0
cLP03,LPi11,72,46,26,0,332,234,98,0
LPT45_dCal1,TmY20,57,36,21,0,332,245,87,0
OA-AL2i2,Pm10,59,30,29,0,332,176,156,0
LT65,Li13,55,28,27,0,332,198,134,0
LT61b,cL21,8,2,2,4,332,103,137,92
LPT49,Y12,89,58,31,0,332,244,88,0
L3,T1,129,73,56,0,331,177,154,0
Tm5f,LC19,111,56,55,0,331,169,162,0
Pm08,Sm04,128,82,46,0,331,215,116,0
Li12,Li01,118,68,50,0,331,186,145,0
Sm12,Sm14,129,61,68,0,331,167,164,0
Li13,LTe16,38,18,20,0,331,158,173,0
cL06,LC10c,76,39,37,0,331,170,161,0
Li17,LT11,75,37,38,0,330,169,161,0
T3,Li20,142,58,84,0,330,126,204,0
LPi05,Y1,103,58,45,0,330,176,154,0
TmY14,Pm04,122,75,47,0,330,206,124,0
Li04,LC34,59,36,23,0,330,167,163,0
Li32,LPLC4,84,38,46,0,330,150,180,0
Am1,T5d,140,64,76,0,330,150,180,0
MeMe_e06,MeTu1,78,38,40,0,330,145,185,0
LPT48_vCal3,cLP02,40,6,5,29,330,39,37,254
MeMe_e03,Sm06,47,22,25,0,330,158,172,0
Li01,LC40,97,46,51,0,329,152,177,0
Dm2,Sm41,139,64,75,0,329,150,179,0
MLt7,MTe47,63,35,28,0,329,176,153,0
Sm09,Sm15,122,65,57,0,329,172,157,0
Dm4,Mi9,118,55,63,0,329,166,163,0
LMa4,Tm3,151,87,64,0,329,193,136,0
Y3,MTe52,81,58,23,0,329,278,51,0
LMt1,LC28a,98,72,26,0,329,249,80,0
LCe06,cL22b,13,6,5,2,329,178,133,18
cM09,CB0816,20,12,8,0,329,191,138,0
cM01b,MeMe_e02,12,6,6,0,329,177,152,0
Tm25,LMa5,132,81,51,0,328,202,126,0
Tm16,LT66,106,57,49,0,328,177,151,0
Tm5a,Li31,100,22,78,0,328,66,262,0
Tm5c,Tm5d,131,69,62,0,328,176,152,0
Sm41,MLt2,72,30,42,0,328,119,209,0
cLP03,TmY5a,141,109,32,0,328,261,67,0
MeMe_e04,MTe29,8,4,4,0,328,167,161,0
cM12,Sm25,17,9,8,0,328,160,168,0
Dm8b,Tm5f,126,74,52,0,327,185,142,0
Y1,CB0592,85,44,41,0,327,169,158,0
Tm5f,Dm3q,147,75,72,0,327,165,162,0
Tlp5,Am1,50,26,24,0,327,201,126,0
Tm20,LPLC4,29,1,28,0,327,2,325,0
Sm12,TmY11,126,70,56,0,327,176,151,0
Dm2,Sm14,119,60,59,0,327,172,155,0
Pm09,Pm03,113,44,69,0,327,117,210,0
Li31,LPLC1,83,39,44,0,327,147,180,0
LC21,LC31a,105,61,44,0,327,206,121,0
LC14a2,Li02,57,32,25,0,327,192,135,0
LT57,LTe17,15,8,7,0,327,198,129,0
cM08b,Sm21,69,40,29,0,327,216,111,0
TmY20,LCe03,97,71,26,0,326,230,96,0
Mi10,Pm14,127,73,54,0,326,183,143,0
LC10b,LC10b,111,58,53,0,326,168,158,0
LPLC1,LTe20,63,27,36,0,326,101,225,0
cM08c,MTe01a,60,44,16,0,326,199,127,0
T4c,Tlp1,125,65,60,0,325,148,177,0
TmY9q,LC25,108,46,62,0,325,132,193,0
L2,T2a,128,64,64,0,325,179,146,0
Tm5d,LTe06,52,23,29,0,325,159,166,0
Sm40,MTe51,67,31,36,0,325,142,183,0
LMa2,LC13,112,58,54,0,325,177,148,0
LC15,Li05,114,62,52,0,325,170,155,0
LC14a1,LT60,13,7,6,0,325,154,171,0
cL21,LC14a1,51,26,25,0,325,167,158,0
LTe22,LTe37,4,2,2,0,325,168,157,0
Mi9,Tm9,137,85,52,0,324,201,123,0
Tm27,LC4,138,63,75,0,324,152,172,0
Tm2,Dm18,117,73,44,0,324,192,132,0
Tm34,Li01,110,63,47,0,324,190,134,0
Li24,LT66,10,6,4,0,324,195,129,0
Sm36,LMa2,51,31,20,0,324,193,131,0
LTe49a,cL13,8,2,2,4,324,93,81,150
LLPC1,LC31b,93,48,45,0,324,180,144,0
cM08c,TmY10,112,77,35,0,324,230,94,0
T5d,T5a,146,54,92,0,323,112,211,0
Li01,LC10b,107,62,45,0,323,198,125,0
Tm5c,aMe5,135,78,57,0,323,192,131,0
TmY5a,Mi4,135,79,56,0,323,182,141,0
T2,Pm04,138,65,73,0,323,143,180,0
TmY10,Tm5a,126,67,59,0,323,177,146,0
TmY10,Li12,108,66,42,0,323,180,143,0
Sm40,Tm5b,129,73,56,0,323,182,141,0
Tm3,TmY31,119,51,68,0,323,140,183,0
Sm32,Tm27,150,76,74,0,323,163,160,0
Mi10,Sm31,120,62,58,0,323,159,164,0
Sm41,Tm5a,118,64,54,0,323,169,154,0
Li32,LC22,70,31,39,0,323,152,171,0
MeMe_e02,Tm27,99,53,46,0,323,166,157,0
MTe26,Sm16,48,28,20,0,323,178,145,0
L2,L3,117,71,46,0,322,187,135,0
Tm16,Dm3q,141,62,79,0,322,141,181,0
Mi2,Tm25,140,83,57,0,322,195,127,0
Y3,LTe42b,57,27,30,0,322,156,166,0
Sm12,Tm16,137,74,63,0,322,175,147,0
LPi01,VS8,34,16,18,0,322,203,119,0
T4d,vCal1,101,65,36,0,322,215,107,0
LT55,LT51,14,6,8,0,322,152,170,0
LC14a1,LT79,26,13,13,0,322,170,152,0
CB0802,cM17,4,1,1,2,322,67,84,171
TmY3,Li05,120,65,55,0,321,173,148,0
T4b,LPi07,75,11,64,0,321,24,297,0
TmY3,LPi11,128,86,42,0,321,213,108,0
Tm4,Pm09,128,58,70,0,321,137,184,0
Li20,T2a,138,72,66,0,321,160,161,0
Li10,LT72,67,31,36,0,321,146,175,0
LLPt,LPT48_vCal3,58,34,24,0,321,230,91,0
Li16,LC17,130,72,58,0,321,179,142,0
aMe5,aMe1,60,31,29,0,321,169,152,0
LC25,Tm31,128,71,57,0,321,186,135,0
LCe01b,LPLC1,87,55,32,0,321,200,121,0
MeTu4a,LC27,96,49,47,0,321,160,161,0
cL08,LC31a,31,15,16,0,321,178,143,0
MTe12,Sm41,6,3,3,0,321,129,192,0
cM14,Sm06,49,27,22,0,321,116,205,0
T3,Pm02,137,65,72,0,320,149,171,0
Tm36,LMa2,108,62,46,0,320,191,129,0
Tm34,LC22,89,45,44,0,320,154,166,0
MTe50,aMe20,38,17,21,0,320,136,184,0
LLPC3,LLPC3,111,88,23,0,320,249,71,0
cM06,Dm17,8,4,4,0,320,142,178,0
MeMe_e06,aMe25,2,1,1,0,320,153,167,0
LTe50,PLP231,8,4,4,0,320,187,133,0
cM16,MLt7,42,21,21,0,320,178,142,0
Tm2,Dm6,144,65,79,0,319,143,176,0
Tm7,Li27,78,41,37,0,319,152,167,0
Tm36,LC9,117,64,53,0,319,168,151,0
Dm1,Lawf2,123,72,51,0,319,193,126,0
TmY9q⊥,LT78,114,67,47,0,319,185,134,0
Tm34,LTe25,52,25,27,0,319,134,185,0
TmY31,MTe18,81,36,45,0,319,158,161,0
Sm38,Sm06,105,58,47,0,319,183,136,0
aMe8,LNda,4,2,2,0,319,183,136,0
cM02b,C2,63,33,30,0,319,158,161,0
LT41,LC6,44,22,22,0,319,166,153,0
Dm8a,Sm15,110,61,49,0,318,180,138,0
DmDRA1,Sm17,79,42,37,0,318,178,140,0
TmY14,Am1,120,72,48,0,318,197,121,0
TmY10,LTe58,115,50,65,0,318,133,185,0
Tlp1,LPLC4,108,53,55,0,318,161,157,0
Li31,Li12,32,16,16,0,318,174,144,0
L4,Mi14,139,88,51,0,317,200,117,0
T4c,Tm27,147,100,47,0,317,214,103,0
LPi06,LPT23,56,29,27,0,317,175,142,0
LMt2,LMa3,90,53,37,0,317,187,130,0
Dm3q,Tm1,137,78,59,0,317,168,149,0
Dm20,T2a,137,68,69,0,317,151,166,0
Mi14,Dm15,138,75,63,0,317,176,141,0
Li12,cL05,21,11,10,0,317,161,156,0
TmY20,LC17,114,54,60,0,317,152,165,0
Li33,LTe10,2,1,1,0,317,178,139,0
LC11,Li17,127,55,72,0,317,140,177,0
MeTu2a,MTe20,62,33,29,0,317,172,145,0
LT43,LC10e,64,31,33,0,317,179,138,0
aMe5,aMe5,90,46,44,0,317,167,150,0
Li01,LT57,112,57,55,0,316,175,141,0
Tm3,L5,141,71,70,0,316,159,157,0
Dm11,Dm8b,122,68,54,0,316,179,137,0
Li09,LC14a1,53,27,26,0,316,165,151,0
Tm20,LC26,112,55,57,0,316,137,179,0
Sm40,Tm5a,123,66,57,0,316,167,149,0
Li01,LC28a,117,80,37,0,316,221,95,0
LMt3,LPT54,31,14,17,0,316,184,132,0
Tm37,LTe76,65,31,34,0,316,141,175,0
LC14b,Tm20,86,62,24,0,316,235,81,0
MeTu3b,MeTu3c,108,45,63,0,316,141,175,0
Lawf1,TmY3,140,82,58,0,315,186,129,0
R8,aMe12,94,44,50,0,315,143,172,0
Tm25,LMa2,134,68,66,0,315,159,156,0
Pm03,MTe52,129,74,55,0,315,182,133,0
Sm31,Sm27,54,31,23,0,315,182,133,0
MLt1,cM07,69,32,37,0,315,164,151,0
Li33,Li16,36,17,19,0,315,155,160,0
MTe50,Tm5c,117,60,57,0,315,155,160,0
CB0472,Li01,63,33,30,0,315,167,148,0
Li03,LPLC1,90,50,40,0,314,180,134,0
Tlp14,LC4,99,56,43,0,314,189,125,0
TmY10,LC16,118,63,55,0,314,176,138,0
Y3,Tm8a,129,66,63,0,314,152,162,0
Tm5a,LTe03,73,39,34,0,314,177,137,0
Pm09,LMa4,112,60,52,0,314,167,147,0
cLP02,LLPC2,124,92,32,0,314,238,76,0
LLPC3,Li06,116,59,57,0,314,151,163,0
cM19,cL21,26,13,13,0,314,152,162,0
cL03,TmY15,83,50,33,0,314,199,115,0
Mi9,Dm10,121,75,46,0,313,196,117,0
Li13,LT52,74,36,38,0,313,158,155,0
Tm35,LC27,104,46,58,0,313,133,180,0
LMt2,LTe12,39,19,20,0,313,154,159,0
Y12,LPLC2,130,79,51,0,313,195,118,0
Pm05,Tm7,104,61,43,0,313,186,127,0
TmY4,LTe64,66,31,35,0,313,140,173,0
Tm3,PDt,143,77,66,0,313,176,137,0
TmY5a,LTe10,111,48,63,0,313,133,180,0
LPi11,LPLC4,77,48,29,0,313,216,97,0
LMt1,LMa5,105,64,41,0,313,200,113,0
Am1,Pm05,68,40,28,0,313,201,112,0
Am1,Pm09,49,27,22,0,313,180,133,0
MTe01b,Sm15,120,68,52,0,313,178,135,0
MeTu3b,aMe19b,67,34,33,0,313,173,140,0
MeMe_e02,MeMe_e04,14,0,0,14,313,0,0,313
PLP032,cL18,11,3,2,6,313,66,81,166
cLLPM02,Pm07,26,11,15,0,313,122,191,0
T4b,LPT22,121,66,55,0,312,172,140,0
Sm18,Sm21,92,58,34,0,312,211,101,0
Dm2,Sm16,124,72,52,0,312,189,123,0
Y11,LMa4,97,53,44,0,312,188,124,0
TmY15,LTe64,51,27,24,0,312,175,137,0
LMt1,LTe12,32,14,18,0,312,128,184,0
LPi09,LPi07,112,71,41,0,312,187,125,0
Sm38,MeMe_e03,4,2,2,0,312,182,130,0
Li30,Li01,100,58,42,0,312,187,125,0
LLPC2,LC10a,124,73,51,0,312,175,137,0
LC33a,LT51,11,4,7,0,312,161,151,0
LC19,cL22c,12,5,6,1,312,169,135,8
LPT27,LLPC3,59,33,26,0,312,179,133,0
cL13,Tm8a,52,25,27,0,312,147,165,0
Tm2,Tm20,136,66,70,0,311,142,169,0
TmY11,TmY31,126,53,73,0,311,134,177,0
Mi10,MeMe_e08,117,64,53,0,311,182,129,0
Tm5a,LC25,78,35,43,0,311,132,179,0
LPi02,LPi02,108,66,42,0,311,188,123,0
L5,Tm5b,123,60,63,0,311,163,148,0
LLPt,LPi11,113,83,30,0,311,245,66,0
Tm5f,MTe42,98,48,50,0,311,147,164,0
Dm3p,TmY9q⊥,128,76,52,0,311,186,125,0
Tm8a,LC41,96,41,55,0,311,126,185,0
Sm17,Sm39,13,6,7,0,311,183,128,0
Li32,LC16,88,41,47,0,311,162,149,0
LC28a,LTe14,22,12,10,0,311,188,123,0
MTe50,Sm09,108,49,59,0,311,135,176,0
LC14a2,LC10c,60,27,33,0,311,141,170,0
MeTu4a,LC33a,90,55,35,0,311,192,119,0
LPTe01,LPi06,69,51,18,0,311,257,54,0
cM01c,MeMe_e02,11,6,5,0,311,162,149,0
aMe19b,MTe46,6,0,0,6,311,0,0,311
cM14,Tm5c,95,53,42,0,311,164,147,0
PLP163,AVLP151,2,1,0,1,311,261,0,50
TmY5a,LT61a,132,76,56,0,310,188,122,0
Tlp4,LC35,80,45,35,0,310,182,128,0
Li06,Tm5a,112,54,58,0,310,159,151,0
Tm5f,LC11,138,58,80,0,310,125,185,0
Y3,TmY20,123,62,61,0,310,149,161,0
LMa3,Li26,60,30,30,0,310,163,147,0
MTe46,aMe17a2,6,3,3,0,310,172,138,0
cLP03,LLPt,116,77,39,0,310,213,97,0
cM02a,Sm23,32,18,14,0,310,163,147,0
cM08c,MTe47,8,6,2,0,310,206,104,0
cM12,MeMe_e01,10,5,5,0,310,156,154,0
T4d,LPi09,127,56,71,0,309,126,183,0
Tm5e,Lawf2,118,71,47,0,309,195,114,0
Li14,TmY14,126,72,54,0,309,177,132,0
TmY15,LC15,117,60,57,0,309,160,149,0
Dm3p,Tm1,141,73,68,0,309,164,145,0
TmY31,LTe46,67,35,32,0,309,163,146,0
MTe46,CB0802,6,3,3,0,309,91,218,0
LC14a2,Li06,74,37,37,0,309,158,151,0
LC20b,LT51,66,30,36,0,309,140,169,0
OA-AL2i3,OA-AL2b2,16,8,8,0,309,164,145,0
aMe17c,Tm27,127,64,63,0,309,154,155,0
Sm04,MTe45,72,34,38,0,308,168,140,0
Pm01,Pm03,131,61,70,0,308,145,163,0
Tm4,LC14a1,105,49,56,0,308,137,171,0
TmY4,LC46,100,45,55,0,308,132,176,0
LPi07,Tlp1,110,64,46,0,308,166,142,0
Tlp1,LMa3,82,42,40,0,308,162,146,0
Sm07,MTe03,101,62,39,0,308,206,102,0
MTe50,Tm8a,107,64,43,0,308,187,121,0
LC14b,Pm13,33,18,15,0,308,225,83,0
aMe5,aMe24,28,14,14,0,308,166,142,0
cM17,OA-ASM1,8,4,4,0,308,165,143,0
LT61b,LC9,81,42,39,0,308,153,155,0
Y3,LPi03,102,58,44,0,307,171,136,0
R7,aMe12,107,64,43,0,307,180,127,0
Tm35,Li31,80,35,45,0,307,127,180,0
MLt7,MC65,77,41,36,0,307,167,140,0
Pm14,Sm05,87,54,33,0,307,213,94,0
Sm36,MTe32,6,3,3,0,307,136,171,0
Li32,LLPt,60,30,30,0,307,168,139,0
Li30,LLPt,57,30,27,0,307,171,136,0
LC14b,C2,76,61,15,0,307,263,44,0
LC14a1,LLPC1,57,29,28,0,307,172,135,0
MeMe_e06,MTe01b,36,18,18,0,307,130,177,0
LT1c,LC11,78,28,50,0,307,83,224,0
cM05,LMa4,33,17,16,0,307,184,123,0
cM16,Tm7,108,61,47,0,307,184,123,0
Y12,LMa4,105,48,57,0,306,149,157,0
Tm32,LTe21,79,41,38,0,306,171,135,0
Tm2,Am1,105,43,62,0,306,102,204,0
Mi9,Pm08,124,54,70,0,306,139,167,0
TmY4,LC36,104,46,58,0,306,135,171,0
Pm03,TmY11,134,81,53,0,306,186,120,0
MLt2,LT57,87,41,46,0,306,139,167,0
Tm7,LC28a,108,66,42,0,306,188,118,0
Li10,Li17,104,60,44,0,306,179,127,0
LPi15,Am1,2,1,1,0,306,165,141,0
LT34,LC28a,49,28,21,0,306,187,119,0
LT61b,LC15,81,42,39,0,306,170,136,0
VCH,LPLC4,44,22,22,0,306,157,149,0
Y3,Li18,115,56,59,0,305,144,161,0
Dm16,TmY5a,126,66,60,0,305,160,145,0
Tm34,Li19,82,41,41,0,305,160,145,0
MLt3,MTe44,50,26,24,0,305,143,162,0
MLt1,Pm14,85,43,42,0,305,160,145,0
Mi10,aMe4,103,59,44,0,305,184,121,0
LC15,LC31b,64,34,30,0,305,174,131,0
cLLP02,Li10,110,43,67,0,305,119,186,0
LTe20,Li24,10,6,4,0,305,155,150,0
cM02a,Sm18,26,12,14,0,305,160,145,0
LT41,LC10a,57,29,28,0,305,162,143,0
Tm5a,Tm33,111,43,68,0,304,103,201,0
Tm5e,LC10a,120,70,50,0,304,182,122,0
Tm8a,LT59,52,29,23,0,304,144,160,0
Tm2,Sm05,115,74,41,0,304,202,102,0
TmY5a,LT73,114,55,59,0,304,139,165,0
Pm04,Pm02,121,77,44,0,304,199,105,0
Li11,Li18,88,48,40,0,304,175,129,0
LMa5,T2,117,68,49,0,304,169,135,0
Tm16,Li31,104,56,48,0,304,161,143,0
LC4,Li24,78,38,40,0,304,172,132,0
PLP051,LT86,2,0,0,2,304,0,0,304
Mi15,Dm15,127,79,48,0,303,182,121,0
Tm5c,TmY4,127,77,50,0,303,183,120,0
Mi4,T2,125,65,60,0,303,152,151,0
Sm18,aMe4,70,48,22,0,303,218,85,0
Y1,MeMe_e08,97,48,49,0,303,165,138,0
Y4,LC15,106,56,50,0,303,165,138,0
Sm12,Tm8a,121,68,53,0,303,164,139,0
Li09,LC28a,98,66,32,0,303,205,98,0
Li02,LT86,39,19,20,0,303,160,143,0
LMt3,LCe07,46,25,21,0,303,153,150,0
LMa2,TmY9q⊥,129,72,57,0,303,177,126,0
LMa3,LT66,33,16,17,0,303,139,164,0
Li24,LT51,29,14,15,0,303,142,161,0
MeTu4c,Sm14,100,56,44,0,303,166,137,0
LC14a1,Li09,46,18,28,0,303,140,163,0
MTe51,Tm35,89,42,47,0,303,148,155,0
LT39,TmY20,86,38,48,0,303,113,190,0
T2a,Li02,101,76,25,0,302,243,59,0
TmY31,Sm02,120,57,63,0,302,140,162,0
Tm5f,Sm32,130,66,64,0,302,157,145,0
Tm5c,Y1,122,62,60,0,302,153,149,0
Pm05,Mi9,120,56,64,0,302,147,155,0
Tm5d,Sm36,122,58,64,0,302,149,153,0
Tm35,LT63,85,43,42,0,302,161,141,0
TmY5a,LC24,121,62,59,0,302,147,155,0
TmY20,Tm37,118,52,66,0,302,138,164,0
DmDRA1,Sm26,75,41,34,0,302,153,149,0
Sm42,Mi15,112,67,45,0,302,186,116,0
MTe50,Tm16,116,50,66,0,302,125,177,0
MeTu4c,cL12,54,28,26,0,302,163,139,0
LLPC2,LC14a1,83,41,42,0,302,144,158,0
MTe01b,Tm31,112,56,56,0,302,152,150,0
aMe17a2,Sm40,4,2,2,0,302,139,163,0
cL05,LC28a,30,16,14,0,302,173,129,0
LT39,Tm5b,111,52,59,0,302,128,174,0
T4b,Mi4,140,76,64,0,301,166,135,0
Pm01,Pm05,120,59,61,0,301,152,149,0
Li13,TmY4,127,64,63,0,301,148,153,0
Li06,Li06,115,45,70,0,301,128,173,0
TmY10,LC39,99,53,46,0,301,159,142,0
Mi2,Dm18,127,73,54,0,301,179,122,0
Mi10,Mi15,120,67,53,0,301,163,138,0
Tlp14,LPi07,106,79,27,0,301,229,72,0
Sm18,Sm28,59,37,22,0,301,219,82,0
Tm16,LC14a1,83,50,33,0,301,179,122,0
TmY4,Li01,124,61,63,0,301,151,150,0
Pm03,TmY14,123,58,65,0,301,141,160,0
Dm2,Sm26,129,67,62,0,301,154,147,0
Li10,Li33,90,36,54,0,301,110,191,0
Dm13,Dm13,110,54,56,0,301,160,141,0
Tm2,Pm08,55,19,36,0,301,100,201,0
Tm34,Li09,97,57,40,0,301,180,121,0
LC6,LC14a1,64,31,33,0,301,136,165,0
MeLp1,LLPt,73,46,27,0,301,205,96,0
LC21,LT82a,75,36,39,0,301,147,154,0
MeTu4a,MTe47,80,42,38,0,301,175,126,0
MTe07,Tm5e,115,49,66,0,301,134,167,0
L5,Sm07,113,67,46,0,300,194,106,0
Li02,Li08,128,68,60,0,300,165,135,0
Li02,Li33,66,40,26,0,300,177,123,0
Mi10,T4b,135,65,70,0,300,147,153,0
Sm01,Tm25,125,63,62,0,300,158,142,0
Li12,LTe42a,19,9,10,0,300,168,132,0
Tm8a,Li08,125,70,55,0,300,171,129,0
Tm16,TmY9q⊥,120,57,63,0,300,144,156,0
Li10,LT59,34,17,17,0,300,155,145,0
LMt1,LPLC4,84,47,37,0,300,179,121,0
LPi12,LPi05,56,37,19,0,300,224,76,0
Li33,LTe36,2,1,1,0,300,137,163,0
LPC2,TmY15,102,82,20,0,300,246,54,0
OA-AL2i2,T2a,129,59,70,0,300,136,164,0
TmY20,LT78,97,60,37,0,299,168,131,0
Tm32,Li01,88,47,41,0,299,147,152,0
TmY14,T3,130,58,72,0,299,136,163,0
Pm06,LMa5,108,71,37,0,299,209,90,0
MLt7,MTe01a,83,56,27,0,299,200,99,0
LMa2,LT60,16,9,7,0,299,138,161,0
LT43,LTe43,16,8,8,0,299,145,154,0
MeMe_e02,MLt7,51,25,26,0,299,136,163,0
aMe26,PLP231,17,6,6,5,299,101,146,52
LT70,Y4,89,44,45,0,299,149,150,0
aMe10,aMe5,60,31,29,0,299,126,173,0
cLP05,cLP02,40,26,10,4,299,198,81,20
TmY31,LC10a,94,51,43,0,298,159,139,0
Y3,LC14a1,88,50,38,0,298,179,119,0
Tm5a,LT87,91,37,54,0,298,105,193,0
Tlp1,LPi07,86,49,37,0,298,129,169,0
LMa4,Tm2,133,88,45,0,298,205,93,0
Li18,Li18,114,60,54,0,298,160,138,0
LMa2,Tm5f,130,64,66,0,298,148,150,0
Mi10,DmDRA2,63,30,33,0,298,174,124,0
MeMe_e02,MeMe_e02,60,0,0,60,298,0,0,298
mALC5,TmY14,55,24,31,0,298,141,157,0
Tm5b,Sm32,123,61,62,0,297,145,152,0
Sm15,MeTu4a,93,41,52,0,297,142,155,0
Mi9,L4,135,91,44,0,297,203,94,0
Sm08,MTe03,90,42,48,0,297,143,154,0
MLt1,LC28a,90,45,45,0,297,156,141,0
MLt1,Pm07,103,49,54,0,297,158,139,0
Li28,LC17,111,62,49,0,297,155,142,0
LC24,Li09,103,47,56,0,297,130,167,0
VST2,LPi13,8,4,4,0,297,206,91,0
cL15,TmY5a,113,49,64,0,297,122,175,0
MLt4,Pm13,78,34,44,0,296,162,134,0
Tm5f,Dm3p,135,68,67,0,296,148,148,0
Mi14,Dm20,115,70,45,0,296,179,117,0
Pm10,LMa3,60,37,23,0,296,207,89,0
Sm29,MLt7,61,35,26,0,296,195,101,0
Pm13,Mi14,98,46,52,0,296,135,161,0
LC10d,LTe54,87,45,42,0,296,148,148,0
CB0816,aMe12,25,11,8,6,296,127,99,70
cM02b,Tm35,44,22,22,0,296,151,145,0
AVLP151,TmY14,66,36,30,0,296,170,126,0
mALC4,LT61b,2,1,1,0,296,160,136,0
H2,LPi15,2,1,1,0,296,175,121,0
cML01,Pm10,37,19,18,0,296,125,171,0
Y3,Nod3,99,60,39,0,295,189,106,0
LPi04,LPi11,75,50,25,0,295,220,75,0
Li05,TmY9q⊥,118,63,55,0,295,163,132,0
TmY9q,LT75,91,39,52,0,295,124,171,0
Sm26,MTe07,65,27,38,0,295,119,176,0
Li33,LTe16,2,1,1,0,295,160,135,0
MeTu4c,LC27,90,45,45,0,295,158,137,0
LC14b,Li18,49,24,25,0,295,136,159,0
LC14b,Tlp5,52,32,20,0,295,173,122,0
LC9,LMa2,89,47,42,0,295,142,153,0
cL01,LT51,43,19,24,0,295,136,159,0
LC14a1,LC12,72,41,31,0,295,162,133,0
cM18,Dm2,90,41,49,0,295,146,149,0
LT37,cL05,2,1,1,0,295,160,135,0
Sm01,MTe02,109,50,59,0,294,140,154,0
Li07,LC40,84,37,47,0,294,119,175,0
Dm10,TmY15,113,66,47,0,294,174,120,0
LMa5,C3,122,84,38,0,294,202,92,0
Sm31,Sm02,118,57,61,0,294,144,150,0
MLt1,Pm10,96,49,47,0,294,153,141,0
LPi07,Y11,93,49,44,0,294,134,160,0
LC22,Li24,56,28,28,0,294,158,136,0
LC25,LC10a,106,58,48,0,294,170,124,0
Li17,Li17,121,51,70,0,293,123,170,0
Mi2,Dm16,130,64,66,0,293,138,155,0
T4c,LPi03,118,64,54,0,293,157,136,0
Tm7,LCe03,89,54,35,0,293,172,121,0
Tm3,Li05,116,59,57,0,293,148,145,0
Tm37,LMa2,94,38,56,0,293,104,189,0
LPi10,Nod3,33,17,16,0,293,174,119,0
LLPC1,LPT42_Nod4,36,10,26,0,293,88,205,0
LC14a1,Li26,51,27,24,0,293,167,126,0
LC22,Li33,63,37,26,0,293,175,118,0
cL02b,Li27,8,4,4,0,293,154,139,0
mALC5,LLPC2,46,24,22,0,293,169,124,0
cM12,Sm09,70,37,33,0,293,150,143,0
DCH,TmY20,87,59,28,0,293,205,88,0
Tm20,TmY4,122,56,66,0,292,135,157,0
TmY10,cL10,80,35,45,0,292,114,178,0
MLt4,Sm09,100,49,51,0,292,153,139,0
Y1,LC35,79,52,27,0,292,183,109,0
Tm5a,LTe06,49,22,27,0,292,132,160,0
LLPt,LLPC2,124,93,31,0,292,221,71,0
Pm09,Pm12,89,46,43,0,292,135,157,0
LMa4,MeMe_e08,59,33,26,0,292,173,119,0
Tm4,LC39,91,55,36,0,292,202,90,0
TmY31,LT85,66,34,32,0,292,153,139,0
LMa2,Sm22,100,54,46,0,292,160,132,0
LMt1,LT61b,45,21,24,0,292,146,146,0
LC9,LLPC2,94,48,46,0,292,152,140,0
cLP03,Y12,90,49,41,0,292,152,140,0
cML01,TmY9q,88,53,35,0,292,179,113,0
Li17,Li31,69,31,38,0,291,129,162,0
C3,MTe18,109,44,65,0,291,117,174,0
LPi05,TmY16,89,65,24,0,291,208,83,0
LPi07,LPi04,73,61,12,0,291,257,34,0
Tm35,LC24,101,50,51,0,291,133,158,0
LMa5,Li15,87,49,38,0,291,181,110,0
Tm2,Mi13,127,61,66,0,291,139,152,0
Tlp1,TmY5a,123,63,60,0,291,147,144,0
Li32,Li02,63,35,28,0,291,131,160,0
LLPC1,PLP248,21,10,11,0,291,138,153,0
aMe1,LMTe01,8,4,4,0,291,169,122,0
Mi4,TmY16,126,68,58,0,290,161,129,0
Tm5e,LC25,111,53,58,0,290,132,158,0
Mi14,T2,129,73,56,0,290,166,124,0
Tlp1,Li28,94,50,44,0,290,160,130,0
TmY9q⊥,Dm12,111,52,59,0,290,127,163,0
Tm34,LC25,94,44,50,0,290,119,171,0
LPi13,LPT27,2,1,1,0,290,163,127,0
LPLC4,LC14a1,65,28,37,0,290,116,174,0
LPT58,LPT23,6,3,3,0,290,143,147,0
LT36,LC13,75,32,43,0,290,108,182,0
cL15,LLPC3,64,27,37,0,290,121,169,0
LPLC4,CB0734,32,32,0,0,290,290,0,0
Tm21,LPLC2,120,63,57,0,289,151,138,0
Tm20,LC25,121,58,63,0,289,144,145,0
Tm3,LT52,112,48,64,0,289,113,176,0
TmY9q,Tm37,116,57,59,0,289,149,140,0
TmY15,Tlp5,113,79,34,0,289,202,87,0
Sm02,MeTu4a,97,47,50,0,289,141,148,0
Mi10,Sm36,117,53,64,0,289,128,161,0
Sm31,T2a,131,78,53,0,289,169,120,0
Pm06,Pm08,115,67,48,0,289,182,107,0
Sm42,PDt,11,6,5,0,289,171,118,0
Li33,Tm8b,66,32,34,0,289,130,159,0
LPC1,LPT50,63,33,30,0,289,159,130,0
MeMe_e02,MeTu4c,68,33,35,0,289,126,163,0
cM17,MLt5,50,24,26,0,289,149,140,0
MTe28,cM08c,6,3,3,0,289,183,106,0
Tm32,MTe26,83,38,45,0,288,121,167,0
Tm20,Li28,91,53,38,0,288,202,86,0
LPi05,LLPC2,91,50,41,0,288,147,141,0
TmY31,LT53,98,50,48,0,288,153,135,0
Tm35,Li11,95,50,45,0,288,146,142,0
Y1,VCH,73,33,40,0,288,124,164,0
Tm5f,LLPC3,117,59,58,0,288,151,137,0
Tm8a,LT77,81,37,44,0,288,140,148,0
Sm09,Pm14,94,51,43,0,288,164,124,0
Tm5a,LC24,91,47,44,0,288,133,155,0
Lai,L2,122,97,25,0,288,228,60,0
Mi1,TmY16,50,22,28,0,288,90,198,0
LPi12,LPLC2,85,60,25,0,288,227,61,0
Li32,Li13,54,29,25,0,288,170,118,0
MeMe_e08,MeLp2,23,0,0,23,288,0,0,288
MeMe_e08,MTe13,48,27,21,0,288,146,142,0
LT40,Li32,2,1,1,0,288,128,160,0
LT1b,LC11,83,37,46,0,288,113,175,0
LT39,LTe31,2,1,1,0,288,137,151,0
Dm3p,Tm8a,127,68,59,0,287,151,136,0
Mi2,L5,130,70,60,0,287,158,129,0
Tm27,Tm5d,123,76,47,0,287,184,103,0
Tm33,MTe54,102,63,39,0,287,179,108,0
TmY10,LT51,90,46,44,0,287,148,139,0
Li21,LC31a,56,31,25,0,287,160,127,0
Tlp5,TmY15,103,63,40,0,287,167,120,0
Tm21,Li21,124,65,59,0,287,152,135,0
MLt2,LC28a,104,64,40,0,287,179,108,0
LMt1,OA-AL2i2,69,35,34,0,287,141,146,0
MLt8,Tm5e,87,56,31,0,287,188,99,0
LPi08,Y1,102,72,30,0,287,197,90,0
Li31,LC16,72,37,35,0,287,149,138,0
MTe01a,TmY31,100,66,34,0,287,200,87,0
cM12,MLt6,50,24,26,0,287,141,146,0
LPT47_vCal2,PLP248,4,1,1,2,287,34,36,217
Tm7,Sm13,111,62,49,0,286,157,129,0
Tm3,MTe54,94,3,91,0,286,8,278,0
Tm8a,Tm8b,106,49,57,0,286,134,152,0
Tm5c,LC40,107,56,51,0,286,151,135,0
Y4,CB0592,88,49,39,0,286,158,128,0
Y3,LTe46,70,34,36,0,286,124,162,0
MLt7,TmY31,92,32,60,0,286,89,197,0
LPi15,LPi01,31,14,17,0,286,126,160,0
MTe50,Sm42,51,28,23,0,286,161,125,0
LCe01b,LC10c,106,60,46,0,286,156,130,0
MTe03,Pm05,56,30,26,0,286,164,122,0
LPLC4,Li06,113,60,53,0,286,144,142,0
LT40,LC10a,74,39,35,0,286,145,141,0
cML01,LC18,92,48,44,0,286,148,138,0
T3,Pm03,98,35,63,0,285,75,210,0
MLt4,Pm05,81,37,44,0,285,138,147,0
TmY5a,LTe64,95,45,50,0,285,133,152,0
Sm02,Sm06,75,4,71,0,285,11,274,0
Tm5e,LC34,87,42,45,0,285,133,152,0
LPi10,H1,36,21,15,0,285,182,103,0
LMa4,TmY11,113,61,52,0,285,153,132,0
Pm09,Tm20,124,67,57,0,285,156,129,0
Pm13,Sm06,68,37,31,0,285,181,104,0
LC10d,LT86,60,29,31,0,285,125,160,0
MTe46,DNp27,6,0,0,6,285,0,0,285
LTe42a,LT36,3,1,1,1,285,68,194,23
MTe40,Sm40,4,2,2,0,285,148,137,0
cM05,Tm4,107,40,67,0,285,104,181,0
LT36,Tm8a,89,30,59,0,285,74,211,0
cMLLP01,MTe18,3,1,2,0,285,136,149,0
L4,Mi13,123,63,60,0,284,149,135,0
TmY31,LTe31,66,34,32,0,284,150,134,0
TmY3,LLPt,113,60,53,0,284,151,133,0
TmY11,LC14a2,69,34,35,0,284,147,137,0
Dm2,MTe31,94,57,37,0,284,186,98,0
DmDRA2,Dm9,38,35,3,0,284,276,8,0
Lawf1,Dm10,121,78,43,0,284,183,101,0
Sm27,Tm37,102,47,55,0,284,128,156,0
LC11,Li06,115,58,57,0,284,140,144,0
LC14b,Pm07,46,26,20,0,284,175,109,0
MeTu3c,MeTu3c,80,37,43,0,284,135,149,0
LT57,Li10,98,45,53,0,284,127,157,0
cM02b,Sm18,23,10,13,0,284,111,173,0
MTe42,CB0802,2,1,1,0,284,79,205,0
LT63,LCe06,21,12,9,0,284,192,92,0
cL11,LC22,31,15,15,1,284,124,155,5
MTe35,Sm09,74,37,37,0,284,143,141,0
Mi1,Pm07,85,28,57,0,283,94,189,0
Tm16,Tm5e,116,48,68,0,283,125,158,0
Mi4,T2a,108,42,66,0,283,101,182,0
Tm21,LTe20,118,49,69,0,283,118,165,0
Pm05,Pm04,91,47,44,0,283,140,143,0
Li03,LCe03,66,41,25,0,283,180,103,0
Sm15,MTe19,33,15,18,0,283,117,166,0
LC16,LMa2,100,53,47,0,283,138,145,0
LT52,LTe14,24,13,11,0,283,144,139,0
LLPC1,LMa1,100,60,40,0,283,170,113,0
LPi06,Y3,113,54,59,0,282,134,148,0
TmY11,Tm5b,108,53,55,0,282,144,138,0
Tm5b,Li11,105,61,44,0,282,161,121,0
Sm08,Mi2,120,67,53,0,282,155,127,0
Li13,LT51,57,26,31,0,282,122,160,0
T5a,LPT31,108,65,43,0,282,169,113,0
Tm20,LTe06,89,40,49,0,282,121,161,0
Tm36,LT77,82,29,53,0,282,89,193,0
TmY10,Li03,104,52,52,0,282,133,149,0
T1,Dm6,92,52,40,0,282,172,110,0
Tm8b,Li11,78,43,35,0,282,167,115,0
Pm12,CB0592,8,4,4,0,282,116,166,0
Pm04,MTe08,80,49,31,0,282,183,99,0
Li05,LC36,76,35,41,0,282,135,147,0
Li12,MLt6,77,40,37,0,282,142,140,0
LMt3,Li29,30,15,15,0,282,158,124,0
Tm8a,LTe63,58,34,24,0,282,145,137,0
Li23,LTe63,6,3,3,0,282,153,129,0
LPT45_dCal1,LPi04,54,39,15,0,282,215,67,0
cL17,LC29,54,25,29,0,282,113,169,0
Tm5e,Li01,104,59,45,0,281,165,116,0
Dm20,Dm20,114,57,57,0,281,138,143,0
LLPt,LPT31,52,36,16,0,281,193,88,0
Tm20,Pm05,111,57,54,0,281,136,145,0
TmY9q⊥,LTe42b,50,29,21,0,281,144,137,0
Sm01,MTe01b,110,65,45,0,281,162,119,0
Li05,LTe42c,45,24,21,0,281,132,149,0
Li16,Li17,111,60,51,0,281,153,128,0
Mi10,MTe03,97,56,41,0,281,157,124,0
TmY9q,LLPC1,122,61,61,0,281,140,141,0
LPTe01,LPi10,66,49,17,0,281,219,62,0
LCe03,LT51,29,21,8,0,281,169,112,0
LC31a,LMa1,60,39,21,0,281,175,106,0
cM19,AVLP151,18,8,10,0,281,107,174,0
aMe9,Tm8a,90,49,41,0,281,155,126,0
aMe17c,LMa4,50,24,26,0,281,119,162,0
AVLP151,cL18,8,3,3,2,281,130,114,37
CB0472,cL05,3,2,1,0,281,152,129,0
Tm5a,Li05,96,54,42,0,280,141,139,0
Sm18,aMe19b,33,16,17,0,280,172,108,0
Tm5b,LC37a,78,39,39,0,280,146,134,0
Li09,LTe12,24,13,11,0,280,147,133,0
Sm30,Sm23,96,58,38,0,280,175,105,0
Dm17,Mi9,124,54,70,0,280,130,150,0
Sm15,MeMe_e03,28,13,15,0,280,148,132,0
Li30,TmY9q⊥,95,46,49,0,280,140,140,0
Li29,LT42,2,1,1,0,280,153,127,0
LC21,LT51,64,23,41,0,280,80,200,0
LC14b,Li05,58,30,28,0,280,163,117,0
LLPC1,LPT52,61,38,23,0,280,194,86,0
aMe4,Mi14,110,61,49,0,280,164,116,0
LC13,LC31b,79,45,34,0,280,178,102,0
cM01a,MeMe_e02,10,5,5,0,280,160,120,0
cL09,LC4,20,9,11,0,280,175,105,0
Tm5c,LT53,103,48,55,0,279,129,150,0
TmY9q,LT80,44,24,20,0,279,159,120,0
Tm32,LC10e,93,40,53,0,279,117,162,0
Y1,Li29,87,47,40,0,279,150,129,0
C3,Dm9,111,94,17,0,279,232,47,0
Tm35,Tm5e,114,56,58,0,279,146,133,0
MLt7,MTe28,45,23,22,0,279,139,140,0
Sm05,MTe01b,78,43,35,0,279,160,119,0
Tm25,Li06,122,56,66,0,279,128,151,0
Y3,LC10d,96,44,52,0,279,131,148,0
Li13,LC20b,94,53,41,0,279,164,115,0
Tm4,LMt2,119,77,42,0,279,187,92,0
Tlp1,LMa4,79,43,36,0,279,147,132,0
Am1,T4a,121,70,51,0,279,162,117,0
LC24,LC14a2,50,24,26,0,279,119,160,0
LC14a1,LT11,25,14,11,0,279,156,123,0
aMe17a2,Mi14,85,43,42,0,279,135,144,0
aMe17a2,Dm15,102,40,62,0,279,109,170,0
LT53,LC10d,79,42,37,0,279,151,128,0
APDN3,LC13,40,15,25,0,279,91,188,0
cM10,Sm42,2,1,1,0,279,152,127,0
LPi09,T5d,116,67,49,0,278,169,109,0
Y12,Tlp1,114,75,39,0,278,190,88,0
R8,L3,106,64,42,0,278,167,111,0
TmY10,LC34,91,41,50,0,278,120,158,0
Tm21,T3,117,51,66,0,278,118,160,0
LPi15,TmY14,90,40,50,0,278,145,133,0
Li28,LC9,96,58,38,0,278,168,110,0
Li33,LTe38c,4,2,2,0,278,141,137,0
Pm13,Tm7,108,53,55,0,278,143,135,0
LPT54,LLPC2,76,39,37,0,278,157,121,0
cLP03,LPT21,22,12,10,0,278,206,72,0
LPT50,LPT27,2,1,1,0,278,184,94,0
MeMe_e04,Sm16,40,25,15,0,278,194,84,0
TmY31,LPLC1,87,44,43,0,277,143,134,0
Tm5c,LC13,120,64,56,0,277,152,125,0
Y3,cL11,89,43,46,0,277,127,150,0
Tm35,Sm09,93,47,46,0,277,146,131,0
Tm33,LPLC1,96,39,57,0,277,111,166,0
Tm20,LMa2,88,37,51,0,277,98,179,0
L3,Tm2,86,50,36,0,277,161,116,0
TmY31,LT64,71,46,25,0,277,170,107,0
Tm5e,LC24,97,58,39,0,277,179,98,0
Dm3q,TmY10,129,68,61,0,277,150,127,0
LLPt,LC29,82,42,40,0,277,150,127,0
Tm5e,LTe51,94,38,56,0,277,118,159,0
TmY9q⊥,LC25,98,45,53,0,277,127,150,0
Tm5b,Li28,98,63,35,0,277,184,93,0
Li12,LC15,89,53,36,0,277,168,109,0
LMa4,Y3,109,60,49,0,277,166,111,0
LMa4,LC21,100,49,51,0,277,141,136,0
TmY31,MLt6,96,53,43,0,277,154,123,0
LPi12,LPi10,37,20,17,0,277,181,96,0
LC18,LC11,114,63,51,0,277,148,129,0
MeTu4a,LT55,46,22,24,0,277,159,118,0
LT58,LT87,2,1,1,0,277,197,80,0
Tm5c,Li17,114,68,46,0,276,169,107,0
Y1,T4c,117,71,46,0,276,167,109,0
MLt2,LC40,92,54,38,0,276,163,113,0
Mi10,MTe13,103,55,48,0,276,152,124,0
Tm16,LTe42c,57,27,30,0,276,142,134,0
LPi15,LPi10,39,18,21,0,276,146,130,0
Li33,LC20a,32,23,9,0,276,185,91,0
CB0802,OA-AL2i3,8,2,2,4,276,44,63,169
cMLLP02,DCH,3,2,1,0,276,214,62,0
MeMe_e04,Sm07,64,37,27,0,276,161,115,0
TmY31,LT65,72,34,38,0,275,131,144,0
Tm5c,Li03,99,47,52,0,275,135,140,0
Tm31,LMa2,94,48,46,0,275,130,145,0
Tm1,TmY3,109,59,50,0,275,158,117,0
TmY10,LC14a2,78,37,41,0,275,131,144,0
Tlp4,LMa2,77,41,36,0,275,169,106,0
T2,LC14b,108,38,70,0,275,100,175,0
T4c,Mi1,127,64,63,0,275,137,138,0
LMa5,TmY16,91,63,28,0,275,200,75,0
Tm7,Li31,60,26,34,0,275,129,146,0
Tm7,LT58,89,56,33,0,275,179,96,0
MeLp1,LPi06,51,33,18,0,275,217,58,0
aMe1,aMe1,4,2,2,0,275,159,116,0
AVLP151,LT42,4,1,1,2,275,115,115,45
cM08b,CB0566,7,4,3,0,275,109,166,0
Pm01,Pm04,100,64,36,0,274,186,88,0
Mi10,Sm22,107,57,50,0,274,146,128,0
Tm8b,LT77,70,35,35,0,274,128,146,0
TmY4,LTe57,61,25,36,0,274,124,150,0
Tm5b,Tm31,111,47,64,0,274,117,157,0
Am1,LPi01,35,15,20,0,274,100,174,0
LT34,Tm5a,95,49,46,0,274,146,128,0
cM17,Tm5d,81,50,31,0,274,152,122,0
LT39,Tm5f,102,56,46,0,274,151,123,0
Tm7,TmY4,109,57,52,0,273,148,125,0
Pm09,MeMe_e08,83,46,37,0,273,145,128,0
Sm06,MeTu4a,61,29,32,0,273,110,163,0
Tm5d,Dm12,112,62,50,0,273,157,116,0
R7,MeTu3a,75,56,19,0,273,220,53,0
MLt1,Sm27,66,33,33,0,273,143,130,0
TmY20,LT59,40,20,20,0,273,122,151,0
LPi15,TmY16,80,45,35,0,273,157,116,0
LC22,cL11,32,13,9,10,273,126,81,66
LLPC1,Tm36,103,58,45,0,273,160,113,0
mALD1,LTe37,4,2,2,0,273,140,133,0
LMt2,LT1a,51,26,25,0,272,164,108,0
Mi10,Sm06,113,71,42,0,272,168,104,0
Tlp14,Y11,103,62,41,0,272,159,113,0
Sm34,Sm35,29,14,15,0,272,135,137,0
Li09,LC16,102,56,46,0,272,146,126,0
Y12,LPTe01,75,62,13,0,272,241,31,0
Tm35,LTe38b,73,31,42,0,272,123,149,0
TmY5a,Mi13,103,41,62,0,272,91,181,0
MTe03,Sm41,39,20,19,0,272,132,140,0
MeLp1,LPLC2,65,40,25,0,272,192,80,0
LC14a1,LPLC4,51,23,28,0,272,114,158,0
PLP248,LLPC3,42,17,24,1,272,120,147,5
LC34,Li10,76,45,31,0,272,160,112,0
cM02a,Sm08,51,26,25,0,272,132,140,0
Y3,LTe33,88,37,51,0,271,105,166,0
Tlp4,LPi07,90,59,31,0,271,154,117,0
Tm35,TmY31,113,61,52,0,271,139,132,0
Y1,Pm14,89,48,41,0,271,155,116,0
Tm3,LTe12,96,52,44,0,271,161,110,0
Dm12,Mi4,77,33,44,0,271,127,144,0
T2,TmY9q⊥,119,58,61,0,271,129,142,0
Sm05,Sm12,94,54,40,0,271,156,115,0
Sm32,Sm07,102,54,48,0,271,151,120,0
Y12,LPi02,104,66,38,0,271,179,92,0
MLt8,LTe02,43,26,17,0,271,169,102,0
LPTe01,H2,12,7,5,0,271,183,88,0
MTe46,aMe17a1,6,3,3,0,271,132,139,0
LCe02,LTe55,34,16,18,0,271,148,123,0
MeLp2,LPT30,2,1,1,0,271,144,127,0
cM01c,MeTu4c,26,13,13,0,271,104,167,0
MC65,MTe47,12,6,6,0,271,145,126,0
LC21,CB0143,38,38,0,0,271,271,0,0
C3,Dm6,105,60,45,0,270,152,118,0
Sm12,MLt6,89,51,38,0,270,165,105,0
LLPt,LT52,67,37,30,0,270,146,124,0
LPi02,TmY9q,117,66,51,0,270,156,114,0
Pm14,Y12,92,49,43,0,270,145,125,0
Li24,LT1b,10,6,4,0,270,164,106,0
MeTu3c,Sm18,92,45,47,0,270,133,137,0
LPLC4,LT82a,64,19,45,0,270,77,193,0
LPT26,DCH,2,1,1,0,270,166,104,0
cM05,Sm22,34,16,18,0,270,142,128,0
cL09,T2,76,42,34,0,270,170,100,0
Mi2,MTe52,117,77,40,0,269,178,91,0
Mi4,Pm03,116,55,61,0,269,137,132,0
Tm5e,Li13,108,49,59,0,269,123,146,0
Y3,LTe65,61,35,26,0,269,150,119,0
MLt3,LPLC4,100,47,53,0,269,127,142,0
LMa3,LLPC2,89,47,42,0,269,142,127,0
Sm18,Sm42,25,12,13,0,269,129,140,0
LMt1,LC22,75,44,31,0,269,162,107,0
Sm35,Sm36,18,9,9,0,269,133,136,0
mALC5,Sm07,48,24,24,0,269,149,120,0
LT36,Y3,95,25,70,0,269,58,211,0
LC10a,AOTU026,30,30,0,0,269,269,0,0
Mi13,Mi13,121,54,67,0,268,120,148,0
Y3,LC43,91,43,48,0,268,116,152,0
Tm31,cM08b,87,54,33,0,268,170,98,0
T3,Mi1,113,54,59,0,268,127,141,0
TmY5a,LPT04_HST,102,74,28,0,268,203,65,0
Dm2,Sm38,105,71,34,0,268,188,80,0
Tm4,LT62,114,50,64,0,268,115,153,0
LMa2,Li10,94,53,41,0,268,155,113,0
TmY15,DNp11,58,27,31,0,268,121,147,0
LC4,LT61b,69,35,34,0,268,149,119,0
LLPC3,Y1,97,55,42,0,268,163,105,0
LLPC3,LPi10,72,44,28,0,268,174,94,0
MeMe_e08,Y11,96,54,42,0,268,156,112,0
LT56,LC11,80,40,40,0,268,120,148,0
LPT49,LLPC3,69,56,13,0,268,236,32,0
Dm8a,Tm8a,103,51,52,0,267,139,128,0
T5a,TmY3,121,66,55,0,267,148,119,0
Dm8b,R7,88,43,45,0,267,124,143,0
Li09,LCe01b,79,52,27,0,267,186,81,0
LLPt,LC19,71,30,41,0,267,124,143,0
TmY15,Li06,109,53,56,0,267,135,132,0
Li05,Li16,89,48,41,0,267,150,117,0
T5d,vCal1,80,55,25,0,267,186,81,0
Tm5d,LCe02,80,50,30,0,267,163,104,0
Y11,LPi08,94,76,18,0,267,216,51,0
Pm13,Sm42,3,1,2,0,267,122,145,0
Sm38,Sm12,84,48,36,0,267,160,107,0
LC9,LC31b,83,47,36,0,267,148,119,0
cLP03,LPi08,75,54,21,0,267,192,75,0
aMe6a,aMe1,4,2,2,0,267,126,141,0
Mi15,Mi14,105,55,50,0,266,140,126,0
Tm32,LT57,94,48,46,0,266,136,130,0
Y3,LC20b,70,26,44,0,266,79,187,0
MLt2,Mi4,114,63,51,0,266,151,115,0
TmY3,Pm04,112,68,44,0,266,161,105,0
Y3,LC19,98,43,55,0,266,115,151,0
TmY15,Tm3,118,70,48,0,266,159,107,0
Pm07,MTe18,39,10,29,0,266,98,168,0
Li12,LC16,100,60,40,0,266,153,113,0
Sm27,Tm32,75,40,35,0,266,139,127,0
Sm13,Tm27,111,63,48,0,266,149,117,0
Sm09,T2a,113,65,48,0,266,152,114,0
Li27,Li06,83,39,44,0,266,121,145,0
Pm13,LMa5,66,33,33,0,266,160,106,0
VCH,T4c,102,62,40,0,266,163,103,0
mALC4,LTe18,2,1,1,0,266,128,138,0
cL11,LTe17,2,1,1,0,266,146,120,0
cM16,MTe02,44,22,22,0,266,151,115,0
Li17,OA-AL2i2,90,43,47,0,265,129,136,0
Tm5e,LC33a,96,45,51,0,265,129,136,0
Li06,LC26,99,61,38,0,265,167,98,0
Tm7,LTe64,67,32,35,0,265,125,140,0
Sm19,Dm9,88,68,20,0,265,207,58,0
Pm05,Pm10,97,49,48,0,265,132,133,0
Sm07,MTe38,75,34,41,0,265,123,142,0
Dm1,T1,104,64,40,0,265,164,101,0
R7,Tm5d,96,55,41,0,265,160,105,0
Tm5f,Dm3v,124,60,64,0,265,131,134,0
Sm41,MTe54,42,25,17,0,265,170,95,0
MLt5,MTe03,67,38,29,0,265,145,120,0
Li29,MLt3,80,41,39,0,265,134,131,0
MeTu4c,LC34,58,26,32,0,265,102,163,0
aMe8,aMe13,8,2,2,4,265,105,102,58
cL07,LC11,58,21,37,0,265,91,174,0
MTe26,Sm12,63,34,29,0,265,146,119,0
L5,Sm02,110,70,40,0,264,168,96,0
Pm03,Pm06,110,64,46,0,264,152,112,0
Y3,LTe38c,75,42,33,0,264,153,111,0
Sm12,MeTu4b,85,47,38,0,264,161,103,0
Dm20,Sm02,103,53,50,0,264,145,119,0
Sm15,MTe17,52,29,23,0,264,143,121,0
LLPt,LTe08,43,21,22,0,264,139,125,0
TmY9q,Tm36,91,49,42,0,264,149,115,0
Dm18,Dm3v,111,54,57,0,264,131,133,0
Sm06,MTe54,80,55,25,0,264,203,61,0
MLt1,Dm19,86,28,58,0,264,90,174,0
MTe41,AVLP151,2,1,1,0,264,148,116,0
LC20b,LC10e,77,36,41,0,264,122,142,0
LT37,Tm36,51,27,24,0,264,122,142,0
cM14,cM01a,2,1,1,0,264,130,134,0
LT58,LC13,80,55,25,0,264,191,73,0
cMLLP01,LC29,39,20,19,0,264,135,129,0
vCal1,DNp31,2,1,0,1,264,81,0,183
cM16,MeTu4a,58,29,29,0,264,156,108,0
Mi9,Mi14,111,57,54,0,263,137,126,0
T3,LC28a,98,62,36,0,263,166,97,0
Sm06,Sm22,99,51,48,0,263,139,124,0
TmY10,Li21,98,48,50,0,263,128,135,0
Tm5e,MLt3,104,63,41,0,263,159,104,0
Dm10,Dm10,116,65,51,0,263,143,120,0
T2,Tm9,113,52,61,0,263,124,139,0
LC14a1,LT66,25,0,0,25,263,0,0,263
MTe54,Sm22,80,43,37,0,263,144,119,0
MTe51,MLt7,70,30,40,0,263,121,142,0
Li17,Li20,84,39,45,0,262,112,150,0
Tm20,Tm1,112,58,54,0,262,127,135,0
Tm8a,Li07,103,47,56,0,262,121,141,0
Tm35,LC10e,93,46,47,0,262,134,128,0
Tm5e,LCe04,84,39,45,0,262,125,137,0
DmDRA2,MTe07,54,20,34,0,262,116,146,0
TmY5a,Tm20,109,62,47,0,262,142,120,0
TmY5a,LMa1,111,74,37,0,262,177,85,0
Tm5a,LC10d,93,42,51,0,262,114,148,0
Tm4,MTe54,89,2,87,0,262,4,258,0
TmY5a,LTe58,92,42,50,0,262,125,137,0
Tm5f,TmY31,106,40,66,0,262,104,158,0
Sm07,MTe29,58,31,27,0,262,143,119,0
LPi15,H2,2,1,1,0,262,142,120,0
LC22,LTe17,59,33,26,0,262,129,133,0
aMe4,aMe3,14,5,9,0,262,165,97,0
LC14a2,LT51,31,14,17,0,262,141,121,0
cL20,TmY5a,107,57,50,0,262,137,125,0
LPT22,TmY20,65,40,25,0,262,174,88,0
MTe37,MTe01b,7,3,4,0,262,139,123,0
Tm5a,LTe30,62,27,35,0,261,122,139,0
Y1,Y11,107,57,50,0,261,141,120,0
Li14,LPLC1,89,50,39,0,261,153,108,0
T3,Li15,113,56,57,0,261,135,126,0
LMa2,Sm41,28,18,10,0,261,153,108,0
Li33,LTe02,4,2,2,0,261,110,151,0
Am1,Y4,73,38,35,0,261,128,133,0
Li29,LPLC4,69,37,32,0,261,134,127,0
LT87,Li06,86,32,54,0,261,88,173,0
LPT23,TmY5a,104,83,21,0,261,210,51,0
cM02b,Tm34,35,19,16,0,261,122,139,0
OA-AL2b2,Tm16,96,47,49,0,261,128,133,0
cM12,Sm23,27,15,12,0,261,163,98,0
LMt2,LMa4,84,35,49,0,260,102,158,0
Li20,LMa3,45,26,19,0,260,147,113,0
Li02,LMt2,82,50,32,0,260,176,84,0
Sm15,MTe12,61,28,33,0,260,131,129,0
Sm40,Sm13,65,36,29,0,260,141,119,0
Mi4,Mi14,117,55,62,0,260,122,138,0
LMt4,Mi2,106,67,39,0,260,168,92,0
Li33,LTe38a,8,4,4,0,260,113,147,0
Li33,cL05,2,1,1,0,260,120,140,0
LC24,LC10d,96,49,47,0,260,123,137,0
cL01,Tm32,87,39,48,0,260,128,132,0
MTe07,PLP231,31,8,20,3,260,55,181,24
LPT54,LPLC1,53,28,25,0,260,127,133,0
cM07,Tm37,86,50,36,0,260,157,103,0
LTe17,LTe42a,2,1,1,0,260,128,132,0
Dm2,MeTu3c,108,64,44,0,259,158,101,0
TmY3,LMt1,106,62,44,0,259,147,112,0
T2,Li20,114,48,66,0,259,106,153,0
Tm8a,LMa1,63,29,34,0,259,133,126,0
Tlp14,TmY3,109,60,49,0,259,144,115,0
Sm15,Tm8a,90,48,42,0,259,126,133,0
MLt6,Sm15,78,46,32,0,259,166,93,0
Dm20,Dm17,83,52,31,0,259,176,83,0
Y3,LC26,90,49,41,0,259,129,130,0
Dm14,Tm1,97,55,42,0,259,151,108,0
Tm16,LTe01,96,45,51,0,259,117,142,0
LMa2,Pm08,100,58,42,0,259,146,113,0
Dm13,MTe44,21,10,11,0,259,110,149,0
Li22,Li31,17,8,9,0,259,157,102,0
Pm14,MTe18,6,2,4,0,259,132,127,0
Li12,LTe76,14,8,6,0,259,131,128,0
Li24,LLPt,51,25,26,0,259,150,109,0
Li33,Li10,77,40,37,0,259,119,140,0
Li30,cL16,3,2,1,0,259,160,99,0
LPi13,LPT48_vCal3,2,1,1,0,259,162,97,0
LC14b,Tlp4,42,28,14,0,259,180,79,0
LT42,LC16,65,32,33,0,259,128,131,0
MeTu3c,Sm23,78,29,49,0,259,82,177,0
MeMe_e08,MTe47,31,0,0,31,259,0,0,259
cM17,TmY10,94,39,55,0,259,107,152,0
MTe47,Pm05,78,32,46,0,259,109,150,0
MeMe_e10,MeTu3c,19,5,14,0,259,77,182,0
cML01,Li05,69,33,36,0,259,115,144,0
Tm16,MTe34,54,30,24,0,258,132,126,0
Li08,LCe01b,89,49,40,0,258,155,103,0
Tm32,Tm8a,99,60,39,0,258,155,103,0
Tm5d,MTe40,74,36,38,0,258,114,144,0
LLPt,Li11,95,45,50,0,258,129,129,0
TmY3,Tlp5,100,70,30,0,258,188,70,0
Sm09,MeTu4a,89,55,34,0,258,173,85,0
L2,Mi13,76,37,39,0,258,135,123,0
LC14b,LPi10,49,36,13,0,258,183,75,0
LT83,LMt2,46,24,22,0,258,155,103,0
aMe22,aMe8,4,2,2,0,258,132,126,0
cM01b,Sm42,2,1,1,0,258,172,86,0
LPT53,LPT23,4,2,2,0,258,185,73,0
Li17,LT1d,69,34,35,0,257,122,135,0
Dm15,Tm5e,113,64,49,0,257,147,110,0
L5,Tm4,94,37,57,0,257,88,169,0
TmY5a,LTe42b,80,38,42,0,257,124,133,0
Tm33,Tm36,100,49,51,0,257,133,124,0
Dm11,Dm4,87,52,35,0,257,149,108,0
Tm5b,Tm5a,101,51,50,0,257,129,128,0
Li10,LC20b,80,41,39,0,257,124,133,0
Pm05,Sm31,86,43,43,0,257,128,129,0
Mi10,aMe25,84,38,46,0,257,121,136,0
LMa2,LT82a,51,31,20,0,257,159,98,0
MLt1,T2a,103,51,52,0,257,136,121,0
MLt1,MLt4,84,42,42,0,257,141,116,0
Li28,LTe08,4,2,2,0,257,135,122,0
Li33,LCe04,35,18,17,0,257,150,107,0
LT52,LTe66,24,12,12,0,257,143,114,0
MeTu4a,LC10b,82,35,47,0,257,110,147,0
cL14,TmY5a,106,65,41,0,257,160,97,0
MTe05,Sm03,97,61,36,0,257,161,96,0
cL10,LLPt,22,12,10,0,257,114,143,0
aMe6a,APDN3,2,1,1,0,257,96,161,0
cL05,LC20a,18,12,6,0,257,145,112,0
Sm10,MeTu3c,98,57,41,0,256,141,115,0
Y3,LTe24,82,43,39,0,256,137,119,0
Y4,LC31a,90,54,36,0,256,156,100,0
Dm12,TmY5a,118,57,61,0,256,126,130,0
Sm19,MTe35,43,20,23,0,256,112,144,0
Tm4,Tm16,67,24,43,0,256,56,200,0
Tlp5,Li21,64,31,33,0,256,106,150,0
Tm5c,Li04,83,46,37,0,256,136,120,0
Li12,LTe24,23,12,11,0,256,162,94,0
TmY5a,cL05,93,51,42,0,256,138,118,0
Mi10,aMe19b,91,47,44,0,256,139,117,0
Y1,LPT26,48,27,21,0,256,178,78,0
Dm9,TmY10,100,70,30,0,256,183,73,0
Pm14,TmY15,77,49,28,0,256,168,88,0
Li25,LC14a1,50,24,26,0,256,131,125,0
MTe52,TmY15,97,66,31,0,256,175,81,0
MTe01b,cM02b,10,5,5,0,256,100,156,0
MTe04,Sm05,80,48,32,0,256,157,99,0
cM12,Sm18,21,10,11,0,256,131,125,0
cM16,Tm35,61,33,28,0,256,136,120,0
TmY9q⊥,C3,113,60,53,0,255,144,111,0
Tm5e,LT55,74,34,40,0,255,119,136,0
Tm4,LMt1,95,51,44,0,255,134,121,0
Tm3,MTe53,81,31,50,0,255,102,153,0
TmY4,LT51,72,40,32,0,255,131,124,0
LPi07,Tlp4,84,52,32,0,255,127,128,0
Sm42,TmY3,84,41,43,0,255,113,142,0
LC11,LC31a,82,50,32,0,255,164,91,0
LT42,LC9,65,39,26,0,255,146,109,0
mALD1,LC29,29,15,14,0,255,124,131,0
aMe17a2,Sm39,2,1,1,0,255,142,113,0
LT86,mALD2,2,1,1,0,255,145,110,0
TmY11,Sm40,101,43,58,0,254,108,146,0
T2a,Dm2,112,65,47,0,254,150,104,0
Y12,CB0592,84,44,40,0,254,134,120,0
Y11,Tlp14,96,68,28,0,254,174,80,0
LMt3,Li22,67,41,26,0,254,161,93,0
DmDRA1,Dm2,68,39,29,0,254,157,97,0
Li29,LMa1,43,21,22,0,254,135,119,0
MeTu4c,LTe74,42,21,21,0,254,118,136,0
cL22a,LTe32,5,3,2,0,254,147,107,0
LC20b,LC10b,82,50,32,0,254,151,103,0
MTe47,Mi14,95,46,49,0,254,131,123,0
mALC5,TmY4,65,33,32,0,254,129,125,0
LT36,LC21,55,22,33,0,254,71,183,0
Tm5c,Tm8a,101,46,55,0,253,116,137,0
Tm8a,LTe54,84,36,48,0,253,98,155,0
TmY15,Li05,91,55,36,0,253,139,114,0
Pm04,MeLp2,40,19,21,0,253,139,114,0
Tlp5,Nod3,35,21,14,0,253,165,88,0
LPi07,LPi14,76,42,34,0,253,136,117,0
TmY20,LC24,90,37,53,0,253,104,149,0
LMa2,MTe54,65,29,36,0,253,83,170,0
Li19,LC31a,43,22,21,0,253,112,141,0
Li25,LMa3,48,22,26,0,253,126,127,0
LC15,LC28a,82,51,31,0,253,163,90,0
LC14a2,LC10e,47,24,23,0,253,122,131,0
LC14a2,Li09,50,29,21,0,253,126,127,0
cLLPM01,Pm09,40,23,17,0,253,134,119,0
LPT22,TmY14,82,52,30,0,253,168,85,0
OA-AL2i1,TmY14,86,65,21,0,253,199,54,0
cM15,Tm8a,82,40,42,0,253,127,126,0
Tm2,Tm3,99,36,63,0,252,87,165,0
Tm2,Dm19,116,53,63,0,252,113,139,0
Tm5e,LC14a1,80,52,28,0,252,146,106,0
Li21,Li19,34,20,14,0,252,116,136,0
Pm04,Lawf2,101,69,32,0,252,179,73,0
TmY9q⊥,Tm16,108,44,64,0,252,102,150,0
Mi2,Tm5f,114,59,55,0,252,134,118,0
LMa5,Pm07,78,43,35,0,252,144,108,0
Sm09,T2,106,56,50,0,252,135,117,0
Li28,Tm36,97,54,43,0,252,139,113,0
LC28a,Li01,86,52,34,0,252,148,104,0
LTe15,cL16,3,2,1,0,252,164,88,0
mALD1,aMe26,9,3,3,3,252,61,126,65
LC39,LC28a,42,27,15,0,252,181,71,0
T3,Pm08,86,31,55,0,251,86,165,0
TmY20,MeTu4c,93,37,56,0,251,101,150,0
Sm02,Dm8b,109,60,49,0,251,139,112,0
Li13,LC10b,86,49,37,0,251,147,104,0
TmY5a,LPi05,112,76,36,0,251,167,84,0
Sm08,Y1,88,37,51,0,251,104,147,0
Sm01,Sm11,59,29,30,0,251,129,122,0
TmY5a,LC31a,99,60,39,0,251,154,97,0
MLt3,LTe13,51,26,25,0,251,122,129,0
Dm12,Mi10,103,56,47,0,251,134,117,0
Li14,Tm9,116,64,52,0,251,138,113,0
Pm04,LMa4,86,53,33,0,251,151,100,0
T5c,LLPt,117,69,48,0,251,150,101,0
Tm16,LTe64,54,29,25,0,251,121,130,0
LC14b,Tm1,75,55,20,0,251,189,62,0
MeTu2a,Sm43,59,37,22,0,251,149,102,0
LC14a1,LMt2,56,35,21,0,251,159,92,0
LC16,LTe12,45,19,26,0,251,131,120,0
cLP03,TmY14,76,35,41,0,251,114,137,0
MeLp2,LPT21,2,1,1,0,251,172,79,0
cM01b,Sm08,34,17,17,0,251,134,117,0
Li17,Li16,98,47,51,0,250,120,130,0
Sm10,Sm36,82,42,40,0,250,119,131,0
Sm10,MeMe_e02,82,40,42,0,250,112,138,0
Li08,Li28,68,38,30,0,250,140,110,0
MLt6,LPLC4,65,28,37,0,250,113,137,0
Tlp14,Nod5,41,23,18,0,250,173,77,0
Li10,LC10d,92,44,48,0,250,115,135,0
Li18,LTe26,31,14,17,0,250,111,139,0
LMa2,Tm7,100,57,43,0,250,145,105,0
Tm21,LT11,110,52,58,0,250,119,131,0
Li31,LMa3,28,13,15,0,250,82,168,0
LT1d,Li17,65,32,33,0,250,98,152,0
LC21,LC40,53,21,32,0,250,99,151,0
MTe02,Sm09,101,56,45,0,250,143,107,0
cL22b,LTe14,2,1,1,0,250,128,122,0
Li17,Li26,69,33,36,0,249,129,120,0
Pm01,Pm14,92,57,35,0,249,165,84,0
Tm32,LTe03,50,29,21,0,249,163,86,0
Mi13,L2,108,61,47,0,249,142,107,0
Li05,TmY16,76,36,40,0,249,114,135,0
TmY3,MeLp1,109,51,58,0,249,119,130,0
TmY5a,Sm05,106,67,39,0,249,162,87,0
Li05,LMa3,77,45,32,0,249,153,96,0
T2a,LC18,99,45,54,0,249,119,130,0
Dm6,Dm17,76,34,42,0,249,120,129,0
Pm10,MTe43,36,21,15,0,249,178,71,0
LMa1,LMa4,76,44,32,0,249,151,98,0
Li11,Li12,71,38,33,0,249,135,114,0
Sm39,cM09,5,3,2,0,249,150,99,0
Am1,T5b,112,66,46,0,249,147,102,0
Sm37,Sm07,89,43,46,0,249,118,131,0
MTe01a,MTe36,25,15,10,0,249,167,82,0
PLP248,LLPC1,34,10,15,9,249,87,104,58
cL21,LMa5,71,40,31,0,249,157,92,0
LT38,LC22,28,14,14,0,249,124,125,0
MeMe_e03,Sm16,21,9,12,0,249,101,148,0
PLP032,LPT53,4,1,1,2,249,65,48,136
TmY14,TmY15,101,42,59,0,248,99,149,0
Dm12,Tm8b,91,43,48,0,248,115,133,0
L3,Mi10,90,45,45,0,248,131,117,0
TmY3,LPT49,85,60,25,0,248,184,64,0
Sm09,TmY3,96,49,47,0,248,127,121,0
Tm16,Li03,96,46,50,0,248,117,131,0
LMa4,Li15,88,49,39,0,248,140,108,0
LMa2,Mi14,97,57,40,0,248,139,109,0
Sm09,Sm06,53,7,46,0,248,14,234,0
MLt2,LC21,62,22,40,0,248,81,167,0
Pm10,T3,98,55,43,0,248,132,116,0
Tm1,Dm6,108,56,52,0,248,135,113,0
Li19,LC10a,92,49,43,0,248,132,116,0
cLP02,LPLC1,76,64,12,0,248,220,28,0
MeLp2,LPT48_vCal3,2,1,1,0,248,160,88,0
cM13,Sm23,26,15,11,0,248,151,97,0
LPi06,Am1,33,17,16,0,247,117,130,0
L2,Dm20,94,59,35,0,247,151,96,0
Tm35,LC10d,78,40,38,0,247,121,126,0
T2,Tm3,102,47,55,0,247,112,135,0
Y3,Li16,100,54,46,0,247,132,115,0
LMa4,LT87,41,20,21,0,247,142,105,0
Tm3,LC28a,102,70,32,0,247,172,75,0
Y12,LPi06,91,71,20,0,247,192,55,0
Tlp1,LPT45_dCal1,25,17,8,0,247,213,34,0
LC28a,LC39,50,33,17,0,247,171,76,0
cM14,Sm29,10,5,5,0,247,147,100,0
cL05,LTe17,2,1,1,0,247,151,96,0
LPi06,H1,32,17,15,0,246,143,103,0
Pm11,TmY15,97,71,26,0,246,183,63,0
Tm5c,Sm31,104,56,48,0,246,128,118,0
Tm5c,LC37a,90,50,40,0,246,128,118,0
Tm7,LT77,86,43,43,0,246,126,120,0
LLPt,LT78,62,31,31,0,246,112,134,0
T2a,LT66,102,57,45,0,246,139,107,0
Sm12,MTe47,78,46,32,0,246,150,96,0
Mi15,Tm4,100,64,36,0,246,154,92,0
TmY15,LPT52,58,36,22,0,246,160,86,0
Dm14,Dm17,52,26,26,0,246,127,119,0
Li13,Y3,106,55,51,0,246,125,121,0
Li26,LMa3,61,35,26,0,246,135,111,0
LPi09,Tlp14,97,53,44,0,246,128,118,0
R8,DmDRA2,45,42,3,0,246,233,13,0
LC10e,LTe42b,17,8,9,0,246,83,163,0
MeMe_e08,Mi14,103,59,44,0,246,148,98,0
LTe17,LC36,17,9,8,0,246,140,106,0
LT58,LPLC1,66,44,22,0,246,171,75,0
LPi09,VS7,29,16,13,0,245,179,66,0
Sm08,Dm2,82,23,59,0,245,52,193,0
Tm32,LTe14,42,20,22,0,245,133,112,0
Li05,LC10e,72,28,44,0,245,88,157,0
TmY10,Li30,94,51,43,0,245,136,109,0
Mi10,Am1,101,65,36,0,245,161,84,0
T2a,Tm36,86,37,49,0,245,98,147,0
Sm32,Pm10,81,37,44,0,245,126,119,0
MLt1,MeLp1,52,26,26,0,245,120,125,0
Pm14,Tm27,97,57,40,0,245,140,105,0
LT42,TmY9q,76,36,40,0,245,120,125,0
cM18,MeTu4c,46,24,22,0,245,138,107,0
LPT30,Tlp1,44,23,21,0,245,122,123,0
cM02b,MeTu4a,38,18,20,0,245,124,121,0
LT37,TmY4,82,37,45,0,245,115,130,0
LT40,LLPC2,72,41,31,0,245,147,98,0
Dm3q,TmY9q,110,57,53,0,244,125,119,0
Tm21,MLt4,111,57,54,0,244,130,114,0
Li07,LC14b,68,23,45,0,244,82,162,0
Tm8b,LC20a,66,41,25,0,244,135,109,0
Tm8b,Tm8a,93,45,48,0,244,120,124,0
Li21,LTe20,17,10,7,0,244,141,103,0
Mi1,L2,63,37,26,0,244,146,98,0
Sm23,MeMe_e02,45,28,17,0,244,167,77,0
Dm16,MTe43,57,29,28,0,244,132,112,0
Tm34,Li10,80,51,29,0,244,149,95,0
Li12,Tm8b,84,42,42,0,244,127,117,0
Li24,LTe20,10,6,4,0,244,104,140,0
LT55,LC33a,14,9,5,0,244,144,100,0
cLP03,TmY9q⊥,80,41,39,0,244,116,128,0
CB0816,l-LNv,23,0,0,23,244,0,0,244
LPT23,LPi10,57,36,21,0,244,168,76,0
aMe17c,C2,92,46,46,0,244,116,128,0
LPi09,VS6,28,15,13,0,243,154,89,0
Tm5c,Sm07,97,49,48,0,243,116,127,0
Tm31,LT11,77,42,35,0,243,130,113,0
Y11,Y1,101,59,42,0,243,145,98,0
Li21,TmY15,94,44,50,0,243,111,132,0
Y11,Y3,108,57,51,0,243,120,123,0
Li12,LC25,74,35,39,0,243,107,136,0
Tlp4,LPT50,47,28,19,0,243,160,83,0
Tm8a,LT78,68,37,31,0,243,152,91,0
LPi03,vCal1,13,7,6,0,243,154,89,0
Li25,LC10a,87,43,44,0,243,122,121,0
Li33,LC34,14,7,7,0,243,105,138,0
Sm36,MTe33,6,3,3,0,243,109,134,0
LPi13,LPi09,65,36,29,0,243,151,92,0
MeTu4c,LC40,63,33,30,0,243,121,122,0
MeTu4a,Sm07,91,38,53,0,243,101,142,0
cM18,Sm08,54,30,24,0,243,126,117,0
cLP03,TmY15,86,64,22,0,243,176,67,0
VCH,T4d,99,55,44,0,243,137,106,0
cL22b,cL22c,4,1,1,2,243,26,22,195
LPTe01,PLP035,14,14,0,0,243,243,0,0
Y3,LT77,92,46,46,0,242,120,122,0
Tm16,LC21,97,43,54,0,242,107,135,0
Sm24,Sm19,53,28,25,0,242,103,139,0
Tm5b,LTe76,62,26,36,0,242,104,138,0
TmY4,LC14b,82,33,49,0,242,105,137,0
Sm19,Tm5a,102,59,43,0,242,142,100,0
Li10,LT53,79,35,44,0,242,99,143,0
LMa4,Tm16,97,44,53,0,242,111,131,0
Li18,LC17,99,50,49,0,242,118,124,0
Sm06,Sm29,74,45,29,0,242,151,91,0
LMa5,Tm21,97,62,35,0,242,160,82,0
Sm14,MeTu4a,68,30,38,0,242,121,121,0
LC10d,LTe42c,34,18,16,0,242,113,129,0
LC14b,TmY9q,46,27,19,0,242,152,90,0
LPLC4,LMa2,73,36,37,0,242,128,114,0
LC34,LC33a,36,17,19,0,242,119,123,0
cM02b,MeMe_e04,4,2,2,0,242,138,104,0
MeMe_e07,MTe42,20,10,10,0,242,139,103,0
MTe47,Li17,70,42,28,0,242,144,98,0
cL05,TmY5a,86,50,36,0,242,141,101,0
Li10,LCe04,72,38,34,0,241,137,104,0
Sm07,MTe26,92,47,45,0,241,118,123,0
Tm16,MLt7,83,39,44,0,241,117,124,0
TmY15,MTe44,64,33,31,0,241,124,117,0
Tm8b,LCe07,45,22,23,0,241,123,118,0
Sm31,Sm40,43,22,21,0,241,122,119,0
Li25,LC21,78,32,46,0,241,103,138,0
LC9,LC13,82,42,40,0,241,136,105,0
PLP248,PLP020,2,1,0,1,241,163,0,78
MTe53,MTe53,37,20,17,0,241,141,100,0
LT39,LC6,66,25,41,0,241,95,146,0
Tm37,TmY10,95,51,44,0,240,132,108,0
MLt5,Li33,48,23,25,0,240,117,123,0
Pm05,MTe08,83,46,37,0,240,139,101,0
LLPt,Tm7,98,49,49,0,240,121,119,0
Dm16,L2,103,60,43,0,240,141,99,0
TmY5a,LTe18,85,39,46,0,240,111,129,0
Tm34,Tm8a,89,55,34,0,240,146,94,0
Sm17,MeTu2b,56,30,26,0,240,153,87,0
LMa3,LLPC3,83,52,31,0,240,148,92,0
LMa3,LLPC1,83,40,43,0,240,121,119,0
Li15,LCe07,48,27,21,0,240,160,80,0
Li15,LC31a,75,46,29,0,240,148,92,0
Sm35,Tm5d,79,53,26,0,240,180,60,0
LC14b,LPT22,23,13,10,0,240,143,97,0
LLPC1,LPi14,86,45,41,0,240,107,133,0
cM14,MLt5,40,21,19,0,240,125,115,0
cMLLP01,cM17,2,1,1,0,240,135,105,0
aMe17a1,Sm36,6,3,3,0,240,126,114,0
TmY11,OA-AL2i2,107,49,58,0,239,108,131,0
Tm37,LTe36,47,20,27,0,239,97,142,0
Tm16,LC31b,79,41,38,0,239,136,103,0
MLt4,MLt1,72,39,33,0,239,122,117,0
Tm33,Pm14,75,40,35,0,239,133,106,0
TmY11,LT51,71,28,43,0,239,114,125,0
Tm5f,LC4,96,47,49,0,239,114,125,0
Tm3,Dm14,87,28,59,0,239,75,164,0
TmY10,LTe21,97,54,43,0,239,135,104,0
L1,Dm10,57,30,27,0,239,112,127,0
LLPt,Li12,64,32,32,0,239,142,97,0
Li12,Li10,94,52,42,0,239,127,112,0
Tm5e,MTe50,87,45,42,0,239,121,118,0
Pm05,MTe02,55,34,21,0,239,148,91,0
Y3,LT72,69,30,39,0,239,95,144,0
Li03,LT82a,52,24,28,0,239,90,149,0
MLt7,Tm8a,77,34,43,0,239,92,147,0
Tm37,LT77,64,35,29,0,239,125,114,0
LPLC1,LMt4,79,49,30,0,239,149,90,0
MeLp2,LPi03,13,7,6,0,239,141,98,0
T5d,Y3,98,61,37,0,238,148,90,0
Mi10,Sm10,96,57,39,0,238,143,95,0
Tm32,LC10d,78,38,40,0,238,117,121,0
Y1,T5c,105,52,53,0,238,118,120,0
Li05,LC14b,82,37,45,0,238,98,140,0
MLt6,LCe03,65,48,17,0,238,163,75,0
LPi02,Y11,97,61,36,0,238,148,90,0
Tm5e,LTe01,92,53,39,0,238,145,93,0
Tlp1,H2,70,40,30,0,238,150,88,0
Li19,LMa1,64,31,33,0,238,118,120,0
MLt1,Tm32,93,44,49,0,238,110,128,0
LPi10,LPT42_Nod4,25,14,11,0,238,173,65,0
Pm14,Y4,78,49,29,0,238,156,82,0
LC11,Li09,85,47,38,0,238,140,98,0
LC15,LC11,85,35,50,0,238,87,151,0
cM13,MTe01b,33,17,16,0,238,103,135,0
MTe37,Sm16,47,26,21,0,238,141,97,0
Tm8a,Tm5d,87,48,39,0,237,114,123,0
TmY9q,Tlp1,97,47,50,0,237,113,124,0
Li06,LC10d,87,39,48,0,237,111,126,0
Sm19,Tm5b,97,44,53,0,237,105,132,0
Sm12,MLt8,86,51,35,0,237,148,89,0
Mi9,Dm20,102,57,45,0,237,134,103,0
Tm7,MTe40,80,34,46,0,237,93,144,0
Tlp5,LT51,55,27,28,0,237,101,136,0
Tm20,Mi4,101,56,45,0,237,128,109,0
MLt5,MTe01b,57,26,31,0,237,94,143,0
Dm4,Sm12,83,38,45,0,237,117,120,0
Li30,Li08,31,17,14,0,237,133,104,0
LT11,LMt3,29,14,15,0,237,131,106,0
MTe02,MeMe_e09,50,27,23,0,237,137,100,0
MTe52,MTe44,17,10,7,0,237,132,105,0
aMe17a1,Sm04,59,32,27,0,237,133,104,0
TmY5a,Tm3,105,43,62,0,236,99,137,0
Dm3v,Tm21,113,57,56,0,236,119,117,0
Tm33,Li02,78,44,34,0,236,139,97,0
LPi01,VS7,32,16,16,0,236,157,79,0
Mi10,Dm11,83,47,36,0,236,133,103,0
Dm13,MTe07,72,40,32,0,236,146,90,0
LPi10,LPi10,61,32,29,0,236,146,90,0
Sm29,Sm12,72,51,21,0,236,186,50,0
LC40,LC41,33,15,18,0,236,103,133,0
MeLp1,LLPC3,71,53,18,0,236,182,54,0
LC14a1,Tm4,81,40,41,0,236,121,115,0
MTe51,MTe50,76,34,42,0,236,104,132,0
LT63,LTe65,13,8,5,0,236,148,88,0
LT38,Li12,27,15,12,0,236,133,103,0
cM02a,MLt7,28,14,14,0,236,130,106,0
cML01,LMt1,39,20,19,0,236,130,106,0
LT39,LC9,63,35,28,0,236,133,103,0
cM16,MTe42,2,1,1,0,236,128,108,0
PLP081,LLPC3,37,22,0,15,236,146,0,90
Tm5c,Tm27,95,45,50,0,235,120,115,0
Li10,LC9,92,56,36,0,235,142,93,0
LLPt,LTe14,24,13,11,0,235,124,111,0
LMa5,TmY11,91,64,27,0,235,163,72,0
Li12,LC37a,49,22,27,0,235,107,128,0
Li02,LTe42c,27,13,14,0,235,101,134,0
LMa2,MTe47,57,34,23,0,235,152,83,0
Tm20,TmY5a,100,46,54,0,235,101,134,0
Li28,LC20a,48,33,15,0,235,161,74,0
Li24,LMt2,58,36,22,0,235,155,80,0
LPLC1,LT66,74,42,32,0,235,130,105,0
aMe4,Lawf2,96,50,46,0,235,124,111,0
LPT45_dCal1,LLPC2,72,61,11,0,235,202,33,0
mALC5,LC20b,12,6,6,0,235,143,92,0
OA-AL2b2,Mi14,89,53,36,0,235,144,91,0
Tm16,Tm32,84,47,37,0,234,137,97,0
Pm02,Y1,88,52,36,0,234,134,100,0
Tlp5,LMa3,55,27,28,0,234,109,125,0
TmY15,Li02,75,55,20,0,234,178,56,0
TmY20,LC27,83,43,40,0,234,122,112,0
TmY3,cL18,90,43,47,0,234,106,128,0
Sm03,Pm14,80,55,25,0,234,165,69,0
Tm16,LC31a,76,41,35,0,234,134,100,0
LMt3,LC28a,60,33,27,0,234,138,96,0
LC10d,LC19,66,30,36,0,234,116,118,0
LT52,LC36,41,24,17,0,234,141,93,0
cM08a,Tm37,89,30,59,0,234,77,157,0
LT63,Li10,79,48,31,0,234,136,98,0
Mi14,TmY5a,107,54,53,0,233,118,115,0
Tm5f,LC20b,93,53,40,0,233,133,100,0
MLt3,MeLp1,70,36,34,0,233,123,110,0
Dm12,MLt3,88,41,47,0,233,102,131,0
Li11,LT11,50,27,23,0,233,143,90,0
Mi15,Sm16,104,57,47,0,233,130,103,0
Tm5c,MTe32,84,48,36,0,233,139,94,0
LMt3,MLt4,79,50,29,0,233,153,80,0
Sm12,TmY5a,104,51,53,0,233,114,119,0
Tm34,Li18,92,52,40,0,233,127,106,0
MTe54,Y3,69,14,55,0,233,31,202,0
MeTu1,MTe10,72,36,36,0,233,125,108,0
LC14a1,Li20,34,20,14,0,233,137,96,0
cL20,cL11,4,1,1,2,233,78,92,63
CB0566,MTe02,54,26,28,0,233,115,118,0
cM08b,Sm19,59,29,30,0,233,114,119,0
cL04,Li10,87,41,46,0,233,100,133,0
aMe25,LTe56,2,1,1,0,233,131,102,0
LC10c,AOTU026,26,26,0,0,233,233,0,0
Sm19,Tm5e,98,56,42,0,232,132,100,0
Tm5d,LC24,76,39,37,0,232,125,107,0
Lawf2,R1-6,81,44,37,0,232,137,95,0
Tm5e,LC14a2,61,33,28,0,232,122,110,0
Tm7,Sm01,85,53,32,0,232,149,83,0
Tm5b,LC20a,74,40,34,0,232,119,113,0
Li29,LC15,60,35,25,0,232,145,87,0
cL01,LTe03,27,14,13,0,232,146,86,0
LC14a1,Tm5b,62,36,26,0,232,135,97,0
aMe4,aMe4,63,17,46,0,232,90,142,0
MTe04,aMe24,22,14,8,0,232,148,84,0
LT56,LC4,60,32,28,0,232,116,116,0
CB0592,Pm04,58,34,24,0,232,145,87,0
CB0566,CB0566,2,0,0,2,232,0,0,232
TmY31,LC26,85,35,50,0,231,94,137,0
Tm5c,LT76,77,38,39,0,231,113,118,0
T2,Tm27,101,54,47,0,231,119,112,0
Li13,Li29,52,25,27,0,231,123,108,0
Dm3q,Dm20,103,59,44,0,231,138,93,0
TmY5a,Pm10,101,53,48,0,231,115,116,0
L2,Dm1,89,43,46,0,231,108,123,0
Li02,LTe24,32,19,13,0,231,133,98,0
Li12,LPLC2,76,47,29,0,231,145,86,0
Tm31,Sm27,69,41,28,0,231,138,93,0
LPi10,LPi14,45,24,21,0,231,132,99,0
Li24,TmY16,70,35,35,0,231,130,101,0
Sm36,Tm5a,92,56,36,0,231,142,89,0
Am1,Tlp1,69,43,26,0,231,141,90,0
LT34,LC20b,34,18,16,0,231,128,103,0
LPLC4,Li01,82,44,38,0,231,127,104,0
OA-ASM1,Sm42,8,4,4,0,231,126,105,0
LPT47_vCal2,cLP02,28,4,1,23,231,31,5,195
TmY5a,Tm25,99,47,52,0,230,108,122,0
Sm16,MeTu3a,82,54,28,0,230,156,74,0
Mi15,TmY5a,97,50,47,0,230,121,109,0
Tm5d,Tm5b,87,55,32,0,230,126,104,0
TmY15,LT66,84,50,34,0,230,144,86,0
Sm08,Sm06,64,12,52,0,230,26,204,0
Pm10,TmY5a,97,41,56,0,230,93,137,0
Tm8a,Dm12,95,44,51,0,230,109,121,0
LMa3,LC12,99,53,46,0,230,125,105,0
Li05,cL11,63,35,28,0,230,126,104,0
Mi4,Dm9,95,72,23,0,230,170,60,0
LC21,Li05,78,39,39,0,230,113,117,0
LC14b,Tm5f,61,40,21,0,230,161,69,0
LPLC2,LTe65,35,19,16,0,230,124,106,0
LPT54,LPTe01,28,17,11,0,230,161,69,0
LPT23,Am1,6,3,3,0,230,145,85,0
cM17,MTe01a,56,34,22,0,230,143,87,0
mALD1,LC28a,41,25,16,0,230,135,95,0
LT36,LTe15,2,1,1,0,230,75,155,0
cMLLP01,TmY14,72,34,38,0,230,107,123,0
T2a,Pm03,86,36,50,0,229,80,149,0
T5a,Y3,99,55,44,0,229,123,106,0
Tm33,LCe01a,71,45,26,0,229,136,93,0
Y3,Nod1,82,41,41,0,229,113,116,0
Tm16,LT53,85,38,47,0,229,104,125,0
MLt6,LC10b,67,32,35,0,229,113,116,0
Dm15,TmY3,101,53,48,0,229,119,110,0
Dm2,Tm5e,97,54,43,0,229,123,106,0
Li01,LC39,67,42,25,0,229,142,87,0
Mi9,OA-AL2i2,101,44,57,0,229,99,130,0
Y1,T4d,101,56,45,0,229,126,103,0
LMa2,Sm42,35,19,16,0,229,129,100,0
Li10,LT58,71,58,13,0,229,188,41,0
Tm5a,LPLC1,71,35,36,0,229,94,135,0
TmY31,LTe38b,65,32,33,0,229,119,110,0
LPi15,T4b,102,66,36,0,229,146,83,0
Li33,LC20b,42,20,22,0,229,103,126,0
Li32,Li03,64,34,30,0,229,118,111,0
LC15,Li06,81,43,38,0,229,112,117,0
LT52,Y3,75,46,29,0,229,134,95,0
LC14b,LTe21,34,17,17,0,229,116,113,0
LC22,TmY16,75,47,28,0,229,146,83,0
LT37,Tlp5,41,22,19,0,229,125,104,0
LPT50,LPi08,31,21,10,0,229,161,68,0
cM02a,Tm32,34,18,16,0,229,130,99,0
cM01c,Sm08,35,17,18,0,229,101,128,0
T2,Tm1,68,30,38,0,228,93,135,0
Sm10,Tm16,90,44,46,0,228,113,115,0
TmY5a,MTe03,83,44,39,0,228,120,108,0
TmY31,LC40,85,42,43,0,228,109,119,0
TmY10,Sm30,88,51,37,0,228,132,96,0
R7,Mi4,95,42,53,0,228,94,134,0
TmY5a,TmY4,106,49,57,0,228,99,129,0
Tm31,Tm36,80,40,40,0,228,110,118,0
Y3,LTe14,68,34,34,0,228,116,112,0
Y11,Pm09,84,47,37,0,228,141,87,0
MLt1,TmY11,85,44,41,0,228,126,102,0
LMa4,MeMe_e07,61,36,25,0,228,144,84,0
cLP03,Nod3,16,7,9,0,228,131,97,0
MeTu4a,LTe73,55,29,26,0,228,104,124,0
LC14a1,LT51,22,11,11,0,228,105,123,0
aMe17b,MeTu3b,70,29,41,0,228,105,123,0
aMe9,TmY10,81,39,42,0,228,106,122,0
DN1a,cM08a,10,4,6,0,228,112,116,0
OA-AL2i2,Pm07,61,26,35,0,228,109,119,0
Li17,LC6,92,41,51,0,227,99,128,0
Y3,VSm,89,58,31,0,227,154,73,0
LMt2,LC31a,69,41,28,0,227,147,80,0
Mi4,Tm8b,86,34,52,0,227,89,138,0
L3,MLt5,82,34,48,0,227,87,140,0
Tlp14,LLPC1,92,69,23,0,227,174,53,0
Y3,MTe08,88,43,45,0,227,107,120,0
LLPt,H2,44,22,22,0,227,142,85,0
LLPt,LC24,67,31,36,0,227,105,122,0
Tm8b,LT72,51,26,25,0,227,103,124,0
Tm5c,Dm3v,95,50,45,0,227,118,109,0
TmY5a,Li15,104,64,40,0,227,145,82,0
TmY15,Sm32,103,50,53,0,227,109,118,0
Sm03,Sm42,71,41,30,0,227,127,100,0
Tm8a,TmY9q⊥,98,56,42,0,227,133,94,0
Pm10,MTe52,84,47,37,0,227,129,98,0
Li10,LTe76,37,18,19,0,227,108,119,0
LMt3,LTe64,26,14,12,0,227,116,111,0
Li32,LC6,68,32,36,0,227,102,125,0
MTe01b,MTe38,28,16,12,0,227,128,99,0
LPC2,LPi10,62,38,24,0,227,124,103,0
LC14a1,LC31b,31,16,15,0,227,139,88,0
LT57,Li03,82,38,44,0,227,110,117,0
LPT23,TmY10,67,44,23,0,227,157,70,0
mALC5,Li12,15,7,8,0,227,148,79,0
Mi4,L5,92,50,42,0,226,122,104,0
Tm8a,Li24,47,22,25,0,226,107,119,0
Pm01,Tm1,66,23,43,0,226,91,135,0
Dm2,Tm5d,96,46,50,0,226,109,117,0
TmY3,LPT22,88,51,37,0,226,129,97,0
Tm8b,Tm5d,88,52,36,0,226,139,87,0
Sm34,Sm09,85,49,36,0,226,126,100,0
Pm12,LMa4,59,29,30,0,226,95,131,0
Li12,LC13,77,41,36,0,226,123,103,0
Tlp5,LT65,43,24,19,0,226,135,91,0
Li24,LMt4,39,27,12,0,226,150,76,0
CT1,Mi9,103,47,56,0,226,102,124,0
Am1,LPi10,39,18,21,0,226,120,106,0
LC15,Li09,87,55,32,0,226,143,83,0
MeLp1,MeMe_e07,11,0,0,11,226,0,0,226
LC14b,LC35,36,20,16,0,226,128,98,0
cL22a,LMa1,28,14,14,0,226,146,80,0
aMe17b,Tm7,83,38,45,0,226,97,129,0
LTe29,LC10d,52,31,21,0,226,125,101,0
aMe17c,Sm32,70,28,42,0,226,95,131,0
cM07,T2a,98,59,39,0,226,140,86,0
MeMe_e07,LT42,17,8,9,0,226,122,104,0
cMLLP02,VCH,3,2,1,0,226,123,103,0
LT61b,LT56,4,1,1,2,226,69,95,62
cLP03,PLP163,16,16,0,0,226,226,0,0
TmY11,Tm7,100,46,54,0,225,97,128,0
Tm33,TmY5a,103,50,53,0,225,108,117,0
C3,Tm3,103,56,47,0,225,125,100,0
Tm35,LC10c,92,47,45,0,225,113,112,0
TmY9q,Tm21,93,37,56,0,225,82,143,0
MLt4,TmY10,74,37,37,0,225,100,125,0
MLt3,TmY15,96,51,45,0,225,123,102,0
DmDRA2,Mi4,73,45,28,0,225,149,76,0
Tm7,Lawf1,98,64,34,0,225,149,76,0
TmY5a,LT72,80,35,45,0,225,91,134,0
Dm8b,Mi15,89,54,35,0,225,141,84,0
LMa2,LT1d,35,20,15,0,225,142,83,0
Sm07,Sm32,84,43,41,0,225,119,106,0
LMa3,LC31a,67,40,27,0,225,136,89,0
TmY31,LC6,81,42,39,0,225,116,109,0
Dm9,Mi15,93,74,19,0,225,169,56,0
TmY4,LPi10,95,78,17,0,225,186,39,0
LMa2,LC35,38,22,16,0,225,141,84,0
Li33,Li05,59,26,33,0,225,72,153,0
LT1d,AVLP151,2,1,1,0,225,109,116,0
cL21,LC21,79,35,44,0,225,89,136,0
MTe47,cM15,8,4,4,0,225,112,113,0
mALC5,MTe51,22,10,12,0,225,101,124,0
CB0592,Li17,58,29,29,0,225,106,119,0
T2a,LTe13,80,29,51,0,224,76,148,0
TmY11,LPT50,67,37,30,0,224,117,107,0
L5,Dm17,98,46,52,0,224,105,119,0
Tm36,Pm13,81,29,52,0,224,80,144,0
Tm16,TmY9q,92,45,47,0,224,108,116,0
Tm16,LTe20,77,37,40,0,224,105,119,0
Tlp14,Y12,89,56,33,0,224,139,85,0
TmY4,LT53,74,36,38,0,224,119,105,0
TmY15,LT11,75,42,33,0,224,119,105,0
TmY5a,Pm04,81,37,44,0,224,107,117,0
TmY20,LTe58,87,46,41,0,224,114,110,0
Li10,LTe22,60,31,29,0,224,116,108,0
T4d,Mi1,107,47,60,0,224,97,127,0
T2,LMt1,91,28,63,0,224,70,154,0
Tm2,L4,100,44,56,0,224,99,125,0
Sm41,MeTu3a,35,19,16,0,224,153,71,0
MeTu4c,LC10e,73,39,34,0,224,120,104,0
LC14a1,LC14a1,45,0,0,45,224,0,0,224
LT52,LC10e,35,14,21,0,224,106,118,0
cL17,LPLC1,36,14,22,0,224,94,130,0
LPT48_vCal3,DNp31,2,1,0,1,224,82,0,142
cL22b,LTe65,8,2,2,4,224,89,93,42
TmY31,LTe66,52,22,30,0,223,97,126,0
Li13,Li01,89,44,45,0,223,109,114,0
Li08,LTe17,37,18,19,0,223,114,109,0
Tm20,Tm5d,90,46,44,0,223,114,109,0
Dm8b,TmY5a,87,45,42,0,223,108,115,0
Tm7,LT78,70,41,29,0,223,131,92,0
TmY9q⊥,Mi2,96,53,43,0,223,123,100,0
TmY9q⊥,PLP051,56,23,33,0,223,95,128,0
LLPt,LTe42c,21,11,10,0,223,97,126,0
TmY9q⊥,Li06,90,44,46,0,223,110,113,0
Mi4,MTe53,86,43,43,0,223,110,113,0
Tm35,Pm13,77,36,41,0,223,120,103,0
Tm16,LC11,89,34,55,0,223,84,139,0
Li05,LMt3,70,40,30,0,223,128,95,0
Tm7,Sm31,81,35,46,0,223,101,122,0
Sm41,MTe23,2,1,1,0,223,121,102,0
Li33,LC40,23,13,10,0,223,117,106,0
cLP02,LPLC2,90,75,15,0,223,189,34,0
cL01,LC19,54,24,30,0,223,96,127,0
LPLC1,LC31a,71,44,27,0,223,141,82,0
LPLC4,PLP241,25,0,25,0,223,0,223,0
cL17,LC20a,39,27,12,0,223,145,78,0
mALC5,LLPC3,40,21,19,0,223,125,98,0
LT61b,Y4,65,34,31,0,223,111,112,0
LTe59,cL17,4,2,2,0,223,85,138,0
vCal1,cLP02,30,6,2,22,223,47,16,160
Mi9,MLt3,94,53,41,0,222,123,99,0
Mi9,LC14b,66,37,29,0,222,125,97,0
T5c,Tm9,101,26,75,0,222,53,169,0
Y4,MeMe_e07,75,42,33,0,222,127,95,0
C3,Dm19,89,47,42,0,222,110,112,0
LLPt,LC10d,80,47,33,0,222,136,86,0
Tm5c,MTe40,75,44,31,0,222,128,94,0
Dm8a,MLt2,75,46,29,0,222,137,85,0
TmY15,L4,97,68,29,0,222,157,65,0
TmY5a,LT53,76,33,43,0,222,116,106,0
T3,Mi2,96,46,50,0,222,99,123,0
Dm20,MLt5,94,55,39,0,222,128,94,0
Tm31,LPLC1,82,37,45,0,222,104,118,0
Li15,LT1d,31,15,16,0,222,107,115,0
Sm42,MeTu1,62,37,25,0,222,140,82,0
LT57,LTe64,26,13,13,0,222,109,113,0
cL05,LT59,2,1,1,0,222,127,95,0
Li03,LMa3,53,35,18,0,221,164,57,0
Tm1,LT33,95,49,46,0,221,111,110,0
TmY11,LC10a,84,38,46,0,221,93,128,0
Y4,Pm05,71,37,34,0,221,112,109,0
LPi05,TmY10,87,68,19,0,221,176,45,0
Tm27,LT51,90,33,57,0,221,78,143,0
TmY3,LC10d,85,38,47,0,221,96,125,0
Tm21,Pm05,87,44,43,0,221,119,102,0
TmY20,LC10c,84,54,30,0,221,137,84,0
LLPt,LT53,56,31,25,0,221,137,84,0
MLt4,LMa4,64,33,31,0,221,118,103,0
LMa2,LCe07,37,19,18,0,221,119,102,0
Li28,LC4,72,39,33,0,221,119,102,0
Sm42,MLt7,30,13,17,0,221,46,175,0
OA-AL2i3,T2,101,56,45,0,221,126,95,0
cM02b,Sm23,25,14,11,0,221,113,108,0
cL20,Tm36,48,19,29,0,221,91,130,0
CB0802,OA-AL2i4,4,1,1,2,221,51,37,133
MeMe_e04,Sm12,43,22,21,0,221,105,116,0
cM14,MLt8,24,14,10,0,221,146,75,0
aMe6a,cM09,5,3,2,0,221,106,115,0
aMe3,aMe1,4,2,2,0,221,137,84,0
LT67,mALD2,2,1,1,0,221,125,96,0
Tm33,LC10a,88,41,47,0,220,111,109,0
Tm8a,Sm15,86,49,37,0,220,125,95,0
Sm18,MeTu1,79,38,41,0,220,105,115,0
T2a,LLPC1,81,40,41,0,220,105,115,0
Tm5e,LC35,81,58,23,0,220,161,59,0
Tlp5,LPi05,70,53,17,0,220,177,43,0
MLt2,LTe16,57,24,33,0,220,95,125,0
LPi10,LLPC2,85,49,36,0,220,120,100,0
Sm04,MTe04,60,43,17,0,220,163,57,0
MLt2,Tm7,75,41,34,0,220,114,106,0
LMa2,MeMe_e08,61,41,20,0,220,148,72,0
L2,Tm3,57,40,17,0,220,181,39,0
Li19,LT61b,4,2,2,0,220,106,114,0
Sm21,DmDRA2,41,23,18,0,220,122,98,0
Li24,LTe26,10,6,4,0,220,126,94,0
Li33,LC29,39,19,20,0,220,119,101,0
LT34,Li02,45,26,19,0,220,138,82,0
cM19,MTe47,22,0,0,22,220,0,0,220
CB0816,Tm16,69,35,34,0,220,114,106,0
LPT54,PLP177,2,1,1,0,220,114,106,0
LT57,LT51,33,16,17,0,220,104,116,0
MTe04,Tm31,52,30,22,0,220,126,94,0
VST2,LPT45_dCal1,8,4,4,0,220,168,52,0
mALC5,Tm27,71,31,40,0,220,98,122,0
CB0472,LT59,2,1,1,0,220,94,126,0
cM14,cM01c,2,1,1,0,220,104,116,0
LPC2,DNp31,25,25,0,0,220,220,0,0
Mi1,Sm01,89,47,42,0,219,121,98,0
Tm5e,Dm3p,94,49,45,0,219,108,111,0
Li02,LTe29,30,17,13,0,219,139,80,0
Tm5a,LT11,78,29,49,0,219,84,135,0
Tm5d,LC25,54,27,27,0,219,109,110,0
Tm21,LTe64,66,39,27,0,219,133,86,0
Dm18,T2a,101,58,43,0,219,125,94,0
Li12,LTe36,23,12,11,0,219,118,101,0
TmY10,LMa5,84,59,25,0,219,159,60,0
Tm34,LC11,73,34,39,0,219,106,113,0
Tm37,LT57,71,35,36,0,219,113,106,0
Tm5c,LT84,63,33,30,0,219,116,103,0
LMa2,Lawf2,87,59,28,0,219,149,70,0
Tlp1,VSm,64,46,18,0,219,169,50,0
Tm37,Li24,59,40,19,0,219,148,71,0
Li33,LTe47,4,2,2,0,219,84,135,0
Li29,LC22,55,28,27,0,219,111,108,0
MeTu1,MeTu4c,87,48,39,0,219,127,92,0
MeTu4c,Pm14,56,36,20,0,219,149,70,0
MTe50,TmY10,86,40,46,0,219,102,117,0
MeMe_e08,Sm42,19,10,9,0,219,123,96,0
LPT48_vCal3,LTe52,8,2,2,4,219,29,42,148
MTe40,Sm41,2,1,1,0,219,124,95,0
TmY11,Tm5c,89,41,48,0,218,103,115,0
Tlp4,TmY3,91,57,34,0,218,138,80,0
Y4,Li29,65,31,34,0,218,121,97,0
Sm19,Sm40,72,36,36,0,218,109,109,0
Tm7,LT86,60,22,38,0,218,82,136,0
Y3,LT78,78,33,45,0,218,93,125,0
Pm07,Pm14,57,25,32,0,218,116,102,0
Li12,Li33,38,20,18,0,218,131,87,0
Tm5d,Li13,75,43,32,0,218,130,88,0
Li01,LT66,63,33,30,0,218,112,106,0
TmY16,TmY9q,89,37,52,0,218,98,120,0
LMa2,LMa2,70,41,29,0,218,127,91,0
Li10,LC18,89,47,42,0,218,113,105,0
LPi09,TmY5a,91,58,33,0,218,142,76,0
LMa3,Pm06,41,23,18,0,218,137,81,0
Li31,LC9,67,35,32,0,218,118,100,0
Li32,LT52,22,12,10,0,218,106,112,0
LC21,LMa5,80,50,30,0,218,143,75,0
LC14a1,LPLC2,51,27,24,0,218,121,97,0
LC36,LT52,49,23,26,0,218,96,122,0
cM02b,MLt7,18,8,10,0,218,91,127,0
cL18,LC14a1,28,14,14,0,218,66,152,0
CB3238,LPLC4,23,11,12,0,218,107,111,0
cMLLP01,Li05,61,29,32,0,218,105,113,0
Pm01,MLt4,79,53,26,0,217,144,73,0
Tlp4,LC15,78,47,31,0,217,127,90,0
TmY3,Tm3,98,36,62,0,217,75,142,0
LPi04,LLPC2,73,47,26,0,217,145,72,0
Y3,cL13,68,34,34,0,217,112,105,0
Mi4,TmY4,92,42,50,0,217,99,118,0
LPi05,LPi15,56,34,22,0,217,136,81,0
Li09,LC11,83,47,36,0,217,126,91,0
Tm21,Li10,86,48,38,0,217,122,95,0
Sm30,Sm22,77,42,35,0,217,137,80,0
Tm35,TmY10,92,45,47,0,217,111,106,0
Tm5f,LT87,88,56,32,0,217,140,77,0
Tm5d,MTe03,73,42,31,0,217,127,90,0
Tm37,Tm5d,91,50,41,0,217,119,98,0
LMa4,MTe44,28,14,14,0,217,95,122,0
TmY16,Tm27,92,65,27,0,217,153,64,0
LMa2,TmY5a,96,52,44,0,217,113,104,0
TmY31,LPi05,80,55,25,0,217,154,63,0
LMt1,LT87,40,20,20,0,217,116,101,0
Li11,Tm7,96,51,45,0,217,120,97,0
Sm25,Tm5b,85,51,34,0,217,129,88,0
Lai,Lai,81,50,31,0,217,136,81,0
LMa2,Li02,64,42,22,0,217,150,67,0
Li33,LT64,6,3,3,0,217,144,73,0
cL14,Tm16,81,41,40,0,217,105,112,0
cM08c,aMe4,19,8,11,0,217,94,123,0
aMe17c,Lawf1,78,38,40,0,217,108,109,0
MTe27,Pm07,30,14,16,0,217,137,80,0
Mi9,Dm3q,96,51,45,0,216,114,102,0
Lawf2,L2,84,46,38,0,216,117,99,0
Li10,Tm5e,86,48,38,0,216,119,97,0
TmY3,Tm2,99,43,56,0,216,90,126,0
Y11,LPT26,45,28,17,0,216,153,63,0
Dm3q,Tm21,102,58,44,0,216,119,97,0
TmY9q⊥,LPi10,81,69,12,0,216,187,29,0
LMa2,LC24,66,35,31,0,216,104,112,0
Li28,LMa3,47,29,18,0,216,135,81,0
Sm39,Sm18,34,17,17,0,216,123,93,0
MTe03,Pm10,58,27,31,0,216,99,117,0
LC14b,LTe09,46,23,23,0,216,133,83,0
LPT51,LT36,2,1,1,0,216,33,183,0
MeTu4c,LT69,28,14,14,0,216,118,98,0
MeMe_e02,MeTu3b,65,28,37,0,216,90,126,0
LPT45_dCal1,LPi14,8,4,4,0,216,165,51,0
cM17,CB0816,4,2,2,0,216,117,99,0
MeMe_e04,MeMe_e02,17,0,0,17,216,0,0,216
OA-AL2b2,Mi13,86,52,34,0,216,129,87,0
cM08b,Sm36,12,6,6,0,216,118,98,0
cM15,MeMe_e07,16,9,7,0,216,117,99,0
MTe26,MTe01b,28,15,13,0,216,98,118,0
Tm5c,MTe04,72,42,30,0,215,130,85,0
Tm5c,Li05,82,26,56,0,215,64,151,0
Tm21,LT60,84,38,46,0,215,103,112,0
Sm19,CB0566,54,28,26,0,215,109,106,0
Li21,Li25,33,19,14,0,215,89,126,0
Tm7,TmY5a,93,49,44,0,215,112,103,0
TmY5a,Li06,95,38,57,0,215,83,132,0
TmY20,OA-AL2i1,74,47,27,0,215,137,78,0
Sm05,MeMe_e05,61,35,26,0,215,131,84,0
Tm2,LPLC1,76,36,40,0,215,95,120,0
Tm21,LMa3,81,48,33,0,215,135,80,0
Sm40,Sm40,4,2,2,0,215,106,109,0
Li05,PLP051,52,28,24,0,215,122,93,0
Dm4,Dm12,80,37,43,0,215,100,115,0
Sm21,Tm27,88,50,38,0,215,120,95,0
Sm13,TmY5a,96,49,47,0,215,109,106,0
Y11,LPC1,84,56,28,0,215,143,72,0
Li04,aMe20,26,16,10,0,215,111,104,0
LPi15,T5b,96,60,36,0,215,135,80,0
MTe01b,Sm30,50,27,23,0,215,114,101,0
MeTu3c,MeTu3a,53,17,36,0,215,93,122,0
LC10b,LT81,49,27,22,0,215,103,112,0
LCe03,LTe64,32,22,10,0,215,134,81,0
cL21,LMa2,51,26,25,0,215,97,118,0
cM02a,Tm35,30,14,16,0,215,101,114,0
LPT47_vCal2,LTe52,8,2,2,4,215,22,38,155
cL15,Li05,46,22,24,0,215,96,119,0
TmY31,cL22b,72,36,36,0,214,103,111,0
Li13,Li10,76,32,44,0,214,82,132,0
Li08,LC14a2,72,37,35,0,214,115,99,0
LMt2,Tm5f,96,41,55,0,214,91,123,0
Dm2,Tm34,82,45,37,0,214,122,92,0
Mi9,TmY15,79,44,35,0,214,116,98,0
TmY9q⊥,LT73,69,33,36,0,214,93,121,0
Li09,LPLC1,83,43,40,0,214,106,108,0
Tlp14,LMa4,65,39,26,0,214,134,80,0
TmY5a,TmY5a,82,35,47,0,214,82,132,0
TmY14,Y3,89,33,56,0,214,80,134,0
Dm6,MTe43,38,21,17,0,214,133,81,0
LMa5,Tm16,89,65,24,0,214,160,54,0
Sm41,Sm25,17,9,8,0,214,123,91,0
LPi14,LLPC1,71,38,33,0,214,103,111,0
Li31,LMa4,36,19,17,0,214,99,115,0
MTe50,cM08c,29,20,9,0,214,131,83,0
MeTu4c,LTe48,41,18,23,0,214,105,109,0
LC14b,TmY10,55,35,20,0,214,133,81,0
LT34,LPLC2,68,38,30,0,214,130,84,0
LC14a2,Li08,57,29,28,0,214,114,100,0
LT52,LTe42b,11,5,6,0,214,106,108,0
LT37,LT64,6,3,3,0,214,124,90,0
MeMe_e09,MTe49,2,1,1,0,214,113,101,0
OA-AL2i2,LMa2,52,28,24,0,214,98,116,0
OA-AL2i1,Pm14,4,2,2,0,214,101,113,0
LTe21,OA-AL2b1,4,2,2,0,214,110,104,0
TmY31,Mi14,73,30,43,0,213,87,126,0
TmY31,LT61b,59,24,35,0,213,86,127,0
Mi9,L5,97,58,39,0,213,128,85,0
Tm35,LTe48,46,24,22,0,213,115,98,0
Tm31,Li33,55,27,28,0,213,101,112,0
Tm5c,LT51,83,36,47,0,213,95,118,0
Li09,Li12,72,39,33,0,213,110,103,0
Li10,LT85,55,30,25,0,213,124,89,0
TmY9q⊥,Tm36,84,36,48,0,213,92,121,0
Sm23,Sm23,89,52,37,0,213,122,91,0
C3,R1-6,93,64,29,0,213,141,72,0
Pm05,LMa3,43,28,15,0,213,134,79,0
DmDRA2,MTe01b,21,12,9,0,213,111,102,0
Sm30,T2,93,48,45,0,213,110,103,0
TmY15,Tm1,98,55,43,0,213,120,93,0
Sm12,aMe9,77,41,36,0,213,118,95,0
TmY15,LPi05,81,63,18,0,213,168,45,0
T2a,Li16,80,44,36,0,213,130,83,0
TmY31,LTe38a,69,39,30,0,213,117,96,0
Sm17,Sm30,46,22,24,0,213,129,84,0
LC11,LT74,77,32,45,0,213,78,135,0
LC11,Li05,80,47,33,0,213,126,87,0
cL01,LT52,40,17,23,0,213,94,119,0
LLPC1,H1,56,38,18,0,213,143,70,0
LC15,Tm35,75,43,32,0,213,123,90,0
MeTu1,Sm12,86,42,44,0,213,106,107,0
LC14a1,LC43,37,16,21,0,213,113,100,0
MTe01b,cM02a,7,3,4,0,213,88,125,0
LT41,LT66,2,1,1,0,213,122,91,0
MTe43,CB0143,1,1,0,0,213,213,0,0
Tm3,Li17,86,48,38,0,212,116,96,0
T3,LC13,81,34,47,0,212,80,132,0
MLt3,LT11,62,32,30,0,212,117,95,0
Tm16,TmY15,87,48,39,0,212,125,87,0
Tm8b,LC14a1,40,21,19,0,212,102,110,0
Tm36,Li17,78,39,39,0,212,117,95,0
Sm12,MTe09,74,31,43,0,212,95,117,0
LMa4,Pm01,80,45,35,0,212,123,89,0
Lawf1,Lai,70,45,25,0,212,120,92,0
Sm38,MTe19,4,2,2,0,212,101,111,0
LC6,LT51,64,29,35,0,212,92,120,0
LC28a,LT63,41,20,21,0,212,119,93,0
cM08c,s-LNvb,12,8,4,0,212,146,66,0
LT70,Li13,53,24,29,0,212,99,113,0
LT37,LC39,8,4,4,0,212,141,71,0
mALD2,LT53,7,3,4,0,212,92,120,0
OA-ASM1,Pm10,61,31,30,0,212,114,98,0
cL11,cL13,4,1,1,2,212,57,46,109
MTe44,LT53,6,3,3,0,212,99,113,0
Tlp4,LPi08,80,69,11,0,211,184,27,0
Li09,LC40,55,26,29,0,211,88,123,0
Tm3,Y1,85,42,43,0,211,104,107,0
C2,R7,90,60,30,0,211,141,70,0
Dm1,Sm32,80,42,38,0,211,112,99,0
TmY5a,Tm2,97,57,40,0,211,121,90,0
Sm01,Tm36,78,46,32,0,211,127,84,0
Dm14,Dm15,90,41,49,0,211,96,115,0
Pm02,Lawf2,88,57,31,0,211,136,75,0
Mi1,MLt4,35,17,18,0,211,72,139,0
Sm36,Tm5e,91,49,42,0,211,113,98,0
LPi13,LPC1,61,44,17,0,211,156,55,0
LC21,LTe10,51,25,26,0,211,109,102,0
LC14b,Pm14,31,21,10,0,211,158,53,0
LC28a,Li33,47,28,19,0,211,141,70,0
LC29,LT51,50,26,24,0,211,94,117,0
LT38,LLPC1,58,23,35,0,211,84,127,0
CB0592,Tm27,90,41,49,0,211,95,116,0
cL05,cL11,2,1,1,0,211,104,107,0
cMLLP01,LC10b,26,13,13,0,211,103,108,0
Li17,LMa1,70,41,29,0,210,129,81,0
TmY10,LTe51,72,37,35,0,210,106,104,0
Y4,LT82a,71,33,38,0,210,100,110,0
LLPt,LPT52,43,25,18,0,210,135,75,0
T2a,LC12,81,21,60,0,210,45,165,0
Tm34,LT69,34,17,17,0,210,106,104,0
Sm07,Sm07,74,28,46,0,210,76,134,0
Sm08,MeTu1,86,31,55,0,210,70,140,0
MLt2,MTe01a,63,43,20,0,210,141,69,0
Tm8a,LTe19,60,26,34,0,210,84,126,0
LMa3,Mi1,86,59,27,0,210,143,67,0
Li13,LC14a2,47,20,27,0,210,91,119,0
Sm42,MLt6,48,23,25,0,210,109,101,0
Li25,Li19,8,4,4,0,210,96,114,0
Li30,LT57,18,9,9,0,210,122,88,0
LC22,LC14a1,48,27,21,0,210,116,94,0
cL01,LTe65,33,19,14,0,210,146,64,0
aMe12,cM09,20,13,5,2,210,111,88,11
LC20b,LTe03,20,12,8,0,210,161,49,0
LC40,LT51,29,13,16,0,210,90,120,0
CB0592,LLPt,43,21,22,0,210,94,116,0
LTe17,LPLC4,54,27,27,0,210,111,99,0
aMe3,aMe8,4,2,2,0,210,114,96,0
MTe30,Sm40,4,2,2,0,210,92,118,0
L4,L5,88,49,39,0,209,117,92,0
Dm8a,CB0566,85,37,48,0,209,91,118,0
Li08,LT53,55,30,25,0,209,120,89,0
Tm31,Li31,55,23,32,0,209,78,131,0
T4c,LPi05,56,19,37,0,209,69,140,0
T2a,Tm4,85,47,38,0,209,113,96,0
Tm8b,LCe01a,61,35,26,0,209,137,72,0
Pm11,Am1,26,13,13,0,209,124,85,0
Li21,LMt2,59,36,23,0,209,125,84,0
Tm5c,LC6,85,44,41,0,209,109,100,0
LPi02,LPT52,46,29,17,0,209,157,52,0
TmY9q,Mi2,92,55,37,0,209,126,83,0
MLt1,LC13,63,30,33,0,209,97,112,0
TmY31,LTe27,55,30,25,0,209,108,101,0
TmY15,LMt4,79,53,26,0,209,145,64,0
Pm14,LMa5,59,29,30,0,209,124,85,0
Li27,LC10a,78,40,38,0,209,112,97,0
Sm33,Sm07,54,44,10,0,209,168,41,0
Li32,LC40,20,12,8,0,209,101,108,0
LC10e,LT86,37,17,20,0,209,98,111,0
LC35,Li06,64,38,26,0,209,131,78,0
aMe19b,aMe5,31,18,13,0,209,123,86,0
aMe19b,MTe12,6,3,3,0,209,89,120,0
mALC6,cL10,4,2,2,0,209,96,113,0
LT56,LC6,57,28,29,0,209,96,113,0
OA-AL2i1,TmY11,81,37,44,0,209,98,111,0
cL04,LC34,24,13,11,0,209,103,106,0
MTe27,LT53,8,4,4,0,209,111,98,0
T2a,Mi2,95,48,47,0,208,100,108,0
C3,Mi14,94,62,32,0,208,133,75,0
Li08,LC14b,76,42,34,0,208,123,85,0
TmY5a,LC10a,76,40,36,0,208,90,118,0
Tm5c,MeMe_e05,71,38,33,0,208,113,95,0
Sm34,Sm21,67,42,25,0,208,138,70,0
Mi1,Dm1,92,52,40,0,208,124,84,0
Pm12,Mi4,96,46,50,0,208,93,115,0
T4c,LPT31,94,76,18,0,208,170,38,0
Tm37,Li06,89,30,59,0,208,72,136,0
Tm34,Tm5d,79,37,42,0,208,94,114,0
LMa2,MTe13,42,22,20,0,208,94,114,0
Li04,TmY10,81,40,41,0,208,102,106,0
Li11,Tm5a,86,47,39,0,208,119,89,0
Li25,LC16,73,43,30,0,208,120,88,0
Li32,LC28a,42,27,15,0,208,149,59,0
Li30,Li06,69,35,34,0,208,111,97,0
LC11,LC25,86,39,47,0,208,89,119,0
LLPC2,LPi11,78,49,29,0,208,135,73,0
LPTe01,LPi11,39,25,14,0,208,155,53,0
LT42,Tm36,76,38,38,0,208,103,105,0
MTe41,LMa1,36,18,18,0,208,115,93,0
cL20,TmY16,31,18,13,0,208,117,91,0
LTe50,MTe28,4,2,2,0,208,100,108,0
MeMe_e05,TmY10,67,28,39,0,208,80,128,0
aMe22,aMe20,2,1,1,0,208,106,102,0
Sm04,TmY31,76,37,39,0,207,100,107,0
TmY3,Pm03,90,50,40,0,207,115,92,0
Tm8a,PLP051,60,34,26,0,207,110,97,0
Tm3,Tm16,50,10,40,0,207,25,182,0
Tm5c,LC10c,83,42,41,0,207,108,99,0
Sm07,Sm12,80,42,38,0,207,99,108,0
Pm08,Mi2,97,61,36,0,207,128,79,0
Tm5d,LC22,73,38,35,0,207,105,102,0
MLt7,MTe11,46,31,15,0,207,151,56,0
LMa4,LMa2,71,47,24,0,207,135,72,0
Tm34,Li11,73,41,32,0,207,120,87,0
LMa1,LMa2,68,32,36,0,207,91,116,0
L1,Tm1,39,19,20,0,207,81,126,0
Li30,TmY9q,60,27,33,0,207,101,106,0
LPi13,LPT23,6,3,3,0,207,153,54,0
MTe01b,Sm08,80,45,35,0,207,116,91,0
LLPC1,cL18,63,39,24,0,207,134,73,0
LPC1,Am1,74,46,28,0,207,132,75,0
LC14a1,TmY11,57,28,29,0,207,93,114,0
MeLp2,LPC1,50,32,18,0,207,126,81,0
LC28a,LTe65,21,13,8,0,207,134,73,0
cMLLP02,LMa4,30,17,13,0,207,122,85,0
Mi1,Tm5f,88,41,47,0,206,96,110,0
Tlp4,LLPC3,81,57,24,0,206,153,53,0
Y3,LC10e,82,41,41,0,206,105,101,0
TmY9q,Dm3v,95,35,60,0,206,71,135,0
Li02,LTe42b,21,11,10,0,206,108,98,0
TmY31,LC19,67,23,44,0,206,61,145,0
C3,L3,67,38,29,0,206,122,84,0
LLPt,Y12,93,50,43,0,206,111,95,0
Sm03,aMe9,77,43,34,0,206,117,89,0
Sm40,LMa2,27,11,16,0,206,89,117,0
Tlp1,LPi09,78,46,32,0,206,120,86,0
L3,Dm2,66,45,21,0,206,147,59,0
Li33,LMt4,30,18,12,0,206,97,109,0
LC10e,LT52,31,16,15,0,206,81,125,0
LT66,Li21,13,7,6,0,206,146,60,0
aMe9,Tm5d,80,46,34,0,206,115,91,0
LPT31,LPT53,8,4,4,0,206,95,111,0
LT37,Li33,2,1,1,0,206,108,98,0
mALD1,MTe03,29,18,11,0,206,127,79,0
cM01c,MeTu4a,31,14,17,0,206,110,96,0
LT68,MeTu4a,38,18,20,0,206,104,102,0
cL11,Li02,47,25,22,0,206,110,96,0
cL04,LC27,40,21,19,0,206,98,108,0
TmY10,LC10e,82,35,47,0,205,92,113,0
Tm32,TmY5a,82,50,32,0,205,124,81,0
MLt3,MeMe_e07,72,42,30,0,205,124,81,0
Tm5e,LT11,84,45,39,0,205,106,99,0
Tm5e,LT84,56,31,25,0,205,123,82,0
Li10,LTe14,54,25,29,0,205,103,102,0
Li10,Tm5f,83,45,38,0,205,106,99,0
MLt1,CB0592,53,21,32,0,205,74,131,0
Li16,Tm3,95,59,36,0,205,126,79,0
Pm14,Pm10,55,31,24,0,205,128,77,0
LTe66,cL13,11,3,3,5,205,54,56,95
aMe4,Dm6,65,24,41,0,205,80,125,0
LC14b,LMa3,29,19,10,0,205,123,82,0
MeMe_e06,Sm16,37,21,16,0,205,118,87,0
MTe47,Li26,25,13,12,0,205,107,98,0
LT58,Tm20,89,72,17,0,205,167,38,0
cL05,LT51,12,6,6,0,205,112,93,0
T2,Tm2,84,27,57,0,204,64,140,0
T5d,LPT31,78,53,25,0,204,143,61,0
TmY10,Sm07,73,46,27,0,204,129,75,0
Tlp14,LPT23,52,33,19,0,204,137,67,0
Sm12,Sm41,66,32,34,0,204,102,102,0
LMt3,LC20b,47,36,11,0,204,169,35,0
Dm15,Dm17,88,46,42,0,204,107,97,0
Sm02,Mi2,91,50,41,0,204,113,91,0
Sm12,Sm06,57,9,48,0,204,20,184,0
Tlp5,TmY3,83,39,44,0,204,99,105,0
LMt4,LPLC1,65,30,35,0,204,85,119,0
T4d,LPT29,80,55,25,0,204,146,58,0
Sm26,MTe01b,42,17,25,0,204,78,126,0
LLPC3,LPT27,49,23,26,0,204,78,126,0
LC20a,LTe38a,34,22,12,0,204,115,89,0
cL20,Tm7,39,18,21,0,204,112,92,0
LT37,LC35,8,4,4,0,204,147,57,0
MTe42,LTe20,2,1,1,0,204,98,106,0
LT83,AVLP151,2,1,1,0,204,107,97,0
cM01c,MeMe_e04,4,2,2,0,204,107,97,0
aMe17a2,Tm8b,58,29,29,0,204,107,97,0
cM12,MeTu4c,39,22,17,0,204,113,91,0
cM05,Tm1,72,25,47,0,204,82,122,0
cL04,aMe20,4,2,2,0,204,100,104,0
TmY31,TmY31,57,16,41,0,203,39,164,0
Tm3,Tm25,83,36,47,0,203,80,123,0
Sm01,Sm31,66,36,30,0,203,105,98,0
Tm5a,Sm19,82,44,38,0,203,108,95,0
TmY20,LT72,61,22,39,0,203,74,129,0
Y4,LC17,85,41,44,0,203,97,106,0
Y12,HSE,63,33,30,0,203,114,89,0
T5c,Tlp1,74,33,41,0,203,80,123,0
Tm8b,Pm10,76,35,41,0,203,95,108,0
TmY5a,LTe45,67,27,40,0,203,86,117,0
Sm12,Pm13,61,34,27,0,203,116,87,0
Tlp4,LMa3,58,30,28,0,203,105,98,0
Pm09,Pm07,79,31,48,0,203,84,119,0
Li15,LT66,31,16,15,0,203,106,97,0
Sm42,Sm11,8,4,4,0,203,84,119,0
MeMe_e01,Tm34,60,31,29,0,203,107,96,0
LC21,LC31b,59,32,27,0,203,114,89,0
LLPC1,LC31a,66,38,28,0,203,121,82,0
LC14b,LPi07,28,14,14,0,203,111,92,0
LC11,Tm34,71,39,32,0,203,117,86,0
TmY3,LMt4,84,44,40,0,202,114,88,0
Tm1,LMa2,48,14,34,0,202,36,166,0
TmY11,Li20,80,47,33,0,202,118,84,0
Tm32,Li13,72,34,38,0,202,97,105,0
Li07,LTe12,15,7,8,0,202,94,108,0
Tm1,Pm07,63,23,40,0,202,83,119,0
Dm8b,MTe19,46,20,26,0,202,92,110,0
MLt3,CB0592,59,35,24,0,202,128,74,0
TmY14,Tm4,85,43,42,0,202,98,104,0
Tm21,LC31c,83,47,36,0,202,113,89,0
Y4,Tm27,88,40,48,0,202,91,111,0
Sm02,Tm7,80,40,40,0,202,109,93,0
Pm10,Tm34,58,30,28,0,202,105,97,0
Y11,Nod1,62,39,23,0,202,131,71,0
Li33,LC13,60,28,32,0,202,91,111,0
MeMe_e08,TmY5a,86,46,40,0,202,106,96,0
MTe47,Pm07,43,21,22,0,202,119,83,0
LT61b,LT74,5,2,3,0,202,74,128,0
cL05,Li27,4,2,2,0,202,102,100,0
T3,LC9,79,42,37,0,201,117,84,0
Tm9,Mi4,86,39,47,0,201,86,115,0
Tm3,Tm21,84,33,51,0,201,73,128,0
TmY9q⊥,LMa4,73,43,30,0,201,125,76,0
Pm05,Tm37,74,33,41,0,201,79,122,0
Sm40,Dm8a,40,30,10,0,201,175,26,0
Pm09,Pm09,81,45,36,0,201,107,94,0
Tm16,Li29,72,25,47,0,201,69,132,0
Tm2,Pm01,61,27,34,0,201,89,112,0
Li10,LTe38a,65,26,39,0,201,73,128,0
Y12,LPi13,65,38,27,0,201,121,80,0
LMt1,LC31a,59,39,20,0,201,132,69,0
cLPL01,Tlp1,26,13,13,0,201,91,110,0
LTe15,LC20b,19,10,9,0,201,116,85,0
LC13,Li12,71,39,32,0,201,112,89,0
cM18,5-HTPMPV03,4,2,2,0,201,114,87,0
MeMe_e09,MeTu3b,38,20,18,0,201,111,90,0
aMe17a2,MLt2,49,28,21,0,201,117,84,0
cM13,MeTu4c,27,16,11,0,201,112,89,0
cM14,Sm04,71,41,30,0,201,118,83,0
cL05,LLPt,31,15,16,0,201,119,82,0
LT41,LC20b,20,11,9,0,201,137,64,0
LT41,LT56,2,1,1,0,201,90,111,0
Dm8a,TmY5a,86,43,43,0,200,102,98,0
TmY4,LPC1,83,54,29,0,200,135,65,0
Pm05,Tm2,85,41,44,0,200,98,102,0
Tm25,aMe5,77,43,34,0,200,102,98,0
Tm5d,LPLC4,74,36,38,0,200,90,110,0
Tlp5,LMt3,67,35,32,0,200,110,90,0
Sm31,MTe35,22,11,11,0,200,111,89,0
LPi09,LPi04,67,41,26,0,200,114,86,0
Sm42,Tm31,58,33,25,0,200,118,82,0
LC10d,LPLC4,74,39,35,0,200,106,94,0
LC14a2,TmY31,57,33,24,0,200,115,85,0
LTe03,LTe65,12,7,5,0,200,142,58,0
cM08c,l-LNv,14,7,7,0,200,59,141,0
MTe25,Tm5d,67,39,28,0,200,119,81,0
MTe04,cM03,45,29,16,0,200,138,62,0
cM15,TmY9q,67,28,39,0,200,90,110,0
Y3,Pm10,85,45,40,0,199,99,100,0
T5d,LPi09,78,28,50,0,199,62,137,0
LMt2,LC13,82,51,31,0,199,129,70,0
Tlp14,LPT45_dCal1,16,11,5,0,199,165,34,0
Dm2,Dm4,85,40,45,0,199,90,109,0
Tm3,C2,79,43,36,0,199,108,91,0
Tm21,LC10a,84,43,41,0,199,101,98,0
TmY3,LPT31,72,50,22,0,199,144,55,0
Tm4,Li17,86,41,45,0,199,97,102,0
TmY16,Pm08,85,52,33,0,199,126,73,0
Tm16,LT59,47,24,23,0,199,103,96,0
Sm14,MeTu1,74,35,39,0,199,93,106,0
Sm11,Pm05,37,19,18,0,199,109,90,0
Li30,Li07,18,10,8,0,199,121,78,0
LC6,LC9,81,39,42,0,199,101,98,0
LC14a2,Li17,21,13,8,0,199,132,67,0
LT70,LT51,13,6,7,0,199,100,99,0
aMe17a1,Sm19,38,17,21,0,199,79,120,0
LLPC2,PLP035,25,25,0,0,199,199,0,0
Sm02,Tm25,82,48,34,0,198,116,82,0
T3,LC18,72,35,37,0,198,98,100,0
T2,Tm4,82,36,46,0,198,87,111,0
Dm2,Tm31,75,33,42,0,198,90,108,0
Li02,LTe47,36,21,15,0,198,114,84,0
Tm5e,LTe22,63,25,38,0,198,84,114,0
Tm8b,LTe46,28,13,15,0,198,83,115,0
MLt2,Li01,75,36,39,0,198,97,101,0
Tm5d,MTe01b,80,52,28,0,198,126,72,0
TmY31,LTe19,58,30,28,0,198,104,94,0
LPi07,Tlp5,68,50,18,0,198,149,49,0
LPi14,LPi02,68,40,28,0,198,112,86,0
LPi10,T4c,88,58,30,0,198,132,66,0
MeTu3c,aMe19b,61,31,30,0,198,106,92,0
aMe8,DNp27,4,2,2,0,198,21,177,0
DN1a,LNda,4,2,2,0,198,114,84,0
MeMe_e06,LTe50,4,2,2,0,198,122,76,0
LC24,Tm20,79,55,24,0,198,140,58,0
CB0230,cLP02,21,0,14,7,198,0,149,49
VCH,LPLC1,57,29,28,0,198,101,97,0
cM14,MTe09,10,4,6,0,198,83,115,0
PLP032,LT38,8,2,2,4,198,49,44,105
DCH,LPi14,4,2,2,0,198,132,66,0
cL09,LC17,32,17,15,0,198,113,85,0
cMLLP01,Pm13,3,1,2,0,198,94,104,0
Tm35,LC26,72,31,41,0,197,94,103,0
Tlp1,TmY4,86,53,33,0,197,123,74,0
Sm06,MTe51,65,30,35,0,197,85,112,0
Sm07,MTe13,61,39,22,0,197,118,79,0
LMa1,LT60,16,7,9,0,197,80,117,0
Li31,LC20b,31,18,13,0,197,134,63,0
Li25,LT1a,4,2,2,0,197,103,94,0
Li29,LC9,64,32,32,0,197,96,101,0
MTe02,MTe49,32,16,16,0,197,97,100,0
LC14b,Tm3,58,42,16,0,197,151,46,0
MTe06,Sm39,17,8,9,0,197,115,82,0
LPT23,LPT21,5,3,2,0,197,105,92,0
LT37,LT76,2,1,1,0,197,94,103,0
cL18,LC10a,61,23,38,0,197,68,129,0
mALC5,Sm41,2,1,1,0,197,77,120,0
T3,LT66,83,40,43,0,196,99,97,0
Tm35,LTe16,57,26,31,0,196,94,102,0
Tm8a,Tm5c,80,31,49,0,196,75,121,0
Tm5f,Tm3,84,48,36,0,196,115,81,0
Mi10,Tm33,67,42,25,0,196,122,74,0
TmY9q⊥,Pm07,71,37,34,0,196,108,88,0
MLt5,LTe37,52,30,22,0,196,121,75,0
Tm3,Pm02,67,18,49,0,196,48,148,0
Tm7,LTe42a,54,24,30,0,196,87,109,0
T4c,LLPC3,57,20,37,0,196,67,129,0
Sm13,MTe33,36,19,17,0,196,105,91,0
Pm03,CB0592,74,39,35,0,196,100,96,0
Mi4,L3,72,30,42,0,196,72,124,0
Mi15,MeTu3a,80,53,27,0,196,133,63,0
Li22,Li26,50,27,23,0,196,87,109,0
LPi13,LPC2,51,36,15,0,196,146,50,0
MeTu4a,LT68,46,20,26,0,196,95,101,0
LT52,LT86,18,9,9,0,196,81,115,0
MeLp1,LPT28,4,2,2,0,196,125,71,0
cM09,Sm39,5,3,2,0,196,113,83,0
LC36,DNp31,14,9,0,5,196,153,0,43
cM08a,MeTu2b,50,23,27,0,196,108,88,0
LT38,LMa1,30,16,14,0,196,91,105,0
cL17,Li33,4,2,2,0,196,68,128,0
OA-AL2i2,Li20,12,6,6,0,196,113,83,0
PLP231,PLP231,11,2,2,7,196,80,54,62
mALC5,Li24,5,4,1,0,196,171,25,0
LT1b,LT83,2,1,1,0,196,81,115,0
VCH,LPi14,4,2,2,0,196,83,113,0
LT36,LC24,40,12,28,0,196,41,155,0
Mi9,L3,78,36,42,0,195,89,106,0
Dm15,Dm20,82,49,33,0,195,120,75,0
Li13,Tm32,69,36,33,0,195,96,99,0
TmY10,LTe06,52,26,26,0,195,103,92,0
TmY10,LTe33,71,31,40,0,195,82,113,0
Tm32,Tm36,74,35,39,0,195,97,98,0
Li06,LPLC1,78,34,44,0,195,79,116,0
Y3,Y3,81,33,48,0,195,81,114,0
TmY10,Dm17,78,30,48,0,195,78,117,0
Pm03,TmY3,91,44,47,0,195,92,103,0
L2,Lai,65,48,17,0,195,104,91,0
Sm01,MeTu1,76,38,38,0,195,99,96,0
Tm20,LTe30,70,32,38,0,195,87,108,0
TmY31,LCe06,53,33,20,0,195,119,76,0
TmY5a,LPT31,79,61,18,0,195,152,43,0
Sm07,MeMe_e02,74,38,36,0,195,95,100,0
MLt1,MTe44,36,16,20,0,195,86,109,0
Y3,LMa4,53,21,32,0,195,60,135,0
LPi15,VS5,2,1,1,0,195,136,59,0
Li33,LC14a1,26,13,13,0,195,86,109,0
LC28a,LTe24,31,17,14,0,195,126,69,0
LC22,cL15,24,4,10,10,195,23,95,77
LC25,LTe12,20,10,10,0,195,119,76,0
LMTe01,aMe4,23,10,13,0,195,104,91,0
LT57,Li01,76,40,36,0,195,101,94,0
TmY31,LC14a1,49,26,23,0,194,112,82,0
T3,TmY9q,77,35,42,0,194,89,105,0
T4a,Y3,87,44,43,0,194,100,94,0
Tm8a,LC14a2,58,29,29,0,194,91,103,0
Y3,LC4,73,25,48,0,194,67,127,0
Tm7,LLPt,77,36,41,0,194,94,100,0
TmY5a,cL16,87,45,42,0,194,101,93,0
Tm7,LCe01b,72,25,47,0,194,68,126,0
LLPt,LT51,54,25,29,0,194,90,104,0
TmY9q⊥,LC27,68,25,43,0,194,74,120,0
TmY31,Sm36,78,49,29,0,194,121,73,0
Sm08,Sm07,75,28,47,0,194,60,134,0
LMa3,T3,78,44,34,0,194,112,82,0
Am1,MTe52,32,16,16,0,194,112,82,0
LPLC1,LMa5,76,45,31,0,194,118,76,0
MTe51,5-HTPMPV01,26,4,22,0,194,26,168,0
aMe10,aMe19a,6,0,0,6,194,0,0,194
Nod1,LPT53,4,0,0,4,194,0,0,194
LPT21,TmY20,55,36,19,0,194,133,61,0
Tm25,TmY9q,74,33,41,0,193,88,105,0
LPi04,TmY16,68,36,32,0,193,101,92,0
Tm16,Tm36,73,38,35,0,193,94,99,0
Li05,LC20b,71,40,31,0,193,119,74,0
L4,Mi1,51,22,29,0,193,55,138,0
Tm34,LT57,61,35,26,0,193,114,79,0
MTe06,Sm34,46,29,17,0,193,130,63,0
cM02b,MeTu4c,35,18,17,0,193,89,104,0
MTe12,MTe33,6,3,3,0,193,86,107,0
LT1a,AVLP151,2,1,1,0,193,93,100,0
LT1b,T2a,88,29,59,0,193,62,131,0
Y3,Pm14,79,38,41,0,192,90,102,0
Tm21,Li05,66,1,65,0,192,2,190,0
Mi13,Dm19,88,45,43,0,192,102,90,0
Dm11,Dm8a,76,33,43,0,192,83,109,0
Tm5e,LTe20,72,30,42,0,192,75,117,0
MLt5,Li10,65,41,24,0,192,125,67,0
Sm02,MTe38,70,34,36,0,192,96,96,0
Sm06,Sm06,49,7,42,0,192,16,176,0
LLPt,LC10e,68,28,40,0,192,75,117,0
Tm5f,LT74,77,19,58,0,192,53,139,0
Dm2,aMe26,82,42,40,0,192,100,92,0
LMa2,Pm03,74,42,32,0,192,102,90,0
Li16,LC31b,39,21,18,0,192,112,80,0
Y11,LPi04,80,68,12,0,192,164,28,0
R1-6,L5,62,1,61,0,192,2,190,0
Li26,mALC4,8,4,4,0,192,115,77,0
Sm14,MLt7,49,16,33,0,192,61,131,0
LPi09,Tlp4,76,43,33,0,192,96,96,0
LPi14,LPi13,4,2,2,0,192,153,39,0
Sm35,Tm5a,82,40,42,0,192,97,95,0
LC16,LT82a,65,27,38,0,192,86,106,0
MeTu4c,LT68,33,16,17,0,192,101,91,0
LT52,LTe42a,15,7,8,0,192,88,104,0
LPT23,LPLC2,75,51,24,0,192,133,59,0
LPT23,LPi05,57,43,14,0,192,144,48,0
LT65,LC19,13,7,6,0,192,118,74,0
cL11,LC10a,52,23,29,0,192,82,110,0
Dm3p,TmY10,86,49,37,0,191,113,78,0
TmY5a,LPi14,85,61,24,0,191,137,54,0
Mi9,C2,65,36,29,0,191,105,86,0
LMt2,TmY5a,86,47,39,0,191,103,88,0
Tm21,LMa2,86,41,45,0,191,93,98,0
Y4,Pm14,69,36,33,0,191,104,87,0
Sm15,aMe17a2,58,35,23,0,191,110,81,0
Sm03,Pm13,63,36,27,0,191,114,77,0
Tm25,LC17,82,36,46,0,191,82,109,0
Li12,LT43,35,18,17,0,191,105,86,0
LMt3,LLPC1,70,40,30,0,191,110,81,0
Tlp4,Tlp14,73,48,25,0,191,118,73,0
TmY16,T4a,81,49,32,0,191,115,76,0
TmY5a,Pm01,88,47,41,0,191,98,93,0
Li09,LC20b,59,28,31,0,191,99,92,0
Mi1,LMa1,40,21,19,0,191,99,92,0
Li24,LC13,68,41,27,0,191,122,69,0
LC14b,Sm42,24,13,11,0,191,130,61,0
MTe05,cM08b,30,16,14,0,191,123,68,0
LC14a2,LC39,22,9,13,0,191,101,90,0
cMLLP02,Tlp4,35,30,5,0,191,181,10,0
LT40,LLPC1,55,31,24,0,191,119,72,0
MTe37,Sm14,26,14,12,0,191,104,87,0
LTe32,LT52,26,14,12,0,191,77,114,0
cM05,MLt4,52,26,26,0,191,94,97,0
aMe19a,aMe17a2,2,1,1,0,191,95,96,0
Tm8a,TmY5a,81,39,42,0,190,89,101,0
TmY10,LTe30,53,24,29,0,190,93,97,0
Tm32,Li05,71,38,33,0,190,97,93,0
Tm4,Li14,82,44,38,0,190,100,90,0
Mi10,OA-AL2i3,77,42,35,0,190,99,91,0
TmY11,Li18,79,43,36,0,190,103,87,0
Li06,LMt3,71,36,35,0,190,102,88,0
TmY11,LPT31,62,37,25,0,190,122,68,0
TmY5a,TmY16,78,36,42,0,190,88,102,0
Sm07,MTe28,64,35,29,0,190,103,87,0
Sm01,T2a,79,38,41,0,190,90,100,0
TmY11,Tm5f,75,37,38,0,190,91,99,0
Y4,LT74,73,25,48,0,190,64,126,0
T3,LC14a1,61,31,30,0,190,101,89,0
Sm31,Tm36,77,35,42,0,190,84,106,0
Y1,LMa2,71,42,29,0,190,124,66,0
Mi4,Pm09,77,38,39,0,190,86,104,0
Y3,LPT45_dCal1,55,36,19,0,190,133,57,0
Li27,LC6,63,32,31,0,190,92,98,0
LPi12,LPT52,2,1,1,0,190,142,48,0
Li29,Li06,67,30,37,0,190,92,98,0
LC11,Li24,64,32,32,0,190,97,93,0
LC11,LC29,59,33,26,0,190,109,81,0
LC14b,LC10d,35,19,16,0,190,96,94,0
LC11,LT82a,63,37,26,0,190,128,62,0
MTe01a,MLt7,62,40,22,0,190,123,67,0
MeTu3a,MeMe_e10,45,25,20,0,190,121,69,0
MTe41,LMt3,21,12,9,0,190,108,82,0
aMe8,cM08c,11,5,6,0,190,66,124,0
aMe26,cM03,19,9,9,1,190,87,97,6
LPT23,TmY20,75,53,22,0,190,135,55,0
LPT23,LPi14,12,6,6,0,190,115,75,0
mALC5,LC24,27,11,16,0,190,78,112,0
cL04,LC37a,21,10,11,0,190,90,100,0
Tm35,MeTu4c,73,32,41,0,189,79,110,0
Dm2,MTe12,76,26,50,0,189,64,125,0
Sm18,MeTu3b,70,32,38,0,189,89,100,0
Tm7,LTe55,52,27,25,0,189,105,84,0
Tm2,LMt1,74,35,39,0,189,89,100,0
TmY4,Mi13,68,34,34,0,189,90,99,0
Sm20,MTe07,67,26,41,0,189,76,113,0
TmY5a,LT64,69,42,27,0,189,119,70,0
Pm04,Pm08,74,40,34,0,189,102,87,0
Pm05,Mi13,40,14,26,0,189,82,107,0
Sm02,Tm36,64,32,32,0,189,75,114,0
Sm15,Sm03,57,32,25,0,189,105,84,0
LPi10,Tm27,79,58,21,0,189,142,47,0
Li33,LTe05,2,1,1,0,189,104,85,0
MeTu4c,LC37a,54,26,28,0,189,89,100,0
LC14a1,Li18,50,27,23,0,189,94,95,0
LPT51,PLP177,2,1,1,0,189,99,90,0
LC14a2,LT64,16,8,8,0,189,103,86,0
LC36,LT51,39,21,18,0,189,94,95,0
MTe12,MLt6,55,30,25,0,189,109,80,0
LT53,LC10b,48,27,21,0,189,106,83,0
LT58,LC17,67,48,19,0,189,142,47,0
cLLPM02,C3,57,33,24,0,189,105,84,0
MTe27,LTe20,2,1,1,0,189,88,101,0
Tm5f,LT73,69,34,35,0,188,96,92,0
TmY9q⊥,LC16,76,31,45,0,188,67,121,0
Tm5e,Tm7,80,42,38,0,188,102,86,0
Sm01,MTe01a,62,42,20,0,188,126,62,0
Li03,LT73,31,16,15,0,188,96,92,0
Tm1,Mi14,46,31,15,0,188,151,37,0
TmY20,LTe76,43,18,25,0,188,76,112,0
Sm17,Sm03,66,39,27,0,188,112,76,0
Sm27,Tm35,65,30,35,0,188,82,106,0
Li28,LTe26,4,2,2,0,188,101,87,0
Sm37,Sm08,65,32,33,0,188,96,92,0
MeMe_e08,Pm10,77,44,33,0,188,102,86,0
DN1a,cM08b,8,4,4,0,188,113,75,0
LC35,LC10d,71,39,32,0,188,110,78,0
OA-AL2i2,LMa4,49,24,25,0,188,94,94,0
Nod3,PLP035,2,1,0,1,188,110,0,78
mALC3,TmY15,52,27,25,0,188,84,104,0
cM14,MLt6,40,22,18,0,188,101,87,0
cL04,LAL047,4,2,2,0,188,99,89,0
LT41,LPLC4,26,13,13,0,188,79,109,0
TmY5a,Li33,56,12,44,0,187,30,157,0
Tm3,Pm07,72,30,42,0,187,84,103,0
Mi9,MTe04,72,42,30,0,187,110,77,0
Li08,cLLP02,44,19,25,0,187,78,109,0
Tm4,Li15,77,39,38,0,187,97,90,0
Tm8a,MTe32,69,36,33,0,187,93,94,0
Mi15,Sm26,75,32,43,0,187,75,112,0
MLt6,LT51,50,24,26,0,187,78,109,0
TmY9q⊥,Li16,64,41,23,0,187,133,54,0
T2a,Tm5e,84,36,48,0,187,81,106,0
Y11,T3,79,41,38,0,187,96,91,0
Y3,LT59,44,20,24,0,187,75,112,0
LLPt,Li29,44,25,19,0,187,97,90,0
Li11,LTe36,28,15,13,0,187,102,85,0
Tlp14,LPi11,72,53,19,0,187,134,53,0
Tm21,T2a,78,41,37,0,187,103,84,0
Dm16,Tm3,84,47,37,0,187,108,79,0
Tm34,Li31,51,26,25,0,187,85,102,0
LLPt,LPT54,42,21,21,0,187,97,90,0
Pm09,TmY14,64,33,31,0,187,108,79,0
Li09,LT79,42,24,18,0,187,96,91,0
Sm12,TmY15,63,34,29,0,187,104,83,0
LPi13,LPT50,4,2,2,0,187,144,43,0
cL22a,LTe65,6,3,3,0,187,93,94,0
MTe54,Tm33,58,39,19,0,187,140,47,0
LC22,LT52,69,37,32,0,187,99,88,0
MeTu3b,Sm21,67,36,31,0,187,99,88,0
LT57,Li13,67,34,33,0,187,97,90,0
MeLp2,LPT49,2,1,1,0,187,141,46,0
MTe04,Mi15,78,44,34,0,187,105,82,0
MTe04,MTe01a,48,32,16,0,187,130,57,0
LT1a,LC11,64,30,34,0,187,84,103,0
OA-AL2i4,MeTu1,73,34,39,0,187,83,104,0
aMe3,LMTe01,4,2,2,0,187,108,79,0
Tm5f,LC10c,79,41,38,0,186,94,92,0
TmY9q,LTe28,40,17,23,0,186,87,99,0
Tm36,MTe18,63,35,28,0,186,107,79,0
Sm02,Sm12,73,33,40,0,186,86,100,0
LPi11,LLPC3,60,48,12,0,186,152,34,0
Mi10,Sm01,78,41,37,0,186,104,82,0
Li05,Li02,79,49,30,0,186,115,71,0
Tm5e,TmY9q,76,42,34,0,186,106,80,0
Tm8a,LTe01,58,28,30,0,186,82,104,0
Sm29,Sm38,19,10,9,0,186,118,68,0
LPi15,LPT23,6,3,3,0,186,111,75,0
Li32,Li29,2,1,1,0,186,87,99,0
Li30,LT52,31,16,15,0,186,115,71,0
MeTu4c,Tm8b,51,24,27,0,186,85,101,0
LPLC1,LLPC2,65,39,26,0,186,117,69,0
MTe06,aMe13,23,7,5,11,186,56,46,84
LPLC4,Li24,45,22,23,0,186,91,95,0
LC22,LTe18,25,12,13,0,186,111,75,0
LT70,LTe18,8,4,4,0,186,98,88,0
cM02b,MTe01a,16,11,5,0,186,124,62,0
cL02b,LC20b,28,16,12,0,186,107,79,0
MeMe_e10,Pm13,6,2,4,0,186,103,83,0
mALC4,LT1d,2,1,1,0,186,86,100,0
LT36,Li33,2,1,1,0,186,74,112,0
Li17,Li06,81,36,45,0,185,85,100,0
Mi9,TmY14,66,33,33,0,185,95,90,0
Tm5c,MTe19,58,21,37,0,185,68,117,0
LMt2,LLPt,60,30,30,0,185,93,92,0
TmY9q,Tm35,72,34,38,0,185,84,101,0
Sm02,Sm41,75,46,29,0,185,104,81,0
TmY4,TmY14,70,42,28,0,185,104,81,0
Y3,LCe01a,71,36,35,0,185,95,90,0
Tm5e,LTe49a,64,37,27,0,185,109,76,0
Li11,LTe26,44,21,23,0,185,93,92,0
Tm3,LTe52,59,31,28,0,185,102,83,0
Mi4,MTe44,76,41,35,0,185,103,82,0
Sm40,aMe5,50,27,23,0,185,113,72,0
Sm40,MeMe_e05,4,2,2,0,185,93,92,0
Tm20,Tm5e,59,27,32,0,185,60,125,0
Tm3,Li19,75,30,45,0,185,77,108,0
Dm19,MTe43,23,10,13,0,185,113,72,0
Tm20,LT58,75,57,18,0,185,144,41,0
DmDRA1,Sm10,72,45,27,0,185,118,67,0
TmY10,cM10,67,53,14,0,185,150,35,0
Li10,LT84,32,18,14,0,185,94,91,0
Li33,TmY4,76,32,44,0,185,78,107,0
Li33,LT51,21,10,11,0,185,85,100,0
LC10d,LT76,43,23,20,0,185,90,95,0
LT52,LMa1,41,21,20,0,185,97,88,0
aMe1,aMe6a,4,2,2,0,185,145,40,0
cL01,cL11,16,5,6,5,185,82,64,39
PLP032,cLP03,18,6,6,6,185,53,49,83
cL11,Li10,8,4,4,0,185,74,111,0
cML01,LC15,53,24,29,0,185,89,96,0
Dm2,MTe10,68,37,31,0,184,100,84,0
Tm4,LTe11,59,32,27,0,184,101,83,0
Li06,LMa5,68,40,28,0,184,104,80,0
TmY9q,LT51,63,24,39,0,184,77,107,0
Tm16,LC33a,60,28,32,0,184,82,102,0
Li02,LC39,39,23,16,0,184,115,69,0
TmY9q⊥,LC24,63,18,45,0,184,40,144,0
T2a,Tm27,82,49,33,0,184,111,73,0
Tm5c,MTe09,61,19,42,0,184,47,137,0
Pm07,LPT54,31,15,16,0,184,96,88,0
Li02,Tm5f,76,41,35,0,184,105,79,0
Li05,Li30,47,27,20,0,184,139,45,0
Tm16,aMe20,60,25,35,0,184,90,94,0
Pm04,Y4,72,42,30,0,184,111,73,0
LMa2,Tm33,72,37,35,0,184,96,88,0
Li04,cM09,45,27,18,0,184,89,95,0
LMa3,Li20,41,21,20,0,184,89,95,0
T5c,LPLC4,75,44,31,0,184,100,84,0
Tm8a,MeTu4c,64,36,28,0,184,104,80,0
Li28,LC16,61,34,27,0,184,100,84,0
Li33,MLt6,51,29,22,0,184,96,88,0
Li30,LC37a,13,7,6,0,184,107,77,0
LT52,LTe24,19,10,9,0,184,100,84,0
LCe01b,Li06,62,38,24,0,184,118,66,0
MeTu1,Sm08,80,39,41,0,184,92,92,0
LPLC4,cL22b,28,13,8,7,184,87,45,52
aMe12,s-LNva,8,5,1,2,184,164,10,10
aMe12,LNda,13,5,4,4,184,99,56,29
LT83,Li10,46,28,18,0,184,110,74,0
MeMe_e07,Mi2,81,47,34,0,184,108,76,0
mALD2,OA-AL2b1,4,2,2,0,184,88,96,0
aMe19b,Sm16,30,14,16,0,184,94,90,0
LTe37,5-HTPMPV01,7,2,2,3,184,40,96,48
OA-AL2i1,LPi05,40,32,8,0,184,153,31,0
TmY20,Y12,77,43,34,0,183,102,81,0
TmY10,Y11,79,43,36,0,183,100,83,0
Tm21,LC31b,81,48,33,0,183,106,77,0
Tm7,OA-ASM1,81,41,40,0,183,90,93,0
Tlp1,Tlp4,65,34,31,0,183,93,90,0
TmY16,LC20b,64,44,20,0,183,129,54,0
Tm7,LC10e,68,26,42,0,183,69,114,0
Dm3q,T2a,85,46,39,0,183,99,84,0
Pm08,MTe08,70,40,30,0,183,106,77,0
TmY15,LMa4,76,40,36,0,183,96,87,0
Li16,LC15,66,44,22,0,183,114,69,0
Sm25,MeTu2a,59,40,19,0,183,130,53,0
LPi14,T4a,85,43,42,0,183,90,93,0
LPi14,LPi04,44,29,15,0,183,118,65,0
TmY9q,LC41,60,26,34,0,183,84,99,0
LMa2,LTe18,15,9,6,0,183,86,97,0
Li08,LTe42c,24,15,9,0,183,122,61,0
Li33,LC31a,23,13,10,0,183,105,78,0
Li32,Tm5a,70,34,36,0,183,88,95,0
MeTu1,MTe19,48,20,28,0,183,69,114,0
LLPC3,Tm5e,71,34,37,0,183,87,96,0
LCe01b,Tm5b,78,49,29,0,183,118,65,0
cLP03,T5b,75,41,34,0,183,100,83,0
LPC1,vCal1,20,10,10,0,183,81,102,0
LPT30,LPT21,2,1,1,0,183,100,83,0
LPT50,LPT28,2,1,1,0,183,146,37,0
LT1c,Tm21,79,6,73,0,183,13,170,0
LTe20,LMa5,35,19,16,0,183,98,85,0
OA-AL2i2,mALC4,4,2,2,0,183,101,82,0
cM13,MTe01a,19,15,4,0,183,140,43,0
H2,LPi02,51,34,17,0,183,132,51,0
cL04,MLt5,48,28,20,0,183,112,71,0
LT58,LC28a,32,22,10,0,183,128,55,0
cL05,LC40,26,13,13,0,183,92,91,0
TmY5a,LC16,54,15,39,0,182,45,137,0
Mi1,Dm18,75,41,34,0,182,103,79,0
Tm20,Li05,74,43,31,0,182,106,76,0
T2,Li16,84,37,47,0,182,81,101,0
Mi1,Pm11,56,26,30,0,182,94,88,0
Y11,CB0592,54,32,22,0,182,108,74,0
Li10,LTe31,49,26,23,0,182,99,83,0
TmY20,LTe14,61,31,30,0,182,95,87,0
Tm7,LPLC1,54,26,28,0,182,85,97,0
Tm31,Dm8a,72,44,28,0,182,113,69,0
Li10,Li32,64,38,26,0,182,115,67,0
Sm26,Sm17,32,16,16,0,182,98,84,0
Li28,LC15,68,34,34,0,182,84,98,0
Am1,H2,2,1,1,0,182,108,74,0
Li29,Li05,63,33,30,0,182,96,86,0
LC25,LPLC1,69,32,37,0,182,78,104,0
LC39,Li10,51,25,26,0,182,100,82,0
cLP05,TmY5a,74,52,22,0,182,128,54,0
CB0472,LC46,11,5,6,0,182,81,101,0
cML01,MTe54,35,18,17,0,182,110,72,0
TmY31,LTe03,55,33,22,0,181,106,75,0
Mi9,Mi9,49,18,31,0,181,90,91,0
TmY9q,TmY31,66,28,38,0,181,77,104,0
TmY4,cLLP02,73,30,43,0,181,75,106,0
TmY5a,LCe05,70,36,34,0,181,100,81,0
Mi10,MeMe_e06,67,30,37,0,181,82,99,0
TmY5a,MTe53,62,31,31,0,181,90,91,0
T3,TmY15,67,37,30,0,181,93,88,0
TmY31,LTe32,53,25,28,0,181,85,96,0
Li01,Li32,58,27,31,0,181,69,112,0
Li24,LT60,6,3,3,0,181,121,60,0
Sm42,Sm09,63,33,30,0,181,96,85,0
Li33,Tm37,67,29,38,0,181,73,108,0
LC11,cL07,25,0,25,0,181,0,181,0
MeTu1,MTe02,65,35,30,0,181,103,78,0
LC14a2,LTe42b,8,4,4,0,181,75,106,0
LPC2,TmY16,64,43,21,0,181,116,65,0
H1,Y12,55,27,28,0,181,97,84,0
LPLC4,LT42,26,13,13,0,181,95,86,0
cL18,LC4,59,38,21,0,181,112,69,0
MeMe_e07,Tm27,81,33,48,0,181,73,108,0
LTe18,LT37,4,1,1,2,181,70,26,85
CB0592,LMa5,51,34,17,0,181,126,55,0
LPT57,LPi06,27,17,10,0,181,127,54,0
Dm8a,R7,42,12,30,0,180,74,106,0
TmY5a,LC15,75,30,45,0,180,77,103,0
Sm16,Sm37,27,16,11,0,180,102,78,0
TmY5a,LC36,69,32,37,0,180,84,96,0
Sm03,MTe01a,64,36,28,0,180,96,84,0
Tm35,MTe03,52,27,25,0,180,79,101,0
Li10,LTe74,39,20,19,0,180,93,87,0
TmY11,LC10b,66,37,29,0,180,100,80,0
Sm09,Sm40,68,35,33,0,180,90,90,0
Mi10,Dm2,77,45,32,0,180,104,76,0
Y1,T5d,80,39,41,0,180,85,95,0
Pm10,LMt1,68,36,32,0,180,96,84,0
MLt1,LMa5,60,38,22,0,180,123,57,0
Pm13,MTe54,50,21,29,0,180,83,97,0
MeTu3b,TmY10,73,33,40,0,180,84,96,0
LC11,LMa5,71,44,27,0,180,117,63,0
MTe01a,Sm42,46,30,16,0,180,121,59,0
LC20b,Li30,39,21,18,0,180,97,83,0
MTe51,cM09,36,22,14,0,180,103,77,0
cL10,aMe13,2,1,1,0,180,83,97,0
cM14,MTe03,22,11,11,0,180,80,100,0
MTe28,cL10,2,1,1,0,180,65,115,0
Y3,mALC5,58,30,28,0,179,101,78,0
Tm32,LC37a,48,22,26,0,179,83,96,0
Tm5e,Tm16,79,33,46,0,179,75,104,0
Dm12,TmY4,74,41,33,0,179,103,76,0
TmY9q⊥,TmY9q,75,24,51,0,179,51,128,0
Tlp14,LPT22,29,16,13,0,179,126,53,0
Pm07,MTe52,64,34,30,0,179,99,80,0
LPi11,Tlp1,56,34,22,0,179,126,53,0
Li12,Tm5d,78,54,24,0,179,119,60,0
LPi05,LPTe02,51,35,16,0,179,130,49,0
T2a,LC15,67,21,46,0,179,47,132,0
TmY5a,LC14a1,63,37,26,0,179,106,73,0
T4a,Mi4,80,46,34,0,179,105,74,0
LPi09,Y11,72,37,35,0,179,86,93,0
LPLC2,cML01,24,12,12,0,179,93,86,0
MeTu4a,LC10e,64,29,35,0,179,78,101,0
LPLC4,LT52,66,31,35,0,179,90,89,0
MeTu2a,Sm28,59,38,21,0,179,123,56,0
LC46,LTe17,14,7,7,0,179,95,84,0
cM17,Tm5c,66,33,33,0,179,85,94,0
cL02b,LTe15,7,4,3,0,179,99,80,0
MTe30,Sm41,2,1,1,0,179,75,104,0
LT41,Li32,2,1,1,0,179,110,69,0
Sm06,Sm40,66,31,35,0,178,87,91,0
TmY31,Sm27,70,38,32,0,178,92,86,0
TmY9q,LLPC2,71,26,45,0,178,60,118,0
Y1,Tlp4,72,39,33,0,178,97,81,0
TmY5a,Y11,75,36,39,0,178,86,92,0
MLt5,Dm8b,67,31,36,0,178,85,93,0
Li21,LPLC4,57,28,29,0,178,84,94,0
Li10,LT57,68,35,33,0,178,88,90,0
TmY9q⊥,LT64,56,31,25,0,178,108,70,0
L1,Dm9,68,53,15,0,178,146,32,0
TmY14,Pm09,73,37,36,0,178,89,89,0
Tm5e,LT68,52,30,22,0,178,104,74,0
Sm12,Tm8b,71,30,41,0,178,78,100,0
LMa4,LMa4,66,38,28,0,178,114,64,0
Tm2,Dm17,82,40,42,0,178,91,87,0
Li13,LC22,60,26,34,0,178,80,98,0
Pm10,LMa2,64,41,23,0,178,120,58,0
Li13,LPLC1,74,37,37,0,178,88,90,0
Li31,LC31a,25,12,13,0,178,88,90,0
LC15,LC26,55,26,29,0,178,65,113,0
MTe01b,MTe17,39,20,19,0,178,90,88,0
MTe03,Sm31,43,19,24,0,178,76,102,0
LLPC3,LPT47_vCal2,44,33,11,0,178,122,56,0
LC21,LTe05,37,20,17,0,178,88,90,0
MTe29,MTe01b,7,3,2,2,178,55,42,81
aMe8,s-LNva,4,2,2,0,178,144,34,0
LC20b,Li09,61,37,24,0,178,103,75,0
LC14b,LPT30,11,5,6,0,178,90,88,0
OA-AL2b2,PDt,41,24,17,0,178,102,76,0
LT73,Li10,57,34,23,0,178,114,64,0
LTe17,LC19,14,7,7,0,178,92,86,0
LPT57,TmY20,51,41,10,0,178,148,30,0
cM16,MTe50,38,21,17,0,178,101,77,0
LTe46,PLP252,1,1,0,0,178,178,0,0
Y3,LTe18,58,29,29,0,177,100,77,0
Mi13,L4,77,42,35,0,177,98,79,0
Tm27,TmY11,79,43,36,0,177,97,80,0
Y3,Mi9,78,50,28,0,177,115,62,0
Tlp4,LPi10,68,46,22,0,177,123,54,0
C2,Tm3,81,38,43,0,177,80,97,0
Li08,Li13,70,40,30,0,177,108,69,0
Li06,LT74,60,20,40,0,177,53,124,0
Tm27,LC10a,79,46,33,0,177,105,72,0
Tm7,LT57,53,20,33,0,177,62,115,0
Li20,T2,79,39,40,0,177,93,84,0
Sm09,Sm07,76,51,25,0,177,119,58,0
Y12,TmY20,78,46,32,0,177,109,68,0
TmY20,LC29,68,40,28,0,177,104,73,0
Dm3p,TmY4,79,37,42,0,177,84,93,0
Li02,Y3,72,39,33,0,177,97,80,0
Sm12,Dm20,76,45,31,0,177,108,69,0
Sm32,Sm09,77,32,45,0,177,77,100,0
Tm7,LTe29,62,36,26,0,177,106,71,0
Sm13,Sm40,51,25,26,0,177,82,95,0
LMa2,MTe08,55,26,29,0,177,94,83,0
Li07,LTe64,35,15,20,0,177,76,101,0
Sm09,MTe53,55,26,29,0,177,72,105,0
LMa3,LT87,31,17,14,0,177,95,82,0
Li33,LTe55,2,1,1,0,177,84,93,0
Sm38,Sm08,61,40,21,0,177,119,58,0
Li30,Li02,59,34,25,0,177,107,70,0
LC28a,LC36,51,33,18,0,177,116,61,0
LT55,LTe43,7,4,3,0,177,106,71,0
MeMe_e02,MeTu4d,45,23,22,0,177,103,74,0
cM18,MLt1,49,21,28,0,177,93,84,0
LPLC4,LTe65,29,16,13,0,177,98,79,0
MeLp2,Nod1,4,2,2,0,177,100,77,0
cL20,LT52,14,7,7,0,177,113,64,0
mALC5,LMa2,13,5,8,0,177,44,133,0
OA-ASM1,Pm13,12,4,8,0,177,90,87,0
CB0566,Tm7,54,24,30,0,177,72,105,0
cM10,Y3,69,42,27,0,177,104,73,0
T3,LMt4,70,36,34,0,176,94,82,0
Sm16,MeMe_e02,57,35,22,0,176,104,72,0
Tm3,Sm32,83,39,44,0,176,84,92,0
Tm8b,Pm07,63,23,40,0,176,65,111,0
Mi13,Dm17,78,32,46,0,176,69,107,0
Li02,LC14a2,33,20,13,0,176,84,92,0
Tm5d,LTe30,41,22,19,0,176,100,76,0
Tm5d,aMe5,71,33,38,0,176,77,99,0
Y3,Li28,58,35,23,0,176,113,63,0
Sm12,Sm39,53,32,21,0,176,120,56,0
TmY20,LTe45,31,13,18,0,176,73,103,0
Tm37,Li12,71,36,35,0,176,92,84,0
Li10,Li09,66,39,27,0,176,100,76,0
LMa2,Pm13,39,15,24,0,176,80,96,0
LMt4,LC31b,47,26,21,0,176,95,81,0
Pm14,TmY5a,79,48,31,0,176,108,68,0
LC9,Tm31,73,41,32,0,176,99,77,0
cL14,Li13,42,24,18,0,176,112,64,0
LC20b,TmY10,73,38,35,0,176,92,84,0
cLP03,LPTe01,45,36,9,0,176,152,24,0
cL18,Li21,28,16,12,0,176,113,63,0
mALC4,Li16,23,11,12,0,176,83,93,0
cM10,Pm05,53,22,31,0,176,66,110,0
MLt4,LMa2,64,41,23,0,175,109,66,0
Tm8a,LTe57,35,20,15,0,175,106,69,0
TmY4,LPC2,67,50,17,0,175,125,50,0
Tm25,T3,81,43,38,0,175,92,83,0
TmY5a,LC13,55,39,16,0,175,136,39,0
Tm5b,LC10d,65,28,37,0,175,76,99,0
Y11,LC35,60,41,19,0,175,129,46,0
Tm5f,Tm7,78,35,43,0,175,77,98,0
Tm16,Li12,67,37,30,0,175,89,86,0
Li18,Li01,77,43,34,0,175,93,82,0
LMa2,LC17,71,39,32,0,175,97,78,0
Tlp1,LPi10,74,48,26,0,175,117,58,0
Tm5e,MTe34,53,23,30,0,175,72,103,0
Tlp1,LPT31,53,40,13,0,175,146,29,0
Mi9,Pm04,61,33,28,0,175,84,91,0
LMa1,LTe12,32,15,17,0,175,61,114,0
Sm25,Sm19,49,28,21,0,175,98,77,0
Li33,LC36,22,8,14,0,175,81,94,0
Li24,LC35,19,10,9,0,175,122,53,0
LC10b,LTe42a,21,10,11,0,175,81,94,0
aMe4,Sm39,13,5,8,0,175,94,81,0
LC16,Li24,60,36,24,0,175,106,69,0
LCe01a,LC16,58,42,16,0,175,126,49,0
cM01a,Sm12,41,19,22,0,175,85,90,0
LPT23,TmY16,59,42,17,0,175,131,44,0
cM17,Tm34,46,24,22,0,175,87,88,0
cM17,MeTu4c,50,28,22,0,175,86,89,0
LPLC4,LT38,28,14,14,0,175,83,92,0
cM13,Sm22,34,16,18,0,175,87,88,0
cM14,MLt2,44,21,23,0,175,73,102,0
cML01,Dm10,64,27,37,0,175,73,102,0
cML01,MeMe_e07,18,10,8,0,175,109,66,0
LPT47_vCal2,DNp31,2,1,0,1,175,64,0,111
LPT47_vCal2,LPT48_vCal3,4,1,1,2,175,37,48,90
LT41,LT87,2,1,1,0,175,91,84,0
Dm8a,Sm03,59,29,30,0,174,90,84,0
Li01,LT82a,52,21,31,0,174,66,108,0
Mi1,Tm4,64,33,31,0,174,81,93,0
Y3,T3,71,30,41,0,174,72,102,0
Tm31,LC16,73,40,33,0,174,94,80,0
Li02,LT53,45,26,19,0,174,107,67,0
Tm5c,MLt1,75,47,28,0,174,110,64,0
Li09,LT87,38,22,16,0,174,109,65,0
Pm05,TmY31,71,30,41,0,174,70,104,0
TmY5a,TmY9q,77,36,41,0,174,81,93,0
Dm10,Tm3,78,38,40,0,174,79,95,0
T2a,Li21,70,49,21,0,174,125,49,0
LMt3,Tm16,76,45,31,0,174,107,67,0
Tm16,Dm3v,77,32,45,0,174,74,100,0
MLt3,LT62,59,29,30,0,174,98,76,0
MLt1,MeTu4c,73,28,45,0,174,62,112,0
TmY31,LTe07,37,10,27,0,174,35,139,0
MLt8,Tm32,52,33,19,0,174,119,55,0
Li28,Tm21,54,41,13,0,174,136,38,0
Li28,LMa2,44,21,23,0,174,76,98,0
LC14b,LC10a,42,24,18,0,174,107,67,0
LLPC2,Li09,65,37,28,0,174,103,71,0
aMe10,aMe1,8,5,3,0,174,100,74,0
MTe54,Tm16,34,1,33,0,174,2,172,0
LTe38a,cL05,8,4,4,0,174,81,93,0
cL22b,LCe06,8,4,4,0,174,85,89,0
T2a,LMt3,55,11,44,0,173,22,151,0
Sm24,CB0566,15,7,8,0,173,94,79,0
Mi9,Mi2,74,43,31,0,173,103,70,0
Dm15,Dm6,58,53,5,0,173,162,11,0
Tm5e,LTe13,55,17,38,0,173,51,122,0
Y11,LMa2,69,41,28,0,173,104,69,0
Pm05,Tm4,74,41,33,0,173,97,76,0
Li21,Li22,47,26,21,0,173,99,74,0
Mi14,L2,82,49,33,0,173,105,68,0
Tm20,Tm5a,53,32,21,0,173,121,52,0
LPi02,TmY14,73,36,37,0,173,86,87,0
Tm35,Sm32,73,32,41,0,173,74,99,0
LMa4,LLPC3,60,35,25,0,173,106,67,0
Tm5c,LC10e,67,25,42,0,173,60,113,0
LMa2,LT83,33,17,16,0,173,92,81,0
T5d,LPi04,59,36,23,0,173,110,63,0
LLPt,LPi08,74,62,12,0,173,147,26,0
LMt3,LPT31,21,9,12,0,173,114,59,0
Sm26,aMe12,45,26,19,0,173,94,79,0
Tm8a,LTe49f,31,17,14,0,173,93,80,0
Li29,Li13,48,26,22,0,173,95,78,0
LC10b,Li10,67,39,28,0,173,98,75,0
LT43,LTe68,19,10,9,0,173,108,65,0
MeTu4a,MTe37,35,18,17,0,173,102,71,0
LT83,LT1b,2,1,1,0,173,72,101,0
LT40,LC9,43,23,20,0,173,96,77,0
mALC5,Tm36,41,21,20,0,173,100,73,0
mALC5,MTe01a,9,7,2,0,173,126,47,0
LT80,Y4,36,18,18,0,173,89,84,0
LT82a,VCH,1,1,0,0,173,173,0,0
TmY11,Nod3,49,23,26,0,172,90,82,0
Tm35,LTe38a,57,27,30,0,172,84,88,0
Mi2,Mi14,77,52,25,0,172,119,53,0
Tm5e,MeTu4c,76,42,34,0,172,98,74,0
Dm17,Mi13,76,37,39,0,172,83,89,0
Y4,LC21,66,26,40,0,172,66,106,0
Mi1,cML01,73,40,33,0,172,95,77,0
Tm27,LPi05,78,57,21,0,172,127,45,0
Dm8b,Tm5e,74,42,32,0,172,94,78,0
T2a,LC28a,39,32,7,0,172,143,29,0
Sm04,MTe01a,58,36,22,0,172,106,66,0
Sm42,MTe04,24,14,10,0,172,122,50,0
Li33,TmY15,62,36,26,0,172,95,77,0
Li33,LC31b,10,5,5,0,172,96,76,0
LC14b,LC28a,41,20,21,0,172,87,85,0
LC15,LT51,48,23,25,0,172,77,95,0
LC14a1,LMt1,38,19,19,0,172,92,80,0
LC14a2,LTe64,15,7,8,0,172,87,85,0
MTe01b,Dm2,73,36,37,0,172,89,83,0
LC34,LC19,25,12,13,0,172,84,88,0
LC36,LTe42a,11,5,6,0,172,97,75,0
cL07,Li06,44,32,12,0,172,139,33,0
LT38,LC10d,34,18,16,0,172,98,74,0
cM14,TmY31,64,26,38,0,172,68,104,0
cL11,LC36,15,7,8,0,172,85,87,0
H2,Am1,2,1,1,0,172,96,76,0
cLLPM02,LPi11,16,9,7,0,172,102,70,0
LT39,LC10d,60,28,32,0,172,73,99,0
LT39,LTe18,2,1,1,0,172,106,66,0
Y3,LT85,55,32,23,0,171,96,75,0
Y12,LPT30,41,24,17,0,171,93,78,0
Dm3v,TmY10,79,41,38,0,171,90,81,0
LPi05,LPC1,72,54,18,0,171,129,42,0
Y12,DCH,54,35,19,0,171,125,46,0
Tm7,Li03,70,37,33,0,171,93,78,0
Tm4,Mi9,67,25,42,0,171,64,107,0
T2,TmY15,76,42,34,0,171,94,77,0
T2,Pm03,63,22,41,0,171,64,107,0
Dm8b,Sm19,68,29,39,0,171,68,103,0
Tlp1,TmY3,66,35,31,0,171,88,83,0
Tm8a,LTe28,43,21,22,0,171,80,91,0
LMa3,TmY14,58,33,25,0,171,92,79,0
MLt4,MeLp2,25,11,14,0,171,101,70,0
MLt8,MTe04,41,30,11,0,171,130,41,0
Pm06,TmY5a,82,52,30,0,171,108,63,0
LPi15,VST2,8,4,4,0,171,111,60,0
LC11,LT1b,57,28,29,0,171,82,89,0
LC14b,Li26,26,13,13,0,171,78,93,0
LC14a1,Tm31,40,22,18,0,171,89,82,0
LT34,cL05,2,1,1,0,171,84,87,0
LT70,Tm16,66,33,33,0,171,93,78,0
mALD1,cL17,4,2,2,0,171,85,86,0
OA-AL2i2,LPLC1,65,31,34,0,171,80,91,0
CB0472,LC19,9,5,4,0,171,91,80,0
cL04,LC10c,53,29,24,0,171,92,79,0
cL22c,cL01,15,7,8,0,171,89,82,0
Y3,LT63,60,29,31,0,170,71,99,0
Mi9,MTe44,65,29,36,0,170,74,96,0
Tlp4,LPi04,65,57,8,0,170,154,16,0
Sm08,Tm25,75,39,36,0,170,92,78,0
LMt2,LC18,70,45,25,0,170,112,58,0
LMt2,LCe07,36,18,18,0,170,102,68,0
Tm4,MLt4,72,41,31,0,170,103,67,0
Y1,TmY20,73,45,28,0,170,107,63,0
C3,C2,69,36,33,0,170,85,85,0
Tlp1,T4a,75,45,30,0,170,103,67,0
L5,T2a,55,20,35,0,170,51,119,0
Dm8a,TmY14,69,45,24,0,170,107,63,0
Tm5b,Li02,66,38,28,0,170,96,74,0
Pm04,C2,77,59,18,0,170,130,40,0
Tm21,LC40,54,17,37,0,170,55,115,0
Mi10,TmY5a,69,32,37,0,170,78,92,0
TmY5a,LLPC1,77,52,25,0,170,115,55,0
Li09,LT58,30,21,9,0,170,142,28,0
Sm41,MTe05,23,11,12,0,170,98,72,0
Pm06,LMa3,43,25,18,0,170,118,52,0
LPC1,H2,54,25,29,0,170,78,92,0
MTe02,MTe30,39,20,19,0,170,85,85,0
LC36,LTe42c,12,5,7,0,170,78,92,0
LPTe01,Y11,43,31,12,0,170,131,39,0
cM06,Pm02,25,15,10,0,170,97,73,0
cM02a,MeTu4a,28,12,16,0,170,83,87,0
SIP017,cL14,2,0,1,1,170,0,47,123
LTe23,mALD1,2,1,1,0,170,98,72,0
cL04,Li29,4,2,2,0,170,75,95,0
Tm20,Li09,48,27,21,0,169,111,58,0
TmY20,LPC1,60,35,25,0,169,102,67,0
Tm8a,Tm8a,69,43,26,0,169,107,62,0
Li06,LC16,71,27,44,0,169,65,104,0
Y4,LLPt,62,36,26,0,169,95,74,0
Li05,Li04,56,30,26,0,169,92,77,0
Tm8b,Li05,50,12,38,0,169,35,134,0
MLt5,cM09,56,28,28,0,169,77,92,0
L1,R7,65,33,32,0,169,79,90,0
TmY5a,Tm5b,73,30,43,0,169,65,104,0
TmY20,LPT51,45,31,14,0,169,125,44,0
Li10,LTe19,47,28,19,0,169,94,75,0
Li12,Li03,53,30,23,0,169,88,81,0
Sm20,Dm9,65,50,15,0,169,136,33,0
LMa4,Pm04,57,36,21,0,169,111,58,0
Tm2,Tm2,58,22,36,0,169,65,104,0
LMa2,LT74,49,20,29,0,169,73,96,0
MLt1,Sm42,50,22,28,0,169,72,97,0
LMa1,LCe06,23,12,11,0,169,100,69,0
T4c,LMa4,73,35,38,0,169,79,90,0
Dm19,Mi9,79,50,29,0,169,107,62,0
LPi10,Tlp4,62,39,23,0,169,105,64,0
LPi11,LPi13,36,22,14,0,169,109,60,0
LC10d,LC10b,60,37,23,0,169,105,64,0
LC14b,Li21,28,16,12,0,169,108,61,0
LC14b,LC16,35,18,17,0,169,90,79,0
MeTu3a,aMe19b,33,19,14,0,169,109,60,0
LC20a,LC33a,45,29,16,0,169,117,52,0
LT78,Li05,53,32,21,0,169,98,71,0
MeMe_e08,LPT54,17,10,7,0,169,88,81,0
cM01a,MTe29,2,1,1,0,169,107,62,0
LC20b,LC6,66,36,30,0,169,92,77,0
CB0816,aMe6a,4,2,2,0,169,70,99,0
LT70,LC13,64,33,31,0,169,90,79,0
cLP03,cLP02,49,31,18,0,169,113,56,0
cM06,TmY4,38,18,20,0,169,84,85,0
aMe17a2,MTe02,46,21,25,0,169,77,92,0
LT61b,LC14a1,27,13,14,0,169,81,88,0
LPT49,PLP020,2,1,0,1,169,57,0,112
DCH,Nod5,2,1,1,0,169,127,42,0
OA-AL2i1,Mi10,67,31,36,0,169,78,91,0
cM15,CB0816,4,2,2,0,169,96,73,0
TmY11,Tm5d,71,33,38,0,168,73,95,0
Tm3,LC14b,57,17,40,0,168,40,128,0
TmY9q,LTe19,44,24,20,0,168,97,71,0
LPi05,LPT22,29,19,10,0,168,135,33,0
DmDRA2,Sm12,43,24,19,0,168,103,65,0
Pm04,TmY16,63,42,21,0,168,121,47,0
Tm5e,Tm35,67,38,29,0,168,98,70,0
TmY31,Li07,65,27,38,0,168,71,97,0
Sm13,Tm5a,70,31,39,0,168,79,89,0
LMa2,LC14b,41,18,23,0,168,78,90,0
Y12,LPT45_dCal1,26,19,7,0,168,134,34,0
Mi10,aMe3,31,25,6,0,168,131,37,0
LMt1,LMa2,61,32,29,0,168,86,82,0
Sm15,MTe01a,59,37,22,0,168,101,67,0
L3,Dm11,71,46,25,0,168,108,60,0
TmY31,LTe63,44,22,22,0,168,75,93,0
Li28,Li30,4,2,2,0,168,81,87,0
MTe02,Sm36,50,29,21,0,168,96,72,0
LC10b,LTe66,34,14,20,0,168,73,95,0
LPLC2,LCe06,48,28,20,0,168,93,75,0
LPT23,Nod3,6,3,3,0,168,87,81,0
LC11,LC14a1,54,27,27,0,168,85,83,0
LCe03,LT64,18,11,7,0,168,115,53,0
OA-AL2b2,Lawf1,39,20,19,0,168,119,49,0
cMLLP01,PDt,10,6,4,0,168,96,72,0
Tm21,LTe18,70,39,31,0,167,95,72,0
Tm27,LT60,60,30,30,0,167,90,77,0
T2a,LC35,60,48,12,0,167,134,33,0
Tm7,Tm32,64,27,37,0,167,74,93,0
Tm8a,LT67,52,24,28,0,167,84,83,0
Dm2,Tm5c,70,34,36,0,167,75,92,0
TmY5a,LMa3,66,37,29,0,167,94,73,0
Li10,cL14,63,30,33,0,167,81,86,0
MLt3,LLPC3,62,27,35,0,167,76,91,0
Sm12,Sm08,62,28,34,0,167,76,91,0
LPi10,LPTe01,43,35,8,0,167,141,26,0
T5c,LLPC3,52,15,37,0,167,45,122,0
Sm40,Tm5c,68,35,33,0,167,89,78,0
Tm5e,LTe27,56,26,30,0,167,72,95,0
Dm10,Tm27,75,41,34,0,167,92,75,0
Mi10,5-HTPMPV03,68,38,30,0,167,94,73,0
MLt7,Sm08,63,32,31,0,167,83,84,0
Tm8a,MTe13,56,31,25,0,167,91,76,0
Tm37,MTe33,57,29,28,0,167,86,81,0
Sm42,Sm34,11,6,5,0,167,112,55,0
Li29,Tm4,77,28,49,0,167,59,108,0
LC28a,Li08,62,36,26,0,167,98,69,0
LC10e,LTe33,52,27,25,0,167,92,75,0
cL22a,LTe66,7,3,4,0,167,72,95,0
LPLC2,LT51,44,23,21,0,167,94,73,0
cM17,MTe42,2,1,1,0,167,92,75,0
LT57,LTe42b,11,6,5,0,167,77,90,0
cM07,Tm4,72,48,24,0,167,118,49,0
LT81,PLP051,12,3,1,8,167,16,6,145
CB0592,LPT22,2,1,1,0,167,92,75,0
CB0566,Sm41,3,2,1,0,167,48,119,0
cM15,Tm25,68,35,33,0,167,86,81,0
LT41,LC14a1,13,6,7,0,167,96,71,0
Y3,Pm08,74,37,37,0,166,80,86,0
Mi14,Pm03,72,45,27,0,166,103,63,0
T4c,LPLC4,73,41,32,0,166,95,71,0
Tm33,LPLC2,71,37,34,0,166,87,79,0
Sm18,Sm26,52,26,26,0,166,91,75,0
T2,Mi14,75,44,31,0,166,98,68,0
MLt5,Tm5e,69,31,38,0,166,77,89,0
L1,Dm1,64,32,32,0,166,84,82,0
L4,T1,65,37,28,0,166,87,79,0
Tlp5,LMa4,42,23,19,0,166,86,80,0
Sm07,Tm16,68,37,31,0,166,85,81,0
MLt5,Sm15,51,27,24,0,166,95,71,0
L1,T2,48,26,22,0,166,79,87,0
Dm2,Tm37,71,32,39,0,166,72,94,0
Mi1,Lawf1,65,32,33,0,166,79,87,0
TmY10,TmY5a,67,31,36,0,166,70,96,0
Tm5e,LTe42b,39,17,22,0,166,78,88,0
Dm2,aMe12,75,40,35,0,166,88,78,0
Pm09,MLt4,57,24,33,0,166,70,96,0
Mi10,MTe29,41,28,13,0,166,130,36,0
MLt2,LC45,47,28,19,0,166,113,53,0
MLt1,Pm13,52,24,28,0,166,83,83,0
LMa1,Li16,49,28,21,0,166,91,75,0
MLt8,LTe35,19,10,9,0,166,104,62,0
Sm41,MeTu4a,39,19,20,0,166,87,79,0
Li13,LT84,16,8,8,0,166,93,73,0
LMa3,LMa4,53,36,17,0,166,110,56,0
Sm14,MTe15,30,17,13,0,166,111,55,0
Li12,LC36,37,20,17,0,166,98,68,0
LPi12,LPi11,27,22,5,0,166,142,24,0
LC10e,LTe42c,24,12,12,0,166,73,93,0
LLPC2,Nod3,28,21,7,0,166,127,39,0
MTe52,Pm12,41,20,21,0,166,91,75,0
LPLC1,LCe06,36,18,18,0,166,100,66,0
MeTu3c,Sm10,63,26,37,0,166,64,102,0
cM01a,Sm42,2,1,1,0,166,109,57,0
aMe20,PLP004,1,0,1,0,166,0,166,0
LTe58,Li10,45,28,17,0,166,98,68,0
LT37,LC16,47,26,21,0,166,85,81,0
mALD2,LTe21,2,1,1,0,166,99,67,0
L2,L2,18,12,6,0,165,41,124,0
Tlp4,TmY31,65,35,30,0,165,89,76,0
TmY31,Tm5a,66,34,32,0,165,86,79,0
Tm3,Tm8a,70,29,41,0,165,71,94,0
Sm18,aMe19a,24,14,10,0,165,114,51,0
Tm32,LC28a,59,34,25,0,165,96,69,0
TmY4,Tm16,72,33,39,0,165,74,91,0
TmY31,Sm32,67,32,35,0,165,80,85,0
MLt7,MeMe_e02,41,17,24,0,165,43,122,0
Pm07,MTe13,38,16,22,0,165,62,103,0
Tm35,LC33a,50,26,24,0,165,82,83,0
LMt3,LC19,26,12,14,0,165,81,84,0
Dm19,Dm19,55,19,36,0,165,50,115,0
Pm10,Pm08,69,38,31,0,165,88,77,0
Li10,LTe69,51,25,26,0,165,79,86,0
LPi11,LPT31,33,26,7,0,165,141,24,0
LMa3,TmY15,68,42,26,0,165,102,63,0
Li01,LTe64,32,13,19,0,165,72,93,0
LPi10,Nod5,23,13,10,0,165,125,40,0
Li28,Li13,54,32,22,0,165,101,64,0
MeTu4c,Sm42,47,28,19,0,165,107,58,0
LT34,cM10,2,1,1,0,165,111,54,0
MeMe_e08,MTe18,19,7,12,0,165,76,89,0
MTe51,cM08c,30,19,11,0,165,102,63,0
mALD2,LTe58,12,6,6,0,165,95,70,0
cMLLP01,MeTu4a,38,15,23,0,165,82,83,0
Pm11,Lawf2,64,39,25,0,164,104,60,0
Y3,LMa2,59,29,30,0,164,82,82,0
Tm5e,LTe19,53,25,28,0,164,74,90,0
Tlp5,T2,72,36,36,0,164,80,84,0
TmY15,MeLp1,58,31,27,0,164,93,71,0
Tm2,TmY20,63,29,34,0,164,77,87,0
TmY10,LTe19,58,27,31,0,164,78,86,0
Dm2,Tm35,61,30,31,0,164,72,92,0
Mi15,MTe06,73,35,38,0,164,76,88,0
Li31,LC6,53,20,33,0,164,64,100,0
LC14b,Tlp1,28,12,16,0,164,59,105,0
LC14a2,Li10,38,24,14,0,164,109,55,0
MeTu4c,LTe51,32,17,15,0,164,83,81,0
LPT23,LPi15,6,3,3,0,164,109,55,0
cM19,LMa5,42,22,20,0,164,98,66,0
cL20,LLPC1,44,25,19,0,164,86,78,0
cL21,Tm2,75,40,35,0,164,86,78,0
mALC5,LC10b,10,5,5,0,164,82,82,0
cM13,Tm35,47,21,26,0,164,78,86,0
OA-ASM1,LPLC2,71,36,35,0,164,84,80,0
OA-ASM1,LC21,66,34,32,0,164,86,78,0
LT36,LT57,13,5,8,0,164,55,109,0
cL04,Tm32,53,27,26,0,164,76,88,0
LT58,Li12,28,20,8,0,164,130,34,0
cL05,LC36,17,9,8,0,164,95,69,0
L1,TmY3,67,33,34,0,163,83,80,0
MLt4,LT36,39,16,23,0,163,59,104,0
L3,Sm32,66,35,31,0,163,84,79,0
TmY31,Tm8b,47,14,33,0,163,38,125,0
Tlp14,Tlp1,64,41,23,0,163,111,52,0
Li07,Li05,71,36,35,0,163,84,79,0
LPi10,LPi09,46,30,16,0,163,104,59,0
Tm33,Li12,62,31,31,0,163,86,77,0
TmY9q,LTe42b,36,16,20,0,163,66,97,0
Tm1,Dm19,70,38,32,0,163,93,70,0
Tm7,Sm09,68,31,37,0,163,78,85,0
TmY15,LC14b,59,30,29,0,163,73,90,0
TmY15,LPT26,42,31,11,0,163,132,31,0
LPLC2,LC14a1,52,30,22,0,163,97,66,0
MeTu4a,Dm8a,57,24,33,0,163,70,93,0
MTe41,Y12,53,27,26,0,163,74,89,0
cM18,MTe13,5,3,2,0,163,77,86,0
cL02b,Li13,38,19,19,0,163,73,90,0
CB0592,TmY5a,68,38,30,0,163,92,71,0
cM16,Tm5d,50,27,23,0,163,81,82,0
Tlp4,Nod3,34,21,13,0,162,98,64,0
TmY9q,Li30,60,29,31,0,162,78,84,0
LPi05,LPC2,45,32,13,0,162,115,47,0
Li21,Li17,50,30,20,0,162,102,60,0
Tm8b,LC19,40,15,25,0,162,47,115,0
Tm3,LC10b,65,32,33,0,162,73,89,0
C3,T2a,58,31,27,0,162,86,76,0
Li01,LLPC1,69,40,29,0,162,96,66,0
Tlp1,Y3,52,18,34,0,162,51,111,0
Tm5d,MTe38,48,17,31,0,162,48,114,0
Pm10,CB0592,38,20,18,0,162,88,74,0
LMa3,LC18,60,32,28,0,162,91,71,0
MLt1,LC37a,47,21,26,0,162,68,94,0
DmDRA1,Sm03,60,39,21,0,162,102,60,0
Li22,LC31a,43,29,14,0,162,122,40,0
Li30,LTe33,5,2,3,0,162,75,87,0
Li30,LTe31,2,1,1,0,162,78,84,0
LPi13,LPLC2,53,34,19,0,162,106,56,0
LT52,Li10,44,16,28,0,162,64,98,0
MeTu1,MTe24,31,19,12,0,162,108,54,0
LPLC2,TmY11,68,44,24,0,162,110,52,0
LC9,LLPC3,60,37,23,0,162,92,70,0
LC20a,LC22,48,33,15,0,162,108,54,0
LPC2,PLP248,24,16,8,0,162,109,53,0
LC14b,Tm8a,32,21,11,0,162,120,42,0
MTe01a,MTe01b,32,19,13,0,162,92,70,0
MTe01a,Tm27,64,43,21,0,162,103,59,0
LC29,LC22,53,26,27,0,162,73,89,0
cM17,Sm29,10,5,5,0,162,96,66,0
LT37,Li17,24,15,9,0,162,115,47,0
mALD2,LTe24,2,1,1,0,162,95,67,0
cML02,LMa4,11,6,5,0,162,82,80,0
LTe38c,Li10,39,16,23,0,162,71,91,0
LTe14,PLP032,2,1,1,0,162,80,82,0
Tm3,Y11,63,33,30,0,161,90,71,0
TmY5a,TmY9q⊥,73,39,34,0,161,89,72,0
Tlp4,Tlp1,64,40,24,0,161,107,54,0
Li08,cL06,35,19,16,0,161,91,70,0
R7,Mi1,37,16,21,0,161,50,111,0
Li02,Tm5e,69,36,33,0,161,86,75,0
Tlp14,MLt3,53,28,25,0,161,95,66,0
C2,Tm16,61,29,32,0,161,74,87,0
Sm07,Tm33,58,42,16,0,161,116,45,0
Pm08,Pm10,64,34,30,0,161,82,79,0
Li10,Li10,46,12,34,0,161,33,128,0
Mi1,OA-AL2i3,73,40,33,0,161,85,76,0
Tm8b,LC29,44,23,21,0,161,85,76,0
TmY10,LTe22,56,23,33,0,161,66,95,0
Tm5d,MTe31,44,28,16,0,161,108,53,0
R7,MeMe_e10,33,24,9,0,161,136,25,0
Li11,LC24,42,21,21,0,161,90,71,0
LMa2,LC18,65,29,36,0,161,71,90,0
Li31,Li17,43,20,23,0,161,53,108,0
Li33,LTe64,8,5,3,0,161,80,81,0
Li32,LTe21,2,1,1,0,161,83,78,0
Li24,LT52,18,11,7,0,161,102,59,0
Li30,LT39,2,1,1,0,161,78,83,0
MTe21,Sm17,12,6,6,0,161,76,85,0
LC14a1,LMa5,39,22,17,0,161,90,71,0
MTe01a,MLt8,40,29,11,0,161,118,43,0
aMe4,MLt3,52,19,33,0,161,58,103,0
LC20a,LT59,15,8,7,0,161,90,71,0
MTe09,Sm22,47,23,24,0,161,83,78,0
LT57,LC33a,35,15,20,0,161,60,101,0
aMe17c,Dm20,47,23,24,0,161,66,95,0
MeMe_e07,OA-AL2i1,19,9,10,0,161,83,78,0
cLLPM01,MLt4,17,11,6,0,161,107,54,0
MTe47,cMLLP02,12,8,4,0,161,96,65,0
cL06,LC13,38,21,17,0,161,91,70,0
LT36,TmY10,61,14,47,0,161,33,128,0
cMLLP01,PLP177,2,1,1,0,161,89,72,0
TmY14,T2a,74,33,41,0,160,71,89,0
Tm3,LMt1,60,31,29,0,160,73,87,0
Li20,Tm25,73,36,37,0,160,76,84,0
L5,Dm6,66,36,30,0,160,93,67,0
Tm16,LLPC3,59,24,35,0,160,65,95,0
Tm9,LPLC4,63,35,28,0,160,84,76,0
MLt3,Tm16,64,25,39,0,160,61,99,0
Mi14,Mi1,50,38,12,0,160,115,45,0
TmY5a,Tm1,62,32,30,0,160,81,79,0
LMa5,LMa4,52,35,17,0,160,118,42,0
Y1,Y12,70,35,35,0,160,81,79,0
L3,R7,46,25,21,0,160,75,85,0
Dm14,MLt3,62,30,32,0,160,78,82,0
Pm03,MLt4,59,40,19,0,160,100,60,0
Tm20,Tm35,57,29,28,0,160,79,81,0
Tlp1,T4c,69,39,30,0,160,86,74,0
TmY11,LTe42c,41,19,22,0,160,68,92,0
Sm26,aMe4,46,30,16,0,160,99,61,0
Li24,LMt3,32,20,12,0,160,100,60,0
MTe02,Tm7,63,33,30,0,160,80,80,0
MeTu1,Sm14,65,34,31,0,160,84,76,0
aMe9,Sm16,50,28,22,0,160,87,73,0
LPT45_dCal1,Y1,34,20,14,0,160,117,43,0
cLP03,vCal1,17,7,7,3,160,63,69,28
aMe19b,Sm12,43,20,23,0,160,86,74,0
LT86,cL11,4,1,1,2,160,60,47,53
LT56,LPLC1,43,22,21,0,160,79,81,0
LPT58,LPLC1,25,20,5,0,160,137,23,0
cL13,LC10a,34,19,15,0,160,88,72,0
Y3,LT39,62,35,27,0,159,91,68,0
Tm5f,Y3,69,32,37,0,159,71,88,0
Sm15,Sm15,45,15,30,0,159,36,123,0
Mi15,MeMe_e06,64,31,33,0,159,76,83,0
Tm8b,Sm09,62,34,28,0,159,80,79,0
Tm7,LC13,62,31,31,0,159,71,88,0
Pm05,Pm14,60,38,22,0,159,102,57,0
C3,MTe08,67,39,28,0,159,98,61,0
Pm03,Lawf2,67,40,27,0,159,92,67,0
TmY5a,LT74,68,22,46,0,159,50,109,0
MLt2,LCe01a,56,29,27,0,159,78,81,0
Sm12,MTe28,54,24,30,0,159,73,86,0
Sm40,MeTu3c,57,28,29,0,159,76,83,0
Li16,LT1d,30,16,14,0,159,96,63,0
Mi10,Sm32,68,29,39,0,159,68,91,0
LMa2,Tm8a,59,35,24,0,159,100,59,0
Tm5d,LTe42b,34,16,18,0,159,71,88,0
Tlp4,LC31a,42,21,21,0,159,88,71,0
L1,T1,40,20,20,0,159,60,99,0
LMa1,Pm05,59,35,24,0,159,100,59,0
Sm25,Tm5f,70,33,37,0,159,76,83,0
Sm29,MTe01a,32,21,11,0,159,107,52,0
Li32,LC17,55,27,28,0,159,79,80,0
LC18,LT74,60,25,35,0,159,67,92,0
LT1d,T3,72,14,58,0,159,28,131,0
LCe01b,LC10a,65,39,26,0,159,98,61,0
MTe46,cM04,16,9,7,0,159,75,84,0
MTe46,LTe13,6,3,3,0,159,84,75,0
LT78,LC28a,33,23,10,0,159,107,52,0
LC10d,LC10d,54,27,27,0,159,89,70,0
cL08,LC21,42,21,21,0,159,81,78,0
cL20,Tlp1,49,22,27,0,159,74,85,0
cM07,LPLC2,54,38,16,0,159,114,45,0
MeMe_e03,Sm12,21,10,11,0,159,75,84,0
LT56,LC31a,26,14,12,0,159,111,48,0
cL06,LC24,34,18,16,0,159,95,64,0
cM14,aMe5,26,13,13,0,159,104,55,0
cM10,MTe51,46,22,24,0,159,76,83,0
T2a,Pm08,67,34,33,0,158,79,79,0
TmY20,LC36,61,30,31,0,158,79,79,0
TmY31,LTe42b,41,23,18,0,158,85,73,0
Tm3,Pm12,58,27,31,0,158,70,88,0
Y4,Y3,69,36,33,0,158,81,77,0
Tm5e,Li17,65,25,40,0,158,64,94,0
Tm20,LT34,68,33,35,0,158,78,80,0
TmY4,Li16,65,30,35,0,158,73,85,0
Tm35,Mi14,57,27,30,0,158,78,80,0
TmY10,LTe01,61,40,21,0,158,106,52,0
Tm32,LC40,57,27,30,0,158,77,81,0
MLt3,LC21,65,34,31,0,158,77,81,0
Sm25,T2a,66,38,28,0,158,95,63,0
Li22,LMt3,47,28,19,0,158,103,55,0
Li28,Tm34,56,32,24,0,158,86,72,0
Sm42,MeTu4b,18,11,7,0,158,127,31,0
Li33,LT59,2,1,1,0,158,72,86,0
Pm13,MeMe_e08,20,9,11,0,158,80,78,0
Pm13,MTe34,3,1,2,0,158,58,100,0
LC15,LC31c,39,23,16,0,158,78,80,0
MeLp1,LPLC4,47,36,11,0,158,123,35,0
cL22a,LT59,2,1,1,0,158,73,85,0
LPC2,LPT48_vCal3,47,28,19,0,158,100,58,0
cL18,LT66,4,1,3,0,158,73,85,0
cM01c,Sm14,19,10,9,0,158,83,75,0
LTe33,cL10,5,2,3,0,158,57,101,0
LT40,LC4,40,18,22,0,158,81,77,0
cL06,MeTu4c,32,16,16,0,158,80,78,0
mALC4,LPLC4,30,13,17,0,158,61,97,0
aMe24,aMe4,13,5,8,0,158,73,85,0
Pm01,Pm07,66,37,29,0,157,90,67,0
Dm2,Sm11,51,24,27,0,157,82,75,0
L3,MTe07,62,36,26,0,157,90,67,0
Tm33,Tm37,68,35,33,0,157,83,74,0
Tm33,LC28a,50,29,21,0,157,95,62,0
Mi10,Dm4,63,34,29,0,157,85,72,0
TmY4,Sm09,66,34,32,0,157,80,77,0
TmY4,cL05,49,24,25,0,157,79,78,0
LPi05,Nod3,35,24,11,0,157,106,51,0
Dm3q,TmY4,71,40,31,0,157,92,65,0
Tm5d,LTe08,50,25,25,0,157,90,67,0
TmY15,LC14a1,51,26,25,0,157,75,82,0
Li21,LMa2,41,21,20,0,157,85,72,0
Tm5d,Sm12,66,32,34,0,157,75,82,0
Pm07,Sm42,33,14,19,0,157,76,81,0
Tm3,LT51,62,19,43,0,157,49,108,0
Tm2,TmY11,58,21,37,0,157,49,108,0
TmY9q,Dm17,61,32,29,0,157,82,75,0
Dm8b,aMe12,66,40,26,0,157,97,60,0
MLt2,Tm32,55,27,28,0,157,79,78,0
Li18,LPLC1,70,40,30,0,157,91,66,0
MLt2,LTe04,33,15,18,0,157,65,92,0
LMa3,LC10a,58,26,32,0,157,70,87,0
TmY20,LC40,63,34,29,0,157,87,70,0
LPi08,Y11,53,35,18,0,157,98,59,0
Tm5c,LC14a2,46,27,19,0,157,100,57,0
LC10a,LT66,54,31,23,0,157,93,64,0
LLPC1,LMt4,48,31,17,0,157,101,56,0
LC14b,MLt3,25,18,7,0,157,115,42,0
LC18,Li17,57,26,31,0,157,67,90,0
cL22a,LTe75,2,1,1,0,157,79,78,0
LC14a1,LC26,35,22,13,0,157,81,76,0
MTe54,Sm42,32,21,11,0,157,120,37,0
aMe12,aMe4,26,18,8,0,157,116,41,0
aMe17b,MTe19,4,2,2,0,157,85,72,0
cM18,CB0816,4,2,2,0,157,87,70,0
aMe26,5-HTPMPV01,8,2,3,3,157,11,84,62
MTe01b,MTe29,11,5,5,1,157,79,73,5
cL10,aMe8,4,2,2,0,157,75,82,0
MTe51,Tm20,62,7,55,0,157,17,140,0
cLLP02,Li05,63,25,38,0,157,59,98,0
cLLP02,LC10b,53,26,27,0,157,87,70,0
LTe26,LC15,26,15,11,0,157,87,70,0
AVLP151,cMLLP02,6,2,1,3,157,78,54,25
VST1,LPT58,3,0,0,3,157,0,0,157
TmY5a,Tm5e,57,19,38,0,156,51,105,0
Tm35,Tm5a,65,35,30,0,156,81,75,0
Y3,cLP02,46,14,32,0,156,53,103,0
Y3,Tm21,68,31,37,0,156,71,85,0
Y3,Tm31,62,31,31,0,156,83,73,0
Y11,LMt1,57,29,28,0,156,86,70,0
Sm03,Tm8b,50,23,27,0,156,73,83,0
Tm16,MTe41,58,31,27,0,156,80,76,0
LMa1,LC14a2,31,16,15,0,156,77,79,0
Tm37,Li13,61,32,29,0,156,82,74,0
Sm27,Sm32,47,23,24,0,156,77,79,0
Y1,Li30,60,33,27,0,156,90,66,0
LMa2,LC31b,38,23,15,0,156,80,76,0
MLt1,LTe71,32,18,14,0,156,93,63,0
TmY5a,LTe30,56,24,32,0,156,69,87,0
LPi14,Y11,49,22,27,0,156,70,86,0
Li31,LTe26,2,1,1,0,156,57,99,0
LPi12,LLPC1,54,37,17,0,156,107,49,0
LC10b,cL22c,30,14,16,0,156,64,92,0
LC28a,LTe10,25,15,10,0,156,99,57,0
LC14a1,LMa4,34,19,15,0,156,98,58,0
LC28a,LC14a2,30,19,11,0,156,97,59,0
LTe67,LTe67,4,2,2,0,156,77,79,0
MeLp2,Nod3,2,1,1,0,156,97,59,0
LTe64,cM14,6,0,1,5,156,0,11,145
cLP05,cL20,4,1,1,2,156,67,45,44
CB0472,Li02,31,21,10,0,156,94,62,0
LT84,LTe42a,2,1,1,0,156,70,86,0
cM14,CB0816,4,2,2,0,156,89,67,0
aMe6a,cL10,2,1,1,0,156,43,113,0
Mi13,TmY3,67,33,34,0,155,73,82,0
Tm20,Li16,57,32,25,0,155,95,60,0
Tm5e,Dm20,71,40,31,0,155,88,67,0
Tm5a,MTe51,34,0,34,0,155,0,155,0
TmY9q⊥,LT63,58,25,33,0,155,66,89,0
T2,TmY9q,65,31,34,0,155,81,74,0
TmY5a,Y4,64,28,36,0,155,64,91,0
Tm4,Tm25,69,31,38,0,155,67,88,0
Li12,LT77,28,15,13,0,155,61,94,0
Y4,TmY5a,60,33,27,0,155,82,73,0
Tm4,LC10d,61,33,28,0,155,83,72,0
Dm13,Mi14,67,42,25,0,155,100,55,0
Sm27,Sm02,61,37,24,0,155,97,58,0
Dm16,Tm4,73,43,30,0,155,91,64,0
Dm6,Tm3,71,36,35,0,155,78,77,0
Y12,LMt1,61,25,36,0,155,67,88,0
Sm10,MTe12,47,25,22,0,155,70,85,0
Mi10,OA-AL2i2,67,35,32,0,155,79,76,0
MLt1,MeMe_e07,51,28,23,0,155,84,71,0
MLt1,Mi9,68,36,32,0,155,83,72,0
LPi15,VS6,2,1,1,0,155,115,40,0
Sm42,Sm30,15,7,8,0,155,77,78,0
LPi13,LLPt,32,26,6,0,155,138,17,0
LT55,LC27,19,9,10,0,155,75,80,0
LC10d,LT69,28,15,13,0,155,80,75,0
LC14b,LPC1,29,16,13,0,155,88,67,0
LT11,LT53,8,4,4,0,155,87,68,0
LC14a1,LMa3,34,20,14,0,155,86,69,0
MeMe_e02,Sm33,19,10,9,0,155,90,65,0
MTe50,MTe51,56,25,31,0,155,69,86,0
cL02d,Li33,3,1,2,0,155,66,89,0
MTe01a,MTe51,51,29,22,0,155,85,70,0
MTe51,MTe34,24,10,14,0,155,67,88,0
aMe1,LTe71,4,2,2,0,155,84,71,0
MeLp2,Tlp5,37,20,17,0,155,91,64,0
mALD1,LTe36,2,1,1,0,155,92,63,0
cL06,LT64,5,2,3,0,155,93,62,0
aMe3,CB0802,2,1,1,0,155,45,110,0
LTe21,LPT51,2,1,1,0,155,78,77,0
Tm27,T2a,65,28,37,0,154,64,90,0
TmY5a,Mi1,57,31,26,0,154,85,69,0
LMt2,Pm09,57,24,33,0,154,56,98,0
Pm01,Pm06,70,41,29,0,154,92,62,0
TmY31,Mi1,66,34,32,0,154,79,75,0
MLt6,LTe16,31,18,13,0,154,85,69,0
LLPt,LPT26,28,16,12,0,154,102,52,0
Mi4,Mi15,67,38,29,0,154,85,69,0
Y3,LC35,60,32,28,0,154,84,70,0
Dm20,Tm16,68,38,30,0,154,86,68,0
Tm4,Tm5e,63,28,35,0,154,67,87,0
Tm4,Dm12,69,35,34,0,154,76,78,0
Dm14,Mi13,71,42,29,0,154,90,64,0
Tm37,LT79,58,22,36,0,154,62,92,0
Tm8a,LT72,40,17,23,0,154,64,90,0
Mi10,Tm5f,61,25,36,0,154,66,88,0
TmY9q⊥,LC13,60,31,29,0,154,80,74,0
Li26,TmY15,59,36,23,0,154,95,59,0
MLt1,MTe11,31,15,16,0,154,88,66,0
LPi14,VS2,4,2,2,0,154,124,30,0
LPi01,TmY5a,58,33,25,0,154,81,73,0
Li30,LC10d,53,32,21,0,154,94,60,0
LC40,LT52,42,21,21,0,154,78,76,0
LLPC1,TmY14,64,34,30,0,154,80,74,0
LT34,LCe01a,19,11,8,0,154,95,59,0
H1,Nod5,2,1,1,0,154,97,57,0
cM11,Sm06,27,0,27,0,154,0,154,0
MTe47,cM07,8,4,4,0,154,101,53,0
CB0592,LT56,2,1,1,0,154,89,65,0
DCH,Tm27,66,53,13,0,154,125,29,0
aMe3,aMe17c,4,2,2,0,154,64,90,0
cMLLP01,LT74,5,2,3,0,154,55,99,0
Y3,LT42,64,28,36,0,153,63,90,0
Sm10,MLt3,45,24,21,0,153,68,85,0
Mi9,T1,69,41,28,0,153,91,62,0
TmY20,LPTe02,54,34,20,0,153,101,52,0
T4b,TmY5a,70,42,28,0,153,93,60,0
TmY3,MTe53,48,12,36,0,153,37,116,0
Mi10,Dm6,59,35,24,0,153,95,58,0
Tlp1,LC10a,55,29,26,0,153,82,71,0
Dm8a,Sm05,60,32,28,0,153,75,78,0
TmY16,TmY9q⊥,66,37,29,0,153,86,67,0
Tm5b,Sm12,61,26,35,0,153,62,91,0
Sm07,Dm9,53,44,9,0,153,134,19,0
Li05,cL18,58,28,30,0,153,77,76,0
L3,Tm1,41,17,24,0,153,47,106,0
Tm16,LTe42b,32,14,18,0,153,73,80,0
Tm5b,Tm8a,43,29,14,0,153,101,52,0
Sm31,Dm8b,29,3,26,0,153,7,146,0
MLt1,LT51,14,7,7,0,153,68,85,0
Li28,LCe02,39,21,18,0,153,87,66,0
Li28,LC40,24,12,12,0,153,64,89,0
Sm35,Sm35,12,6,6,0,153,55,98,0
LC28a,Li05,50,27,23,0,153,90,63,0
LC14a1,Li15,39,18,21,0,153,79,74,0
MeTu4a,Sm03,59,34,25,0,153,92,61,0
LTe01,LT51,28,15,13,0,153,85,68,0
CB0816,aMe1,8,4,4,0,153,88,65,0
LT79,Tm5f,67,28,39,0,153,64,89,0
LPT54,Tm32,48,25,23,0,153,78,75,0
LT69,LPLC4,29,15,14,0,153,79,74,0
MeMe_e04,Sm08,32,15,17,0,153,72,81,0
VCH,Nod5,2,1,1,0,153,100,53,0
LLPC3,PLP035,16,16,0,0,153,153,0,0
LLPC1,PLP035,17,17,0,0,153,153,0,0
MTe51,PLP252,15,15,0,0,153,153,0,0
Tm5c,Mi13,67,36,31,0,152,81,71,0
TmY14,T2,63,24,39,0,152,53,99,0
TmY5a,LCe07,65,28,37,0,152,70,82,0
Tlp4,TmY5a,65,44,21,0,152,99,53,0
TmY31,Sm12,64,31,33,0,152,77,75,0
Sm08,MeTu4c,51,23,28,0,152,70,82,0
Tm3,Y4,64,43,21,0,152,103,49,0
T2,LC13,66,35,31,0,152,78,74,0
Y3,LPi06,60,49,11,0,152,125,27,0
Mi4,MTe04,61,37,24,0,152,90,62,0
TmY16,Pm05,61,28,33,0,152,71,81,0
Li10,LC10c,60,26,34,0,152,68,84,0
TmY14,LMa2,63,32,31,0,152,74,78,0
LMa5,LMa3,35,24,11,0,152,116,36,0
Y1,LTe52,35,16,19,0,152,71,81,0
Tm16,Sm31,63,34,29,0,152,82,70,0
Li10,Tm35,63,31,32,0,152,80,72,0
Tm5c,MTe33,58,33,25,0,152,86,66,0
Y1,LMa3,51,32,19,0,152,99,53,0
Tm8a,TmY16,60,42,18,0,152,107,45,0
Mi10,Mi1,68,42,26,0,152,94,58,0
Dm9,Mi9,63,48,15,0,152,115,37,0
LMt1,LTe20,32,17,15,0,152,79,73,0
Li10,Li08,69,41,28,0,152,91,61,0
Li15,LC18,65,32,33,0,152,74,78,0
Li04,cM08c,37,22,15,0,152,79,73,0
Li11,LTe08,38,17,21,0,152,68,84,0
Li27,Li13,48,26,22,0,152,80,72,0
Li33,LTe31,2,1,1,0,152,75,77,0
MTe52,MeLp2,19,11,8,0,152,99,53,0
MTe51,MTe08,53,27,26,0,152,83,69,0
cL20,LC15,36,22,14,0,152,104,48,0
cL21,LC15,57,27,30,0,152,77,75,0
cM07,Lawf1,54,36,18,0,152,101,51,0
cM02a,Tm34,32,16,16,0,152,76,76,0
LC20b,LC14a2,38,21,17,0,152,81,71,0
OA-ASM1,Li18,56,28,28,0,152,77,75,0
cM15,Pm04,42,25,17,0,152,101,51,0
LT36,LC15,41,18,23,0,152,57,95,0
cL05,LC21,23,11,12,0,152,68,84,0
cMLLP01,LT80,4,2,2,0,152,95,57,0
Li06,Y4,59,22,37,0,151,57,94,0
Dm2,MTe23,64,26,38,0,151,63,88,0
Pm04,Pm07,55,24,31,0,151,65,86,0
Tm35,LC28a,56,24,32,0,151,60,91,0
LPi10,Am1,38,20,18,0,151,85,66,0
Li12,LCe02,41,28,13,0,151,108,43,0
Sm27,MeTu4a,48,29,19,0,151,98,53,0
LLPt,Y4,58,29,29,0,151,81,70,0
Sm27,Tm20,65,34,31,0,151,82,69,0
T2a,LMa4,57,22,35,0,151,48,103,0
TmY31,LC41,52,27,25,0,151,71,80,0
LPi09,LPC2,60,39,21,0,151,101,50,0
Li30,LT72,2,1,1,0,151,70,81,0
Li29,LC21,50,26,24,0,151,77,74,0
LPLC2,LTe20,53,26,27,0,151,72,79,0
LC10e,LC37a,40,18,22,0,151,70,81,0
MeTu4a,LT51,44,20,24,0,151,73,78,0
MTe54,TmY5a,67,32,35,0,151,76,75,0
MeTu3b,Sm34,49,31,18,0,151,101,50,0
LTe58,PLP251,5,2,3,0,151,78,73,0
cL18,Li32,4,2,2,0,151,65,86,0
OA-AL2i2,LMa3,43,24,19,0,151,85,66,0
MTe47,cM17,7,3,4,0,151,75,76,0
cL15,cL20,3,1,1,1,151,51,64,36
Nod2,cLP01,16,0,3,13,151,0,24,127
TmY31,LT78,57,28,29,0,150,72,78,0
Tm5f,Sm42,57,32,25,0,150,87,63,0
Tm5b,Dm8b,64,23,41,0,150,52,98,0
Tm5c,Tm1,62,35,27,0,150,83,67,0
L2,Dm14,58,27,31,0,150,73,77,0
MLt5,Sm32,57,29,28,0,150,73,77,0
Tm1,Tm1,38,15,23,0,150,36,114,0
T1,Dm19,50,34,16,0,150,105,45,0
Y4,LT51,42,15,27,0,150,57,93,0
Tm5d,LC20b,54,29,25,0,150,70,80,0
Tlp4,H1,46,34,12,0,150,113,37,0
LMa1,LC31a,31,15,16,0,150,101,49,0
Y3,Pm01,55,21,34,0,150,45,105,0
Y11,Tlp1,60,37,23,0,150,88,62,0
Tm4,Pm06,70,42,28,0,150,94,56,0
Tm1,LMa1,21,14,7,0,150,97,53,0
LPi15,VS7,2,1,1,0,150,109,41,0
Sm36,MLt2,57,28,29,0,150,77,73,0
LC28a,LTe36,18,7,11,0,150,84,66,0
LC28a,LC33a,40,20,20,0,150,73,77,0
cM09,aMe19a,6,4,2,0,150,69,81,0
LC14a2,Y3,53,23,30,0,150,64,86,0
LC34,cL22a,14,7,7,0,150,64,86,0
LT52,Tm8a,46,23,23,0,150,72,78,0
mALD1,LTe58,11,6,5,0,150,75,75,0
cM12,Tm35,47,25,22,0,150,83,67,0
cL09,Li26,8,4,4,0,150,104,46,0
LPT47_vCal2,cLP03,7,1,0,6,150,5,0,145
PLP022,LTe38a,4,4,0,0,150,150,0,0
LMt2,MeLp2,31,13,18,0,149,70,79,0
Li06,LTe20,44,20,24,0,149,55,94,0
Tm32,Sm06,59,24,35,0,149,61,88,0
Tm32,LTe60,35,14,21,0,149,62,87,0
Tm3,LMa1,56,26,30,0,149,70,79,0
Sm34,Sm36,30,16,14,0,149,88,61,0
TmY10,LCe04,53,28,25,0,149,80,69,0
R7,Tm5c,59,29,30,0,149,78,71,0
Tm7,TmY20,53,24,29,0,149,66,83,0
LMa5,TmY15,48,30,18,0,149,96,53,0
Sm01,Sm06,49,6,43,0,149,14,135,0
Y1,LMa4,54,33,21,0,149,97,52,0
Li03,LTe08,35,17,18,0,149,73,76,0
Tm5e,LC21,66,26,40,0,149,61,88,0
Tlp5,LLPC2,53,38,15,0,149,112,37,0
Sm07,MLt2,57,23,34,0,149,63,86,0
Tm5b,LC24,44,17,27,0,149,60,89,0
MLt3,LC31c,30,14,16,0,149,71,78,0
Tm5a,Li10,50,29,21,0,149,68,81,0
Li17,LC31a,47,34,13,0,149,112,37,0
TmY4,LT64,50,37,13,0,149,109,40,0
Tm31,LMa1,43,27,16,0,149,106,43,0
TmY15,Li21,57,32,25,0,149,86,63,0
Li28,LC31a,37,23,14,0,149,90,59,0
TmY11,LLPC4,29,14,15,0,149,79,70,0
Li33,Li13,34,17,17,0,149,82,67,0
MeMe_e01,Sm14,40,27,13,0,149,104,45,0
LC9,LLPC1,59,32,27,0,149,85,64,0
MeMe_e08,TmY11,68,32,36,0,149,73,76,0
LC29,LC19,47,26,21,0,149,80,69,0
LPLC4,cL14,33,16,17,0,149,64,85,0
LT52,LLPC1,47,22,25,0,149,65,84,0
cL08,LC9,51,17,34,0,149,45,104,0
cLP01,LPLC2,63,53,10,0,149,127,22,0
cL18,Li02,48,31,17,0,149,98,51,0
cM07,T2,65,44,21,0,149,105,44,0
MeMe_e05,cM09,6,4,2,0,149,95,54,0
cM03,Sm08,51,25,26,0,149,77,72,0
aMe17a2,MTe50,36,16,20,0,149,63,86,0
aMe17a2,PDt,11,6,5,0,149,77,72,0
cM13,Sm25,17,9,8,0,149,70,79,0
Y11,TmY16,63,48,15,0,148,111,37,0
TmY4,LPi05,57,32,25,0,148,84,64,0
LLPt,LC10c,58,31,27,0,148,82,66,0
Tm20,Tm7,45,18,27,0,148,62,86,0
Sm30,Sm06,55,34,21,0,148,94,54,0
LPi08,Tlp1,61,48,13,0,148,117,31,0
TmY10,aMe17a2,55,32,23,0,148,82,66,0
Y1,Tm4,63,28,35,0,148,72,76,0
LPi07,LPT23,44,26,18,0,148,72,76,0
LPi11,TmY14,45,18,27,0,148,43,105,0
Dm15,Dm14,64,35,29,0,148,83,65,0
Li03,LTe76,18,11,7,0,148,63,85,0
Tm7,Li32,44,26,18,0,148,93,55,0
Tm25,LC9,16,3,13,0,148,8,140,0
LMt4,TmY5a,66,38,28,0,148,85,63,0
MLt1,MTe34,26,12,14,0,148,63,85,0
Li24,LT82a,22,13,9,0,148,82,66,0
Sm36,Tm27,63,30,33,0,148,76,72,0
MTe45,aMe22,2,1,1,0,148,82,66,0
LLPC3,LC14a1,44,19,25,0,148,69,79,0
LPT54,LPC2,30,21,9,0,148,111,37,0
LPT54,PDt,9,5,4,0,148,74,74,0
LC22,LCe06,32,19,13,0,148,95,53,0
aMe19b,cM08c,5,2,3,0,148,60,88,0
aMe17a2,MLt6,42,18,24,0,148,65,83,0
LTe40,LTe41,2,1,1,0,148,83,65,0
OA-AL2i1,LMa4,31,17,14,0,148,77,71,0
MTe28,aMe17a1,2,1,1,0,148,75,73,0
aMe19a,cM08b,4,2,2,0,148,86,62,0
vCal1,cLP03,14,2,3,9,148,17,19,112
Y3,LT43,32,18,14,0,147,80,67,0
Sm24,MTe01b,32,21,11,0,147,97,50,0
Tm3,Mi2,60,27,33,0,147,58,89,0
Y1,DCH,46,28,18,0,147,97,50,0
Dm2,Sm10,57,31,26,0,147,87,60,0
C2,Dm1,61,35,26,0,147,82,65,0
TmY20,LC28a,59,31,28,0,147,72,75,0
LPi10,LPT23,47,29,18,0,147,92,55,0
TmY10,Tm7,61,40,21,0,147,94,53,0
Sm06,TmY10,55,6,49,0,147,15,132,0
Sm09,Sm42,52,28,24,0,147,85,62,0
Tm4,LTe52,56,28,28,0,147,70,77,0
Pm10,Pm03,60,29,31,0,147,68,79,0
Y11,T4b,66,40,26,0,147,92,55,0
T4d,TmY20,58,47,11,0,147,120,27,0
Pm09,Mi13,42,17,25,0,147,70,77,0
MLt3,LCe06,47,28,19,0,147,83,64,0
Sm21,DmDRA1,47,30,17,0,147,105,42,0
Dm6,Dm14,21,16,5,0,147,133,14,0
Li28,LC29,39,19,20,0,147,70,77,0
LPi12,Am1,2,1,1,0,147,84,63,0
MTe03,Tm8a,47,22,25,0,147,74,73,0
LT66,Li17,21,13,8,0,147,97,50,0
LC40,LTe64,32,14,18,0,147,62,85,0
cM19,LPT54,9,5,4,0,147,63,84,0
cL21,Tm1,66,35,31,0,147,77,70,0
HSS,LPi14,4,2,2,0,147,79,68,0
MeMe_e03,Sm09,33,14,19,0,147,66,81,0
MTe47,LPLC1,52,29,23,0,147,86,61,0
cL22b,LC10a,38,17,21,0,147,73,74,0
cM14,cM01b,2,1,1,0,147,78,69,0
MTe17,MTe01b,29,13,16,0,147,64,83,0
cL11,MLt2,43,21,22,0,147,70,77,0
cM15,TmY15,59,31,28,0,147,80,67,0
cL04,LPLC4,44,21,23,0,147,75,72,0
cMLLP01,LC10c,39,20,19,0,147,75,72,0
aMe17a1,Sm06,17,3,14,0,147,9,138,0
Tm27,Pm04,63,36,27,0,146,81,65,0
Mi4,TmY9q,56,29,27,0,146,71,75,0
Tm3,Tm1,46,14,32,0,146,34,112,0
Sm19,Sm31,41,25,16,0,146,91,55,0
R1-6,L4,55,28,27,0,146,73,73,0
Pm05,Lawf2,49,24,25,0,146,74,72,0
T5b,Li14,67,37,30,0,146,79,67,0
TmY3,Dm13,67,40,27,0,146,87,59,0
MLt5,MTe04,43,30,13,0,146,113,33,0
Li12,LCe01a,41,26,15,0,146,93,53,0
Sm40,MTe01a,37,30,7,0,146,113,33,0
Tm7,LC6,61,30,31,0,146,65,81,0
Mi15,Dm8b,62,36,26,0,146,80,66,0
Tm37,LTe38c,30,13,17,0,146,74,72,0
Sm07,aMe26,54,32,22,0,146,85,61,0
Sm41,MeMe_e01,12,6,6,0,146,68,78,0
Tm5b,LT51,45,20,25,0,146,78,68,0
Pm14,Tm36,55,34,21,0,146,96,50,0
Li32,cL16,3,2,1,0,146,93,53,0
Li30,Tm5b,54,33,21,0,146,90,56,0
LPi13,Tm27,55,44,11,0,146,116,30,0
LC10d,Li09,57,32,25,0,146,83,63,0
LLPC2,Li06,64,38,26,0,146,91,55,0
cLP02,Tlp14,60,42,18,0,146,102,44,0
LC9,LC31a,46,25,21,0,146,85,61,0
LC6,LC10a,56,25,31,0,146,73,73,0
MTe41,Y4,47,23,24,0,146,74,72,0
MeTu4a,Li12,40,21,19,0,146,79,67,0
LT57,LT86,14,7,7,0,146,82,64,0
LT70,LC17,54,31,23,0,146,85,61,0
aMe10,aMe10,6,0,0,6,146,0,0,146
MeMe_e06,Sm08,40,19,21,0,146,68,78,0
MTe12,MTe35,6,3,3,0,146,82,64,0
cM13,LT58,2,1,1,0,146,76,70,0
OA-ASM1,Li31,8,4,4,0,146,63,83,0
LT53,cL04,11,5,6,0,146,72,74,0
LTe17,LT51,19,9,10,0,146,65,81,0
cL22c,Li10,11,3,8,0,146,10,136,0
Tm27,Li06,62,38,24,0,145,91,54,0
Y4,LC22,52,23,29,0,145,63,82,0
Tm4,Tlp4,52,33,19,0,145,94,51,0
TmY11,LTe15,56,33,23,0,145,84,61,0
TmY4,TmY10,62,28,34,0,145,63,82,0
Tm5f,LC25,63,20,43,0,145,42,103,0
Tm20,cM08a,60,35,25,0,145,83,62,0
MLt2,Li10,55,23,32,0,145,61,84,0
TmY3,MTe52,59,33,26,0,145,79,66,0
TmY9q⊥,LT53,53,31,22,0,145,86,59,0
Tm16,LTe13,42,15,27,0,145,48,97,0
L3,Sm26,47,29,18,0,145,86,59,0
Li05,TmY5a,64,29,35,0,145,68,77,0
TmY15,LMt1,61,35,26,0,145,80,65,0
Pm05,Mi4,60,31,29,0,145,78,67,0
LMa4,LT11,30,15,15,0,145,85,60,0
Tm1,Tm3,45,15,30,0,145,38,107,0
Li13,Li09,60,27,33,0,145,66,79,0
Y1,LC10d,57,29,28,0,145,82,63,0
Pm09,Am1,42,25,17,0,145,87,58,0
Y3,Li08,64,28,36,0,145,64,81,0
Mi10,Tm31,58,35,23,0,145,89,56,0
Y3,LPT49,57,44,13,0,145,112,33,0
Dm2,MeMe_e04,51,39,12,0,145,117,28,0
Li01,LPLC1,51,27,24,0,145,73,72,0
LPi10,LMa4,55,34,21,0,145,97,48,0
Li11,LT84,19,12,7,0,145,73,72,0
Li31,LC29,33,18,15,0,145,86,59,0
MTe45,cM09,5,3,2,0,145,71,74,0
LC10b,LC46,40,22,18,0,145,77,68,0
cM08c,MTe28,5,3,2,0,145,122,23,0
LLPC2,LPT31,38,29,9,0,145,123,22,0
LC12,LC12,29,23,6,0,145,116,29,0
MTe48,LNda,2,1,1,0,145,86,59,0
LC28a,LTe49a,21,11,10,0,145,101,44,0
MeMe_e05,Sm08,39,20,19,0,145,85,60,0
cMLLP02,LPi06,34,26,8,0,145,121,24,0
OA-AL2i2,Am1,4,2,2,0,145,76,69,0
mALC5,LC45,19,9,10,0,145,78,67,0
CB0592,Lawf2,52,20,32,0,145,51,94,0
CB0592,MeMe_e08,19,0,0,19,145,0,0,145
OA-AL2i1,Li33,2,1,1,0,145,82,63,0
cMLLP01,LC10d,40,24,16,0,145,80,65,0
Tm36,Tm36,62,33,29,0,144,74,70,0
Tm5a,Li01,63,36,27,0,144,82,62,0
Tm5f,Dm8a,63,37,26,0,144,82,62,0
TmY9q,Y4,62,31,31,0,144,66,78,0
Tm3,Am1,58,24,34,0,144,52,92,0
TmY10,OA-AL2b1,60,19,41,0,144,44,100,0
Tm36,Li02,60,38,22,0,144,90,54,0
Li20,Li17,53,27,26,0,144,67,77,0
Sm34,Sm13,47,27,20,0,144,87,57,0
Li02,LTe64,35,19,16,0,144,91,53,0
Tm5a,Tm7,57,32,25,0,144,72,72,0
Li21,Li31,16,9,7,0,144,66,78,0
Tlp5,LPi14,51,29,22,0,144,81,63,0
TmY20,LTe09,49,25,24,0,144,82,62,0
Tm16,LC34,48,21,27,0,144,57,87,0
TmY31,Y3,64,42,22,0,144,94,50,0
Sm27,MTe47,23,11,12,0,144,72,72,0
Li18,LT79,30,13,17,0,144,61,83,0
Li12,LC21,56,27,29,0,144,70,74,0
Sm07,MeTu4a,48,29,19,0,144,80,64,0
MLt1,Tm34,49,22,27,0,144,57,87,0
TmY15,LPi08,59,46,13,0,144,113,31,0
Dm8a,MTe40,44,30,14,0,144,103,41,0
LPi15,LPi12,2,1,1,0,144,83,61,0
LC9,LMa5,51,35,16,0,144,101,43,0
LC28a,LC26,49,30,19,0,144,90,54,0
LC11,LC21,62,22,40,0,144,50,94,0
LC14a2,Tm16,44,26,18,0,144,84,60,0
MTe01b,Sm41,32,14,18,0,144,63,81,0
LC40,LC40,30,16,14,0,144,86,58,0
MTe42,MTe27,2,1,1,0,144,59,85,0
VCH,TmY4,53,28,25,0,144,71,73,0
cM08b,Tm5c,59,32,27,0,144,70,74,0
LTe17,LC10b,31,19,12,0,144,87,57,0
LPT27,Y12,42,15,27,0,144,54,90,0
LT58,MTe01b,20,11,9,0,144,71,73,0
cM10,T2a,60,26,34,0,144,65,79,0
Li03,LC29,44,28,16,0,143,92,51,0
Tm37,LC21,57,16,41,0,143,42,101,0
C3,Mi13,53,21,32,0,143,58,85,0
T5c,LPT31,63,43,20,0,143,98,45,0
TmY11,LTe01,47,29,18,0,143,94,49,0
Y3,Y1,44,16,28,0,143,40,103,0
Tm9,Tm25,57,23,34,0,143,55,88,0
Li10,aMe20,46,28,18,0,143,86,57,0
Li06,LC21,55,21,34,0,143,62,81,0
Mi4,OA-AL2i1,62,38,24,0,143,87,56,0
TmY15,Tm21,64,35,29,0,143,81,62,0
Mi10,Mi13,60,33,27,0,143,80,63,0
Tm5b,Li10,38,16,22,0,143,64,79,0
Tm35,Tm33,55,28,27,0,143,77,66,0
LMa4,Li17,54,30,24,0,143,73,70,0
Sm03,Sm40,53,31,22,0,143,81,62,0
Tlp1,LTe64,35,13,22,0,143,56,87,0
TmY9q⊥,LPi05,54,41,13,0,143,109,34,0
Sm25,Tm34,51,32,19,0,143,92,51,0
Tm8a,LTe03,32,17,15,0,143,91,52,0
Li32,Tm5b,59,30,29,0,143,77,66,0
LC16,LC31a,49,25,24,0,143,77,66,0
LC10d,LT51,25,12,13,0,143,72,71,0
MeLp1,OA-AL2b2,8,0,0,8,143,0,0,143
LPTe01,Tlp4,35,27,8,0,143,121,22,0
cM08c,MLt7,37,15,22,0,143,51,92,0
MTe25,MTe01a,36,25,11,0,143,101,42,0
cL21,CT1,4,2,2,0,143,80,63,0
cL21,LMt1,44,26,18,0,143,89,54,0
LC37a,LC28a,43,29,14,0,143,103,40,0
LT40,LMt3,25,13,12,0,143,76,67,0
cM08c,MTe50,21,12,9,0,143,71,72,0
mALC6,LTe51,4,2,2,0,143,62,81,0
CB0472,CB0472,2,0,0,2,143,0,0,143
LT80,LMa3,28,14,14,0,143,74,69,0
cML01,Sm05,48,28,20,0,143,82,61,0
Dm15,Mi13,61,23,38,0,142,53,89,0
TmY4,LT73,48,19,29,0,142,56,86,0
Mi9,Tm25,58,26,32,0,142,60,82,0
Dm3v,TmY5a,57,23,34,0,142,53,89,0
Tm21,Tm3,63,26,37,0,142,55,87,0
TmY31,TmY20,58,30,28,0,142,66,76,0
Tm5a,Tm20,56,30,26,0,142,78,64,0
Tm5a,Tm5b,46,21,25,0,142,48,94,0
Tm5d,Sm31,56,30,26,0,142,79,63,0
TmY20,LTe38a,49,20,29,0,142,59,83,0
Y11,Li28,59,35,24,0,142,83,59,0
Tm4,Lawf1,59,32,27,0,142,73,69,0
MLt5,LTe53,34,21,13,0,142,90,52,0
Tm16,Pm12,53,19,34,0,142,48,94,0
Tm7,Tm34,39,20,19,0,142,67,75,0
Sm31,Tm7,52,26,26,0,142,62,80,0
TmY31,PLP251,33,12,21,0,142,58,84,0
LPi02,LPi10,48,32,16,0,142,94,48,0
Tm8a,Sm32,51,22,29,0,142,60,82,0
R7,MeTu2b,43,29,14,0,142,102,40,0
Sm11,Sm31,31,16,15,0,142,64,78,0
LPi15,LPLC4,41,24,17,0,142,72,70,0
LPi15,VS8,2,1,1,0,142,109,33,0
Li28,LC31b,13,7,6,0,142,68,74,0
LPi09,vCal1,16,9,7,0,142,103,39,0
TmY20,LC39,42,18,24,0,142,71,71,0
Li24,Li10,45,32,13,0,142,104,38,0
Sm42,MTe09,10,4,6,0,142,60,82,0
Li25,LMa5,45,29,16,0,142,97,45,0
Pm13,Lawf2,56,26,30,0,142,65,77,0
LLPC1,cM11,18,0,18,0,142,0,142,0
cM09,Lawf1,55,28,27,0,142,72,70,0
LC20b,Li10,48,26,22,0,142,67,75,0
MeMe_e08,Pm09,49,25,24,0,142,71,71,0
LT62,CB0143,2,1,0,1,142,118,0,24
LLPC1,Li02,52,37,15,0,142,97,45,0
LPC2,LPT42_Nod4,13,8,5,0,142,69,73,0
LC10b,LTe49f,29,17,12,0,142,83,59,0
LTe30,Li10,22,13,9,0,142,87,55,0
cM07,Dm1,39,18,21,0,142,70,72,0
mALD2,LTe16,2,1,1,0,142,70,72,0
mALD2,PLP004,1,0,1,0,142,0,142,0
cLP04,TmY20,28,21,7,0,142,118,24,0
LC45,LC22,11,10,1,0,142,140,2,0
H2,LPi10,28,18,10,0,142,101,41,0
TmY20,LC33a,53,26,27,0,141,70,71,0
Tm5f,LC10d,63,33,30,0,141,72,69,0
Tm32,MeMe_e06,38,16,22,0,141,65,76,0
Tm5e,LC37a,48,28,20,0,141,83,58,0
L1,Mi15,59,26,33,0,141,66,75,0
Pm04,C3,68,42,26,0,141,89,52,0
LLPt,LPT42_Nod4,28,17,11,0,141,90,51,0
Dm1,C2,59,33,26,0,141,81,60,0
Tm5a,Li11,44,24,20,0,141,89,52,0
Pm07,Pm02,57,33,24,0,141,78,63,0
Li10,Li13,53,31,22,0,141,88,53,0
Tm7,LCe05,52,28,24,0,141,77,64,0
LMa5,Pm12,49,32,17,0,141,93,48,0
TmY15,LT33,58,31,27,0,141,70,71,0
Y1,Tlp5,61,36,25,0,141,84,57,0
Pm09,LMa1,57,30,27,0,141,74,67,0
Tm16,LTe22,44,20,24,0,141,74,67,0
Sm27,MTe01b,46,20,26,0,141,59,82,0
LLPt,LC14a2,36,18,18,0,141,70,71,0
Tm5c,LCe01a,56,34,22,0,141,83,58,0
Y11,LPi11,45,36,9,0,141,122,19,0
Li15,LT11,22,12,10,0,141,87,54,0
Li30,Y3,54,24,30,0,141,56,85,0
Li23,TmY9q,27,11,16,0,141,65,76,0
LC28a,LC25,48,31,17,0,141,94,47,0
LLPC2,LPT26,23,15,8,0,141,112,29,0
LC9,LC11,58,27,31,0,141,58,83,0
MeTu1,MeTu4a,56,21,35,0,141,52,89,0
LC14a1,cL14,15,6,9,0,141,54,87,0
LPT51,CB0802,2,1,1,0,141,38,103,0
LT42,Tm5e,48,27,21,0,141,82,59,0
LC14a2,cL16,22,14,8,0,141,89,52,0
LC9,LMt4,48,31,17,0,141,95,46,0
cL08,Li32,2,1,1,0,141,56,85,0
LC24,Tm5d,52,35,17,0,141,99,42,0
OA-AL2i2,LMt2,46,33,13,0,141,106,35,0
MeMe_e07,MLt2,61,34,27,0,141,81,60,0
cM03,Sm07,55,26,29,0,141,63,78,0
CB0592,LMt3,27,14,13,0,141,69,72,0
cL15,LC10d,32,16,16,0,141,72,69,0
PLP023,MTe03,12,12,0,0,141,141,0,0
Y3,Tm1,60,19,41,0,140,42,98,0
Y3,Mi2,52,33,19,0,140,91,49,0
Tm27,T3,59,29,30,0,140,66,74,0
Tm3,Tm2,49,20,29,0,140,60,80,0
Li06,LC11,60,24,36,0,140,56,84,0
Tm32,MLt1,57,24,33,0,140,52,88,0
Li20,LMa4,47,19,28,0,140,58,82,0
MLt6,Li05,52,24,28,0,140,56,84,0
Tm5a,LC15,32,9,23,0,140,37,103,0
Tm7,Mi9,63,32,31,0,140,67,73,0
T3,Tm1,61,20,41,0,140,46,94,0
MLt7,Sm29,33,19,14,0,140,90,50,0
Mi15,Tm3,66,39,27,0,140,83,57,0
TmY9q,LT72,45,22,23,0,140,66,74,0
TmY5a,LLPC2,64,39,25,0,140,84,56,0
Tm16,LCe04,50,23,27,0,140,67,73,0
Tm21,Mi2,65,37,28,0,140,80,60,0
Sm27,Sm31,39,20,19,0,140,77,63,0
TmY4,LMt3,56,32,24,0,140,82,58,0
LMa3,LMa2,57,28,29,0,140,68,72,0
Tm16,T2a,56,24,32,0,140,54,86,0
Li13,LC10d,52,23,29,0,140,70,70,0
Dm6,TmY3,63,27,36,0,140,60,80,0
LPi14,TmY14,55,25,30,0,140,62,78,0
TmY15,Y11,61,49,12,0,140,115,25,0
LPi13,VST2,8,4,4,0,140,107,33,0
LT52,LC33a,35,22,13,0,140,81,59,0
LC28a,LTe33,35,20,15,0,140,81,59,0
MeTu3b,Mi15,59,21,38,0,140,52,88,0
MTe07,MeMe_e05,13,0,6,7,140,0,68,72
LTe15,cMLLP01,3,1,1,1,140,80,51,9
LPC2,LPi09,55,40,15,0,140,103,37,0
aMe17b,aMe12,14,8,6,0,140,79,61,0
MTe25,Tm8a,44,27,17,0,140,96,44,0
PLP155,cL05,4,1,1,2,140,23,38,79
MeTu4a,LTe02,38,25,13,0,140,92,48,0
MTe04,MeMe_e05,23,13,10,0,140,72,68,0
cM13,Sm42,2,1,1,0,140,61,79,0
OA-ASM1,LC6,62,28,34,0,140,65,75,0
CB0592,Y12,47,22,25,0,140,65,75,0
CB0592,OA-AL2i1,4,2,2,0,140,80,60,0
VCH,LPT22,2,1,1,0,140,60,80,0
PLP022,cL05,1,1,0,0,140,140,0,0
Mi15,MTe23,63,28,35,0,139,61,78,0
TmY31,TmY4,56,27,29,0,139,63,76,0
Tm20,Li18,61,27,34,0,139,63,76,0
Sm06,Pm07,45,19,26,0,139,74,65,0
Dm8b,Tm37,54,27,27,0,139,66,73,0
Tm5f,LC39,42,21,21,0,139,73,66,0
TmY31,TmY14,60,34,26,0,139,78,61,0
Tm5f,Li05,48,29,19,0,139,87,52,0
Dm12,Tm21,63,28,35,0,139,64,75,0
LPi05,LPT52,29,20,9,0,139,109,30,0
Tm5e,LT52,50,27,23,0,139,71,68,0
Y3,cL15,48,20,28,0,139,60,79,0
Dm10,Tm8a,61,28,33,0,139,61,78,0
L5,Dm4,46,22,24,0,139,64,75,0
TmY4,Tm31,59,30,29,0,139,74,65,0
TmY4,LC40,47,21,26,0,139,64,75,0
Pm12,MeMe_e08,24,12,12,0,139,73,66,0
L1,Dm2,50,22,28,0,139,70,69,0
T2,Li26,47,27,20,0,139,80,59,0
Li02,Li13,45,24,21,0,139,78,61,0
LMa4,LLPC2,53,32,21,0,139,89,50,0
Li03,LT79,44,20,24,0,139,57,82,0
Li13,LT76,37,18,19,0,139,68,71,0
T2a,LTe21,56,30,26,0,139,77,62,0
Li18,LT58,21,14,7,0,139,118,21,0
TmY16,LMa5,48,31,17,0,139,91,48,0
Pm10,Sm42,30,16,14,0,139,82,57,0
LPi07,LPT30,21,12,9,0,139,77,62,0
LLPt,LTe37,32,18,14,0,139,80,59,0
LPi14,LPT50,4,2,2,0,139,69,70,0
Li25,LC13,51,26,25,0,139,64,75,0
Li33,Li18,28,13,15,0,139,72,67,0
Li32,LC20b,30,15,15,0,139,71,68,0
Am1,LPT31,8,4,4,0,139,87,52,0
aMe17b,MTe07,26,12,14,0,139,64,75,0
cM08c,LTe51,6,3,3,0,139,73,66,0
cM08c,aMe19b,4,1,3,0,139,15,124,0
LPT23,H1,7,4,3,0,139,92,47,0
cLLP02,Li30,4,2,2,0,139,66,73,0
cLLPM01,TmY11,37,21,16,0,139,78,61,0
aMe19b,MTe01b,23,11,12,0,139,75,64,0
aMe17a2,MeTu3a,30,17,13,0,139,81,58,0
mALC6,LT53,7,4,3,0,139,79,60,0
MC65,MTe46,14,7,7,0,139,70,69,0
cM12,Sm36,6,3,3,0,139,66,73,0
LT84,Li01,34,19,15,0,139,86,53,0
CB2197,LPLC4,15,0,15,0,139,0,139,0
cM15,Tm2,60,38,22,0,139,85,54,0
LT51,LC33a,9,5,4,0,139,73,66,0
cL13,LTe49a,4,2,2,0,139,84,55,0
CB0143,PLP249,1,1,0,0,139,139,0,0
Li17,LMa4,46,29,17,0,138,85,53,0
T2,Li22,61,25,36,0,138,60,78,0
TmY31,LCe03,51,36,15,0,138,93,45,0
Tm4,Pm01,57,27,30,0,138,69,69,0
Tm20,Pm14,58,31,27,0,138,74,64,0
Tm20,Li11,48,30,18,0,138,99,39,0
Pm03,Mi2,65,37,28,0,138,79,59,0
Tm5c,LC14b,50,25,25,0,138,67,71,0
Y11,TmY20,58,36,22,0,138,83,55,0
TmY31,LT77,51,24,27,0,138,70,68,0
Tm5d,Mi4,56,36,20,0,138,91,47,0
TmY9q,LTe45,34,15,19,0,138,50,88,0
Sm40,Tm8a,54,34,20,0,138,92,46,0
Li03,LC10c,56,31,25,0,138,81,57,0
Li03,LT53,43,21,22,0,138,78,60,0
TmY3,Li01,55,30,25,0,138,75,63,0
TmY10,LT78,49,26,23,0,138,69,69,0
LMa2,LT80,13,7,6,0,138,72,66,0
Sm07,Tm5e,55,23,32,0,138,56,82,0
Sm08,cM12,38,22,16,0,138,80,58,0
Sm41,MTe28,2,1,1,0,138,89,49,0
Lawf1,Dm18,50,25,25,0,138,62,76,0
LPi09,T5c,66,52,14,0,138,110,28,0
Sm29,MTe37,10,5,5,0,138,91,47,0
Pm14,Tm37,50,28,22,0,138,82,56,0
Li24,Li11,31,22,9,0,138,108,30,0
Sm43,MTe06,35,22,13,0,138,88,50,0
Li30,TmY5a,61,32,29,0,138,72,66,0
Li30,Li13,39,19,20,0,138,83,55,0
LCe01b,Li09,50,30,20,0,138,78,60,0
MTe52,MTe27,26,14,12,0,138,77,61,0
MeTu3c,Sm17,31,10,21,0,138,41,97,0
LPLC1,LPi02,53,39,14,0,138,104,34,0
MTe02,MTe22,25,12,13,0,138,68,70,0
cL10,cM08b,4,2,2,0,138,85,53,0
MeTu4a,MC65,47,28,19,0,138,90,48,0
cL02b,Li32,5,3,2,0,138,82,56,0
cL18,LMt3,37,18,19,0,138,72,66,0
MeTu3b,aMe19a,22,11,11,0,138,87,51,0
cLLPM01,Pm10,24,14,10,0,138,84,54,0
LPT48_vCal3,LPC2,41,29,12,0,138,101,37,0
mALC5,Nod3,2,1,1,0,138,78,60,0
cM12,Sm16,23,13,10,0,138,77,61,0
cM14,MeTu4c,38,19,19,0,138,64,74,0
L5,Tm7,49,27,22,0,137,78,59,0
Li13,LT57,47,26,21,0,137,63,74,0
LPi05,TmY14,40,23,17,0,137,81,56,0
T5c,LPi05,37,11,26,0,137,49,88,0
Pm04,Mi4,60,39,21,0,137,82,55,0
Tm4,MTe46,54,21,33,0,137,54,83,0
Sm07,TmY3,60,32,28,0,137,74,63,0
Li12,LTe37,23,12,11,0,137,59,78,0
TmY5a,MTe41,58,25,33,0,137,58,79,0
Pm10,Mi4,63,29,34,0,137,63,74,0
LPi03,LPT31,26,18,8,0,137,89,48,0
LLPt,LC13,50,30,20,0,137,86,51,0
Dm10,Mi9,55,30,25,0,137,68,69,0
LPi15,Tlp4,32,17,15,0,137,57,80,0
Li23,LTe42a,2,1,1,0,137,63,74,0
LT52,LCe06,35,19,16,0,137,72,65,0
LTe49c,cL13,7,2,2,3,137,34,43,60
LTe15,LT77,6,3,3,0,137,55,82,0
LC14a2,Tm36,43,27,16,0,137,89,48,0
MeTu4a,Sm09,49,22,27,0,137,60,77,0
LT43,LC27,32,20,12,0,137,82,55,0
LC10d,LT64,40,28,12,0,137,102,35,0
cM18,MLt5,37,23,14,0,137,87,50,0
cL21,LMt4,36,20,16,0,137,79,58,0
LTe22,LTe56,2,1,1,0,137,60,77,0
LTe19,MTe10,6,3,3,0,137,72,65,0
cL01,LC36,30,13,17,0,137,65,72,0
MeMe_e03,aMe9,4,0,0,4,137,0,0,137
MeMe_e04,MeTu1,39,23,16,0,137,85,52,0
OA-ASM1,LC25,51,28,23,0,137,83,54,0
PLP032,OA-AL2i2,8,2,2,4,137,34,28,75
cM15,MLt7,27,16,11,0,137,86,51,0
cM04,OA-AL2i3,12,6,6,0,137,82,55,0
Tm5c,MTe29,38,24,14,0,136,94,42,0
Mi13,Dm16,63,38,25,0,136,79,57,0
Tm27,Mi9,61,31,30,0,136,68,68,0
Tm1,Tm16,55,19,36,0,136,41,95,0
MLt4,Pm03,45,27,18,0,136,67,69,0
Tlp1,T2,60,31,29,0,136,69,67,0
Sm02,Tm5d,62,34,28,0,136,75,61,0
Tm9,TmY15,56,29,27,0,136,69,67,0
Mi1,Pm12,39,11,28,0,136,26,110,0
Tm5b,LC25,57,32,25,0,136,76,60,0
Li12,LC11,48,29,19,0,136,82,54,0
Li12,LMa2,41,21,20,0,136,65,71,0
Y4,LCe07,49,20,29,0,136,56,80,0
Dm13,Mi2,61,23,38,0,136,52,84,0
LPi11,Y3,52,29,23,0,136,73,63,0
Y1,Tm27,63,40,23,0,136,86,50,0
Li10,LC31a,44,21,23,0,136,74,62,0
L5,MLt3,32,14,18,0,136,34,102,0
Li18,LC11,58,26,32,0,136,63,73,0
LMt1,Y3,63,32,31,0,136,70,66,0
Tm5d,Li02,49,32,17,0,136,97,39,0
LLPt,Li33,30,14,16,0,136,52,84,0
LPi09,T4c,63,44,19,0,136,94,42,0
Sm41,Sm40,4,2,2,0,136,55,81,0
Li10,LT52,54,34,20,0,136,85,51,0
Sm36,TmY5a,59,28,31,0,136,64,72,0
LC14b,Mi14,27,16,11,0,136,96,40,0
LC14a2,Li32,14,6,8,0,136,54,82,0
LC20a,Li30,32,23,9,0,136,97,39,0
LT43,LTe37,8,4,4,0,136,71,65,0
cL18,LC10d,45,20,25,0,136,60,76,0
mALC3,LMa1,20,11,9,0,136,60,76,0
mALC5,TmY5a,53,28,25,0,136,70,66,0
CB0566,Tm5d,49,20,29,0,136,58,78,0
OA-AL2i4,Sm12,48,25,23,0,136,70,66,0
Tm16,Li13,54,21,33,0,135,52,83,0
TmY5a,Dm12,55,34,21,0,135,78,57,0
Dm8b,MTe30,47,15,32,0,135,43,92,0
Y3,LT73,47,19,28,0,135,54,81,0
Tm8b,Li10,57,29,28,0,135,74,61,0
Tm3,Sm05,57,24,33,0,135,54,81,0
Pm05,LMa4,48,28,20,0,135,78,57,0
TmY20,LTe31,43,18,25,0,135,57,78,0
Mi10,Tm20,53,33,20,0,135,86,49,0
Mi15,MTe04,60,42,18,0,135,96,39,0
Tm5c,LT57,54,32,22,0,135,83,52,0
Sm07,Dm8a,46,14,32,0,135,34,101,0
Tm16,LC31c,40,22,18,0,135,77,58,0
Pm02,Mi2,64,43,21,0,135,90,45,0
Li21,LC11,48,26,22,0,135,70,65,0
Tm5c,Y11,57,31,26,0,135,72,63,0
Sm13,Dm8a,58,33,25,0,135,76,59,0
Li12,MeTu4a,46,22,24,0,135,60,75,0
Li12,LTe40,15,8,7,0,135,74,61,0
Sm03,Sm24,56,34,22,0,135,83,52,0
Mi9,Pm01,42,20,22,0,135,73,62,0
Tm31,LTe18,18,9,9,0,135,79,56,0
T5a,TmY15,63,34,29,0,135,74,61,0
LMa1,LT66,37,19,18,0,135,67,68,0
LPi03,LLPC3,39,23,16,0,135,80,55,0
Tlp1,LPT42_Nod4,34,21,13,0,135,97,38,0
LPi15,Tlp1,30,19,11,0,135,66,69,0
Sm30,Sm43,31,20,11,0,135,87,48,0
Li28,Li33,4,2,2,0,135,73,62,0
Sm39,Dm20,40,21,19,0,135,71,64,0
Li24,LMa5,41,29,12,0,135,104,31,0
Sm36,Pm05,50,28,22,0,135,73,62,0
Sm35,MTe33,6,3,3,0,135,67,68,0
LC18,LPLC1,56,30,26,0,135,73,62,0
LLPC2,LMt3,55,30,25,0,135,73,62,0
LC25,LTe10,19,10,9,0,135,66,69,0
LC14a1,LC25,39,22,17,0,135,69,66,0
LLPC2,Tm36,55,28,27,0,135,69,66,0
aMe12,MTe01b,40,21,19,0,135,72,63,0
aMe12,DN1-l,10,5,4,1,135,67,63,5
MTe52,Pm14,43,27,16,0,135,87,48,0
LPLC2,LT56,21,11,10,0,135,63,72,0
MeMe_e01,MeMe_e04,6,0,0,6,135,0,0,135
LT52,Tm5f,45,15,30,0,135,47,88,0
LT69,PLP051,2,1,1,0,135,65,70,0
MTe15,LTe70,4,2,2,0,135,71,64,0
LPLC4,DNp11,21,10,11,0,135,59,76,0
cL17,LC20b,33,20,13,0,135,83,52,0
OA-AL2i2,LC12,58,28,30,0,135,67,68,0
OA-AL2i4,Sm15,48,27,21,0,135,72,63,0
LPT21,LPT23,6,3,3,0,135,75,60,0
LT39,LC13,47,27,20,0,135,80,55,0
LT41,Li09,24,12,12,0,135,82,53,0
Li17,LMt1,47,16,31,0,134,42,92,0
Tm25,LC21,57,22,35,0,134,53,81,0
LMt2,Tm21,64,35,29,0,134,74,60,0
T2a,Pm09,50,29,21,0,134,71,63,0
LPi05,LPi14,47,29,18,0,134,86,48,0
Tm16,LTe07,37,11,26,0,134,29,105,0
Tm5e,Li12,48,22,26,0,134,57,77,0
Dm10,MTe42,49,24,25,0,134,61,73,0
TmY5a,Tlp4,52,24,28,0,134,62,72,0
Y3,LPT51,45,28,17,0,134,82,52,0
Tm7,LTe15,40,19,21,0,134,66,68,0
Pm05,Tm5b,35,15,20,0,134,65,69,0
Tm7,MTe33,55,36,19,0,134,89,45,0
Tm4,T1,60,26,34,0,134,60,74,0
Sm07,MTe37,48,22,26,0,134,62,72,0
Mi4,Tm21,59,39,20,0,134,87,47,0
Tm34,Li25,46,26,20,0,134,73,61,0
Y3,LC34,41,21,20,0,134,59,75,0
TmY4,Y1,56,22,34,0,134,49,85,0
Li28,LT87,4,2,2,0,134,65,69,0
Sm42,Sm16,23,13,10,0,134,75,59,0
Li33,LMa2,28,15,13,0,134,65,69,0
LC16,LMa5,53,34,19,0,134,92,42,0
LC11,LPLC1,60,21,39,0,134,49,85,0
LC14a2,LT86,11,5,6,0,134,61,73,0
LC10d,Li01,58,33,25,0,134,79,55,0
cL21,LC4,53,27,26,0,134,65,69,0
LT63,LC33a,21,11,10,0,134,75,59,0
LT63,LTe49a,8,4,4,0,134,91,43,0
LT1a,LT83,2,1,1,0,134,54,80,0
cMLLP02,Li14,26,16,10,0,134,81,53,0
OA-AL2b2,aMe4,37,15,22,0,134,62,72,0
LTe60,cL05,2,1,1,0,134,63,71,0
cL22b,LTe49a,4,2,2,0,134,78,56,0
HSE,LPi14,4,2,2,0,134,81,53,0
LT80,LMt2,24,14,10,0,134,77,57,0
T2,L5,50,19,31,0,133,51,82,0
Y3,LTe09,49,22,27,0,133,64,69,0
Pm11,TmY3,60,40,20,0,133,91,42,0
Tm5c,Pm06,59,29,30,0,133,62,71,0
MLt3,LMt4,45,31,14,0,133,93,40,0
T2a,Pm01,60,29,31,0,133,61,72,0
Tm16,LT69,43,16,27,0,133,48,85,0
Tm5e,LLPt,52,32,20,0,133,83,50,0
L3,L3,51,30,21,0,133,82,51,0
TmY9q,Lawf2,59,33,26,0,133,76,57,0
Tm27,Pm07,63,34,29,0,133,69,64,0
Y3,LTe42a,40,20,20,0,133,65,68,0
Li05,LC10a,40,13,27,0,133,38,95,0
T2a,TmY15,49,20,29,0,133,55,78,0
MLt7,MLt1,47,19,28,0,133,54,79,0
Tm5b,Sm02,50,29,21,0,133,75,58,0
Dm8b,Tm5a,55,30,25,0,133,71,62,0
Sm13,Sm27,42,23,19,0,133,71,62,0
Sm31,Sm22,51,25,26,0,133,66,67,0
Sm01,Sm36,57,27,30,0,133,62,71,0
T2,Mi2,61,31,30,0,133,67,66,0
LMa1,Li05,51,32,19,0,133,84,49,0
Y11,TmY5a,58,29,29,0,133,64,69,0
LPi14,VSm,8,4,4,0,133,93,40,0
Li27,Tm36,53,26,27,0,133,60,73,0
Sm43,Sm39,9,6,3,0,133,92,41,0
Li33,OA-AL2b1,4,2,2,0,133,74,59,0
CT1,C2,58,29,29,0,133,66,67,0
PLP248,PLP081,2,1,0,1,133,93,0,40
cLP03,LPT42_Nod4,14,9,5,0,133,71,62,0
LC14a2,Li11,27,14,13,0,133,67,66,0
LC14a2,Li01,41,22,19,0,133,62,71,0
CB0816,aMe3,4,2,2,0,133,93,40,0
LT70,Tm8b,45,21,24,0,133,61,72,0
aMe1,LatB,16,11,5,0,133,87,46,0
cL02b,Li33,7,4,3,0,133,93,40,0
LPT48_vCal3,LLPC2,50,29,21,0,133,82,51,0
Nod3,cLP03,14,5,1,8,133,49,6,78
cL22b,Li10,25,17,8,0,133,79,54,0
cL22c,LC10d,26,14,12,0,133,64,69,0
cL22c,LTe49a,4,2,2,0,133,74,59,0
LT39,LTe64,10,5,5,0,133,73,60,0
Li17,Li15,50,25,25,0,132,59,73,0
Li13,Li02,44,27,17,0,132,87,45,0
Tm7,Sm15,51,21,30,0,132,55,77,0
Li02,Li09,49,28,21,0,132,79,53,0
Pm12,Tm25,60,33,27,0,132,71,61,0
Dm12,Dm2,60,36,24,0,132,81,51,0
LLPt,LLPC1,59,31,28,0,132,70,62,0
Tm5f,Li13,58,28,30,0,132,68,64,0
LMa5,Y4,52,31,21,0,132,82,50,0
L5,Mi14,57,28,29,0,132,63,69,0
LMt1,Li17,52,25,27,0,132,61,71,0
Li13,Li05,50,29,21,0,132,75,57,0
Li13,LPLC4,48,26,22,0,132,69,63,0
Sm06,MTe46,52,27,25,0,132,75,57,0
LPi14,TmY20,50,26,24,0,132,57,75,0
Li05,Li09,35,11,24,0,132,24,108,0
Sm42,Sm01,53,29,24,0,132,77,55,0
Sm36,Tm8a,54,31,23,0,132,75,57,0
Li30,TmY20,39,19,20,0,132,65,67,0
Li30,Li05,46,26,20,0,132,76,56,0
LC28a,Li06,47,30,17,0,132,89,43,0
LC24,LTe64,28,14,14,0,132,58,74,0
LC9,LC31c,34,18,16,0,132,68,64,0
MeLp1,TmY20,43,37,6,0,132,116,16,0
LC14a1,LLPt,34,20,14,0,132,74,58,0
LT34,Li03,30,15,15,0,132,61,71,0
MTe07,Tm31,51,19,32,0,132,44,88,0
MeTu4a,Tm8b,48,24,24,0,132,62,70,0
MeMe_e08,Pm14,31,18,13,0,132,83,49,0
CB0816,C2,58,28,30,0,132,64,68,0
OA-AL2b1,Li03,39,17,22,0,132,52,80,0
cM17,cM08c,6,3,3,0,132,75,57,0
TmY20,MLt6,51,26,25,0,131,61,70,0
C3,L4,49,22,27,0,131,57,74,0
Dm8a,aMe9,46,29,17,0,131,84,47,0
Tm27,TmY9q⊥,59,40,19,0,131,88,43,0
LPi05,Y12,45,28,17,0,131,83,48,0
TmY9q,LC19,50,15,35,0,131,37,94,0
TmY9q⊥,LLPt,58,29,29,0,131,66,65,0
TmY5a,Li01,59,24,35,0,131,50,81,0
Li14,TmY15,55,36,19,0,131,90,41,0
T3,cL20,45,22,23,0,131,64,67,0
LLPt,LTe31,25,13,12,0,131,56,75,0
Tm5a,LTe12,41,29,12,0,131,96,35,0
Sm30,Tm7,57,34,23,0,131,77,54,0
Sm07,MLt7,39,3,36,0,131,6,125,0
Pm09,LMa3,37,24,13,0,131,82,49,0
Tm34,LC26,47,25,22,0,131,64,67,0
Sm32,LMa4,50,26,24,0,131,71,60,0
Li05,Li32,48,23,25,0,131,63,68,0
Tm16,Li06,53,20,33,0,131,45,86,0
Tm25,T2,58,31,27,0,131,72,59,0
T2,Pm05,46,17,29,0,131,42,89,0
Tm20,TmY9q⊥,52,25,27,0,131,58,73,0
Tm16,L3,54,27,27,0,131,61,70,0
LPi14,Y1,54,26,28,0,131,65,66,0
Li33,LTe41,2,1,1,0,131,74,57,0
MeLp1,LPi08,37,28,9,0,131,110,21,0
LT42,Li06,47,20,27,0,131,54,77,0
LC14a2,Li16,17,10,7,0,131,77,54,0
cM18,Sm05,35,30,5,0,131,113,18,0
LT57,Tm16,57,23,34,0,131,55,76,0
LT57,Li11,46,23,23,0,131,73,58,0
LT70,Li27,13,5,8,0,131,61,70,0
LC20b,LTe42a,18,9,9,0,131,64,67,0
OA-AL2i3,Mi15,60,25,35,0,131,53,78,0
MTe12,Tm5d,53,28,25,0,131,67,64,0
mALD2,LTe25,2,1,1,0,131,68,63,0
OA-AL2i2,Li21,28,16,12,0,131,68,63,0
cM03,Sm22,27,19,8,0,131,104,27,0
LPT26,LPT53,2,1,1,0,131,56,75,0
mALC6,aMe13,4,2,2,0,131,59,72,0
LT39,LC16,39,22,17,0,131,64,67,0
DNg33,AN_multi_124,6,6,0,0,131,131,0,0
T5b,TmY16,50,24,26,0,130,55,75,0
Tm33,Tm33,39,16,23,0,130,42,88,0
Mi9,Pm02,57,28,29,0,130,68,62,0
Li08,LT64,34,18,16,0,130,75,55,0
TmY5a,LC17,57,24,33,0,130,52,78,0
Tm8a,LC19,37,13,24,0,130,45,85,0
Tm20,Tm5b,51,21,30,0,130,49,81,0
TmY11,LPT48_vCal3,51,30,21,0,130,75,55,0
TmY10,Mi2,56,26,30,0,130,59,71,0
T2a,LT61b,58,27,31,0,130,61,69,0
Li02,LT47,32,12,20,0,130,50,80,0
Li02,LT52,52,33,19,0,130,79,51,0
Tm7,Mi2,56,28,28,0,130,66,64,0
Dm20,Mi4,54,28,26,0,130,63,67,0
TmY9q⊥,LT77,52,17,35,0,130,41,89,0
Mi1,Tm5c,52,24,28,0,130,61,69,0
T2,Mi10,58,34,24,0,130,76,54,0
Sm05,Tm5d,50,30,20,0,130,79,51,0
Tm35,MLt2,51,30,21,0,130,78,52,0
T5b,TmY9q⊥,56,29,27,0,130,60,70,0
Li01,LC24,50,33,17,0,130,89,41,0
LMa2,Li11,42,20,22,0,130,57,73,0
Li04,LC20b,35,27,8,0,130,110,20,0
TmY4,Li13,44,26,18,0,130,74,56,0
Tm25,LMa1,22,19,3,0,130,124,6,0
TmY9q⊥,Li07,54,19,35,0,130,50,80,0
Tm8a,LTe27,26,17,9,0,130,65,65,0
LPi08,TmY5a,62,46,16,0,130,97,33,0
LPi07,Y3,37,6,31,0,130,19,111,0
Li28,TmY4,58,29,29,0,130,63,67,0
LC11,Li01,51,26,25,0,130,64,66,0
MTe02,MLt2,50,25,25,0,130,67,63,0
cL01,LC10c,43,19,24,0,130,56,74,0
MeMe_e02,Tm32,45,22,23,0,130,60,70,0
MTe51,MTe01a,41,30,11,0,130,101,29,0
LPT54,Pm14,4,2,2,0,130,78,52,0
cM17,MTe04,23,13,10,0,130,85,45,0
MeLp2,LPT42_Nod4,2,1,1,0,130,67,63,0
aMe17c,Tm8b,45,24,21,0,130,68,62,0
cMLLP02,LPT22,3,2,1,0,130,104,26,0
aMe19b,Sm42,2,1,1,0,130,62,68,0
mALC5,LPC1,24,12,12,0,130,65,65,0
DCH,LPT22,2,1,1,0,130,90,40,0
cL04,LC39,12,7,5,0,130,69,61,0
cL05,LTe58,7,3,4,0,130,68,62,0
cL05,LC14a2,10,6,4,0,130,59,71,0
LPT47_vCal2,LTe64,7,1,1,5,130,12,24,94
cL22c,Tm5e,48,22,26,0,130,63,67,0
LT39,cL02b,5,3,2,0,130,68,62,0
TmY5a,Tlp5,63,30,33,0,129,63,66,0
Pm03,MeLp2,40,21,19,0,129,76,53,0
Dm8a,MTe32,48,26,22,0,129,68,61,0
TmY14,TmY16,57,30,27,0,129,65,64,0
TmY4,LT74,49,23,26,0,129,68,61,0
Li10,Li28,39,24,15,0,129,92,37,0
Sm07,Sm40,50,29,21,0,129,76,53,0
Sm30,MeMe_e10,27,14,13,0,129,78,51,0
Tm5e,LT59,36,13,23,0,129,49,80,0
Sm13,Dm8b,53,23,30,0,129,54,75,0
LMa2,LT52,25,8,17,0,129,37,92,0
Mi10,MTe18,49,27,22,0,129,81,48,0
Li01,LT51,44,22,22,0,129,54,75,0
Li10,LC17,50,25,25,0,129,66,63,0
Mi10,aMe19a,44,26,18,0,129,80,49,0
LMt3,Tm4,55,31,24,0,129,75,54,0
LMa3,LC14a1,31,20,11,0,129,94,35,0
Pm06,Pm07,47,25,22,0,129,68,61,0
LPi03,LLPt,46,30,16,0,129,88,41,0
Tm35,LCe02,42,23,19,0,129,72,57,0
T1,Dm15,37,27,10,0,129,82,47,0
LC25,LC25,49,20,29,0,129,60,69,0
LC14b,Li01,35,16,19,0,129,63,66,0
LC25,LTe55,22,10,12,0,129,56,73,0
MeTu3b,Mi14,47,29,18,0,129,82,47,0
aMe4,cM07,14,5,9,0,129,61,68,0
MTe50,MTe34,24,13,11,0,129,66,63,0
MeTu3c,TmY10,51,25,26,0,129,60,69,0
LCe03,Li33,22,17,5,0,129,92,37,0
aMe9,MLt6,34,20,14,0,129,84,45,0
LC28a,LT78,29,19,10,0,129,91,38,0
LLPC2,LPLC2,58,47,11,0,129,107,22,0
MeMe_e06,MTe28,2,1,1,0,129,71,58,0
LC24,LC39,26,16,10,0,129,76,53,0
cM11,Sm42,2,0,2,0,129,0,129,0
cM01b,MTe37,2,1,1,0,129,73,56,0
cM14,Tm7,50,22,28,0,129,56,73,0
cM15,Pm13,3,1,2,0,129,57,72,0
cM04,aMe4,25,10,15,0,129,52,77,0
cL09,Tm2,40,27,13,0,129,94,35,0
MTe26,Sm06,40,25,15,0,129,88,41,0
aMe17a1,Sm13,25,13,12,0,129,55,74,0
cM16,Sm04,37,20,17,0,129,68,61,0
Tlp5,Pm14,7,7,0,0,129,129,0,0
TmY31,Li12,28,8,20,0,128,19,109,0
L3,L1,40,20,20,0,128,75,53,0
Pm01,LMa2,58,35,23,0,128,78,50,0
Y3,Tm33,45,9,36,0,128,21,107,0
Tlp4,LPT23,42,32,10,0,128,103,25,0
TmY11,LMt3,54,27,27,0,128,66,62,0
Y1,VS6,28,14,14,0,128,83,45,0
TmY10,MTe14,49,28,21,0,128,80,48,0
Y4,LC9,55,26,29,0,128,61,67,0
MLt5,MLt3,47,24,23,0,128,61,67,0
Tlp14,LT53,40,24,16,0,128,71,57,0
Sm07,Mi15,43,17,26,0,128,54,74,0
Pm07,MTe53,29,8,21,0,128,26,102,0
Sm40,MTe54,31,16,15,0,128,77,51,0
TmY5a,MLt4,49,19,30,0,128,44,84,0
TmY5a,LTe38c,47,34,13,0,128,99,29,0
Li03,Li13,48,26,22,0,128,64,64,0
TmY31,Tm20,37,21,16,0,128,64,64,0
MLt3,LC16,52,24,28,0,128,62,66,0
Li10,Li26,47,30,17,0,128,83,45,0
Dm9,Dm11,56,47,9,0,128,105,23,0
Sm10,MTe03,54,31,23,0,128,72,56,0
Tm35,LTe63,32,13,19,0,128,48,80,0
L3,L4,56,33,23,0,128,76,52,0
Tm37,LTe58,42,15,27,0,128,52,76,0
TmY15,LPi11,43,39,4,0,128,117,11,0
MLt8,MeMe_e02,27,15,12,0,128,77,51,0
Li33,TmY31,31,14,17,0,128,37,91,0
Sm35,Sm27,30,14,16,0,128,59,69,0
Am1,Y1,42,18,24,0,128,52,76,0
Li30,Tm7,51,19,32,0,128,48,80,0
aMe5,MLt5,48,28,20,0,128,73,55,0
MTe45,PLP069,1,0,1,0,128,0,128,0
LLPC3,Tm36,54,28,26,0,128,60,68,0
LC20a,OA-AL2b1,34,24,10,0,128,86,42,0
LC25,LT51,26,10,16,0,128,31,97,0
cL08,LT80,4,2,2,0,128,65,63,0
cM02b,MeTu4d,22,12,10,0,128,81,47,0
cL20,LMt3,15,9,6,0,128,71,57,0
cL21,Li26,16,8,8,0,128,57,71,0
cLP05,LMa4,19,11,8,0,128,88,40,0
cLP05,LPT50,2,1,1,0,128,89,39,0
MeMe_e04,MeMe_e01,12,0,0,12,128,0,0,128
OA-ASM1,Li09,50,24,26,0,128,66,62,0
CB0472,Li23,3,1,2,0,128,58,70,0
LT61b,LT51,15,9,6,0,128,78,50,0
DCH,Tlp5,23,12,11,0,128,97,31,0
cMLLP01,OA-AL2i1,2,1,1,0,128,69,59,0
Tm27,Li21,53,27,26,0,127,58,69,0
TmY31,LTe06,25,13,12,0,127,59,68,0
Tm5f,LT62,51,23,28,0,127,48,79,0
Tm8a,LTe15,38,17,21,0,127,53,74,0
Tm8a,Tm37,48,17,31,0,127,39,88,0
Dm11,Sm01,48,26,22,0,127,67,60,0
Pm04,Mi2,57,36,21,0,127,80,47,0
TmY3,LT38,47,27,20,0,127,80,47,0
Pm08,TmY16,56,42,14,0,127,98,29,0
L5,Dm12,41,23,18,0,127,77,50,0
Tm16,LC22,48,26,22,0,127,67,60,0
TmY9q⊥,TmY15,51,33,18,0,127,83,44,0
Tm20,LCe04,50,32,18,0,127,83,44,0
L5,Mi9,44,24,20,0,127,77,50,0
TmY16,LPi01,48,22,26,0,127,55,72,0
Mi15,MTe29,44,25,19,0,127,70,57,0
TmY5a,LPi11,50,26,24,0,127,61,66,0
Y3,LC13,43,30,13,0,127,99,28,0
Li12,LT69,14,7,7,0,127,68,59,0
Tm5a,LT69,40,17,23,0,127,64,63,0
Y11,LLPC3,53,29,24,0,127,71,56,0
Tm21,LMa1,49,30,19,0,127,69,58,0
Tlp1,Y12,56,35,21,0,127,81,46,0
Pm06,T2a,61,36,25,0,127,74,53,0
Sm30,Tm8b,50,24,26,0,127,61,66,0
Li31,LCe07,7,3,4,0,127,54,73,0
Li33,LT78,8,4,4,0,127,63,64,0
Li33,MLt8,21,12,9,0,127,74,53,0
Tm21,LT56,27,26,1,0,127,125,2,0
Sm20,DmDRA2,30,23,7,0,127,101,26,0
Li32,Tm8a,45,23,22,0,127,58,69,0
MeTu1,MeMe_e01,45,15,30,0,127,47,80,0
LT55,LT55,2,0,0,2,127,0,0,127
MeLp1,LPT21,4,2,2,0,127,101,26,0
LC21,Li06,56,28,28,0,127,66,61,0
LPC2,Tlp14,57,40,17,0,127,89,38,0
cL02d,Li07,26,6,20,0,127,30,97,0
LLPC1,LC13,50,29,21,0,127,72,55,0
MTe29,cM02b,4,1,1,2,127,22,34,71
LC20b,LT86,21,11,10,0,127,75,52,0
MTe01a,Tm7,45,32,13,0,127,98,29,0
LPT54,PLP004,1,0,1,0,127,0,127,0
LT57,LTe54,22,11,11,0,127,58,69,0
cM02b,Sm36,6,3,3,0,127,48,79,0
LT37,TmY5a,49,22,27,0,127,57,70,0
LC28a,LTe03,20,13,7,0,127,87,40,0
MTe04,Sm12,44,19,25,0,127,56,71,0
MTe12,Tm8b,40,13,27,0,127,44,83,0
mALD1,LTe35,2,1,1,0,127,60,67,0
MeMe_e03,Sm07,35,15,20,0,127,56,71,0
cM15,Sm05,42,29,13,0,127,84,43,0
LT36,LPLC4,34,13,21,0,127,45,82,0
Y3,H1,53,33,20,0,126,79,47,0
Pm11,Pm01,57,31,26,0,126,67,59,0
TmY9q,LC24,38,7,31,0,126,16,110,0
TmY5a,LMa4,54,28,26,0,126,69,57,0
T5a,TmY5a,59,18,41,0,126,38,88,0
MLt6,Tm7,46,31,15,0,126,90,36,0
Li21,Li26,36,20,16,0,126,56,70,0
TmY4,LC28a,49,20,29,0,126,48,78,0
Dm2,TmY5a,48,16,32,0,126,41,85,0
L4,Dm17,55,25,30,0,126,58,68,0
Tm4,LT33,57,31,26,0,126,68,58,0
Li10,LTe07,32,12,20,0,126,41,85,0
TmY4,Tm5e,26,9,17,0,126,20,106,0
Dm8a,MTe25,43,28,15,0,126,83,43,0
Tm33,Tm5e,53,29,24,0,126,75,51,0
Sm14,Sm06,28,8,20,0,126,17,109,0
T5c,LPC1,50,23,27,0,126,62,64,0
MLt1,MLt7,44,20,24,0,126,61,65,0
Mi15,Dm4,55,27,28,0,126,64,62,0
Li10,LTe01,51,33,18,0,126,82,44,0
Tm5a,Li02,50,32,18,0,126,84,42,0
MLt1,MTe47,45,29,16,0,126,82,44,0
Sm02,Tm5b,43,29,14,0,126,85,41,0
Sm11,Pm10,30,15,15,0,126,56,70,0
LLPt,LPC1,56,38,18,0,126,86,40,0
Tm37,LTe29,36,24,12,0,126,89,37,0
Li24,LT1d,10,6,4,0,126,88,38,0
Sm42,Sm29,10,5,5,0,126,78,48,0
Sm42,MTe13,5,3,2,0,126,78,48,0
Li32,Li01,46,27,19,0,126,71,55,0
Am1,LPLC2,43,24,19,0,126,63,63,0
LPi13,LPi04,38,29,9,0,126,102,24,0
LC11,LC20b,46,30,16,0,126,88,38,0
LC14a1,LC22,31,16,15,0,126,62,64,0
MeTu4a,Sm42,35,15,20,0,126,57,69,0
cLP03,LPT52,15,9,6,0,126,78,48,0
LLPC2,Nod2,18,9,9,0,126,55,71,0
MTe12,Tm31,43,17,26,0,126,48,78,0
LT83,LPLC1,42,12,30,0,126,29,97,0
mALD2,Tm16,41,24,17,0,126,76,50,0
mALC4,LC4,36,18,18,0,126,65,61,0
aMe17a1,OA-AL2i4,2,1,1,0,126,57,69,0
vCal1,LPT48_vCal3,4,1,1,2,126,42,37,47
cM16,Tm5f,48,28,20,0,126,77,49,0
Tm25,MTe52,37,37,0,0,126,126,0,0
Y3,LTe07,31,7,24,0,125,20,105,0
Tlp4,LPi02,48,34,14,0,125,89,36,0
Sm08,Tm31,41,20,21,0,125,59,66,0
LMt2,Pm04,50,29,21,0,125,71,54,0
LPi04,LPT23,35,24,11,0,125,77,48,0
Tm5c,Li20,53,35,18,0,125,83,42,0
T4d,LPi04,41,22,19,0,125,67,58,0
Tm8b,cM10,38,21,17,0,125,68,57,0
Tm27,MTe08,55,28,27,0,125,62,63,0
Dm10,MTe01b,52,30,22,0,125,72,53,0
Sm15,Pm13,23,10,13,0,125,54,71,0
MLt5,MTe05,47,29,18,0,125,81,44,0
Li12,Tm5a,50,34,16,0,125,78,47,0
Tm20,MTe50,47,20,27,0,125,52,73,0
TmY15,MeMe_e08,55,34,21,0,125,81,44,0
LPi02,LPi05,49,35,14,0,125,91,34,0
Li10,LMa3,49,24,25,0,125,66,59,0
Tm37,LMa5,43,29,14,0,125,88,37,0
Tm5c,LC29,47,26,21,0,125,73,52,0
Tlp1,LMt3,50,22,28,0,125,54,71,0
Lai,L5,57,46,11,0,125,103,22,0
Mi10,Tm3,49,30,19,0,125,73,52,0
Tm5f,Tm8b,50,23,27,0,125,60,65,0
MLt1,TmY31,55,19,36,0,125,41,84,0
Tlp1,LC15,51,26,25,0,125,68,57,0
TmY3,Li10,51,30,21,0,125,76,49,0
Dm3p,T2a,56,32,24,0,125,73,52,0
LPi14,T5a,59,34,25,0,125,73,52,0
LPi14,LPi12,4,2,2,0,125,62,63,0
Sm29,MLt5,41,23,18,0,125,73,52,0
LPi15,VS4,2,1,1,0,125,105,20,0
Li28,LC14a1,33,19,14,0,125,68,57,0
Pm14,Pm13,6,2,4,0,125,46,79,0
Li33,LC25,25,10,15,0,125,49,76,0
CT1,Mi10,55,32,23,0,125,72,53,0
LC15,LT74,49,22,27,0,125,54,71,0
LC14a1,Tm27,44,25,19,0,125,70,55,0
LLPC2,LTe64,38,19,19,0,125,61,64,0
LPC2,LPi04,44,34,10,0,125,96,29,0
LPLC1,LMa3,53,29,24,0,125,71,54,0
aMe17b,MTe40,4,2,2,0,125,58,67,0
MTe08,LT62,13,6,6,1,125,65,55,5
LT57,LCe03,39,22,17,0,125,71,54,0
LTe22,LTe21,2,1,1,0,125,64,61,0
cL18,cL16,8,5,3,0,125,61,64,0
LPT50,LPC1,39,30,9,0,125,101,24,0
MTe51,Sm34,35,26,9,0,125,100,25,0
mALC5,LPi09,18,9,9,0,125,78,47,0
mALC5,LC10d,22,13,9,0,125,68,57,0
cM13,Sm41,2,1,1,0,125,69,56,0
MeTu4b,LTe70,16,11,5,0,125,101,24,0
OA-AL2i1,Mi9,56,38,18,0,125,84,41,0
LT39,TmY4,47,21,26,0,125,54,71,0
TmY31,Li21,50,28,22,0,124,69,55,0
Tm5a,Tm31,31,8,23,0,124,19,105,0
Tm32,LTe42b,21,8,13,0,124,59,65,0
Pm03,C3,55,34,21,0,124,73,51,0
Tm16,LLPC2,46,24,22,0,124,66,58,0
Li14,T2,58,35,23,0,124,76,48,0
Pm12,TmY16,50,32,18,0,124,78,46,0
Mi1,Dm8a,51,29,22,0,124,71,53,0
DmDRA1,DmDRA1,52,29,23,0,124,72,52,0
T4c,LPC1,53,25,28,0,124,60,64,0
Tm33,LC10c,50,21,29,0,124,50,74,0
Tm5f,LC28a,49,23,26,0,124,54,70,0
Tlp1,LPi13,43,28,15,0,124,72,52,0
Tm5c,Dm8b,36,9,27,0,124,19,105,0
LMa4,MLt4,40,26,14,0,124,73,51,0
LLPt,Y3,49,31,18,0,124,80,44,0
LMa2,Li17,39,15,24,0,124,38,86,0
Sm13,MTe51,49,27,22,0,124,68,56,0
MLt3,LMa5,43,22,21,0,124,70,54,0
Li19,LT1c,4,2,2,0,124,41,83,0
TmY31,LLPt,49,23,26,0,124,59,65,0
Tm8a,MTe18,40,21,19,0,124,72,52,0
L1,Tm2,20,12,8,0,124,61,63,0
TmY9q⊥,Li32,48,30,18,0,124,77,47,0
LPi10,T4d,53,42,11,0,124,100,24,0
LC11,LMa3,43,31,12,0,124,84,40,0
LC10d,LC39,31,16,15,0,124,72,52,0
LT11,LC18,41,14,27,0,124,36,88,0
LC20b,LTe14,19,11,8,0,124,63,61,0
LPT30,LPLC1,24,11,13,0,124,60,64,0
MTe02,MTe03,31,18,13,0,124,69,55,0
LC22,LTe42a,20,14,6,0,124,74,50,0
cLLP02,LPLC4,47,15,32,0,124,37,87,0
MeMe_e03,Sm08,23,11,12,0,124,58,66,0
LT40,Li21,12,7,5,0,124,72,52,0
cM14,MTe02,34,18,16,0,124,64,60,0
MTe28,aMe20,2,1,1,0,124,62,62,0
LTe21,MTe08,10,4,6,0,124,47,77,0
LT41,LC31a,27,14,13,0,124,62,62,0
L3,TmY9q⊥,47,28,19,0,123,76,47,0
Tm5e,Tm25,55,31,24,0,123,71,52,0
Y3,Li27,44,24,20,0,123,67,56,0
T2,Dm18,58,23,35,0,123,48,75,0
Tm5e,LCe03,53,29,24,0,123,65,58,0
Li21,T2,55,29,26,0,123,63,60,0
Tm8b,TmY5a,48,24,24,0,123,61,62,0
Dm1,Tm20,58,33,25,0,123,69,54,0
Tm5a,LT78,44,9,35,0,123,23,100,0
Dm2,MLt7,41,2,39,0,123,4,119,0
Li12,TmY10,53,22,31,0,123,47,76,0
Tm36,Li32,51,20,31,0,123,43,80,0
Sm40,T2a,58,26,32,0,123,55,68,0
TmY5a,LT86,49,22,27,0,123,54,69,0
Lawf1,Dm12,54,29,25,0,123,68,55,0
DmDRA2,MeTu1,28,20,8,0,123,85,38,0
TmY4,Y11,45,22,23,0,123,63,60,0
Pm04,Pm06,50,31,19,0,123,77,46,0
Sm14,MeMe_e02,40,23,17,0,123,71,52,0
Tm4,Tm20,49,22,27,0,123,51,72,0
Pm08,Lawf2,55,33,22,0,123,71,52,0
Pm10,Pm10,46,21,25,0,123,53,70,0
Pm10,cM05,28,17,11,0,123,78,45,0
L2,Mi14,46,24,22,0,123,59,64,0
Tm36,LC43,48,22,26,0,123,59,64,0
LMt4,Pm04,39,28,11,0,123,91,32,0
LMa5,Pm14,44,27,17,0,123,82,41,0
Dm3v,Tm25,57,38,19,0,123,80,43,0
L2,Dm9,46,37,9,0,123,88,35,0
cL01,LC10d,47,24,23,0,123,68,55,0
MTe07,CB0566,20,0,9,11,123,0,53,70
LC20a,LTe46,11,6,5,0,123,52,71,0
MeMe_e08,Tm27,59,31,28,0,123,66,57,0
LPT23,Tm36,36,28,8,0,123,102,21,0
cL20,DNp11,2,1,1,0,123,53,70,0
LT37,Li02,32,18,14,0,123,85,38,0
CB0802,cL16,6,2,1,3,123,34,13,76
OA-ASM1,Sm22,45,24,21,0,123,66,57,0
MTe32,LC45,13,5,8,0,123,53,70,0
cL09,Tm21,33,24,9,0,123,93,30,0
aMe19a,cM09,5,3,2,0,123,68,55,0
LT39,Li21,16,9,7,0,123,57,66,0
LT82a,DCH,1,1,0,0,123,123,0,0
T2a,LT74,51,31,20,0,122,78,44,0
Li08,LTe54,39,19,20,0,122,62,60,0
Y12,Y1,55,26,29,0,122,61,61,0
Pm03,Mi9,47,16,31,0,122,37,85,0
Y4,cML01,40,20,20,0,122,66,56,0
Tm5f,LPLC4,49,22,27,0,122,51,71,0
Tm7,LC37a,45,24,21,0,122,61,61,0
Li02,LLPt,31,12,19,0,122,33,89,0
Sm09,MTe12,42,20,22,0,122,51,71,0
Sm15,MeMe_e09,35,20,15,0,122,68,54,0
Sm22,Tm33,51,29,22,0,122,69,53,0
Tm5f,LT51,47,19,28,0,122,43,79,0
Sm15,aMe26,47,30,17,0,122,81,41,0
Li02,LC37a,36,21,15,0,122,78,44,0
Dm14,Mi14,49,20,29,0,122,52,70,0
TmY4,cLP02,52,40,12,0,122,93,29,0
Mi9,Dm18,52,33,19,0,122,76,46,0
Sm21,Sm08,54,32,22,0,122,71,51,0
Pm10,LC14b,39,24,15,0,122,77,45,0
Y3,Y11,52,28,24,0,122,66,56,0
Tm7,LC14b,43,16,27,0,122,43,79,0
LMt4,Pm09,43,32,11,0,122,96,26,0
TmY3,LPT26,42,30,12,0,122,91,31,0
TmY11,LMa2,43,23,20,0,122,72,50,0
Sm41,Sm09,43,19,24,0,122,50,72,0
LMa1,LT83,32,16,16,0,122,74,48,0
Li10,LC10e,53,24,29,0,122,55,67,0
Tlp14,Tm27,52,39,13,0,122,92,30,0
LPi15,Y3,31,13,18,0,122,47,75,0
Li31,LMa2,31,15,16,0,122,58,64,0
Li31,LT79,2,1,1,0,122,60,62,0
Li24,LC24,43,18,25,0,122,51,71,0
Sm33,MeTu4c,33,25,8,0,122,90,32,0
Li33,LC24,41,21,20,0,122,68,54,0
Li33,LTe40,2,1,1,0,122,69,53,0
LC10d,LTe14,27,14,13,0,122,64,58,0
LC11,Li11,48,25,23,0,122,65,57,0
LC20a,LT51,25,20,5,0,122,105,17,0
LC28a,LTe32,22,10,12,0,122,60,62,0
cM01a,MTe24,2,1,1,0,122,69,53,0
MTe51,aMe25,15,7,8,0,122,58,64,0
LPT23,LPC1,50,38,12,0,122,92,30,0
LT59,LC19,12,5,7,0,122,50,72,0
MeMe_e05,Sm06,32,19,13,0,122,76,46,0
OA-AL2b2,Dm10,52,34,18,0,122,78,44,0
LPT58,LPi08,17,12,5,0,122,61,61,0
MC65,MLt5,45,28,17,0,122,81,41,0
LT76,LC13,18,8,10,0,122,52,70,0
LPT57,LPT21,2,1,1,0,122,88,34,0
Dm2,Sm34,54,30,24,0,121,70,51,0
Tm31,LC31c,24,11,13,0,121,55,66,0
LMt2,Li17,48,25,23,0,121,56,65,0
Tm32,Sm42,38,19,19,0,121,63,58,0
T4a,LPLC4,48,23,25,0,121,66,55,0
Li21,LMa5,42,28,14,0,121,75,46,0
Pm04,LMa2,44,19,25,0,121,50,71,0
Dm12,Mi13,54,26,28,0,121,57,64,0
Tlp5,Li01,51,22,29,0,121,57,64,0
Tm7,Sm27,46,23,23,0,121,59,62,0
Pm08,Pm07,53,24,29,0,121,58,63,0
Tm7,Sm06,46,8,38,0,121,18,103,0
Lawf1,Tm16,57,23,34,0,121,48,73,0
Li12,Tm7,47,24,23,0,121,64,57,0
Tm7,Sm30,54,28,26,0,121,65,56,0
Tm5f,LTe47,35,16,19,0,121,54,67,0
T2a,LC4,50,23,27,0,121,62,59,0
Dm6,Tm20,57,33,24,0,121,70,51,0
Tm8a,LTe38b,41,13,28,0,121,50,71,0
LMa2,LC26,41,25,16,0,121,70,51,0
Sm18,MTe12,17,8,9,0,121,48,73,0
Tlp14,LPTe01,41,36,5,0,121,107,14,0
Li10,LC39,42,30,12,0,121,87,34,0
LPi07,LPLC4,30,15,15,0,121,40,81,0
LMa2,LMa1,46,24,22,0,121,58,63,0
Sm42,Tm33,42,23,19,0,121,66,55,0
Li25,LTe18,4,2,2,0,121,57,64,0
Li32,LC15,35,23,12,0,121,85,36,0
LC9,Li17,50,21,29,0,121,51,70,0
LC9,Li06,48,25,23,0,121,64,57,0
LT55,MeTu4c,29,15,14,0,121,69,52,0
LC10d,PLP051,24,11,13,0,121,45,76,0
LC14a2,LC20b,23,11,12,0,121,59,62,0
LTe01,LT86,5,2,3,0,121,58,63,0
MeTu3c,MeMe_e10,25,13,12,0,121,52,69,0
cLP01,Tm27,55,33,22,0,121,73,48,0
cM18,cM03,6,3,3,0,121,76,45,0
LT57,LC14b,27,11,16,0,121,50,71,0
LC9,Li24,42,30,12,0,121,92,29,0
LT70,LTe42c,8,4,4,0,121,55,66,0
mALD1,PLP177,2,1,1,0,121,67,54,0
mALD1,LC22,28,16,12,0,121,66,55,0
mALD1,MTe37,2,1,1,0,121,51,70,0
MeMe_e07,Y3,41,1,40,0,121,2,119,0
MeMe_e07,LPT57,12,6,0,6,121,63,0,58
LT59,LT51,15,8,7,0,121,51,70,0
LC37a,LC45,18,11,7,0,121,63,58,0
LTe35,LCe06,7,4,3,0,121,70,51,0
cMLLP02,Y11,32,29,3,0,121,115,6,0
LPT49,LPT47_vCal2,2,1,1,0,121,83,38,0
H2,LPi05,32,25,7,0,121,104,17,0
LT39,LT47,2,1,1,0,121,35,86,0
cL02a,LT52,8,8,0,0,121,121,0,0
LPi09,LPLC1,44,32,12,0,120,92,28,0
Tm27,LMa3,50,21,29,0,120,49,71,0
Mi9,Tm5a,52,26,26,0,120,61,59,0
Mi10,MTe16,42,28,14,0,120,77,43,0
TmY4,Tm37,51,24,27,0,120,59,61,0
Tm25,LC10c,54,24,30,0,120,52,68,0
Sm34,TmY10,54,20,34,0,120,44,76,0
Tm20,LT51,52,23,29,0,120,55,65,0
Tm16,TmY4,49,25,24,0,120,61,59,0
MLt5,MC65,36,18,18,0,120,61,59,0
C3,cM05,54,36,18,0,120,79,41,0
Sm06,MeTu1,51,21,30,0,120,43,77,0
Sm05,Tm33,47,32,15,0,120,87,33,0
T2,Pm01,51,25,26,0,120,67,53,0
Dm13,TmY5a,57,31,26,0,120,65,55,0
TmY10,MTe51,36,6,30,0,120,15,105,0
Sm32,Tm33,51,24,27,0,120,59,61,0
Tm34,Tm5b,46,19,27,0,120,47,73,0
Li03,LC17,45,28,17,0,120,71,49,0
Pm08,MeMe_e08,51,25,26,0,120,57,63,0
Tm5c,MeMe_e06,43,18,25,0,120,57,63,0
Tm16,LTe19,40,22,18,0,120,60,60,0
Tlp1,LPT27,35,17,18,0,120,49,71,0
TmY15,MTe47,49,27,22,0,120,71,49,0
Y11,Mi14,48,27,21,0,120,66,54,0
L4,L1,54,30,24,0,120,68,52,0
MLt1,LCe06,30,18,12,0,120,73,47,0
TmY31,Pm05,41,19,22,0,120,45,75,0
Tm8a,LTe21,35,13,22,0,120,49,71,0
Tm36,LLPC4,34,17,17,0,120,67,53,0
TmY5a,LT68,40,24,16,0,120,72,48,0
LPi07,TmY31,29,6,23,0,120,12,108,0
Tm21,Sm32,52,33,19,0,120,72,48,0
Sm36,Sm13,43,19,24,0,120,50,70,0
Li29,LTe15,2,1,1,0,120,67,53,0
LPi13,LPTe01,23,18,5,0,120,105,15,0
LC24,Li28,43,26,17,0,120,74,46,0
LC27,LC33a,41,20,21,0,120,53,67,0
LC10a,LMa2,49,23,26,0,120,56,64,0
MeTu3b,Sm13,44,15,29,0,120,41,79,0
LC20a,LC37a,34,25,9,0,120,88,32,0
LC20a,LCe05,28,12,16,0,120,47,73,0
LC10e,LC40,38,17,21,0,120,48,72,0
LC31a,LT82a,27,14,13,0,120,68,52,0
LPT54,Y12,42,21,21,0,120,62,58,0
MeTu3b,MTe21,21,10,11,0,120,72,48,0
MeLp2,vCal1,2,1,1,0,120,58,62,0
LT56,LMa5,40,16,24,0,120,47,73,0
Nod1,Nod1,12,2,2,8,120,17,11,92
cL22b,LC22,34,19,15,0,120,63,57,0
LT77,Tm31,37,21,16,0,120,72,48,0
mALC4,T3,52,24,28,0,120,57,63,0
MTe04,aMe4,19,15,4,0,120,93,27,0
Nod2,Nod3,4,1,1,2,120,39,24,57
Li01,LC15,45,20,25,0,119,56,63,0
Tm16,LC40,41,24,17,0,119,68,51,0
Sm08,Tm8b,49,24,25,0,119,60,59,0
Tm35,LTe42b,19,8,11,0,119,37,82,0
Tm35,Li23,42,25,17,0,119,69,50,0
Tlp14,LPT50,25,11,14,0,119,55,64,0
TmY10,Y4,47,24,23,0,119,64,55,0
MLt3,LC14a1,30,17,13,0,119,80,39,0
Y12,Tm2,46,17,29,0,119,40,79,0
Pm07,TmY3,54,24,30,0,119,51,68,0
TmY9q,Tm5c,55,34,21,0,119,73,46,0
Dm3v,T2a,52,20,32,0,119,42,77,0
Li02,Li04,45,25,20,0,119,69,50,0
Dm2,Mi10,39,11,28,0,119,22,97,0
Tlp1,LPTe01,37,27,10,0,119,91,28,0
Tm25,Li13,52,32,20,0,119,74,45,0
Tm37,LC20b,51,25,26,0,119,55,64,0
L4,Tm20,28,5,23,0,119,10,109,0
Dm20,Tm20,55,34,21,0,119,73,46,0
Li18,LC25,45,18,27,0,119,49,70,0
Tlp1,LT51,37,17,20,0,119,58,61,0
Pm10,Pm07,50,23,27,0,119,55,64,0
Y11,TmY9q,52,21,31,0,119,50,69,0
T3,Mi13,37,18,19,0,119,58,61,0
Pm10,MLt2,43,27,16,0,119,79,40,0
Sm41,cM08b,4,2,2,0,119,76,43,0
Sm11,Sm41,8,4,4,0,119,51,68,0
Y12,VSm,49,40,9,0,119,99,20,0
Li12,TmY5a,49,29,20,0,119,75,44,0
LPi12,LPC1,47,29,18,0,119,77,42,0
LPTe01,LPi07,36,26,10,0,119,93,26,0
LC10d,LC14a2,42,19,23,0,119,56,63,0
LC34,aMe20,12,7,5,0,119,48,71,0
LC31a,LT56,17,9,8,0,119,55,64,0
cM18,MC65,6,3,3,0,119,64,55,0
cM18,Sm06,34,15,19,0,119,55,64,0
MTe01a,Sm07,45,38,7,0,119,104,15,0
LPLC1,LTe65,19,12,7,0,119,80,39,0
cM07,MTe47,4,2,2,0,119,68,51,0
cL12,LC10f,4,2,2,0,119,66,53,0
cL22b,LC33a,7,3,2,2,119,19,34,66
MTe40,Tm8b,30,14,16,0,119,54,65,0
cL11,LTe64,10,5,5,0,119,56,63,0
cL04,LTe03,8,4,4,0,119,88,31,0
cL04,LCe06,18,10,8,0,119,72,47,0
LTe56,LTe75,2,1,1,0,119,71,48,0
cM10,Sm22,31,16,15,0,119,66,53,0
cMLLP01,LC40,15,5,10,0,119,42,77,0
T4a,LPi10,45,20,25,0,118,52,66,0
Sm06,Pm10,30,17,13,0,118,65,53,0
Tm20,TmY16,40,9,31,0,118,32,86,0
Y4,Tm25,56,30,26,0,118,64,54,0
Tm32,Li04,49,28,21,0,118,66,52,0
Tm5c,Li01,47,17,30,0,118,46,72,0
C3,T3,45,19,26,0,118,56,62,0
T5a,LPi10,43,16,27,0,118,40,78,0
Tm5b,Tm5e,44,18,26,0,118,45,73,0
Mi9,Tm5f,47,27,20,0,118,63,55,0
Tm5a,LPLC4,26,10,16,0,118,22,96,0
Li06,LC31a,36,30,6,0,118,104,14,0
Sm22,Tm34,51,22,29,0,118,52,66,0
Tlp14,Li17,37,20,17,0,118,72,46,0
LLPt,LPi13,36,22,14,0,118,82,36,0
Y3,Tm9,52,26,26,0,118,63,55,0
Tm4,Tm8a,49,29,20,0,118,72,46,0
Sm32,MTe43,27,14,13,0,118,64,54,0
LMt2,LC17,47,25,22,0,118,65,53,0
Sm09,MLt5,49,25,24,0,118,63,55,0
Sm17,MeTu3a,41,26,15,0,118,85,33,0
Mi2,TmY5a,51,30,21,0,118,67,51,0
Li05,LTe64,29,15,14,0,118,61,57,0
Sm12,TmY3,40,15,25,0,118,53,65,0
MLt1,OA-AL2i1,34,16,18,0,118,59,59,0
Sm14,Sm29,42,28,14,0,118,81,37,0
Mi15,Dm12,48,28,20,0,118,65,53,0
Li08,LTe42b,19,11,8,0,118,66,52,0
Sm42,cM11,2,0,2,0,118,0,118,0
Sm42,Pm14,4,2,2,0,118,67,51,0
Li33,LC46,13,6,7,0,118,63,55,0
Sm36,T2a,51,24,27,0,118,56,62,0
Li32,LT39,2,1,1,0,118,47,71,0
Am1,LPi14,4,2,2,0,118,27,91,0
Li30,LTe76,2,1,1,0,118,63,55,0
LC14b,Lawf2,33,26,7,0,118,99,19,0
LLPC2,Tm7,52,24,28,0,118,55,63,0
MTe01a,Sm06,47,34,13,0,118,82,36,0
cM18,aMe4,13,5,8,0,118,79,39,0
cM18,MTe25,2,1,1,0,118,65,53,0
CB0816,Sm32,36,13,23,0,118,49,69,0
LPT54,LPT31,8,4,4,0,118,64,54,0
DN1a,s-LNva,4,2,2,0,118,106,12,0
LT37,Tm37,37,19,18,0,118,73,45,0
LT38,LC14a1,18,10,8,0,118,82,36,0
mALD2,MTe50,18,12,6,0,118,81,37,0
MeMe_e10,Sm30,22,11,11,0,118,61,57,0
MC65,aMe17a2,6,3,3,0,118,57,61,0
LTe17,Li10,38,22,16,0,118,70,48,0
cML01,Dm2,49,33,16,0,118,82,36,0
cMLLP01,LC9,36,22,14,0,118,74,44,0
cM16,Sm05,43,22,21,0,118,58,60,0
cM16,Lawf2,44,24,20,0,118,65,53,0
LPT53,LLPC1,33,22,11,0,118,90,28,0
Tm27,Mi13,53,26,27,0,117,57,60,0
TmY5a,Tlp1,51,27,24,0,117,61,56,0
Tm21,Tm27,55,26,29,0,117,56,61,0
T2,DNp11,38,25,13,0,117,83,34,0
Tm27,Pm03,53,15,38,0,117,36,81,0
Tm7,LTe16,42,19,23,0,117,58,59,0
TmY9q,Li32,38,20,18,0,117,76,41,0
Tm5b,Tm33,48,18,30,0,117,44,73,0
TmY5a,Sm42,47,26,21,0,117,66,51,0
Mi2,Dm6,52,26,26,0,117,56,61,0
Pm12,T3,50,24,26,0,117,52,65,0
Tm2,Mi14,55,32,23,0,117,67,50,0
Tm20,MTe03,45,23,22,0,117,57,60,0
Tm21,Dm18,53,22,31,0,117,49,68,0
Sm40,MTe19,4,2,2,0,117,67,50,0
Tm5f,Mi4,49,26,23,0,117,58,59,0
Tm4,Dm3v,53,32,21,0,117,74,43,0
Pm05,Sm40,37,17,20,0,117,48,69,0
MLt7,aMe9,37,21,16,0,117,74,43,0
LMa4,TmY5a,51,23,28,0,117,52,65,0
LMa4,Li26,41,25,16,0,117,67,50,0
Y11,LPi15,41,26,15,0,117,72,45,0
Sm15,MTe40,38,20,18,0,117,66,51,0
Tm7,LC29,36,14,22,0,117,45,72,0
Sm41,Li06,41,20,21,0,117,60,57,0
Mi10,Dm15,54,30,24,0,117,64,53,0
Tm5e,MTe01a,41,29,12,0,117,83,34,0
Dm10,Sm05,45,26,19,0,117,73,44,0
Sm28,DmDRA2,31,22,9,0,117,92,25,0
Li24,LMa2,30,15,15,0,117,68,49,0
Sm42,MTe25,2,1,1,0,117,72,45,0
Sm33,Sm08,31,24,7,0,117,93,24,0
Li24,LCe07,16,9,7,0,117,66,51,0
Am1,T2a,53,32,21,0,117,73,44,0
cM09,Tm20,52,31,21,0,117,71,46,0
MTe07,Sm21,41,19,22,0,117,55,62,0
MeTu3c,LT58,25,16,9,0,117,82,35,0
LLPC1,LC17,46,24,22,0,117,63,54,0
LPT45_dCal1,PLP248,2,1,1,0,117,51,66,0
cL07,Li31,2,1,1,0,117,106,11,0
cM02b,Sm42,2,1,1,0,117,70,47,0
LC14b,LTe15,12,6,6,0,117,50,67,0
LT37,Li18,16,9,7,0,117,72,45,0
PLP177,PLP004,1,0,1,0,117,0,117,0
LPLC4,Li10,29,14,15,0,117,41,76,0
LPT50,LPLC2,32,27,5,0,117,104,13,0
cL17,LT52,19,8,11,0,117,50,67,0
cM11,MTe12,6,0,6,0,117,0,117,0
OA-ASM1,LC31a,39,22,17,0,117,69,48,0
cL11,Li08,20,11,9,0,117,54,63,0
cL04,LTe11,4,2,2,0,117,56,61,0
MTe38,LT43,4,2,2,0,117,55,62,0
Sm16,Sm08,49,31,18,0,116,77,39,0
T5d,Tm9,55,16,39,0,116,33,83,0
TmY5a,T4c,51,26,25,0,116,58,58,0
Y1,LT62,41,16,25,0,116,46,70,0
Tm8b,Li12,45,19,26,0,116,54,62,0
DmDRA2,Sm26,28,18,10,0,116,69,47,0
Tm27,LT82a,48,25,23,0,116,54,62,0
Li21,Li06,46,24,22,0,116,56,60,0
Sm06,MeMe_e02,34,4,30,0,116,8,108,0
TmY20,LC15,46,23,23,0,116,58,58,0
Mi10,Pm07,52,22,30,0,116,48,68,0
Pm07,Pm04,41,20,21,0,116,56,60,0
Pm07,MTe08,38,16,22,0,116,45,71,0
TmY15,Pm04,52,33,19,0,116,76,40,0
Sm40,Mi4,43,30,13,0,116,85,31,0
Sm27,Tm5c,49,26,23,0,116,62,54,0
Sm21,Tm5b,54,40,14,0,116,87,29,0
Li03,LMa5,36,17,19,0,116,55,61,0
Tm1,Pm12,23,6,17,0,116,46,70,0
Li13,LC10e,40,17,23,0,116,57,59,0
MLt7,Sm12,37,21,16,0,116,62,54,0
LMa2,LC20b,38,25,13,0,116,78,38,0
Y11,LMt3,47,24,23,0,116,61,55,0
MLt2,MTe22,26,12,14,0,116,58,58,0
MLt1,MLt1,47,22,25,0,116,53,63,0
Tm34,LT52,36,21,15,0,116,62,54,0
TmY5a,LTe40,46,22,24,0,116,59,57,0
Tm5e,MTe14,46,27,19,0,116,68,48,0
MLt1,LC6,36,12,24,0,116,33,83,0
Sm09,Sm01,54,37,17,0,116,79,37,0
Tm7,Tm5f,52,24,28,0,116,56,60,0
Dm9,T1,51,43,8,0,116,98,18,0
Sm41,Sm15,43,18,25,0,116,49,67,0
Tm5a,Li28,33,21,12,0,116,86,30,0
L3,C2,46,33,13,0,116,85,31,0
Li27,Li18,34,18,16,0,116,63,53,0
LC14b,Y11,28,20,8,0,116,90,26,0
LC10e,Li33,34,19,15,0,116,64,52,0
LPTe01,Am1,17,11,6,0,116,96,20,0
LC14a1,Y4,32,13,19,0,116,47,69,0
MTe01a,cM01a,5,2,3,0,116,63,53,0
H1,Y3,44,22,22,0,116,58,58,0
LC25,LC31b,39,19,20,0,116,56,60,0
LT57,LTe42a,14,8,6,0,116,74,42,0
LCe07,cL20,8,3,2,3,116,61,25,30
cMLLP02,Pm11,22,14,8,0,116,72,44,0
cM03,cM08a,13,6,7,0,116,74,42,0
cML02,CT1,2,1,1,0,116,31,85,0
AVLP151,cM19,11,6,5,0,116,73,43,0
OA-AL2b2,aMe6a,8,4,4,0,116,69,47,0
cL11,LC10c,33,17,16,0,116,68,48,0
DCH,LPi12,2,1,1,0,116,86,30,0
cM15,Dm8a,46,32,14,0,116,84,32,0
LT41,Li03,23,14,9,0,116,79,37,0
Sm01,Sm35,51,28,23,0,115,67,48,0
TmY31,LT69,37,17,20,0,115,49,66,0
Y4,Li30,41,18,23,0,115,49,66,0
Li20,Li16,37,16,21,0,115,55,60,0
Tm7,LTe42b,32,15,17,0,115,45,70,0
MLt6,Li13,42,21,21,0,115,56,59,0
Y3,LC37a,44,19,25,0,115,45,70,0
Tm27,Mi1,46,21,25,0,115,47,68,0
LPi10,LPi12,27,16,11,0,115,82,33,0
Dm16,Tm5e,46,20,26,0,115,49,66,0
TmY5a,Li24,37,11,26,0,115,23,92,0
LLPt,LPi07,40,10,30,0,115,25,90,0
Mi2,LMt2,52,32,20,0,115,70,45,0
Sm28,Sm18,35,23,12,0,115,88,27,0
Mi14,Mi13,51,31,20,0,115,71,44,0
Tlp5,Li33,33,18,15,0,115,65,50,0
Y4,LC10a,51,24,27,0,115,54,61,0
TmY5a,LPi09,52,30,22,0,115,64,51,0
TmY10,LTe03,43,29,14,0,115,79,36,0
Li10,Li05,45,21,24,0,115,52,63,0
Li26,Li26,21,10,11,0,115,66,49,0
Y3,LPT22,48,34,14,0,115,83,32,0
Tm5a,LC39,33,18,15,0,115,68,47,0
Tm5e,LC27,50,27,23,0,115,63,52,0
LMa2,Pm01,53,34,19,0,115,73,42,0
Li12,LC9,38,23,15,0,115,67,48,0
Li31,LT77,5,3,2,0,115,59,56,0
Li24,LMa4,28,15,13,0,115,79,36,0
Li27,Tm5b,52,27,25,0,115,57,58,0
Li33,LT87,2,1,1,0,115,58,57,0
Li32,LC24,36,18,18,0,115,58,57,0
LPi13,T4a,47,43,4,0,115,107,8,0
LC21,LC21,37,19,18,0,115,66,49,0
MeLp1,OA-AL2i1,4,2,2,0,115,101,14,0
MeMe_e01,Sm10,39,27,12,0,115,83,32,0
MTe46,LTe51,6,3,3,0,115,54,61,0
LLPC2,TmY5a,51,23,28,0,115,50,65,0
cLP01,LLPt,49,38,11,0,115,91,24,0
MTe54,Sm31,38,25,13,0,115,78,37,0
LT60,LMa1,17,7,10,0,115,53,62,0
MTe52,TmY4,45,27,18,0,115,72,43,0
MTe02,Sm40,44,25,19,0,115,63,52,0
aMe5,DN1-l,20,11,9,0,115,71,44,0
LC28a,LC34,25,13,12,0,115,66,49,0
LLPC1,LC9,50,26,24,0,115,63,52,0
aMe17b,MeTu1,46,20,26,0,115,48,67,0
LPT45_dCal1,LLPC1,27,22,5,0,115,99,16,0
LT38,Li17,24,15,9,0,115,65,50,0
cL12,Li04,19,12,7,0,115,55,60,0
LT40,LC14a2,15,8,7,0,115,57,58,0
aMe17a2,Tm35,32,16,16,0,115,60,55,0
LTe38c,PLP251,4,2,2,0,115,51,64,0
cM14,Tm5d,39,19,20,0,115,61,54,0
LTe21,cL17,4,2,2,0,115,42,73,0
LT41,LMt3,14,7,7,0,115,66,49,0
Tm16,mALC5,31,14,17,0,114,57,57,0
Sm06,MLt7,32,4,28,0,114,9,105,0
Li13,LC31a,39,23,16,0,114,62,52,0
TmY5a,Y1,41,16,25,0,114,37,77,0
TmY10,LPC1,45,36,9,0,114,93,21,0
T2,TmY3,53,32,21,0,114,68,46,0
TmY5a,LTe24,51,24,27,0,114,51,63,0
MLt5,MLt7,40,19,21,0,114,57,57,0
Li09,LCe01a,37,21,16,0,114,65,49,0
Li02,Li29,13,5,8,0,114,10,104,0
Sm07,MeTu4c,46,23,23,0,114,61,53,0
Tm5b,Mi15,48,25,23,0,114,63,51,0
Y4,LTe20,38,15,23,0,114,39,75,0
Y3,LTe58,48,22,26,0,114,52,62,0
LMt3,Pm08,45,19,26,0,114,52,62,0
Li02,Li05,42,31,11,0,114,84,30,0
Mi10,MLt2,42,25,17,0,114,73,41,0
Sm10,Sm13,49,26,23,0,114,59,55,0
Tm21,Tm1,41,19,22,0,114,48,66,0
Sm18,MeMe_e01,30,14,16,0,114,46,68,0
Tlp4,LPT26,25,16,9,0,114,84,30,0
Tm35,Sm15,43,29,14,0,114,78,36,0
TmY20,LLPC2,47,25,22,0,114,62,52,0
Tm5c,LCe02,41,24,17,0,114,70,44,0
Tm5a,LMa2,22,8,14,0,114,34,80,0
Li22,T2,53,30,23,0,114,66,48,0
TmY10,LC40,43,21,22,0,114,53,61,0
Li33,LC10b,30,14,16,0,114,51,63,0
LPi13,TmY9q⊥,42,31,11,0,114,85,29,0
LT55,LTe02,4,2,2,0,114,62,52,0
LLPC3,LLPC2,44,30,14,0,114,80,34,0
cLPL01,LT52,10,6,4,0,114,62,52,0
LC14a1,LC9,37,22,15,0,114,69,45,0
LC10b,LTe07,21,9,12,0,114,33,81,0
cM18,cM08c,6,3,3,0,114,40,74,0
LPT54,OA-AL2i1,2,1,1,0,114,76,38,0
LPLC4,LTe42c,19,8,11,0,114,48,66,0
MTe42,DNp27,3,2,1,0,114,18,96,0
MTe12,Sm40,12,6,6,0,114,49,65,0
mALD1,LT74,4,1,3,0,114,41,73,0
cMLLP02,Li22,16,8,8,0,114,51,63,0
VST2,LPi04,35,29,6,0,114,94,20,0
AVLP151,TmY15,32,19,13,0,114,74,40,0
mALC5,Li09,19,10,9,0,114,74,40,0
OA-ASM1,LPLC4,49,20,29,0,114,48,66,0
VS1,LPi15,2,1,1,0,114,78,36,0
cML01,Pm05,32,16,16,0,114,52,62,0
cL05,LT72,2,1,1,0,114,55,59,0
aMe19a,Pm13,3,1,2,0,114,47,67,0
T5a,LPLC4,45,20,25,0,113,53,60,0
Dm15,C3,45,21,24,0,113,55,58,0
Tm5c,Sm02,43,23,20,0,113,63,50,0
TmY9q,LT36,41,12,29,0,113,28,85,0
Mi14,Dm14,50,28,22,0,113,63,50,0
Tm16,Mi14,47,24,23,0,113,59,54,0
Mi1,MLt1,37,16,21,0,113,41,72,0
DmDRA2,Sm03,26,12,14,0,113,57,56,0
Li11,Tm33,34,9,25,0,113,21,92,0
Li10,LC35,41,30,11,0,113,86,27,0
Pm04,Tm33,39,23,16,0,113,74,39,0
Tlp14,LPT47_vCal2,24,18,6,0,113,91,22,0
TmY3,LC9,50,21,29,0,113,45,68,0
Y1,LPT04_HST,40,27,13,0,113,79,34,0
LPi07,TmY14,44,22,22,0,113,53,60,0
Tm33,LC24,30,13,17,0,113,63,50,0
TmY31,LTe49f,34,24,10,0,113,81,32,0
Tlp4,LPT42_Nod4,28,16,12,0,113,70,43,0
TmY5a,LPi12,52,44,8,0,113,97,16,0
Tm31,LT77,36,20,16,0,113,67,46,0
LPi14,VCH,4,2,2,0,113,52,61,0
Tlp14,LPi06,38,33,5,0,113,100,13,0
Tm31,Li24,38,25,13,0,113,70,43,0
Tm4,MLt1,46,27,19,0,113,72,41,0
Sm02,Tm5f,48,22,26,0,113,52,61,0
LPi07,Nod3,33,23,10,0,113,87,26,0
Li05,LT80,22,12,10,0,113,68,45,0
Li31,Li14,18,10,8,0,113,57,56,0
Li24,LT83,10,6,4,0,113,46,67,0
Sm42,MTe45,2,1,1,0,113,63,50,0
Li33,LTe49c,4,2,2,0,113,38,75,0
aMe5,cM04,32,22,10,0,113,77,36,0
LC4,LPLC1,50,25,25,0,113,53,60,0
LT11,LC11,46,25,21,0,113,57,56,0
cL22a,LPLC4,28,10,18,0,113,38,75,0
LC14a1,LT73,14,7,7,0,113,62,51,0
LC14a1,Li21,28,14,14,0,113,59,54,0
LT42,Li05,42,23,19,0,113,61,52,0
MTe54,TmY9q,50,26,24,0,113,60,53,0
LC14a2,LC33a,22,10,12,0,113,65,48,0
LPT54,LLPC1,40,22,18,0,113,62,51,0
LPC2,LPT57,16,12,1,3,113,85,4,24
cM17,MTe08,12,6,6,0,113,54,59,0
LT38,LTe65,10,5,5,0,113,62,51,0
cM11,MTe03,11,0,11,0,113,0,113,0
LPC1,LLPC2,43,33,10,0,113,89,24,0
mALC3,Pm09,16,7,9,0,113,25,88,0
LPLC4,cL15,14,3,4,7,113,18,26,69
OA-AL2b2,OA-AL2b2,12,0,0,12,113,0,0,113
LPT58,Tlp1,24,10,14,0,113,41,72,0
LPT27,LPi04,23,12,11,0,113,38,75,0
Nod5,LPT22,2,1,1,0,113,61,52,0
cMLLP01,LC10e,31,10,21,0,113,37,76,0
LT41,Tm7,43,18,25,0,113,47,66,0
MTe42,CB0143,1,1,0,0,113,113,0,0
Li01,LC36,47,25,22,0,112,55,57,0
Mi1,Dm4,51,32,19,0,112,70,42,0
Li08,LT51,42,21,21,0,112,57,55,0
LMt2,LT61b,30,19,11,0,112,73,39,0
Dm10,Mi10,51,28,23,0,112,62,50,0
Tm32,LTe46,28,13,15,0,112,42,70,0
Dm3q,Mi9,47,29,18,0,112,74,38,0
Tm7,Sm07,42,22,20,0,112,64,48,0
Tm3,T5b,35,13,22,0,112,39,73,0
T4d,Tlp4,31,2,29,0,112,4,108,0
Tm5d,LPLC2,50,22,28,0,112,47,65,0
Pm04,MLt4,39,23,16,0,112,73,39,0
Sm06,Sm30,44,29,15,0,112,71,41,0
Y1,LPLC2,46,28,18,0,112,65,47,0
TmY9q⊥,Tm5e,28,4,24,0,112,8,104,0
TmY5a,H2,47,23,24,0,112,59,53,0
Dm13,cML01,33,20,13,0,112,74,38,0
Mi1,TmY11,37,13,24,0,112,38,74,0
Sm06,Tm7,43,26,17,0,112,66,46,0
Dm16,Dm18,41,28,13,0,112,77,35,0
Tm1,Tm5a,44,20,24,0,112,48,64,0
Pm02,Tm27,50,29,21,0,112,63,49,0
Tm3,T5d,36,7,29,0,112,16,96,0
Li04,LT43,32,21,11,0,112,71,41,0
MLt1,LC16,31,18,13,0,112,66,46,0
MLt8,Sm12,45,26,19,0,112,69,43,0
Sm25,Tm27,45,24,21,0,112,58,54,0
LPi08,LPi06,35,33,2,0,112,107,5,0
Li32,Li33,2,1,1,0,112,42,70,0
LTe66,cL20,11,3,2,6,112,46,12,54
LC14b,LLPt,25,13,12,0,112,65,47,0
LT11,LPLC1,31,11,20,0,112,26,86,0
LC14a1,LTe12,17,9,8,0,112,57,55,0
MTe01a,MeMe_e01,35,27,8,0,112,92,20,0
LT52,LT52,29,19,10,0,112,72,40,0
cL21,LC31a,36,21,15,0,112,73,39,0
MeMe_e06,cM09,5,3,2,0,112,58,54,0
LC20a,LTe32,25,17,8,0,112,82,30,0
LTe20,LT61b,2,1,1,0,112,54,58,0
LTe33,aMe20,5,2,3,0,112,60,52,0
LT40,LC20b,26,17,9,0,112,81,31,0
mALC5,Li05,25,11,14,0,112,44,68,0
mALC5,Tm5b,26,14,12,0,112,58,54,0
CB0472,LC33a,5,2,3,0,112,43,69,0
LT65,LT52,20,11,9,0,112,67,45,0
CB0592,Mi4,50,24,26,0,112,55,57,0
cM08b,Sm05,41,27,14,0,112,66,46,0
LTe27,LC37a,4,2,2,0,112,66,46,0
MTe40,Tm5e,47,22,25,0,112,51,61,0
DCH,T4d,51,37,14,0,112,79,33,0
LT33,TmY15,41,22,19,0,112,56,56,0
LT58,Tm5b,44,30,14,0,112,78,34,0
aMe17a1,Sm38,4,2,2,0,112,74,38,0
cM16,MTe47,4,2,2,0,112,63,49,0
Mi15,Dm8a,41,21,20,0,111,50,61,0
Sm01,Sm26,51,25,26,0,111,55,56,0
Tm8a,LTe38c,34,10,24,0,111,30,81,0
TmY3,Pm10,36,26,10,0,111,78,33,0
L5,Mi10,49,21,28,0,111,52,59,0
Tm5c,MTe53,40,16,24,0,111,38,73,0
L3,MLt3,43,14,29,0,111,31,80,0
Y12,LPLC4,43,24,19,0,111,64,47,0
C3,MLt4,50,23,27,0,111,53,58,0
Tm20,MeTu4c,47,22,25,0,111,47,64,0
Sm02,Sm31,39,18,21,0,111,50,61,0
Sm23,DmDRA1,38,17,21,0,111,53,58,0
T4d,T2,54,24,30,0,111,50,61,0
MLt7,LT53,27,16,11,0,111,66,45,0
Tm25,Li24,47,22,25,0,111,49,62,0
Sm40,Sm09,47,28,19,0,111,66,45,0
TmY5a,LTe41,44,18,26,0,111,44,67,0
LLPt,T4c,53,35,18,0,111,72,39,0
Tm5f,LLPC4,36,19,17,0,111,59,52,0
Tm27,CB0816,50,27,23,0,111,60,51,0
Sm23,Sm06,42,27,15,0,111,61,50,0
TmY31,Tm16,42,20,22,0,111,52,59,0
Tlp4,Li24,34,18,16,0,111,71,40,0
LMa4,LLPC1,45,28,17,0,111,73,38,0
Pm05,Sm42,40,22,18,0,111,64,47,0
Y4,LC31b,39,20,19,0,111,47,64,0
Tm4,LC21,43,12,31,0,111,25,86,0
LLPt,LTe64,19,10,9,0,111,50,61,0
Li18,Li11,41,25,16,0,111,74,37,0
TmY10,OA-AL2i4,45,30,15,0,111,74,37,0
LMa2,Li24,36,18,18,0,111,49,62,0
Tm7,Dm2,46,26,20,0,111,61,50,0
Tm8b,LC13,46,23,23,0,111,58,53,0
Sm09,Tm32,46,27,19,0,111,67,44,0
Sm07,Sm37,36,22,14,0,111,64,47,0
Li10,LT68,36,23,13,0,111,71,40,0
LMa3,LC21,42,17,25,0,111,40,71,0
LMa2,LT73,19,12,7,0,111,76,35,0
Tm32,LC10c,30,14,16,0,111,46,65,0
Li33,LT67,2,1,1,0,111,51,60,0
MeMe_e01,MeTu4a,38,16,22,0,111,52,59,0
MeTu4d,Sm15,32,18,14,0,111,62,49,0
LC14a2,LTe58,23,9,14,0,111,41,70,0
MeTu4c,Sm12,48,29,19,0,111,72,39,0
LC21,LC10a,45,24,21,0,111,57,54,0
H1,LPi01,12,3,9,0,111,40,71,0
LPT23,vCal1,5,3,2,0,111,70,41,0
MTe25,TmY10,38,15,23,0,111,48,63,0
LPT31,PLP177,8,4,4,0,111,58,53,0
LC10b,LTe49a,24,16,8,0,111,75,36,0
LT1a,cL21,4,2,2,0,111,87,24,0
OA-AL2i2,LMa1,45,23,22,0,111,57,54,0
LC28a,LT73,23,16,7,0,111,71,40,0
HSN,LPi14,4,2,2,0,111,61,50,0
cML01,LPT54,2,1,1,0,111,65,46,0
TmY31,LTe49b,26,1,25,0,110,3,107,0
Tm5f,Li28,48,24,24,0,110,57,53,0
TmY5a,Tm5d,38,14,24,0,110,35,75,0
TmY20,LMa1,43,19,24,0,110,52,58,0
Li06,LT61b,43,15,28,0,110,36,74,0
Li17,Li21,47,27,20,0,110,61,49,0
Pm01,Tm21,48,25,23,0,110,61,49,0
Sm15,OA-AL2i4,38,21,17,0,110,63,47,0
Tm5e,LC10f,45,23,22,0,110,54,56,0
Li06,LMt1,42,22,20,0,110,62,48,0
Y3,LPT29,42,32,10,0,110,82,28,0
Tm4,LT82a,49,23,26,0,110,53,57,0
Tm8b,LTe58,33,15,18,0,110,41,69,0
LPi02,LPLC1,44,29,15,0,110,73,37,0
T2a,Pm02,51,21,30,0,110,46,64,0
Mi1,Tm7,28,12,16,0,110,25,85,0
Tm4,MTe03,40,22,18,0,110,59,51,0
Y3,Li12,30,9,21,0,110,22,88,0
Pm07,TmY5a,44,16,28,0,110,40,70,0
Pm05,MLt4,33,13,20,0,110,33,77,0
Li16,Li15,41,21,20,0,110,61,49,0
Tm25,Tm5b,47,29,18,0,110,63,47,0
Li18,Tm25,52,16,36,0,110,34,76,0
Li01,Tm34,46,25,21,0,110,56,54,0
Tm37,LC17,46,20,26,0,110,52,58,0
Tm36,LC14a2,35,16,19,0,110,60,50,0
Tm8a,LTe47,36,16,20,0,110,52,58,0
Sm41,Sm18,27,13,14,0,110,53,57,0
Li09,LC10c,44,22,22,0,110,50,60,0
Sm25,MLt8,37,25,12,0,110,71,39,0
LPi14,DCH,4,2,2,0,110,78,32,0
Tm9,Li14,40,24,16,0,110,66,44,0
Sm14,MeMe_e01,27,15,12,0,110,57,53,0
Li28,LTe05,4,2,2,0,110,50,60,0
LPi12,LPT04_HST,2,1,1,0,110,47,63,0
Li30,LC20a,23,19,4,0,110,87,23,0
LC24,LTe42c,15,6,9,0,110,41,69,0
LC14a1,OA-ASM1,38,0,0,38,110,0,0,110
LTe08,LC6,32,20,12,0,110,66,44,0
MeTu4c,LTe27,25,14,11,0,110,59,51,0
MTe01b,Sm25,40,19,21,0,110,50,60,0
LPC1,LLPt,49,36,13,0,110,82,28,0
LT52,Tm32,34,23,11,0,110,74,36,0
LT52,Li06,35,15,20,0,110,49,61,0
LC28a,LC28a,37,22,15,0,110,63,47,0
MeMe_e08,MTe42,17,9,8,0,110,60,50,0
cLP03,LPC2,44,39,5,0,110,97,13,0
aMe17c,OA-AL2i1,4,2,2,0,110,66,44,0
LPT50,LPT47_vCal2,2,1,1,0,110,75,35,0
LT64,LPLC4,33,16,17,0,110,54,56,0
LPT26,LLPC3,25,16,9,0,110,90,20,0
LTe38c,cL05,4,2,2,0,110,50,60,0
DNc02,LT33,2,1,1,0,110,85,25,0
LT84,TmY5a,43,12,31,0,110,32,78,0
cM14,MC65,6,3,3,0,110,52,58,0
LC36,cL22a,12,5,4,3,110,43,44,23
LT52,LTe65,15,10,5,0,110,63,47,0
cMLLP01,LC20b,25,17,8,0,110,80,30,0
cMLLP01,LT73,2,1,1,0,110,66,44,0
Li03,Li05,41,24,17,0,109,59,50,0
Mi4,Pm04,40,22,18,0,109,59,50,0
Li08,LTe41,21,10,11,0,109,56,53,0
LMt2,LT1d,30,15,15,0,109,53,56,0
T2,C3,51,25,26,0,109,54,55,0
Tm1,Li14,47,35,12,0,109,84,25,0
Y12,LPT49,42,32,10,0,109,84,25,0
Sm19,Sm08,46,24,22,0,109,55,54,0
Tm1,Dm17,49,31,18,0,109,71,38,0
Li10,LTe75,38,21,17,0,109,59,50,0
Sm02,Sm05,45,23,22,0,109,55,54,0
Y3,Tm5c,43,20,23,0,109,47,62,0
Tm25,Tm20,48,23,25,0,109,48,61,0
Sm40,MLt6,35,19,16,0,109,64,45,0
Mi14,Tm21,48,21,27,0,109,42,67,0
T3,Y4,46,18,28,0,109,41,68,0
Y12,T4c,51,24,27,0,109,53,56,0
Tm7,LTe47,33,11,22,0,109,32,77,0
Li06,LMa3,42,23,19,0,109,60,49,0
Tm34,Sm32,43,16,27,0,109,41,68,0
TmY3,LC6,47,23,24,0,109,54,55,0
LMa2,Tm27,50,33,17,0,109,71,38,0
Li04,Li13,39,28,11,0,109,76,33,0
Dm8a,MeMe_e09,36,17,19,0,109,58,51,0
Pm10,LMa4,31,19,12,0,109,80,29,0
Sm13,Tm37,40,22,18,0,109,56,53,0
Y4,LMt3,44,25,19,0,109,65,44,0
R7,L1,37,19,18,0,109,55,54,0
Tm37,LC22,41,22,19,0,109,61,48,0
Mi10,Tm16,42,30,12,0,109,78,31,0
Sm43,Sm18,25,14,11,0,109,73,36,0
Li33,LT77,6,3,3,0,109,41,68,0
Pm13,Pm14,6,2,4,0,109,51,58,0
MeTu4c,Tm8a,46,25,21,0,109,57,52,0
LC10b,LT59,14,7,7,0,109,47,62,0
MTe01b,MeTu3b,38,26,12,0,109,73,36,0
aMe12,Tm31,46,28,18,0,109,67,42,0
LLPC2,Y3,45,22,23,0,109,48,61,0
cM01a,MeTu4c,21,11,10,0,109,45,64,0
cM01a,MeMe_e01,7,3,4,0,109,51,58,0
cM01a,Sm38,4,2,2,0,109,62,47,0
aMe9,Sm39,4,2,2,0,109,63,46,0
LC9,Li10,41,25,16,0,109,61,48,0
MTe15,LTe67,7,4,3,0,109,69,40,0
cM08a,MLt1,41,20,21,0,109,60,49,0
LPT30,LPi10,23,12,11,0,109,69,40,0
MeLp2,T4c,46,35,11,0,109,81,28,0
LT86,PLP051,4,1,1,2,109,50,39,20
MTe37,Sm12,39,20,19,0,109,59,50,0
OA-AL2b2,L1,42,20,22,0,109,46,63,0
CB0472,LT75,2,1,1,0,109,57,52,0
LT73,Li32,4,2,2,0,109,65,44,0
CB0592,Sm08,36,21,15,0,109,60,49,0
aMe22,LNda,2,1,1,0,109,66,43,0
cLP04,TmY31,28,18,10,0,109,71,38,0
cLP04,LLPC1,26,17,9,0,109,72,37,0
LPT49,cLLPM02,4,1,1,2,109,13,24,72
OA-AL2i1,TmY15,44,29,15,0,109,69,40,0
cMLLP01,MTe42,2,1,1,0,109,50,59,0
cL15,LC10a,33,15,18,0,109,52,57,0
LT41,Tm37,26,8,18,0,109,43,66,0
Li01,Tm20,50,24,26,0,108,52,56,0
Tm5c,Sm09,51,24,27,0,108,51,57,0
Mi15,Mi9,44,22,22,0,108,47,61,0
Tm20,Li13,46,19,27,0,108,42,66,0
Tm33,Li06,42,22,20,0,108,55,53,0
LMt2,Li19,47,21,26,0,108,53,55,0
Tm5a,LTe08,14,9,5,0,108,93,15,0
Y12,MLt3,47,19,28,0,108,46,62,0
TmY5a,LC29,44,24,20,0,108,53,55,0
TmY4,LTe35,25,11,14,0,108,47,61,0
Tm5d,Tm5a,46,21,25,0,108,42,66,0
Pm12,T2a,43,18,25,0,108,48,60,0
Mi13,Dm14,47,26,21,0,108,56,52,0
Tm5a,Sm30,39,20,19,0,108,57,51,0
Li05,cM09,34,19,15,0,108,54,54,0
TmY15,Pm05,46,18,28,0,108,41,67,0
Sm40,MTe03,36,22,14,0,108,60,48,0
Sm07,Dm8b,32,12,20,0,108,40,68,0
TmY5a,Pm02,50,27,23,0,108,59,49,0
Y11,VCH,40,20,20,0,108,53,55,0
Mi4,Dm16,48,25,23,0,108,57,51,0
Tm5d,LTe42c,33,18,15,0,108,53,55,0
Y12,MeMe_e07,40,27,13,0,108,75,33,0
LMt2,Pm03,46,23,23,0,108,51,57,0
TmY5a,TmY10,46,24,22,0,108,56,52,0
Pm08,MeMe_e07,42,20,22,0,108,54,54,0
Tm8b,Tm31,37,16,21,0,108,42,66,0
LLPt,LTe29,23,15,8,0,108,66,42,0
LMa2,Pm07,43,23,20,0,108,54,54,0
TmY4,LPi09,44,28,16,0,108,68,40,0
TmY16,T5a,48,28,20,0,108,62,46,0
TmY10,LT52,45,21,24,0,108,49,59,0
Sm41,Sm07,44,20,24,0,108,49,59,0
LMa2,LC9,42,22,20,0,108,57,51,0
L1,Dm6,20,11,9,0,108,34,74,0
Dm11,C3,49,34,15,0,108,76,32,0
Li12,LTe29,12,6,6,0,108,65,43,0
cL22a,LTe38a,8,4,4,0,108,57,51,0
LC14a2,LC27,30,18,12,0,108,60,48,0
LLPC2,LPi07,44,29,15,0,108,72,36,0
MTe51,TmY31,41,17,24,0,108,48,60,0
LC14b,LMt1,28,15,13,0,108,59,49,0
LPC1,H1,43,23,20,0,108,63,45,0
MeMe_e08,MTe43,20,11,9,0,108,68,40,0
aMe17b,Tm5f,46,25,21,0,108,62,46,0
LC20b,Li13,43,27,16,0,108,63,45,0
LT69,LT86,2,1,1,0,108,54,54,0
MTe25,cM08b,4,2,2,0,108,70,38,0
OA-AL2i3,Dm16,40,21,19,0,108,53,55,0
cL21,Li24,18,10,8,0,108,55,53,0
LC19,LC33a,7,1,2,4,108,15,7,86
LC29,LTe65,16,9,7,0,108,61,47,0
LT40,LC10d,33,17,16,0,108,53,55,0
aMe17a2,Tm21,47,26,21,0,108,58,50,0
Nod1,LPT51,4,0,0,4,108,0,0,108
CB0566,Tm5c,40,22,18,0,108,51,57,0
LPT49,LPi04,30,19,11,0,108,78,30,0
OA-AL2i1,Pm12,4,2,2,0,108,78,30,0
LT58,MTe51,24,12,12,0,108,40,68,0
cLLPM02,LPi13,2,1,1,0,108,50,58,0
LPT52,LT53,7,3,4,0,108,46,62,0
Mi9,Dm3p,48,24,24,0,107,56,51,0
Pm01,Mi2,49,41,8,0,107,91,16,0
Mi10,TmY15,47,30,17,0,107,68,39,0
Tm33,MTe51,26,11,15,0,107,24,83,0
Tm5c,Lawf1,40,16,24,0,107,41,66,0
TmY10,LPLC2,46,25,21,0,107,53,54,0
Tm5f,Li10,40,22,18,0,107,52,55,0
Y3,MeTu4a,39,16,23,0,107,40,67,0
TmY14,Tm3,50,28,22,0,107,60,47,0
Li21,LT62,16,9,7,0,107,52,55,0
Tm27,Lawf2,48,32,16,0,107,71,36,0
TmY20,LT85,37,14,23,0,107,44,63,0
Sm07,Tm5c,46,24,22,0,107,55,52,0
TmY15,LMa3,47,25,22,0,107,58,49,0
Tm32,LTe45,24,11,13,0,107,58,49,0
TmY11,LPT22,40,21,19,0,107,54,53,0
Sm09,Sm41,41,18,23,0,107,45,62,0
TmY5a,Mi9,44,23,21,0,107,59,48,0
Tm5c,Dm8a,27,11,16,0,107,28,79,0
Tm1,Pm10,32,14,18,0,107,57,50,0
Tm36,Tm5a,43,16,27,0,107,38,69,0
Tm37,TmY5a,48,26,22,0,107,58,49,0
MLt1,LC11,27,10,17,0,107,44,63,0
Y12,TmY4,50,38,12,0,107,83,24,0
MLt5,MeMe_e02,41,17,24,0,107,44,63,0
T3,LMa1,36,15,21,0,107,55,52,0
Sm41,MTe51,35,17,18,0,107,49,58,0
Sm41,Sm06,38,19,19,0,107,55,52,0
LMt3,LMa4,43,22,21,0,107,49,58,0
Tm5d,LC45,39,21,18,0,107,60,47,0
LPi03,LPLC1,29,22,7,0,107,91,16,0
LPi14,LLPt,38,15,23,0,107,39,68,0
LPi14,LPT22,4,2,2,0,107,63,44,0
Sm07,MTe51,43,24,19,0,107,53,54,0
LPi10,TmY20,46,31,15,0,107,71,36,0
LPi01,Y3,39,19,20,0,107,54,53,0
Li12,LC41,28,16,12,0,107,67,40,0
MLt8,Sm06,33,22,11,0,107,67,40,0
Li31,LC12,47,16,31,0,107,33,74,0
Sm42,Sm22,30,16,14,0,107,54,53,0
Li32,Tlp1,36,17,19,0,107,45,62,0
Li30,LC39,8,4,4,0,107,67,40,0
LC22,LCe07,36,22,14,0,107,64,43,0
aMe5,Tm31,45,22,23,0,107,50,57,0
LC10d,LTe42a,29,13,16,0,107,51,56,0
LPC1,TmY14,47,21,26,0,107,43,64,0
cL22a,LTe49a,4,2,2,0,107,62,45,0
LPLC4,LC10a,42,23,19,0,107,60,47,0
cLP02,TmY4,49,45,4,0,107,99,8,0
LPT54,LPLC2,33,17,16,0,107,54,53,0
LPT54,Tm35,32,18,14,0,107,56,51,0
LT69,LLPt,16,8,8,0,107,52,55,0
LT69,LTe17,2,1,1,0,107,65,42,0
LT83,LC11,39,14,25,0,107,36,71,0
LT1a,T2a,48,16,32,0,107,34,73,0
LT38,Li02,30,18,12,0,107,62,45,0
LLPC2,Tlp4,45,36,9,0,107,86,21,0
cM01c,Sm18,12,5,7,0,107,39,68,0
cM01c,MLt7,16,9,7,0,107,51,56,0
LTe18,cM14,4,1,1,2,107,5,44,58
cM03,MeTu4c,37,16,21,0,107,46,61,0
aMe19b,aMe19b,2,0,0,2,107,0,0,107
mALC5,LC28a,17,10,7,0,107,62,45,0
Nod1,LC9,15,5,10,0,107,34,73,0
CB0566,Dm9,40,32,8,0,107,87,20,0
LT84,Tm5e,39,21,18,0,107,57,50,0
OA-AL2i1,Mi4,50,32,18,0,107,69,38,0
cM15,C2,38,23,15,0,107,64,43,0
LPT52,LPLC4,34,23,11,0,107,73,34,0
L3,L2,43,23,20,0,106,54,52,0
T5a,LPi07,46,25,21,0,106,56,50,0
L3,L5,26,11,15,0,106,57,49,0
Mi4,Mi13,34,18,16,0,106,43,63,0
Dm2,Mi14,44,19,25,0,106,45,61,0
TmY4,TmY20,46,27,19,0,106,64,42,0
Tm21,LC29,49,31,18,0,106,69,37,0
Dm8b,Dm11,42,21,21,0,106,57,49,0
Y11,Tm5c,50,28,22,0,106,61,45,0
TmY15,T3,48,23,25,0,106,51,55,0
Pm05,MeLp2,31,18,13,0,106,64,42,0
Pm03,Pm12,34,10,24,0,106,33,73,0
Pm12,TmY3,46,21,25,0,106,46,60,0
L1,R8,42,22,20,0,106,53,53,0
Li10,MeTu4b,39,26,13,0,106,64,42,0
TmY4,LTe30,30,11,19,0,106,44,62,0
Tm5c,LC19,39,21,18,0,106,57,49,0
Tm21,LPLC4,30,1,29,0,106,2,104,0
Tm4,Dm16,49,32,17,0,106,69,37,0
TmY16,TmY14,40,19,21,0,106,50,56,0
Tm5d,Dm2,40,22,18,0,106,59,47,0
Tm16,cL06,38,15,23,0,106,46,60,0
Tm5c,Sm13,45,25,20,0,106,59,47,0
T3,Li21,46,26,20,0,106,57,49,0
Y3,LT84,30,15,15,0,106,59,47,0
Tm8a,LT55,29,15,14,0,106,54,52,0
Tm5a,LT52,14,2,12,0,106,8,98,0
LMa2,LT77,28,18,10,0,106,66,40,0
TmY11,Nod5,43,24,19,0,106,59,47,0
Tm5f,LT58,48,43,5,0,106,92,14,0
Tm34,Tm5e,42,22,20,0,106,59,47,0
Tm4,LC36,38,14,24,0,106,34,72,0
Tm2,T4c,33,12,21,0,106,36,70,0
Tm2,Pm02,35,11,24,0,106,34,72,0
Pm03,Pm14,36,21,15,0,106,58,48,0
L5,Sm01,45,29,16,0,106,72,34,0
Pm04,Pm13,37,21,16,0,106,64,42,0
TmY9q,Y3,41,18,23,0,106,41,65,0
Pm14,Y3,48,30,18,0,106,65,41,0
Li33,aMe20,2,1,1,0,106,70,36,0
Li29,TmY5a,43,19,24,0,106,48,58,0
LC9,LCe07,23,16,7,0,106,79,27,0
LC11,LT1c,40,7,33,0,106,14,92,0
LC15,LPLC1,32,15,17,0,106,40,66,0
MeTu1,Mi15,44,20,24,0,106,53,53,0
LC15,LTe12,35,15,20,0,106,41,65,0
MeMe_e02,Sm15,39,17,22,0,106,46,60,0
LT60,Y4,32,16,16,0,106,51,55,0
MTe01b,MTe01a,26,20,6,0,106,74,32,0
LT52,PLP051,13,6,7,0,106,54,52,0
H1,T4a,46,33,13,0,106,80,26,0
LC20b,LT77,30,17,13,0,106,66,40,0
LPC2,Nod1,9,6,3,0,106,82,24,0
LTe33,Li09,23,9,14,0,106,60,46,0
mALC5,TmY15,28,16,12,0,106,70,36,0
LTe51,aMe17a2,2,1,1,0,106,48,58,0
MTe05,Sm34,38,26,12,0,106,75,31,0
LPT57,Tlp14,26,15,11,0,106,63,43,0
LPT57,Y11,23,15,8,0,106,84,22,0
cL04,LC10e,36,16,20,0,106,55,51,0
LT39,LT86,2,1,1,0,106,52,54,0
Tm27,Tm21,42,23,19,0,105,62,43,0
Y3,LTe52,28,12,16,0,105,45,60,0
TmY5a,LTe26,42,25,17,0,105,52,53,0
Tm33,Sm22,45,24,21,0,105,58,47,0
Dm11,Tm5b,41,23,18,0,105,62,43,0
Tm32,LTe51,35,15,20,0,105,47,58,0
Li20,LC11,43,23,20,0,105,58,47,0
Tm8b,LT57,40,21,19,0,105,59,46,0
Tm1,Y1,41,16,25,0,105,50,55,0
Tm36,Lawf2,44,23,21,0,105,55,50,0
Tm32,Sm03,41,25,16,0,105,70,35,0
TmY10,LT86,35,15,20,0,105,49,56,0
Tm5e,LTe07,34,7,27,0,105,18,87,0
Pm05,Tm36,44,24,20,0,105,61,44,0
Tlp14,T5d,48,33,15,0,105,72,33,0
Sm15,Sm01,43,28,15,0,105,68,37,0
Tm35,Li27,41,21,20,0,105,52,53,0
Dm18,PDt,43,21,22,0,105,51,54,0
Sm40,MTe32,4,2,2,0,105,52,53,0
LLPt,LC45,26,14,12,0,105,60,45,0
Tm3,LC14a1,45,18,27,0,105,43,62,0
Sm02,Sm13,43,20,23,0,105,49,56,0
LMt3,Mi4,48,29,19,0,105,64,41,0
Mi10,Tm5d,47,24,23,0,105,53,52,0
Tm16,LCe01a,42,26,16,0,105,68,37,0
TmY31,Sm08,43,24,19,0,105,57,48,0
LMa4,LPC1,36,22,14,0,105,67,38,0
TmY16,LC22,39,21,18,0,105,57,48,0
Tm1,TmY11,25,5,20,0,105,13,92,0
Mi15,MTe31,30,22,8,0,105,77,28,0
Mi15,Lawf2,50,35,15,0,105,72,33,0
LMt1,LC17,46,21,25,0,105,49,56,0
Li19,LC31b,18,9,9,0,105,46,59,0
Pm11,LMa5,38,24,14,0,105,65,40,0
TmY10,LMa1,38,22,16,0,105,64,41,0
T4b,LLPC2,47,37,10,0,105,83,22,0
PDt,Lawf1,28,26,2,0,105,101,4,0
Sm06,MeMe_e04,25,14,11,0,105,68,37,0
LMa1,LPLC1,41,18,23,0,105,49,56,0
Dm2,Sm04,48,27,21,0,105,59,46,0
Li10,LTe04,35,19,16,0,105,55,50,0
LMt2,LC22,40,22,18,0,105,61,44,0
LPi03,LPT21,10,5,5,0,105,39,66,0
LPi14,LPLC1,34,18,16,0,105,53,52,0
Dm2,L3,22,15,7,0,105,87,18,0
Tm35,LTe38c,24,13,11,0,105,52,53,0
T2,Pm08,38,17,21,0,105,50,55,0
LPi10,Nod2,23,13,10,0,105,58,47,0
T4d,LLPC4,32,26,6,0,105,89,16,0
Sm42,Tm8a,40,22,18,0,105,54,51,0
Sm42,cM17,2,1,1,0,105,66,39,0
Sm33,MeTu4a,26,19,7,0,105,79,26,0
Li33,LC35,7,4,3,0,105,66,39,0
Li33,LTe57,2,1,1,0,105,64,41,0
Li30,LTe55,2,1,1,0,105,64,41,0
Li29,LLPt,33,13,20,0,105,43,62,0
LC18,LMa3,32,13,19,0,105,35,70,0
cLP02,Y11,36,26,10,0,105,77,28,0
LC16,LTe20,42,19,23,0,105,47,58,0
LC15,LC43,36,17,19,0,105,47,58,0
LT42,Y12,42,14,28,0,105,34,71,0
LC10e,Li10,40,26,14,0,105,74,31,0
MTe02,Sm31,40,19,21,0,105,54,51,0
LLPC3,Tlp4,40,22,18,0,105,56,49,0
cM08c,LT43,12,6,6,0,105,61,44,0
MeTu3b,aMe9,24,8,16,0,105,32,73,0
LLPC1,LTe21,40,21,19,0,105,59,46,0
cL10,aMe5,18,6,12,0,105,31,74,0
cL07,LTe12,2,1,1,0,105,2,103,0
cM06,Tm35,18,11,7,0,105,57,48,0
LTe50,LTe56,4,2,2,0,105,53,52,0
LT74,Li16,31,14,17,0,105,50,55,0
MeMe_e05,Sm16,19,10,9,0,105,56,49,0
MTe04,Tm5e,41,25,16,0,105,70,35,0
PLP032,LT42,4,1,1,2,105,33,34,38
cM15,LMa5,29,17,12,0,105,63,42,0
LT61a,LC11,39,17,22,0,105,42,63,0
LT36,LT52,15,6,9,0,105,31,74,0
cMLLP01,LT39,2,1,1,0,105,62,43,0
MTe27,Pm14,4,2,2,0,105,66,39,0
LT41,LT80,4,2,2,0,105,60,45,0
LPT04_HST,CB0143,1,1,0,0,105,105,0,0
T5d,Tlp4,35,1,34,0,104,2,102,0
Mi2,Tm2,42,21,21,0,104,45,59,0
Y3,Tm4,37,19,18,0,104,60,44,0
TmY20,LTe21,45,18,27,0,104,37,67,0
Li13,LC10c,41,21,20,0,104,51,53,0
TmY11,MeMe_e07,43,27,16,0,104,70,34,0
Tm2,LC14a1,34,17,17,0,104,47,57,0
TmY10,Li08,45,25,20,0,104,57,47,0
Dm8a,R8,17,3,14,0,104,28,76,0
L1,Dm18,35,15,20,0,104,46,58,0
Tlp14,Tlp14,43,23,20,0,104,56,48,0
Tm5e,TmY5a,46,23,23,0,104,50,54,0
Tm5c,Mi10,45,30,15,0,104,68,36,0
Li11,LC31a,28,19,9,0,104,77,27,0
Mi4,Mi2,42,19,23,0,104,44,60,0
Li12,LC10a,39,20,19,0,104,56,48,0
Y4,VCH,37,22,15,0,104,65,39,0
LMt3,Sm04,39,26,13,0,104,69,35,0
TmY5a,LTe62,33,16,17,0,104,54,50,0
Li03,LT78,36,24,12,0,104,71,33,0
Sm14,Sm30,29,15,14,0,104,70,34,0
Pm08,LMa1,46,23,23,0,104,54,50,0
Tm5c,LTe58,42,17,25,0,104,40,64,0
LMa2,LT87,29,16,13,0,104,51,53,0
Tm16,LC39,39,20,19,0,104,53,51,0
TmY4,LPi06,44,31,13,0,104,72,32,0
Mi10,Sm21,48,23,25,0,104,49,55,0
Sm18,Sm29,34,21,13,0,104,69,35,0
LMt1,Li24,32,20,12,0,104,63,41,0
Dm2,Tm5b,46,15,31,0,104,34,70,0
LLPt,LC39,29,17,12,0,104,67,37,0
LMa4,Pm06,41,22,19,0,104,61,43,0
Tm36,LMa3,41,23,18,0,104,56,48,0
TmY31,Tm5c,40,18,22,0,104,42,62,0
LPi10,T4a,50,36,14,0,104,76,28,0
Sm36,MTe35,6,3,3,0,104,42,62,0
LPi09,LPT31,26,21,5,0,104,87,17,0
Am1,HSN,2,1,1,0,104,53,51,0
LC16,Li05,19,9,10,0,104,18,86,0
aMe12,aMe1,13,8,5,0,104,57,47,0
MeTu4a,LTe32,31,9,22,0,104,29,75,0
LT82a,cL18,6,3,3,0,104,38,66,0
MeTu3c,MeMe_e05,27,16,11,0,104,60,44,0
MeMe_e08,Sm09,42,29,13,0,104,71,33,0
LT52,LT59,12,7,5,0,104,42,62,0
LC24,LC37a,31,16,15,0,104,60,44,0
MeTu4c,Li17,41,20,21,0,104,53,51,0
LC22,LTe49f,19,13,6,0,104,75,29,0
cL08,LT74,5,2,3,0,104,45,59,0
MTe25,Sm09,32,17,15,0,104,60,44,0
LC22,LCe03,36,23,13,0,104,68,36,0
LTe11,LCe06,11,6,5,0,104,70,34,0
LT38,Li21,17,10,7,0,104,69,35,0
LT57,LTe42c,12,6,6,0,104,40,64,0
cM11,Tm5d,29,0,29,0,104,0,104,0
LC39,LLPt,24,13,11,0,104,54,50,0
LT86,LTe48,2,1,1,0,104,63,41,0
LT61b,LC6,38,22,16,0,104,58,46,0
LT84,LT69,2,1,1,0,104,2,102,0
cL02a,LT36,6,3,3,0,104,33,71,0
LT33,Li14,22,13,9,0,104,65,39,0
PLP081,LLPC2,15,15,0,0,104,104,0,0
TmY5a,LC10b,43,25,18,0,103,63,40,0
Y3,Y12,45,20,25,0,103,52,51,0
Pm11,Pm11,43,23,20,0,103,53,50,0
Tlp4,TmY4,46,30,16,0,103,68,35,0
Dm10,Tm25,45,26,19,0,103,59,44,0
Tm5f,MTe46,47,17,30,0,103,37,66,0
Tm27,Tm3,46,23,23,0,103,51,52,0
Mi1,PDt,46,24,22,0,103,54,49,0
Tm5e,Mi4,38,16,22,0,103,51,52,0
LMa5,Mi14,37,21,16,0,103,67,36,0
LLPt,TmY4,41,18,23,0,103,49,54,0
T4b,TmY9q⊥,38,18,20,0,103,45,58,0
Li02,cL13,23,11,12,0,103,60,43,0
Y11,LT62,35,18,17,0,103,50,53,0
Mi13,Tm20,44,24,20,0,103,57,46,0
Tm16,Mi2,46,28,18,0,103,65,38,0
TmY10,Dm12,45,23,22,0,103,52,51,0
Pm09,TmY3,48,27,21,0,103,57,46,0
MLt3,Li16,38,12,26,0,103,30,73,0
Li12,LTe08,22,12,10,0,103,48,55,0
Y11,Nod5,35,23,12,0,103,75,28,0
Pm03,Pm10,45,27,18,0,103,60,43,0
Tm5f,LC37a,38,15,23,0,103,44,59,0
Tlp4,LTe18,21,9,12,0,103,43,60,0
LMa4,Dm12,35,19,16,0,103,50,53,0
Sm15,Tm34,29,14,15,0,103,55,48,0
Tm27,LC39,30,18,12,0,103,64,39,0
Li28,LCe03,33,19,14,0,103,53,50,0
LPi13,LPi06,22,16,6,0,103,83,20,0
LC10b,LC6,33,16,17,0,103,50,53,0
MeTu2a,Sm17,37,19,18,0,103,50,53,0
LT11,LC22,35,14,21,0,103,39,64,0
MTe02,Sm08,41,17,24,0,103,45,58,0
LC14a1,LLPC2,24,10,14,0,103,42,61,0
LC14a2,Li33,13,6,7,0,103,51,52,0
LPLC1,LPLC1,29,19,10,0,103,61,42,0
LT75,LTe54,4,2,2,0,103,53,50,0
LLPC2,LPC1,30,19,11,0,103,60,43,0
LT74,Li27,10,4,6,0,103,30,73,0
LTe38a,LT52,19,5,14,0,103,44,59,0
OA-ASM1,Li10,42,26,16,0,103,65,38,0
mALC6,MLt7,18,7,11,0,103,52,51,0
CB0592,Sm42,4,2,2,0,103,80,23,0
cM01b,Sm18,16,6,10,0,103,46,57,0
cM14,Sm12,28,18,10,0,103,72,31,0
cM15,Y4,30,9,21,0,103,37,66,0
LPT57,Y12,32,18,14,0,103,60,43,0
LTe14,PLP051,4,1,1,2,103,13,7,83
LTe42b,LT51,2,1,1,0,103,53,50,0
cL15,LC11,27,10,17,0,103,39,64,0
TmY11,LT52,41,21,20,0,102,49,53,0
Tm16,LTe52,32,16,16,0,102,44,58,0
T2a,Lawf2,44,26,18,0,102,58,44,0
Mi13,Mi14,50,20,30,0,102,40,62,0
TmY3,TmY9q⊥,46,28,18,0,102,61,41,0
TmY9q,LPi14,40,16,24,0,102,43,59,0
Y12,TmY16,44,20,24,0,102,45,57,0
Tm32,LTe41,23,11,12,0,102,57,45,0
Li21,TmY5a,47,20,27,0,102,42,60,0
Sm15,MTe30,32,17,15,0,102,61,41,0
Sm09,Sm02,44,28,16,0,102,65,37,0
Tm5c,LCe07,37,22,15,0,102,60,42,0
Sm30,MTe26,19,9,10,0,102,51,51,0
Li05,Li12,38,24,14,0,102,67,35,0
Sm40,Tm27,46,22,24,0,102,50,52,0
Tlp1,Y11,34,17,17,0,102,55,47,0
Pm09,Pm10,38,24,14,0,102,70,32,0
Tm21,LT80,37,16,21,0,102,47,55,0
Dm10,TmY3,47,21,26,0,102,42,60,0
LPi02,LPi15,31,20,11,0,102,74,28,0
Pm08,LMa3,29,17,12,0,102,64,38,0
Dm2,MLt5,45,25,20,0,102,57,45,0
LLPt,LC35,33,18,15,0,102,62,40,0
Li12,LTe09,34,17,17,0,102,52,50,0
TmY20,LPi14,42,26,16,0,102,62,40,0
LLPt,T5c,48,29,19,0,102,62,40,0
LMa2,Pm02,44,25,19,0,102,58,44,0
Tm7,Li04,37,26,11,0,102,65,37,0
Mi2,Pm02,48,33,15,0,102,71,31,0
Li04,cL04,30,20,10,0,102,65,37,0
LPi04,TmY14,33,19,14,0,102,51,51,0
Sm41,MTe01b,31,14,17,0,102,38,64,0
Li16,Li10,40,27,13,0,102,70,32,0
LMa5,LT1a,32,17,15,0,102,55,47,0
LMa3,LC28a,34,22,12,0,102,65,37,0
Li10,cM08c,38,26,12,0,102,74,28,0
Mi9,L2,48,30,18,0,102,62,40,0
Li33,LCe05,18,7,11,0,102,45,57,0
TmY5a,LPi06,43,41,2,0,102,98,4,0
LC31a,LMa2,38,21,17,0,102,58,44,0
LC11,LC31b,39,20,19,0,102,51,51,0
cM09,Tm5c,43,21,22,0,102,50,52,0
cL01,TmY10,43,15,28,0,102,37,65,0
LPTe01,cLP03,17,9,8,0,102,57,45,0
MTe07,Sm19,34,13,21,0,102,42,60,0
cLP03,T4b,43,15,28,0,102,36,66,0
LC14a2,Li13,24,11,13,0,102,49,53,0
LC20a,Tm8b,39,27,12,0,102,75,27,0
LT43,cM08c,10,6,4,0,102,71,31,0
MTe52,Pm08,43,29,14,0,102,68,34,0
aMe17b,cM08b,8,4,4,0,102,47,55,0
LC36,cL13,12,5,4,3,102,47,35,20
MeTu3b,MTe04,37,22,15,0,102,60,42,0
LC28a,LTe53,11,4,7,0,102,31,71,0
OA-AL2i3,TmY3,46,23,23,0,102,50,52,0
cM02b,OA-AL2i4,2,1,1,0,102,50,52,0
cM06,C3,41,18,23,0,102,44,58,0
MTe42,cL08,4,1,1,2,102,31,54,17
LCe03,LTe42c,10,7,3,0,102,73,29,0
MeTu1,Tm7,34,17,17,0,102,38,64,0
LTe26,LC11,39,19,20,0,102,49,53,0
LT38,LMt3,18,11,7,0,102,54,48,0
LPT28,LPi08,26,18,8,0,102,82,20,0
cM11,MTe02,19,0,19,0,102,0,102,0
cL12,aMe20,2,1,1,0,102,57,45,0
mALC5,MTe03,14,7,7,0,102,55,47,0
LPT58,LPi03,11,6,5,0,102,68,34,0
LT78,LC10d,34,3,31,0,102,7,95,0
LT84,Li33,2,1,1,0,102,28,74,0
LTe32,Li10,34,15,19,0,102,39,63,0
mALC4,LT1a,2,1,1,0,102,45,57,0
LT36,TmY9q⊥,41,9,32,0,102,20,82,0
cL04,LT72,4,2,2,0,102,39,63,0
LT67,MTe14,4,2,2,0,102,51,51,0
cLLPM02,LLPC3,25,14,11,0,102,56,46,0
cL15,LC40,15,6,9,0,102,31,71,0
MTe03,PLP023,11,11,0,0,102,102,0,0
Tm5a,LTe26,36,22,14,0,101,54,47,0
Mi15,Mi13,42,26,16,0,101,62,39,0
LMt2,LC31b,34,22,12,0,101,71,30,0
Tm33,LC25,25,7,18,0,101,40,61,0
Li07,Li27,21,8,13,0,101,34,67,0
Tm32,LT53,33,15,18,0,101,46,55,0
LLPt,Tm33,39,24,15,0,101,64,37,0
MLt2,Tm5d,39,25,14,0,101,57,44,0
Tm32,cM03,40,28,12,0,101,76,25,0
Li05,cL14,34,20,14,0,101,58,43,0
Tm5c,Sm01,41,24,17,0,101,61,40,0
Mi9,Dm2,43,22,21,0,101,50,51,0
TmY5a,Mi14,44,30,14,0,101,68,33,0
Li12,LC28a,37,25,12,0,101,74,27,0
T4a,Mi10,48,25,23,0,101,52,49,0
Tm37,Li10,36,21,15,0,101,63,38,0
Pm10,Y3,41,14,27,0,101,32,69,0
Mi15,Dm9,42,30,12,0,101,69,32,0
Mi10,Tm5c,46,25,21,0,101,56,45,0
Tm21,LC13,38,14,24,0,101,36,65,0
Dm9,Dm8a,39,29,10,0,101,81,20,0
MLt2,cL05,32,19,13,0,101,58,43,0
Tm8a,Li12,21,6,15,0,101,14,87,0
Tlp1,Nod3,33,20,13,0,101,65,36,0
Li13,Li18,40,16,24,0,101,35,66,0
Li13,Li30,29,17,12,0,101,64,37,0
Tlp14,LPT28,25,17,8,0,101,80,21,0
Tm4,LT64,35,21,14,0,101,63,38,0
Mi10,Y3,46,25,21,0,101,55,46,0
Pm06,Pm06,47,31,16,0,101,69,32,0
Li32,LC11,34,15,19,0,101,47,54,0
Am1,LC12,45,18,27,0,101,40,61,0
LC11,Li10,40,23,17,0,101,56,45,0
MeMe_e01,MeTu1,41,20,21,0,101,44,57,0
cL02d,LTe15,3,1,2,0,101,38,63,0
LLPC2,Y11,43,23,20,0,101,50,51,0
LC14b,LMa5,21,13,8,0,101,73,28,0
LC10e,LTe27,23,8,15,0,101,40,61,0
LC10d,LTe21,37,16,21,0,101,40,61,0
cM18,Sm42,2,1,1,0,101,63,38,0
LPT30,LPT53,2,1,1,0,101,48,53,0
MeLp2,Tlp1,30,16,14,0,101,62,39,0
MeLp2,Nod2,2,1,1,0,101,54,47,0
cM07,CB0816,8,4,4,0,101,66,35,0
LC39,LC20b,13,10,3,0,101,75,26,0
LTe33,LT68,9,4,5,0,101,50,51,0
MeMe_e03,Sm41,3,2,1,0,101,36,65,0
PLP051,PLP051,2,0,0,2,101,0,0,101
LPT58,LPi04,23,15,8,0,101,62,39,0
CB0472,LC27,12,6,6,0,101,42,59,0
cM14,Mi10,39,22,17,0,101,55,46,0
DCH,LPLC2,35,26,9,0,101,79,22,0
cMLLP01,Mi10,38,20,18,0,101,49,52,0
MTe08,CB0143,6,6,0,0,101,101,0,0
T5b,LLPC1,41,12,29,0,100,27,73,0
Dm8a,Sm07,33,15,18,0,100,55,45,0
Sm16,aMe19b,30,18,12,0,100,65,35,0
T2a,TmY14,38,14,24,0,100,37,63,0
Tm8a,LT36,35,10,25,0,100,25,75,0
Tm4,Li22,40,20,20,0,100,51,49,0
Tm20,Mi13,23,4,19,0,100,9,91,0
Dm12,TmY15,43,27,16,0,100,63,37,0
Dm3p,Sm35,37,20,17,0,100,53,47,0
Li10,LCe06,34,21,13,0,100,58,42,0
Dm10,Sm32,46,20,26,0,100,46,54,0
Y11,LPT28,27,22,5,0,100,84,16,0
Sm30,MTe47,20,12,8,0,100,68,32,0
LPi10,LPT52,16,9,7,0,100,63,37,0
Tm1,LPLC4,41,19,22,0,100,42,58,0
Sm40,Sm35,12,6,6,0,100,50,50,0
Sm40,MTe33,4,2,2,0,100,64,36,0
Tm4,Tm5f,34,9,25,0,100,29,71,0
Li02,LTe08,30,18,12,0,100,67,33,0
TmY10,LC13,41,19,22,0,100,50,50,0
Mi10,Tm5a,44,18,26,0,100,40,60,0
MLt6,Li09,37,18,19,0,100,51,49,0
TmY16,TmY5a,43,24,19,0,100,54,46,0
Mi14,Pm05,39,27,12,0,100,72,28,0
Y4,DCH,32,23,9,0,100,78,22,0
Tm4,MTe53,40,10,30,0,100,27,73,0
Li03,cM07,30,22,8,0,100,80,20,0
Li03,Li01,38,25,13,0,100,63,37,0
Tm8b,LC20b,35,22,13,0,100,65,35,0
Pm09,Pm06,42,24,18,0,100,55,45,0
TmY31,Tm35,36,13,23,0,100,33,67,0
Pm02,LMa2,42,27,15,0,100,65,35,0
LMt4,LC11,40,25,15,0,100,62,38,0
LMt1,LT1c,27,8,19,0,100,18,82,0
LMa3,Li31,22,12,10,0,100,41,59,0
Tm25,Pm09,42,19,23,0,100,47,53,0
LPi09,TmY14,34,6,28,0,100,12,88,0
Dm4,Dm20,38,16,22,0,100,37,63,0
Tm16,Tm21,34,14,20,0,100,38,62,0
Li10,Li11,30,22,8,0,100,54,46,0
Li11,LC29,38,23,15,0,100,63,37,0
LMa2,LC43,30,12,18,0,100,36,64,0
Li31,LCe01b,19,10,9,0,100,67,33,0
Li24,T2a,40,21,19,0,100,48,52,0
CT1,TmY15,44,19,25,0,100,41,59,0
LC21,LC29,39,20,19,0,100,48,52,0
LLPC3,LPT48_vCal3,33,27,6,0,100,84,16,0
MeTu1,Sm33,39,28,11,0,100,75,25,0
LT11,LTe64,8,4,4,0,100,43,57,0
LPLC1,Li06,44,17,27,0,100,37,63,0
LC4,LC9,41,13,28,0,100,32,68,0
MeTu4c,aMe20,30,13,17,0,100,40,60,0
MeTu4c,MTe01a,35,25,10,0,100,65,35,0
LPT45_dCal1,T5a,42,27,15,0,100,66,34,0
LPT23,LPT48_vCal3,6,3,3,0,100,65,35,0
LTe29,Tm5c,35,22,13,0,100,65,35,0
cL02b,Li12,16,14,2,0,100,96,4,0
MTe01a,MeMe_e04,18,12,6,0,100,75,25,0
LT83,LT1a,2,1,1,0,100,44,56,0
LC24,LC6,39,25,14,0,100,65,35,0
LTe26,LC25,17,7,10,0,100,39,61,0
cM03,MeTu4a,38,19,19,0,100,53,47,0
cM01b,Sm12,23,11,12,0,100,49,51,0
LT36,Li06,29,10,19,0,100,33,67,0
LT36,Li13,29,10,19,0,100,32,68,0
cL04,LC33a,26,12,14,0,100,47,53,0
cML01,Dm20,33,18,15,0,100,66,34,0
aMe17a1,Tm33,28,15,13,0,100,58,42,0
T4b,C3,47,19,28,0,99,40,59,0
TmY11,LTe52,30,15,15,0,99,54,45,0
Tm5b,OA-ASM1,45,22,23,0,99,49,50,0
LMt2,Li06,43,26,17,0,99,61,38,0
Tm5e,Tm20,39,14,25,0,99,29,70,0
Tm5c,MeMe_e03,35,22,13,0,99,69,30,0
TmY10,LLPC2,42,17,25,0,99,40,59,0
Tm5d,aMe9,40,25,15,0,99,60,39,0
Tm8b,LC15,31,17,14,0,99,58,41,0
Li10,TmY3,42,24,18,0,99,59,40,0
Mi1,MeMe_e07,38,17,21,0,99,47,52,0
Tm4,Pm04,43,26,17,0,99,61,38,0
Tm35,LC44,36,19,17,0,99,54,45,0
TmY14,Li20,42,21,21,0,99,53,46,0
Tm32,MTe36,21,11,10,0,99,54,45,0
Li21,Li16,31,17,14,0,99,55,44,0
Li03,LC35,26,16,10,0,99,60,39,0
Y1,HSS,34,10,24,0,99,21,78,0
LMt2,LT62,28,13,15,0,99,50,49,0
Tm16,LTe51,38,11,27,0,99,30,69,0
Tlp5,cL16,29,18,11,0,99,55,44,0
LMa2,Y4,47,21,26,0,99,42,57,0
Sm13,Y4,31,13,18,0,99,46,53,0
Tlp1,LPi08,41,28,13,0,99,67,32,0
Tm36,LC31a,35,25,10,0,99,72,27,0
Sm07,TmY31,40,14,26,0,99,35,64,0
Tm4,MeLp2,37,16,21,0,99,39,60,0
Pm11,MTe44,10,5,5,0,99,46,53,0
LMa3,Tm4,46,25,21,0,99,56,43,0
LMa4,Mi4,46,28,18,0,99,58,41,0
Y1,LPi15,35,18,17,0,99,51,48,0
MLt7,MTe46,27,14,13,0,99,53,46,0
Li01,LC14a2,34,15,19,0,99,41,58,0
Li10,LT61b,39,15,24,0,99,40,59,0
Tm3,LT65,35,17,18,0,99,47,52,0
LPi05,LPT04_HST,25,24,1,0,99,96,3,0
Sm08,TmY3,38,18,20,0,99,49,50,0
LMa2,LT53,21,11,10,0,99,52,47,0
Sm42,Sm10,31,16,15,0,99,41,58,0
Li33,LTe04,2,1,1,0,99,53,46,0
Li32,Tlp4,34,20,14,0,99,57,42,0
Li30,LTe10,2,1,1,0,99,62,37,0
LT55,LCe04,21,9,12,0,99,41,58,0
LPTe01,LPT45_dCal1,13,8,5,0,99,79,20,0
MTe01a,Tm32,23,15,8,0,99,60,39,0
LC9,LC19,29,14,15,0,99,49,50,0
LC28a,LT52,34,21,13,0,99,64,35,0
aMe1,aMe17a2,4,2,2,0,99,47,52,0
LT37,Tm5b,36,16,20,0,99,50,49,0
LT37,TmY31,31,18,13,0,99,50,49,0
MeMe_e09,MLt6,25,9,16,0,99,43,56,0
MeMe_e09,Sm15,34,21,13,0,99,63,36,0
MTe12,MTe32,6,3,3,0,99,57,42,0
LC20a,LTe33,19,12,7,0,99,71,28,0
LCe07,cML01,12,4,4,4,99,36,40,23
LT38,Li09,24,14,10,0,99,63,36,0
mALD2,PLP177,2,1,1,0,99,58,41,0
LTe33,Li10,35,16,19,0,99,44,55,0
MeMe_e10,aMe5,16,8,8,0,99,61,38,0
CB0592,Tm36,37,23,14,0,99,66,33,0
MTe28,MTe11,6,3,3,0,99,65,34,0
cL05,LC46,11,6,5,0,99,48,51,0
MTe27,Pm13,3,1,2,0,99,58,41,0
Mi2,Tm3,46,27,19,0,98,56,42,0
Tm5b,LC26,41,28,13,0,98,69,29,0
Li13,MLt6,37,21,16,0,98,55,43,0
Li06,LMa1,39,17,22,0,98,47,51,0
Li01,LT78,31,17,14,0,98,44,54,0
Sm18,Dm20,25,16,9,0,98,73,25,0
Tm5a,LMa3,33,19,14,0,98,64,34,0
Tm8b,LT36,36,13,23,0,98,36,62,0
Y4,Pm03,35,16,19,0,98,35,63,0
Tm5f,LC21,41,21,20,0,98,54,44,0
Tm5e,LC14b,40,16,24,0,98,38,60,0
Tm5e,LT69,33,15,18,0,98,47,51,0
Tm27,Y3,44,21,23,0,98,43,55,0
Li14,CT1,22,13,9,0,98,72,26,0
Li21,LMa3,33,15,18,0,98,40,58,0
Mi4,T3,36,14,22,0,98,36,62,0
MLt7,Sm24,35,16,19,0,98,47,51,0
T2,Pm14,42,22,20,0,98,49,49,0
TmY20,LTe32,31,15,16,0,98,39,59,0
Sm05,TmY4,40,15,25,0,98,33,65,0
TmY9q⊥,Pm10,45,22,23,0,98,45,53,0
Tm32,Sm09,29,16,13,0,98,50,48,0
Tm5a,LC14a1,27,12,15,0,98,37,61,0
Pm07,Pm08,40,25,15,0,98,55,43,0
Dm8b,Sm15,34,14,20,0,98,35,63,0
Tm7,MLt2,44,20,24,0,98,45,53,0
TmY5a,LT75,42,18,24,0,98,44,54,0
LPi07,TmY16,42,20,22,0,98,50,48,0
Li03,LC28a,37,19,18,0,98,46,52,0
Tm7,TmY15,37,22,15,0,98,60,38,0
TmY5a,LC33a,38,13,25,0,98,29,69,0
MLt3,Li25,33,14,19,0,98,44,54,0
Tlp4,Y3,40,19,21,0,98,49,49,0
Tm5d,Tm5f,42,19,23,0,98,48,50,0
TmY5a,OA-ASM1,48,31,17,0,98,64,34,0
Tm21,TmY9q,45,25,20,0,98,55,43,0
TmY31,LT81,35,19,16,0,98,53,45,0
TmY31,LTe30,29,16,13,0,98,54,44,0
Li26,Li22,30,11,19,0,98,39,59,0
TmY15,TmY4,43,32,11,0,98,75,23,0
Sm18,Tm35,30,13,17,0,98,45,53,0
Tlp14,LLPt,43,35,8,0,98,80,18,0
TmY11,LTe42a,33,17,16,0,98,40,58,0
Li15,LC12,45,18,27,0,98,38,60,0
Dm8b,aMe5,33,17,16,0,98,56,42,0
Dm19,cM05,21,10,11,0,98,48,50,0
LMa4,LPi11,32,23,9,0,98,77,21,0
LMa2,LCe06,19,9,10,0,98,51,47,0
Sm42,Pm13,3,1,2,0,98,38,60,0
Sm38,MTe10,14,7,7,0,98,53,45,0
Am1,LPi12,2,1,1,0,98,57,41,0
MeTu1,aMe25,36,12,24,0,98,35,63,0
LC10a,LLPC1,40,22,18,0,98,53,45,0
LC9,LT61b,40,17,23,0,98,38,60,0
MTe03,TmY31,37,16,21,0,98,39,59,0
MTe03,MTe03,18,9,9,0,98,53,45,0
MeTu4a,Y4,37,18,19,0,98,50,48,0
LC14a1,Li16,30,21,9,0,98,65,33,0
LC14a2,LTe42a,11,5,6,0,98,38,60,0
LPLC4,LTe42a,19,10,9,0,98,37,61,0
LC9,LPLC1,31,16,15,0,98,45,53,0
LT52,LTe21,11,5,6,0,98,51,47,0
cL10,cM09,5,3,2,0,98,39,59,0
cM17,MeTu4a,33,17,16,0,98,52,46,0
cM02b,C3,24,9,15,0,98,44,54,0
LPT50,LPT29,2,1,1,0,98,78,20,0
CB0802,cM14,4,1,1,2,98,5,50,43
DNp30,T2,43,24,19,0,98,53,45,0
cLP05,cLP03,9,3,2,4,98,39,27,32
mALC5,LPi07,15,10,5,0,98,43,55,0
Nod5,H1,3,1,2,0,98,60,38,0
cLLPM02,LPi06,19,11,8,0,98,63,35,0
LT39,LTe42b,2,1,1,0,98,53,45,0
TmY31,LC16,36,15,21,0,97,36,61,0
Tm16,Y4,37,13,24,0,97,34,63,0
Tm16,LC10e,37,18,19,0,97,48,49,0
Sm06,Sm15,40,21,19,0,97,48,49,0
Tm31,Li12,37,14,23,0,97,37,60,0
Tm27,LC19,39,21,18,0,97,53,44,0
Tm7,MTe32,36,21,15,0,97,57,40,0
T5d,TmY11,23,0,23,0,97,0,97,0
Y4,DNp11,25,9,16,0,97,39,58,0
Li14,Tm4,46,28,18,0,97,59,38,0
T3,Tm5f,40,16,24,0,97,41,56,0
MLt3,LT82a,30,11,19,0,97,43,54,0
Mi1,CB0592,39,20,19,0,97,46,51,0
LLPt,LTe15,20,11,9,0,97,52,45,0
Pm07,LMa2,37,17,20,0,97,47,50,0
Sm12,Sm11,25,12,13,0,97,53,44,0
Tm33,LC21,41,17,24,0,97,38,59,0
TmY11,TmY3,44,21,23,0,97,47,50,0
TmY4,LTe45,29,12,17,0,97,37,60,0
Li12,LTe16,24,13,11,0,97,45,52,0
Tm35,LC19,38,18,20,0,97,41,56,0
Tlp1,LC21,37,16,21,0,97,42,55,0
LMt3,MTe42,21,12,9,0,97,59,38,0
Tm25,LT51,37,19,18,0,97,53,44,0
Tm33,MTe02,36,21,15,0,97,57,40,0
Tm7,LC25,22,8,14,0,97,36,61,0
Tlp5,Li28,36,19,17,0,97,54,43,0
Tm16,LTe54,41,21,20,0,97,50,47,0
Sm13,Tm5f,44,23,21,0,97,51,46,0
LMa2,Tm21,45,18,27,0,97,38,59,0
Tm16,LTe49a,35,19,16,0,97,51,46,0
MLt3,LMa1,42,23,19,0,97,53,44,0
Dm18,OA-AL2i3,35,16,19,0,97,47,50,0
TmY10,LTe38c,34,16,18,0,97,41,56,0
Y1,LT53,39,19,20,0,97,46,51,0
Y12,MeMe_e08,41,18,23,0,97,44,53,0
MLt8,LTe06,20,13,7,0,97,69,28,0
Y11,LPT31,37,30,7,0,97,81,16,0
Li01,LTe49f,19,13,6,0,97,59,38,0
T2a,MTe54,36,28,8,0,97,79,18,0
Sm26,MeTu1,41,21,20,0,97,48,49,0
Li28,Li12,27,15,12,0,97,53,44,0
Pm14,MTe54,31,18,13,0,97,61,36,0
Li12,Li08,36,16,20,0,97,43,54,0
Li33,LC15,16,4,12,0,97,12,85,0
Li32,LT57,12,7,5,0,97,65,32,0
Li30,LC10a,37,21,16,0,97,55,42,0
LPi13,cLP02,28,25,3,0,97,89,8,0
LC28a,LC35,31,21,10,0,97,63,34,0
LC11,T2,46,10,36,0,97,21,76,0
LC40,Tm16,41,18,23,0,97,44,53,0
LT87,LMa2,25,11,14,0,97,35,62,0
LC28a,LCe06,27,20,7,0,97,80,17,0
LLPC1,TmY20,44,29,15,0,97,64,33,0
MTe46,LT53,11,5,6,0,97,52,45,0
MeMe_e02,Sm06,36,20,16,0,97,54,43,0
MTe52,cM15,23,11,12,0,97,35,62,0
MTe51,Sm07,34,20,14,0,97,61,36,0
MTe01b,MeLp1,15,8,7,0,97,51,46,0
LCe01b,LC22,27,16,11,0,97,49,48,0
cM01a,Sm18,16,8,8,0,97,50,47,0
LPT54,TmY15,27,14,13,0,97,48,49,0
LC37a,LC37a,15,9,6,0,97,55,42,0
cM17,MLt7,30,11,19,0,97,29,68,0
OA-AL2i3,Dm14,36,19,17,0,97,50,47,0
LC4,LCe06,23,12,11,0,97,51,46,0
LC20a,LC34,29,22,7,0,97,77,20,0
LT63,LT86,4,2,2,0,97,53,44,0
cLP05,LLPt,26,19,7,0,97,83,14,0
LTe51,mALD2,2,1,1,0,97,41,56,0
MC65,cM08c,10,7,3,0,97,79,18,0
cM12,aMe9,4,2,2,0,97,54,43,0
cM14,MTe04,18,11,7,0,97,71,26,0
cLP04,H1,2,1,1,0,97,59,38,0
cML01,Am1,2,1,1,0,97,73,24,0
aMe17a1,Sm12,33,19,14,0,97,56,41,0
TmY20,Li13,40,22,18,0,96,52,44,0
Tm5f,LMa5,42,29,13,0,96,68,28,0
Tm4,LMa1,38,12,26,0,96,26,70,0
MLt6,Sm40,36,18,18,0,96,49,47,0
Li05,LTe42a,28,14,14,0,96,46,50,0
Li14,Tm25,46,31,15,0,96,66,30,0
Y3,LT47,38,13,25,0,96,32,64,0
Tm5a,Sm34,42,32,10,0,96,72,24,0
Mi15,MTe43,38,24,14,0,96,63,33,0
Tm1,Am1,20,2,18,0,96,5,91,0
Pm08,Mi13,33,17,16,0,96,58,38,0
Pm08,Mi9,44,21,23,0,96,48,48,0
Sm40,Sm04,40,17,23,0,96,42,54,0
Y1,cML01,37,15,22,0,96,38,58,0
Tm2,T4d,22,4,18,0,96,13,83,0
Tm21,TmY4,44,23,21,0,96,48,48,0
Y3,Li11,36,15,21,0,96,38,58,0
Y12,T3,44,22,22,0,96,50,46,0
Sm02,MeTu1,41,25,16,0,96,59,37,0
TmY10,Lawf1,28,21,7,0,96,79,17,0
Sm07,Tm8a,39,23,16,0,96,53,43,0
Tm16,LC35,37,26,11,0,96,65,31,0
TmY31,LTe58,33,14,19,0,96,37,59,0
LMa4,LT79,23,12,11,0,96,61,35,0
Tm3,Tlp4,40,25,15,0,96,63,33,0
Tm5b,Dm2,41,23,18,0,96,51,45,0
Li05,LT70,36,21,15,0,96,56,40,0
L2,Tm9,28,17,11,0,96,48,48,0
Tm5b,LTe16,11,6,5,0,96,45,51,0
Li24,Li02,32,24,8,0,96,72,24,0
LPi12,LPT51,2,1,1,0,96,78,18,0
Li33,MLt5,32,21,11,0,96,70,26,0
Sm35,Sm07,40,19,21,0,96,48,48,0
Li32,LT76,2,1,1,0,96,47,49,0
Li29,Li10,38,23,15,0,96,56,40,0
LPi13,T4c,39,27,12,0,96,66,30,0
LC15,LC6,35,16,19,0,96,40,56,0
cLP01,LPTe01,33,27,6,0,96,82,14,0
MeTu4c,cL06,21,10,11,0,96,47,49,0
LC4,LC31b,28,15,13,0,96,62,34,0
LLPC1,LPi15,35,20,15,0,96,55,41,0
LC10b,Li33,33,19,14,0,96,53,43,0
MTe01b,Sm14,25,14,11,0,96,63,33,0
cL20,LC10a,32,19,13,0,96,63,33,0
mALD1,LC40,18,10,8,0,96,62,34,0
cLLP02,LT51,28,12,16,0,96,39,57,0
LTe26,Tm25,44,26,18,0,96,56,40,0
LTe26,LT11,2,1,1,0,96,44,52,0
cLLPM01,Lawf2,24,20,4,0,96,79,17,0
cM02a,Sm41,2,1,1,0,96,60,36,0
LC20b,LTe42b,9,5,4,0,96,47,49,0
OA-ASM1,Li01,42,24,18,0,96,53,43,0
cM01b,MeTu4c,13,8,5,0,96,59,37,0
MTe22,Sm15,30,15,15,0,96,52,44,0
cL04,LT51,20,11,9,0,96,56,40,0
LTe21,MTe42,2,1,1,0,96,49,47,0
LTe21,PLP051,2,1,1,0,96,47,49,0
cM16,MLt4,31,13,18,0,96,38,58,0
Tm9,Li17,26,15,11,0,95,49,46,0
Tm5c,aMe19b,40,29,11,0,95,69,26,0
TmY31,T2a,39,14,25,0,95,30,65,0
Sm24,Sm13,29,18,11,0,95,50,45,0
Dm11,aMe12,38,24,14,0,95,57,38,0
Li01,Li05,40,24,16,0,95,57,38,0
Tm4,LC18,33,12,21,0,95,28,67,0
TmY11,LC16,38,21,17,0,95,47,48,0
TmY10,LTe25,38,17,21,0,95,36,59,0
MLt6,Tm5c,40,23,17,0,95,52,43,0
MLt3,DNp11,17,7,10,0,95,30,65,0
Tm5e,Li16,38,19,19,0,95,49,46,0
Li21,Li24,24,15,9,0,95,56,39,0
Tm5c,MTe01a,38,26,12,0,95,65,30,0
Tm5d,TmY5a,41,16,25,0,95,35,60,0
LPi10,Tlp1,41,28,13,0,95,65,30,0
Tm32,LTe40,23,12,11,0,95,51,44,0
TmY4,LTe58,33,17,16,0,95,50,45,0
TmY9q,C3,45,29,16,0,95,61,34,0
Tm5d,MLt6,35,22,13,0,95,67,28,0
LPi11,TmY4,41,27,14,0,95,64,31,0
Li03,LC31b,27,16,11,0,95,62,33,0
LLPt,LTe42b,14,8,6,0,95,51,44,0
Pm03,Tm3,42,15,27,0,95,32,63,0
Y1,TmY16,43,29,14,0,95,65,30,0
Tm27,LT52,36,20,16,0,95,49,46,0
Sm31,TmY5a,43,20,23,0,95,44,51,0
Tm33,Tm5b,36,15,21,0,95,50,45,0
Mi10,MeMe_e07,39,25,14,0,95,60,35,0
TmY20,LPT57,33,16,17,0,95,47,48,0
LMt1,LC31c,21,11,10,0,95,41,54,0
PDt,Dm17,29,15,14,0,95,48,47,0
Tm2,LMa2,30,11,19,0,95,47,48,0
Sm41,Sm32,25,8,17,0,95,35,60,0
TmY11,LT86,35,17,18,0,95,48,47,0
Tm20,LC45,14,0,14,0,95,0,95,0
Dm2,Tm21,41,27,14,0,95,63,32,0
Tm37,cM10,35,32,3,0,95,89,6,0
Tm5f,MTe33,42,19,23,0,95,44,51,0
Li28,Tm25,44,22,22,0,95,50,45,0
LMa4,MLt3,31,18,13,0,95,54,41,0
Li31,Y3,41,26,15,0,95,59,36,0
Li13,LTe03,13,7,6,0,95,61,34,0
Pm13,LMt3,24,12,12,0,95,57,38,0
Li29,LC6,35,17,18,0,95,52,43,0
LPi13,TmY20,35,33,2,0,95,91,4,0
MTe50,MeTu4c,35,13,22,0,95,39,56,0
LC17,Li17,40,12,28,0,95,24,71,0
MeTu4c,TmY10,40,23,17,0,95,54,41,0
cM09,Sm32,32,18,14,0,95,48,47,0
cL22a,LC27,21,10,11,0,95,45,50,0
aMe12,aMe6a,5,3,2,0,95,52,43,0
MTe52,LT53,15,4,11,0,95,21,74,0
LLPC2,LPC2,38,30,8,0,95,78,17,0
OA-AL2b1,LT52,18,10,8,0,95,43,52,0
MTe51,cM08a,36,22,14,0,95,57,38,0
cL21,Tm27,43,27,16,0,95,60,35,0
mALD1,LTe69,2,1,1,0,95,52,43,0
MTe48,s-LNva,2,1,1,0,95,80,15,0
MTe51,LTe57,16,14,2,0,95,85,10,0
cM02a,C2,31,13,18,0,95,43,52,0
MTe47,TmY15,38,20,18,0,95,49,46,0
mALC5,LTe52,4,2,2,0,95,48,47,0
VCH,T4b,42,23,19,0,95,50,45,0
DCH,T4c,40,31,9,0,95,73,22,0
OA-AL2i1,MeMe_e07,18,9,9,0,95,55,40,0
OA-AL2i1,LPi14,4,2,2,0,95,62,33,0
cM05,Mi2,40,22,18,0,95,56,39,0
cML01,Li20,6,3,3,0,95,42,53,0
LT39,LTe03,4,2,2,0,95,56,39,0
LT53,DNp31,4,4,0,0,95,95,0,0
PLP163,LPLC1,15,15,0,0,95,95,0,0
Tm5f,TmY9q,44,20,24,0,94,42,52,0
Tm7,LTe35,18,8,10,0,94,44,50,0
Mi4,MTe41,39,21,18,0,94,47,47,0
Y12,Nod1,35,17,18,0,94,47,47,0
Mi9,Tm5c,39,16,23,0,94,40,54,0
TmY5a,Pm07,38,16,22,0,94,43,51,0
C3,Dm20,39,16,23,0,94,41,53,0
Tm37,LC37a,37,18,19,0,94,40,54,0
Tm32,LTe24,30,13,17,0,94,40,54,0
Li02,LTe42a,21,12,9,0,94,51,43,0
TmY9q,LC10c,38,16,22,0,94,40,54,0
Tlp14,LPT30,17,9,8,0,94,38,56,0
Y3,Sm06,31,21,10,0,94,71,23,0
Pm07,Pm01,43,20,23,0,94,43,51,0
Y11,DCH,33,25,8,0,94,70,24,0
Mi4,TmY14,40,22,18,0,94,51,43,0
Tm1,Li26,33,23,10,0,94,66,28,0
Tm5c,LTe08,37,15,22,0,94,43,51,0
Li17,T5b,41,19,22,0,94,43,51,0
LLPt,LTe58,37,23,14,0,94,60,34,0
T4b,TmY9q,25,0,25,0,94,0,94,0
Tm4,L5,31,13,18,0,94,36,58,0
LMt2,LMt2,40,32,8,0,94,78,16,0
TmY20,LLPt,33,21,12,0,94,66,28,0
Dm2,Sm30,38,16,22,0,94,42,52,0
Tlp1,Tm4,37,19,18,0,94,47,47,0
LMa2,Pm10,35,18,17,0,94,51,43,0
T2a,Mi13,28,22,6,0,94,64,30,0
Tm37,Tm5b,37,12,25,0,94,25,69,0
Y3,LTe29,35,19,16,0,94,53,41,0
Pm10,Pm13,34,16,18,0,94,41,53,0
TmY31,Pm14,37,22,15,0,94,58,36,0
Mi1,Dm9,36,32,4,0,94,81,13,0
Li16,Li06,41,23,18,0,94,54,40,0
Tm37,LC9,36,19,17,0,94,44,50,0
Dm12,OA-AL2i1,39,23,16,0,94,58,36,0
TmY5a,Lawf2,36,18,18,0,94,43,51,0
TmY3,T4c,34,18,16,0,94,51,43,0
Li16,LT11,25,14,11,0,94,53,41,0
Mi10,Tm9,36,20,16,0,94,52,42,0
T2,Mi13,37,22,15,0,94,58,36,0
Tm1,Dm9,39,32,7,0,94,79,15,0
TmY31,LPT31,37,29,8,0,94,78,16,0
Sm08,Pm10,35,19,16,0,94,58,36,0
LPi12,T4a,40,30,10,0,94,73,21,0
Li33,Y4,35,15,20,0,94,40,54,0
Li24,LC43,16,9,7,0,94,57,37,0
Am1,TmY5a,42,21,21,0,94,49,45,0
MTe50,LTe53,14,7,7,0,94,42,52,0
LT55,LT69,3,2,1,0,94,57,37,0
MTe01b,MeTu3c,32,20,12,0,94,62,32,0
cM09,OA-AL2b2,18,10,8,0,94,64,30,0
MTe01a,Sm12,43,25,18,0,94,55,39,0
LPLC4,TmY14,38,20,18,0,94,53,41,0
LPC2,LPi08,32,21,11,0,94,67,27,0
LT43,LTe08,4,2,2,0,94,52,42,0
MeTu4c,MTe28,31,19,12,0,94,63,31,0
LC31a,LC31b,30,20,10,0,94,59,35,0
LT78,LTe64,13,8,5,0,94,50,44,0
MTe51,MTe51,30,14,16,0,94,40,54,0
aMe9,Pm14,8,4,4,0,94,61,33,0
LC41,Li33,11,5,6,0,94,52,42,0
LPT30,vCal1,2,1,1,0,94,40,54,0
MeMe_e09,Sm21,24,13,11,0,94,60,34,0
MeMe_e07,TmY5a,42,22,20,0,94,48,46,0
LT38,Li07,20,11,9,0,94,54,40,0
MeMe_e05,MeTu1,26,13,13,0,94,51,43,0
MTe10,LTe19,5,2,2,1,94,49,40,5
cL22b,LT64,4,2,2,0,94,49,45,0
cL09,Y4,13,8,5,0,94,55,39,0
cML01,Li26,8,4,4,0,94,32,62,0
VS2,LPi11,23,14,9,0,94,62,32,0
Sm10,cM11,21,0,21,0,93,0,93,0
T3,LT82a,39,17,22,0,93,40,53,0
TmY5a,T5c,39,21,18,0,93,43,50,0
Tm8a,LTe49b,13,1,12,0,93,5,88,0
T5d,LMa4,44,26,18,0,93,54,39,0
Sm15,Sm41,36,19,17,0,93,46,47,0
L3,Tm21,36,20,16,0,93,45,48,0
MLt3,Dm20,39,23,16,0,93,50,43,0
Tm5e,Tm8b,41,20,21,0,93,46,47,0
Li05,LT64,31,20,11,0,93,63,30,0
L3,Mi15,37,16,21,0,93,37,56,0
MLt5,aMe5,35,15,20,0,93,34,59,0
TmY4,LC20b,26,8,18,0,93,29,64,0
TmY11,Mi9,42,20,22,0,93,44,49,0
Tm5b,Li13,39,21,18,0,93,51,42,0
Li11,LTe10,17,8,9,0,93,44,49,0
Sm30,Sm41,20,11,9,0,93,56,37,0
Tm25,Li18,38,21,17,0,93,53,40,0
Li02,LTe03,21,13,8,0,93,67,26,0
T3,LC14b,37,22,15,0,93,57,36,0
Tm4,Mi1,33,12,21,0,93,25,68,0
T5a,Tlp1,28,6,22,0,93,13,80,0
Li03,LC26,37,18,19,0,93,45,48,0
TmY20,LCe05,31,15,16,0,93,46,47,0
LLPt,LPT47_vCal2,28,16,12,0,93,55,38,0
LMa2,Tm4,38,20,18,0,93,51,42,0
MLt2,LC22,34,18,16,0,93,53,40,0
Tm5d,Tm16,44,25,19,0,93,53,40,0
Tm1,LLPC2,34,11,23,0,93,26,67,0
Y11,T4d,41,33,8,0,93,74,19,0
Li26,LT11,8,4,4,0,93,52,41,0
Tm1,LLPC1,33,15,18,0,93,36,57,0
LMa1,LTe18,13,6,7,0,93,51,42,0
Li10,LTe53,30,13,17,0,93,43,50,0
Tm35,Pm10,36,23,13,0,93,58,35,0
Tlp14,LPi05,41,31,10,0,93,72,21,0
Li15,LMa4,38,19,19,0,93,46,47,0
LMa3,LC31b,32,22,10,0,93,71,22,0
TmY3,Nod3,34,31,3,0,93,86,7,0
Sm42,Tm5c,33,19,14,0,93,58,35,0
LPi12,H2,2,1,1,0,93,55,38,0
Sm36,Tm35,35,16,19,0,93,42,51,0
Am1,T5a,41,19,22,0,93,41,52,0
Li30,LC36,19,11,8,0,93,50,43,0
Li30,LTe42b,2,1,1,0,93,52,41,0
LC17,LT1a,38,10,28,0,93,21,72,0
LC28a,LC13,31,20,11,0,93,56,37,0
MeTu3c,MTe04,37,21,16,0,93,52,41,0
LC14b,Tm4,33,24,9,0,93,69,24,0
LC14a1,Tm21,36,14,22,0,93,32,61,0
LPLC4,Li33,33,16,17,0,93,45,48,0
LC14a2,Tm5c,28,16,12,0,93,60,33,0
MeTu4c,Tm16,36,15,21,0,93,39,54,0
LT52,LTe42c,12,6,6,0,93,41,52,0
LC14a2,LTe76,7,3,4,0,93,43,50,0
MTe05,Sm08,36,21,15,0,93,55,38,0
cM01a,MTe37,2,1,1,0,93,45,48,0
H1,T4b,39,23,16,0,93,55,38,0
DN1a,cM08c,4,0,4,0,93,0,93,0
aMe1,APDN3,10,5,5,0,93,55,38,0
LT37,LC10a,31,18,13,0,93,51,42,0
cL18,TmY15,38,15,23,0,93,37,56,0
MeMe_e07,MeMe_e07,33,0,0,33,93,0,0,93
HSS,cLP03,12,3,9,0,93,19,74,0
cLP01,Tlp14,28,22,6,0,93,73,20,0
MeMe_e10,MTe20,4,2,2,0,93,58,35,0
LLPC2,Nod1,10,3,7,0,93,29,64,0
mALC5,OA-AL2b1,4,2,2,0,93,41,52,0
OA-ASM1,LC13,41,23,18,0,93,51,42,0
LTe31,PLP251,2,1,1,0,93,52,41,0
mALC4,LMa1,22,8,14,0,93,39,54,0
MTe28,Sm29,10,5,5,0,93,65,28,0
cL04,Li33,4,2,2,0,93,41,52,0
MTe43,PLP217,1,0,1,0,93,0,93,0
LC36,Li10,39,25,14,0,93,59,34,0
MTe26,Tm5e,38,16,22,0,93,43,50,0
cL02d,Li05,24,12,12,0,93,42,51,0
cL15,AOTU065,1,1,0,0,93,93,0,0
Tm27,LMa4,42,23,19,0,92,51,41,0
Y3,Tm3,39,14,25,0,92,30,62,0
T4a,LPi07,41,26,15,0,92,61,31,0
Sm16,Sm15,25,10,15,0,92,21,71,0
Mi2,Dm3q,44,20,24,0,92,43,49,0
Tm5e,LC10e,40,17,23,0,92,37,55,0
T4c,C3,44,20,24,0,92,41,51,0
Tm8b,LC36,31,14,17,0,92,41,51,0
TmY9q,TmY10,40,16,24,0,92,35,57,0
Dm2,Tm8b,30,10,20,0,92,30,62,0
Pm12,Pm05,32,11,21,0,92,26,66,0
Sm05,Tm8b,35,24,11,0,92,65,27,0
Tm35,LT69,19,10,9,0,92,40,52,0
Tm5a,TmY5a,41,24,17,0,92,55,37,0
Dm20,MLt2,37,21,16,0,92,53,39,0
Dm20,LC14b,27,17,10,0,92,65,27,0
Sm40,Sm21,32,17,15,0,92,46,46,0
Tm20,LT68,34,23,11,0,92,62,30,0
LMa1,LC17,37,16,21,0,92,43,49,0
TmY9q⊥,TmY31,40,15,25,0,92,35,57,0
Li16,LTe20,21,10,11,0,92,38,54,0
Li12,LTe10,14,7,7,0,92,46,46,0
MLt1,Lawf2,41,23,18,0,92,51,41,0
Li10,LTe62,17,8,9,0,92,53,39,0
Sm27,Mi1,39,26,13,0,92,62,30,0
Tm31,Tm5d,38,17,21,0,92,37,55,0
Sm06,Sm07,41,21,20,0,92,49,43,0
Dm11,Sm20,39,21,18,0,92,48,44,0
TmY11,LTe46,29,11,18,0,92,31,61,0
Li26,LC12,43,13,30,0,92,26,66,0
LMa1,LCe07,18,10,8,0,92,48,44,0
T5d,Nod5,38,20,18,0,92,48,44,0
Dm13,MLt2,38,17,21,0,92,39,53,0
Li10,Li04,36,16,20,0,92,41,51,0
Li11,LTe05,27,12,15,0,92,36,56,0
LPi07,LMa4,27,18,9,0,92,62,30,0
Tm5c,Sm10,42,23,19,0,92,51,41,0
Li24,LC18,35,24,11,0,92,68,24,0
LPi03,Tlp1,29,18,11,0,92,63,29,0
LC11,LT1a,34,17,17,0,92,45,47,0
MTe45,DN1a,4,2,2,0,92,36,56,0
LT52,LTe49c,15,8,7,0,92,32,60,0
LC10b,LT86,26,12,14,0,92,41,51,0
LLPC1,LPT04_HST,32,3,29,0,92,6,86,0
LPT51,cM08c,5,3,2,0,92,68,24,0
MTe07,aMe12,24,8,13,3,92,27,56,9
LC14a2,LT84,11,6,5,0,92,58,34,0
LPC2,LPC2,36,28,8,0,92,70,22,0
LC14a1,Li01,26,15,11,0,92,61,31,0
LC6,LTe42a,24,13,11,0,92,58,34,0
LC10b,LTe49c,23,11,12,0,92,32,60,0
LC20b,cL16,30,21,9,0,92,64,28,0
LC20b,LTe24,21,10,11,0,92,51,41,0
LPLC4,LTe24,28,14,14,0,92,53,39,0
cL08,LPLC1,29,11,18,0,92,30,62,0
cL08,LCe07,8,4,4,0,92,42,50,0
cL18,LLPC2,31,10,21,0,92,30,62,0
cM01c,Sm12,23,13,10,0,92,40,52,0
mALC5,MTe02,22,11,11,0,92,56,36,0
VCH,LPi15,2,1,1,0,92,44,48,0
MTe49,MTe45,2,1,1,0,92,48,44,0
cM04,s-LNva,5,3,2,0,92,88,4,0
aMe19a,LTe13,2,1,1,0,92,53,39,0
L1,Tm25,35,18,17,0,91,49,42,0
TmY3,Li22,39,22,17,0,91,48,43,0
Mi2,CB0592,41,19,22,0,91,41,50,0
Tm20,Li33,34,10,24,0,91,26,65,0
Tm5b,Tm25,33,9,24,0,91,26,65,0
Dm15,L5,31,17,14,0,91,53,38,0
Sm34,Sm26,31,13,18,0,91,40,51,0
Tm16,LT84,24,10,14,0,91,49,42,0
Tm16,cL22b,35,13,22,0,91,30,61,0
Tm5b,LT58,32,24,8,0,91,72,19,0
TmY4,Li08,41,25,16,0,91,56,35,0
TmY16,LPLC4,25,12,13,0,91,55,36,0
Tm35,LT85,27,16,11,0,91,47,44,0
MLt7,cL10,25,11,14,0,91,40,51,0
Tm21,Li16,42,22,20,0,91,48,43,0
Y11,Y12,41,19,22,0,91,44,47,0
Sm12,Tm5c,43,15,28,0,91,30,61,0
Li17,LT82a,33,15,18,0,91,37,54,0
Li02,LC14b,37,23,14,0,91,56,35,0
TmY14,OA-AL2i1,38,22,16,0,91,57,34,0
Tlp1,VS2,29,17,12,0,91,51,40,0
T1,Mi9,41,30,11,0,91,66,25,0
TmY5a,Li13,36,23,13,0,91,63,28,0
Tm4,LC14a2,34,22,12,0,91,58,33,0
Tm34,LT11,34,20,14,0,91,53,38,0
Tm16,MLt4,38,20,18,0,91,48,43,0
Pm05,Tm5d,36,19,17,0,91,52,39,0
Pm03,Mi4,40,23,17,0,91,52,39,0
Lawf1,Mi9,35,17,18,0,91,39,52,0
Li03,LTe64,18,8,10,0,91,40,51,0
Li13,Li33,30,10,20,0,91,34,57,0
Dm8a,MTe33,33,18,15,0,91,41,50,0
LLPt,T5b,43,23,20,0,91,49,42,0
TmY10,LTe60,32,11,21,0,91,32,59,0
Tm5f,Tm5c,40,21,19,0,91,51,40,0
Y11,LT53,31,17,14,0,91,51,40,0
Sm17,Mi15,42,27,15,0,91,59,32,0
Tlp1,LC22,37,18,19,0,91,43,48,0
Y12,VS6,28,19,9,0,91,69,22,0
Li19,LT1b,4,2,2,0,91,37,54,0
Pm02,Pm04,36,17,19,0,91,35,56,0
LMa5,Pm11,35,24,11,0,91,64,27,0
LPi09,LLPC2,39,23,16,0,91,51,40,0
TmY14,MLt4,36,22,14,0,91,54,37,0
Li13,LTe31,20,11,9,0,91,49,42,0
TmY20,LTe33,36,14,22,0,91,36,55,0
Tm36,LPC1,33,24,9,0,91,68,23,0
Li08,LT75,23,13,10,0,91,43,48,0
LPi15,TmY31,17,6,11,0,91,21,70,0
LPi15,LPT04_HST,2,1,1,0,91,44,47,0
Li28,Li24,18,11,7,0,91,57,34,0
Sm42,Dm2,28,12,16,0,91,34,57,0
Pm13,Tm35,29,19,10,0,91,66,25,0
LPi13,T4b,37,20,17,0,91,47,44,0
LC15,LC16,40,23,17,0,91,51,40,0
LC17,LC11,36,13,23,0,91,28,63,0
MeMe_e02,Sm41,13,6,7,0,91,32,59,0
aMe12,CB0816,15,8,4,3,91,52,28,11
LLPC3,LC16,39,24,15,0,91,58,33,0
LCe01b,LPLC2,36,21,15,0,91,55,36,0
cL20,OA-ASM1,8,4,4,0,91,50,41,0
cL20,LCe06,11,6,5,0,91,51,40,0
LT83,LT80,4,2,2,0,91,50,41,0
LT40,TmY15,36,21,15,0,91,56,35,0
aMe17a2,OA-AL2i4,2,1,1,0,91,49,42,0
AVLP151,cM16,4,1,1,2,91,16,33,42
mALC5,MTe50,12,5,7,0,91,41,50,0
mALC5,Sm11,8,4,4,0,91,43,48,0
OA-AL2b2,Dm2,35,18,17,0,91,46,45,0
aMe22,aMe12,8,5,3,0,91,52,39,0
LTe17,cLLPM02,3,1,1,1,91,45,41,5
cM05,Pm02,20,7,13,0,91,21,70,0
cM05,Mi14,33,10,23,0,91,39,52,0
cL04,LC14a2,21,9,12,0,91,37,54,0
LPT21,Y3,35,17,18,0,91,45,46,0
cLLPM02,Li01,23,11,12,0,91,49,42,0
Sm10,MTe01b,37,21,16,0,90,50,40,0
TmY10,LTe45,31,12,19,0,90,35,55,0
Pm03,LMa3,32,25,7,0,90,70,20,0
Y12,Li24,29,15,14,0,90,53,37,0
Tm20,LMa5,41,27,14,0,90,60,30,0
Tm16,LTe08,31,16,15,0,90,46,44,0
T5a,Am1,35,15,20,0,90,33,57,0
MLt6,Li10,31,13,18,0,90,34,56,0
Tm7,MTe53,29,12,17,0,90,31,59,0
Tm20,Sm27,32,12,20,0,90,28,62,0
Li11,LTe33,24,10,14,0,90,42,48,0
LPi08,VS1,13,9,4,0,90,64,26,0
Li12,Li24,22,15,7,0,90,59,31,0
Tm5c,cM08b,38,24,14,0,90,56,34,0
Tlp4,Nod5,30,22,8,0,90,66,24,0
Dm18,Tm3,41,23,18,0,90,52,38,0
Y1,LC4,41,20,21,0,90,47,43,0
Tm5e,Tm21,38,22,16,0,90,46,44,0
T4d,TmY11,20,1,19,0,90,2,88,0
LMa1,LC9,35,22,13,0,90,52,38,0
Tm27,Sm32,44,18,26,0,90,36,54,0
Tm16,Li02,36,18,18,0,90,49,41,0
T2a,LT76,25,5,20,0,90,21,69,0
TmY20,Tlp1,36,15,21,0,90,35,55,0
LMa2,DNp11,14,7,7,0,90,38,52,0
Sm17,MeTu3b,35,15,20,0,90,40,50,0
DmDRA1,aMe5,30,19,11,0,90,61,29,0
TmY15,TmY15,41,24,17,0,90,53,37,0
Y3,cL02b,36,20,16,0,90,51,39,0
LMt1,LC13,35,19,16,0,90,53,37,0
Dm2,Sm24,39,24,15,0,90,53,37,0
LPi07,LPi02,35,23,12,0,90,53,37,0
Dm9,Dm8b,41,30,11,0,90,64,26,0
LLPt,LTe10,19,10,9,0,90,38,52,0
Mi10,MLt3,27,9,18,0,90,21,69,0
LMa5,Tm4,35,20,15,0,90,44,46,0
Sm08,MTe51,38,25,13,0,90,56,34,0
LMa4,Pm03,35,16,19,0,90,42,48,0
Li16,LT80,16,7,9,0,90,51,39,0
Li09,Li11,37,23,14,0,90,56,34,0
Sm42,Sm24,8,4,4,0,90,45,45,0
Sm20,DmDRA1,27,23,4,0,90,78,12,0
Li32,LC10a,34,20,14,0,90,54,36,0
Li29,LTe21,2,1,1,0,90,50,40,0
cM09,TmY10,34,17,17,0,90,43,47,0
LC11,LMt1,36,21,15,0,90,54,36,0
cL01,Tm16,39,16,23,0,90,35,55,0
LTe08,Tm31,24,14,10,0,90,48,42,0
aMe12,OA-AL2i3,10,6,4,0,90,48,42,0
LC20a,LCe08,21,16,5,0,90,59,31,0
LC14a2,LC36,19,11,8,0,90,54,36,0
LC14b,LC40,18,7,11,0,90,29,61,0
MTe01a,cM01b,4,2,2,0,90,41,49,0
MTe51,Sm09,38,21,17,0,90,51,39,0
MeTu4a,Sm24,33,23,10,0,90,69,21,0
MTe09,MLt5,34,13,21,0,90,34,56,0
MTe50,MTe28,16,11,5,0,90,61,29,0
CB0816,Tm21,37,23,14,0,90,55,35,0
LPT54,LPi10,23,12,11,0,90,47,43,0
LC14b,T4c,28,11,17,0,90,30,60,0
LC37a,Li12,24,12,12,0,90,53,37,0
MTe25,Sm36,6,3,3,0,90,54,36,0
LC27,LTe60,18,11,7,0,90,57,33,0
PLP177,5-HTPMPV03,4,2,2,0,90,45,45,0
mALD1,LT57,13,7,6,0,90,52,38,0
LC27,LC19,21,11,10,0,90,65,25,0
LTe20,LMt1,22,10,12,0,90,38,52,0
LC20b,LT78,24,12,12,0,90,43,47,0
mALD2,LTe38c,4,2,2,0,90,43,47,0
cM01c,Sm38,4,2,2,0,90,49,41,0
cMLLP02,OA-AL2i1,3,2,1,0,90,68,22,0
LT68,LC33a,13,6,7,0,90,59,31,0
aMe19b,Sm09,26,16,10,0,90,61,29,0
LT56,Li16,23,9,14,0,90,34,56,0
MTe37,LTe72,2,1,1,0,90,48,42,0
LT76,LT36,2,1,1,0,90,5,85,0
cM05,Tm34,26,17,9,0,90,61,29,0
LPT57,LPT22,2,1,1,0,90,77,13,0
cML01,Mi1,40,26,14,0,90,57,33,0
Nod2,cLP03,6,0,1,5,90,0,5,85
LPC2,PLP035,12,12,0,0,90,90,0,0
Mi13,Tm21,38,28,10,0,89,66,23,0
Tlp4,LT51,27,13,14,0,89,50,39,0
Li08,LTe64,29,14,15,0,89,48,41,0
TmY5a,T4d,38,21,17,0,89,54,35,0
Sm18,aMe5,35,18,17,0,89,47,42,0
Tm5f,Li12,37,20,17,0,89,47,42,0
LPi05,TmY5a,29,15,14,0,89,38,51,0
Li05,Li06,35,12,23,0,89,29,60,0
Dm2,MTe05,41,22,19,0,89,46,43,0
MLt5,aMe8,32,19,13,0,89,51,38,0
Y3,LC46,35,18,17,0,89,43,46,0
Pm05,CB0592,34,11,23,0,89,31,58,0
Tm7,Tm27,36,17,19,0,89,41,48,0
LLPt,Nod2,27,13,14,0,89,45,44,0
Sm30,Sm15,31,17,14,0,89,44,45,0
Tm16,Tm8a,34,20,14,0,89,48,41,0
Pm07,TmY14,37,16,21,0,89,41,48,0
Y11,HSE,30,25,5,0,89,79,10,0
LMt3,LC14a1,20,10,10,0,89,61,28,0
TmY9q,LC40,34,18,16,0,89,51,38,0
Mi10,Dm3p,35,16,19,0,89,42,47,0
MLt5,MTe13,28,17,11,0,89,54,35,0
Li13,Li11,37,23,14,0,89,55,34,0
Mi4,Pm08,38,12,26,0,89,27,62,0
Sm13,Sm02,40,24,16,0,89,50,39,0
Pm03,Mi13,38,13,25,0,89,29,60,0
Dm8a,Tm37,33,12,21,0,89,30,59,0
TmY20,MTe47,35,20,15,0,89,56,33,0
T4b,LLPC1,38,14,24,0,89,32,57,0
Tm5a,MeTu3b,35,12,23,0,89,33,56,0
TmY4,Y3,38,27,11,0,89,61,28,0
LLPt,LT57,28,15,13,0,89,52,37,0
LMa5,LMt2,38,28,10,0,89,68,21,0
MLt8,LTe25,16,10,6,0,89,52,37,0
Sm41,TmY10,36,19,17,0,89,46,43,0
Dm10,Tm7,42,17,25,0,89,38,51,0
Y3,Li25,31,20,11,0,89,53,36,0
Li22,Li22,33,16,17,0,89,40,49,0
LPi04,Tlp14,26,18,8,0,89,66,23,0
LPi15,H1,4,2,2,0,89,53,36,0
Li33,LTe09,11,4,7,0,89,36,53,0
Sm38,MeMe_e04,8,4,4,0,89,58,31,0
Sm34,Sm30,29,21,8,0,89,66,23,0
LT55,MeTu4a,16,9,7,0,89,48,41,0
LCe01b,OA-ASM1,32,23,9,0,89,61,28,0
LC18,LC18,17,5,12,0,89,28,61,0
MeTu2a,Sm23,38,19,19,0,89,43,46,0
cM09,aMe12,13,9,4,0,89,50,39,0
LC11,LT61a,33,15,18,0,89,41,48,0
LTe08,Li09,24,13,11,0,89,51,38,0
LT34,LCe03,18,10,8,0,89,38,51,0
LPLC4,LPi02,36,22,14,0,89,53,36,0
LC14a2,LT43,16,10,6,0,89,53,36,0
MTe52,TmY31,24,19,5,0,89,76,13,0
LTe03,cL22c,4,2,2,0,89,50,39,0
LT78,LPLC4,27,14,13,0,89,43,46,0
LC21,LCe01a,30,19,11,0,89,54,35,0
LCe06,cL22c,5,3,2,0,89,62,27,0
LT57,Li30,14,6,8,0,89,41,48,0
LLPC3,Li10,33,14,19,0,89,37,52,0
MeMe_e06,Sm23,13,7,6,0,89,64,25,0
mALD1,LTe24,2,1,1,0,89,50,39,0
LT74,Li29,5,2,3,0,89,35,54,0
LTe35,Tm5e,23,12,11,0,89,49,40,0
LC14b,Pm09,14,11,3,0,89,73,16,0
LC20b,LC39,16,10,6,0,89,62,27,0
aMe17a2,MTe06,15,6,9,0,89,43,46,0
OA-ASM1,LMa1,33,18,15,0,89,53,36,0
cM14,cM02b,2,1,1,0,89,32,57,0
OA-AL2i1,Pm07,24,14,10,0,89,53,36,0
cM04,aMe1,10,6,4,0,89,51,38,0
cLLPM02,LC21,13,7,6,0,89,50,39,0
MTe38,LT57,10,6,4,0,89,48,41,0
LT41,Tm5b,38,25,13,0,89,62,27,0
LT41,LCe04,15,10,5,0,89,65,24,0
Sm08,MTe36,25,14,11,0,88,51,37,0
Tm32,LTe42a,30,14,16,0,88,41,47,0
Mi9,TmY10,40,16,24,0,88,34,54,0
Tm5f,LCe03,35,26,9,0,88,68,20,0
Tm4,OA-AL2i2,40,20,20,0,88,44,44,0
Sm18,MeMe_e02,27,12,15,0,88,48,40,0
Y1,TmY9q⊥,40,23,17,0,88,50,38,0
TmY10,LC43,32,15,17,0,88,44,44,0
Tm5e,LC40,36,13,23,0,88,32,56,0
Dm2,MTe17,33,16,17,0,88,41,47,0
Tlp1,LC35,33,19,14,0,88,49,39,0
Li05,Li08,38,27,11,0,88,66,22,0
Li02,Li02,31,13,18,0,88,38,50,0
TmY3,T3,40,23,17,0,88,53,35,0
Mi10,Dm3q,40,18,22,0,88,37,51,0
Pm08,Tlp4,30,18,12,0,88,59,29,0
Dm20,Tm3,42,16,26,0,88,36,52,0
Sm40,Tm32,35,16,19,0,88,42,46,0
T2,Li21,39,23,16,0,88,51,37,0
Sm12,Sm12,41,22,19,0,88,48,40,0
Tm35,Li12,32,17,15,0,88,41,47,0
Pm05,MTe01a,29,23,6,0,88,72,16,0
Y1,Am1,32,12,20,0,88,32,56,0
Tm21,CB0592,39,22,17,0,88,47,41,0
TmY20,Li27,35,21,14,0,88,51,37,0
Sm19,Sm09,31,19,12,0,88,57,31,0
Sm15,MTe22,26,13,13,0,88,43,45,0
Dm3p,Dm20,42,21,21,0,88,43,45,0
Tlp5,LC10d,38,22,16,0,88,48,40,0
MLt1,LT11,19,8,11,0,88,41,47,0
MLt1,Mi14,37,18,19,0,88,43,45,0
Sm07,Sm09,32,12,20,0,88,25,63,0
Li04,LTe69,21,12,9,0,88,43,45,0
MLt1,LC33a,29,16,13,0,88,51,37,0
Tlp4,LC11,33,23,10,0,88,65,23,0
Tm8a,TmY10,36,20,16,0,88,48,40,0
TmY31,Sm40,36,16,20,0,88,38,50,0
TmY31,Tm5e,39,17,22,0,88,39,49,0
LLPt,LTe33,22,14,8,0,88,51,37,0
L3,Tm5b,36,26,10,0,88,63,25,0
Li11,LPLC1,32,19,13,0,88,50,38,0
LMa4,CT1,28,17,11,0,88,62,26,0
Tm8a,Tm5e,33,19,14,0,88,52,36,0
LPi02,Am1,35,20,15,0,88,51,37,0
MLt1,cM04,26,13,13,0,88,38,50,0
Mi15,MeMe_e03,37,22,15,0,88,55,33,0
Sm22,Pm14,30,21,9,0,88,60,28,0
Li09,Li33,25,15,10,0,88,58,30,0
Y4,MTe47,38,23,15,0,88,52,36,0
Li08,LT58,24,17,7,0,88,65,23,0
Dm20,Sm42,8,3,5,0,88,76,12,0
Li04,LTe14,11,8,3,0,88,55,33,0
Sm42,Tm7,35,15,20,0,88,37,51,0
Li33,Li01,33,18,15,0,88,50,38,0
Sm36,Tm33,33,18,15,0,88,45,43,0
Sm36,LT58,6,3,3,0,88,29,59,0
MeTu4c,Sm06,31,15,16,0,88,44,44,0
LC27,LT51,20,9,11,0,88,47,41,0
LLPC1,LC14a1,34,15,19,0,88,44,44,0
LC18,LMa2,41,19,22,0,88,40,48,0
LT42,Y1,32,13,19,0,88,31,57,0
LC13,LT36,15,1,14,0,88,2,86,0
LC20a,LT65,22,15,7,0,88,57,31,0
LC14a2,LC16,20,13,7,0,88,58,30,0
LC14b,LLPC1,25,15,10,0,88,55,33,0
LC25,LC43,20,8,12,0,88,34,54,0
MTe05,LNda,10,7,3,0,88,66,22,0
LC29,LPLC4,33,15,18,0,88,33,55,0
CB0816,cM04,11,6,5,0,88,54,34,0
cM08c,cL16,7,5,2,0,88,65,23,0
MTe51,cL16,14,6,8,0,88,36,52,0
OA-AL2b1,Li13,28,12,16,0,88,34,54,0
LT70,LC16,32,20,12,0,88,57,31,0
MTe54,Pm07,12,2,10,0,88,4,84,0
PLP004,cL04,2,0,2,0,88,0,88,0
MeMe_e06,Sm18,17,9,8,0,88,40,48,0
LT63,LTe49f,6,4,2,0,88,51,37,0
LC28a,LTe31,22,13,9,0,88,57,31,0
mALD2,LTe10,2,1,1,0,88,54,34,0
VST1,LPi07,30,26,4,0,88,76,12,0
LPT48_vCal3,LTe64,5,1,1,3,88,11,17,60
aMe17a2,Sm07,33,13,20,0,88,32,56,0
aMe17a2,Sm17,12,6,6,0,88,46,42,0
mALC3,LMa4,20,7,13,0,88,25,63,0
OA-AL2b2,Dm6,25,16,9,0,88,63,25,0
cM14,MTe28,2,1,1,0,88,44,44,0
cM15,Pm09,29,18,11,0,88,56,32,0
aMe17a1,Sm08,30,15,15,0,88,45,43,0
LT39,TmY11,36,16,20,0,88,36,52,0
cL15,PLP020,1,1,0,0,88,88,0,0
Tm27,Tm8a,38,20,18,0,87,44,43,0
LPi06,LPi12,22,11,11,0,87,48,39,0
Y3,LPi10,33,19,14,0,87,44,43,0
L4,Dm15,37,17,20,0,87,36,51,0
LMt2,LC12,39,23,16,0,87,53,34,0
Tm25,Tm5f,37,14,23,0,87,38,49,0
Li05,LC14a2,30,13,17,0,87,45,42,0
MLt6,LC45,24,18,6,0,87,63,24,0
Tm27,Li24,36,27,9,0,87,64,23,0
R8,Dm11,30,21,9,0,87,66,21,0
TmY5a,Dm1,38,22,16,0,87,49,38,0
Tm31,Tm5f,35,11,24,0,87,26,61,0
TmY9q⊥,Li30,37,13,24,0,87,32,55,0
TmY3,Pm11,39,18,21,0,87,40,47,0
Li10,LT55,31,17,14,0,87,50,37,0
Sm01,Tm5b,38,17,21,0,87,39,48,0
Li12,Tm20,41,25,16,0,87,52,35,0
Sm40,MeTu1,21,10,11,0,87,49,38,0
Sm01,Dm2,36,23,13,0,87,56,31,0
Tlp4,Li28,28,16,12,0,87,45,42,0
LMt3,Pm14,32,14,18,0,87,42,45,0
Mi10,Dm3v,37,21,16,0,87,50,37,0
Sm32,TmY16,30,14,16,0,87,45,42,0
TmY9q,Tm5e,24,4,20,0,87,9,78,0
Li03,LC10d,35,17,18,0,87,47,40,0
Tm16,LT72,33,15,18,0,87,39,48,0
Tm36,Li24,30,17,13,0,87,49,38,0
Li01,LTe47,14,7,7,0,87,37,50,0
Tm2,C2,20,9,11,0,87,29,58,0
LMa2,MTe03,25,16,9,0,87,61,26,0
L4,Dm19,39,16,23,0,87,35,52,0
TmY14,Mi1,36,23,13,0,87,54,33,0
Y12,Y11,36,22,14,0,87,48,39,0
LMt1,LC31b,30,19,11,0,87,60,27,0
T4c,LPi10,29,3,26,0,87,7,80,0
Y11,Tm3,36,20,16,0,87,48,39,0
Li01,LC11,41,29,12,0,87,61,26,0
LMa5,MTe52,35,24,11,0,87,60,27,0
Sm13,Sm36,30,16,14,0,87,48,39,0
Tm4,LTe20,36,14,22,0,87,29,58,0
Tm5c,Pm10,38,12,26,0,87,25,62,0
Dm13,Tm27,42,21,21,0,87,42,45,0
Li11,LC4,34,15,19,0,87,42,45,0
Li10,LC14a2,29,18,11,0,87,55,32,0
LPi07,LLPC1,26,9,17,0,87,23,64,0
T5a,LMa1,29,27,2,0,87,83,4,0
Pm14,MTe42,4,2,2,0,87,52,35,0
Sm35,Dm8b,34,18,16,0,87,42,45,0
Sm38,MTe01a,30,22,8,0,87,65,22,0
LPi13,LPi10,22,14,8,0,87,60,27,0
Li23,TmY9q⊥,36,21,15,0,87,53,34,0
LC27,LTe40,14,7,7,0,87,48,39,0
LC25,LTe31,16,6,10,0,87,40,47,0
LC14b,LT78,18,5,13,0,87,23,64,0
LC14b,LPT29,11,7,4,0,87,60,27,0
cLP02,Tlp5,24,15,9,0,87,63,24,0
LLPC1,LT78,13,5,8,0,87,30,57,0
LC14a1,LC21,27,13,14,0,87,48,39,0
LT34,LC16,27,16,11,0,87,41,46,0
LC14a1,LC20b,15,10,5,0,87,57,30,0
LT82a,LT40,4,2,2,0,87,49,38,0
MTe52,Tm36,35,15,20,0,87,34,53,0
MTe51,LTe45,15,6,9,0,87,36,51,0
cM18,MTe11,6,3,3,0,87,51,36,0
H1,LPi15,4,2,2,0,87,45,42,0
H1,OA-AL2i1,2,1,1,0,87,51,36,0
aMe26,aMe24,8,3,3,2,87,31,42,14
MTe01a,Tm16,37,28,9,0,87,69,18,0
MeLp2,LPi05,30,18,12,0,87,52,35,0
cL20,LT61b,2,1,1,0,87,39,48,0
MTe20,aMe13,4,1,1,2,87,15,12,60
cL21,TmY14,38,13,25,0,87,28,59,0
LTe11,LTe24,2,1,1,0,87,42,45,0
cL17,LT58,4,2,2,0,87,67,20,0
LT40,LLPt,29,13,16,0,87,36,51,0
CB0566,s-LNvb,6,4,2,0,87,61,26,0
MTe28,LT53,6,3,3,0,87,38,49,0
cL04,LT36,4,2,2,0,87,32,55,0
LTe21,cLLPM02,2,1,1,0,87,37,50,0
LT41,LLPt,15,8,7,0,87,47,40,0
LT41,LC22,17,9,8,0,87,51,36,0
Tm9,Tm4,31,13,18,0,86,36,50,0
Tm25,Dm2,40,26,14,0,86,56,30,0
Tm3,LPT45_dCal1,33,29,4,0,86,78,8,0
Tm21,Tm5e,39,13,26,0,86,29,57,0
Sm15,MTe02,31,16,15,0,86,43,43,0
TmY5a,LT42,39,18,21,0,86,40,46,0
Tm5a,LT77,30,16,14,0,86,51,35,0
Y3,5-HTPMPV03,35,13,22,0,86,32,54,0
Dm11,Sm05,38,22,16,0,86,50,36,0
Tm5e,Li05,35,15,20,0,86,35,51,0
Tm25,T2a,36,15,21,0,86,31,55,0
Tlp4,Pm05,14,6,8,0,86,46,40,0
Tm2,LLPC1,31,17,14,0,86,42,44,0
Tm5d,LC21,36,11,25,0,86,23,63,0
TmY3,L2,39,14,25,0,86,29,57,0
TmY3,L4,40,16,24,0,86,37,49,0
Mi13,LMa5,24,8,16,0,86,49,37,0
LMa5,Tm25,36,18,18,0,86,40,46,0
Sm40,aMe17a2,4,2,2,0,86,44,42,0
Tlp14,T4d,38,25,13,0,86,52,34,0
TmY9q,TmY14,24,7,17,0,86,15,71,0
Tm5d,LTe65,24,11,13,0,86,37,49,0
Dm20,OA-AL2i1,30,17,13,0,86,53,33,0
LMt3,Li02,26,16,10,0,86,58,28,0
Dm16,Sm32,35,20,15,0,86,54,32,0
TmY31,LMa3,37,21,16,0,86,54,32,0
MLt3,Tlp4,34,23,11,0,86,57,29,0
Tlp1,TmY31,18,10,8,0,86,59,27,0
C2,Tm4,29,13,16,0,86,44,42,0
L1,Mi2,35,21,14,0,86,55,31,0
Sm41,Tm32,31,14,17,0,86,38,48,0
L3,Sm20,20,12,8,0,86,55,31,0
DmDRA1,Sm41,23,17,6,0,86,68,18,0
LLPt,LPTe01,34,31,3,0,86,79,7,0
Y3,LPT23,37,25,12,0,86,56,30,0
Sm26,Dm11,34,16,18,0,86,45,41,0
LLPt,MLt5,35,21,14,0,86,50,36,0
Sm42,MTe10,8,4,4,0,86,46,40,0
Li25,LT83,4,2,2,0,86,25,61,0
Li33,DNp11,2,1,1,0,86,32,54,0
Li33,LC19,12,5,7,0,86,36,50,0
Li24,LC14b,27,15,12,0,86,50,36,0
Am1,LLPC3,32,21,11,0,86,50,36,0
LC11,cL08,34,16,18,0,86,41,45,0
LC4,TmY3,37,15,22,0,86,32,54,0
MeLp1,CB0592,2,0,0,2,86,0,0,86
LC14b,Pm01,20,14,6,0,86,54,32,0
LC22,LTe59,27,13,14,0,86,36,50,0
LT42,Tm7,37,12,25,0,86,25,61,0
MeTu1,MLt7,36,15,21,0,86,36,50,0
LC14a2,Y4,21,12,9,0,86,45,41,0
LC40,LTe42a,12,4,8,0,86,38,48,0
LLPC3,LMt3,36,23,13,0,86,52,34,0
MeTu1,MTe01a,35,23,12,0,86,58,28,0
MeMe_e08,cLP03,12,5,7,0,86,31,55,0
LTe64,LT37,9,4,5,0,86,44,42,0
cM01a,Sm14,14,8,6,0,86,50,36,0
LPT54,Pm05,31,18,13,0,86,49,37,0
LPLC2,LPi15,33,25,8,0,86,69,17,0
cM06,Dm12,22,9,13,0,86,34,52,0
LC29,Li11,26,14,12,0,86,43,43,0
cM07,Sm42,2,1,1,0,86,56,30,0
MeMe_e07,L4,41,26,15,0,86,56,30,0
cM05,TmY5a,35,8,27,0,86,18,68,0
LT36,LTe42c,2,1,1,0,86,33,53,0
LT67,LTe54,4,2,2,0,86,42,44,0
TmY31,LC29,30,19,11,0,85,60,25,0
Tm16,aMe17a2,34,22,12,0,85,54,31,0
TmY20,MLt2,38,17,21,0,85,39,46,0
Tm8a,Sm05,36,22,14,0,85,53,32,0
Mi10,MTe05,37,19,18,0,85,41,44,0
Tm4,Li28,35,16,19,0,85,41,44,0
Y3,LT40,35,14,21,0,85,33,52,0
Tm5a,LC20b,18,5,13,0,85,31,54,0
Tm5a,Sm02,37,23,14,0,85,50,35,0
T2,Dm1,40,16,24,0,85,34,51,0
TmY31,OA-AL2i4,34,17,17,0,85,42,43,0
Dm8b,Dm4,33,11,22,0,85,25,60,0
MLt6,Sm21,34,21,13,0,85,51,34,0
MLt5,aMe26,29,19,10,0,85,54,31,0
Dm2,MTe22,31,12,19,0,85,39,46,0
Tm5d,LTe35,22,13,9,0,85,51,34,0
Sm02,Sm20,35,18,17,0,85,48,37,0
L5,PDt,41,22,19,0,85,46,39,0
Y12,Y3,38,15,23,0,85,31,54,0
Li06,T2a,39,12,27,0,85,25,60,0
TmY15,Li14,35,23,12,0,85,54,31,0
Li12,LC20b,33,17,16,0,85,39,46,0
Tlp14,LC12,34,19,15,0,85,47,38,0
LLPt,LTe42a,22,9,13,0,85,35,50,0
Sm08,MeMe_e02,28,8,20,0,85,22,63,0
Tm5b,LCe01b,33,15,18,0,85,36,49,0
Tm33,Tm35,33,18,15,0,85,49,36,0
T4c,Mi4,41,21,20,0,85,44,41,0
Li13,LMt2,33,18,15,0,85,49,36,0
Li18,LC20b,36,17,19,0,85,42,43,0
T4d,LPi08,40,22,18,0,85,47,38,0
MLt6,LT77,22,11,11,0,85,44,41,0
Tm27,LLPC3,40,26,14,0,85,55,30,0
Mi13,C3,37,21,16,0,85,47,38,0
Tm3,LPLC2,37,13,24,0,85,30,55,0
Tlp4,LPT31,22,18,4,0,85,75,10,0
LPi07,LPi05,36,21,15,0,85,46,39,0
TmY3,LC10b,32,14,18,0,85,40,45,0
Tm8a,LTe58,33,23,10,0,85,61,24,0
LPi08,TmY14,35,20,15,0,85,43,42,0
DmDRA1,Tm5b,23,16,7,0,85,58,27,0
Li01,Li12,38,18,20,0,85,43,42,0
LLPt,Li13,28,17,11,0,85,55,30,0
Sm32,Pm05,34,20,14,0,85,46,39,0
Tm36,MTe42,30,19,11,0,85,62,23,0
Li08,TmY4,37,15,22,0,85,36,49,0
Pm14,MLt4,33,22,11,0,85,53,32,0
Li30,TmY4,35,21,14,0,85,49,36,0
LPLC2,Y3,34,14,20,0,85,36,49,0
LT66,LT66,2,0,0,2,85,0,0,85
LPTe01,H1,9,6,3,0,85,62,23,0
MTe02,TmY11,36,15,21,0,85,37,48,0
LLPC2,LPLC4,29,21,8,0,85,63,22,0
MTe07,CB0816,18,0,5,13,85,0,21,64
MeMe_e02,Sm10,24,9,15,0,85,35,50,0
LC14a2,Li21,14,9,5,0,85,49,36,0
MTe54,LMa5,22,8,14,0,85,36,49,0
LC14b,Sm32,23,15,8,0,85,51,34,0
cL14,Y1,32,16,16,0,85,39,46,0
MeMe_e08,Y4,38,22,16,0,85,48,37,0
MeTu4c,LTe19,19,9,10,0,85,38,47,0
LPLC4,LC11,32,12,20,0,85,35,50,0
CB0816,Mi4,34,13,21,0,85,31,54,0
LC34,LT51,18,9,9,0,85,39,46,0
LC37a,LC34,24,13,11,0,85,47,38,0
cM06,Dm16,19,11,8,0,85,50,35,0
cL01,LC10a,32,17,15,0,85,47,38,0
mALD1,LC45,11,5,6,0,85,43,42,0
MTe53,aMe10,15,6,9,0,85,37,48,0
LPT28,LPLC4,23,21,2,0,85,77,8,0
cMLLP02,LPi08,23,18,5,0,85,64,21,0
OA-AL2i2,Li10,34,21,13,0,85,55,30,0
aMe17a2,Sm26,15,8,7,0,85,39,46,0
OA-ASM1,Li33,8,4,4,0,85,49,36,0
LT56,Li06,26,12,14,0,85,48,37,0
LT65,LC33a,11,4,7,0,85,28,57,0
cL22b,LC10c,25,13,12,0,85,44,41,0
DCH,TmY4,36,25,11,0,85,62,23,0
cL04,MeTu4a,26,11,15,0,85,38,47,0
cL04,cM10,4,2,2,0,85,65,20,0
MTe18,LT53,8,2,6,0,85,23,62,0
cML01,Mi9,35,24,11,0,85,59,26,0
cMLLP01,cL02b,5,4,1,0,85,70,15,0
LPT52,LTe64,7,3,4,0,85,39,46,0
aMe17a1,Sm10,27,14,13,0,85,44,41,0
aMe19a,aMe1,4,2,2,0,85,48,37,0
aMe19a,aMe8,4,2,2,0,85,39,46,0
LLPC1,PLP020,7,7,0,0,85,85,0,0
MTe18,CB0734,1,1,0,0,85,85,0,0
Y3,LTe49a,28,14,14,0,84,41,43,0
Tm16,LTe63,29,12,17,0,84,35,49,0
Tm5c,Sm37,30,17,13,0,84,50,34,0
Sm16,MLt7,23,2,21,0,84,4,80,0
TmY3,LC14a2,25,14,11,0,84,52,32,0
T4a,TmY15,40,21,19,0,84,44,40,0
Tm32,LTe64,24,11,13,0,84,37,47,0
TmY3,MTe44,37,25,12,0,84,59,25,0
Li20,LPLC1,33,17,16,0,84,43,41,0
Sm04,T2a,36,17,19,0,84,38,46,0
Y12,LTe18,23,13,10,0,84,51,33,0
Y4,LTe18,25,14,11,0,84,50,34,0
Tm32,Li08,36,17,19,0,84,42,42,0
TmY31,Sm07,31,11,20,0,84,28,56,0
Tlp14,LC31c,20,11,9,0,84,45,39,0
LLPt,LTe16,23,12,11,0,84,49,35,0
Tm5e,Tm1,35,23,12,0,84,46,38,0
Tm5d,Tm36,33,15,18,0,84,43,41,0
TmY5a,MTe43,36,20,16,0,84,49,35,0
Y3,Tm27,38,14,24,0,84,28,56,0
TmY9q⊥,LTe28,24,8,16,0,84,36,48,0
Sm05,MTe54,33,25,8,0,84,65,19,0
Sm30,aMe9,24,11,13,0,84,41,43,0
MLt4,Lawf2,33,18,15,0,84,44,40,0
Li06,LMt4,35,19,16,0,84,45,39,0
Li12,LC10c,35,17,18,0,84,40,44,0
TmY14,Tm27,38,21,17,0,84,47,37,0
Pm05,Tm25,36,10,26,0,84,21,63,0
Tm5e,LT72,33,14,19,0,84,37,47,0
Mi13,Dm15,38,23,15,0,84,49,35,0
Tm27,LT77,35,16,19,0,84,40,44,0
LMa4,LPi05,31,20,11,0,84,49,35,0
Li03,LC25,33,16,17,0,84,45,39,0
Sm19,Sm20,35,22,13,0,84,51,33,0
Tm37,Li11,32,14,18,0,84,37,47,0
Tm37,Tm35,33,19,14,0,84,43,41,0
Tm33,Tm8b,34,16,18,0,84,41,43,0
LMt4,LMa2,29,21,8,0,84,62,22,0
Y12,VS8,22,19,3,0,84,74,10,0
Y11,LC18,32,22,10,0,84,55,29,0
Tm31,Sm36,34,21,13,0,84,50,34,0
Sm27,Sm22,30,18,12,0,84,51,33,0
Li01,LC10e,36,17,19,0,84,34,50,0
Dm6,Dm15,36,23,13,0,84,52,32,0
Sm06,MTe50,38,20,18,0,84,46,38,0
Sm30,Sm09,30,26,4,0,84,75,9,0
Sm26,MTe30,12,5,7,0,84,39,45,0
LPi10,LPT21,16,9,7,0,84,56,28,0
TmY9q,TmY15,32,21,11,0,84,61,23,0
L5,Sm32,26,16,10,0,84,57,27,0
Li13,Tm5e,39,19,20,0,84,42,42,0
Sm42,TmY5a,36,17,19,0,84,40,44,0
Li25,LT1c,4,2,2,0,84,25,59,0
LPi10,LPT31,27,17,10,0,84,52,32,0
Li30,LT36,2,1,1,0,84,34,50,0
Li23,LT51,7,3,4,0,84,47,37,0
LC14a2,TmY9q⊥,34,23,11,0,84,58,26,0
LLPC2,TmY14,34,18,16,0,84,43,41,0
LC14a2,LC28a,21,11,10,0,84,52,32,0
LT43,Li27,8,4,4,0,84,54,30,0
LC14b,LT63,22,11,11,0,84,50,34,0
LT78,Li06,31,19,12,0,84,47,37,0
MTe01b,MTe23,16,8,8,0,84,44,40,0
LC9,LT83,32,16,16,0,84,41,43,0
MeMe_e08,MeMe_e08,29,0,0,29,84,0,0,84
cL14,Li03,28,13,15,0,84,41,43,0
LT52,LC40,30,12,18,0,84,35,49,0
MTe09,Tm32,33,12,21,0,84,33,51,0
LC34,LTe75,10,7,3,0,84,59,25,0
LT57,LTe16,15,7,8,0,84,41,43,0
LC14b,Mi10,23,14,9,0,84,57,27,0
aMe1,LNda,4,2,2,0,84,46,38,0
MeLp2,LLPC1,22,14,8,0,84,63,21,0
mALD1,LC33a,10,6,4,0,84,50,34,0
LT38,Li10,22,13,9,0,84,41,43,0
LPT48_vCal3,PLP103b,2,1,0,1,84,31,0,53
LT68,TmY10,31,9,22,0,84,28,56,0
mALC3,LMa5,10,4,6,0,84,27,57,0
mALC5,LMt4,13,7,6,0,84,39,45,0
VS7,cLP03,10,6,4,0,84,50,34,0
LT56,LC13,31,7,24,0,84,19,65,0
cL06,Tm16,27,13,14,0,84,33,51,0
cM12,Mi10,27,12,15,0,84,41,43,0
cM01b,MeTu4b,7,3,4,0,84,50,34,0
cL02a,LT70,11,3,8,0,84,11,73,0
cM14,MeTu4b,15,10,5,0,84,54,30,0
MTe49,MTe02,15,7,8,0,84,46,38,0
cL11,LTe51,2,1,1,0,84,41,43,0
DCH,LPLC1,29,22,7,0,84,70,14,0
cL04,cL16,6,4,2,0,84,57,27,0
cML01,Y3,34,20,14,0,84,49,35,0
cLLPM02,LC35,5,2,3,0,84,64,20,0
LTe38b,CB0143,2,2,0,0,84,84,0,0
LTe21,CB0734,1,1,0,0,84,84,0,0
Tm3,LC21,31,12,19,0,83,24,59,0
T2a,OA-AL2i2,34,7,27,0,83,14,69,0
T2,Dm20,37,29,8,0,83,64,19,0
Tm35,LT72,27,11,16,0,83,29,54,0
Li07,LTe42c,15,6,9,0,83,29,54,0
TmY10,Tlp1,36,31,5,0,83,70,13,0
Dm8b,MeMe_e05,29,17,12,0,83,47,36,0
TmY9q⊥,Lawf1,33,18,15,0,83,47,36,0
Li02,LC10c,31,14,17,0,83,41,42,0
Li10,LTe09,29,16,13,0,83,45,38,0
Li10,LTe30,27,17,10,0,83,53,30,0
Sm15,MTe38,20,9,11,0,83,28,55,0
LLPt,TmY5a,36,15,21,0,83,34,49,0
Tlp5,VCH,26,11,15,0,83,38,45,0
TmY20,Tm8a,35,15,20,0,83,39,44,0
TmY11,LC17,37,18,19,0,83,37,46,0
Sm30,MTe30,8,4,4,0,83,46,37,0
LPi11,TmY5a,37,18,19,0,83,39,44,0
Li12,LC26,34,19,15,0,83,43,40,0
Sm40,aMe9,8,4,4,0,83,46,37,0
TmY14,Tm1,31,8,23,0,83,23,60,0
LLPt,LT86,24,11,13,0,83,42,41,0
LLPt,LCe03,30,24,6,0,83,64,19,0
T4b,LPi02,33,10,23,0,83,26,57,0
C2,Tm2,31,19,12,0,83,41,42,0
TmY5a,Li31,35,16,19,0,83,42,41,0
Tm2,Dm8a,35,18,17,0,83,47,36,0
TmY20,Y11,33,20,13,0,83,48,35,0
Dm13,MeMe_e07,35,17,18,0,83,44,39,0
Li02,cM10,28,22,6,0,83,67,16,0
Tm36,LC14b,31,11,20,0,83,29,54,0
Tm5e,LTe63,29,14,15,0,83,35,48,0
Y3,LTe36,31,15,16,0,83,42,41,0
Sm27,MLt2,30,16,14,0,83,49,34,0
Y3,LC45,32,12,20,0,83,34,49,0
Tlp5,Li30,21,12,9,0,83,35,48,0
LMa2,Li27,31,17,14,0,83,46,37,0
Tm2,LPT26,17,11,6,0,83,54,29,0
Pm10,MeMe_e08,36,21,15,0,83,51,32,0
Tm8b,TmY31,35,21,14,0,83,52,31,0
MLt1,aMe8,24,12,12,0,83,52,31,0
Li10,LT36,30,11,19,0,83,29,54,0
LMt1,Li31,25,13,12,0,83,41,42,0
LMa3,Pm08,26,18,8,0,83,59,24,0
Dm12,TmY11,32,14,18,0,83,32,51,0
TmY9q⊥,Tlp1,37,21,16,0,83,47,36,0
LMt3,LT52,24,11,13,0,83,39,44,0
LMa3,Pm02,30,20,10,0,83,59,24,0
Tm8a,cL10,30,13,17,0,83,32,51,0
Y3,LC22,27,7,20,0,83,18,65,0
T5a,LMa4,34,23,11,0,83,60,23,0
Tm20,Tm31,34,17,17,0,83,42,41,0
TmY31,Tm33,38,18,20,0,83,37,46,0
LMa4,LC31a,30,22,8,0,83,62,21,0
Li28,Tm5a,34,16,18,0,83,40,43,0
Pm14,MTe34,4,2,2,0,83,34,49,0
Li04,cM07,17,14,3,0,83,73,10,0
Tlp1,LPi04,28,22,6,0,83,61,22,0
Li24,LT74,16,9,7,0,83,52,31,0
Li23,Tm7,27,18,9,0,83,52,31,0
LC28a,LC37a,29,12,17,0,83,33,50,0
LC17,LT1b,33,17,16,0,83,37,46,0
LT55,LC10c,23,9,14,0,83,38,45,0
MeTu4a,LCe09,28,10,18,0,83,30,53,0
LC28a,aMe20,24,12,12,0,83,40,43,0
LT34,LC6,30,20,10,0,83,53,30,0
LPLC1,LC17,32,15,17,0,83,41,42,0
MeTu4a,LTe43,28,14,14,0,83,47,36,0
aMe5,Sm30,32,14,18,0,83,35,48,0
LT52,TmY31,33,16,17,0,83,40,43,0
LTe64,LT34,4,2,2,0,83,48,35,0
aMe17b,MTe38,4,2,2,0,83,42,41,0
LC11,LC18,39,10,29,0,83,21,62,0
MTe14,TmY10,37,19,18,0,83,44,39,0
cM08c,MTe09,14,7,7,0,83,26,57,0
LCe01a,Tm5d,36,26,10,0,83,59,24,0
LC37a,LC10e,31,17,14,0,83,45,38,0
cM02b,Mi4,31,10,21,0,83,24,59,0
MeMe_e09,Sm42,2,1,1,0,83,36,47,0
PLP177,5-HTPMPV01,4,1,1,2,83,16,43,24
MTe47,Li21,21,12,9,0,83,42,41,0
MTe37,MeTu4c,21,11,10,0,83,37,46,0
OA-AL2b2,TmY9q⊥,29,18,11,0,83,50,33,0
LT65,LTe49a,4,2,2,0,83,40,43,0
cM12,MeMe_e09,4,2,2,0,83,34,49,0
aMe22,s-LNva,2,1,1,0,83,78,5,0
DCH,T4b,37,24,13,0,83,55,28,0
cM15,Tm34,23,13,10,0,83,47,36,0
cM15,TmY9q⊥,36,22,14,0,83,51,32,0
cM05,MTe08,11,6,5,0,83,53,30,0
MTe28,Sm09,28,15,13,0,83,49,34,0
MTe43,OA-AL2b1,4,2,2,0,83,48,35,0
cM16,Tm36,33,17,16,0,83,41,42,0
LTe38a,PLP022,4,4,0,0,83,83,0,0
LC40,Lat,8,8,0,0,83,83,0,0
PLP252,LTe37,2,2,0,0,83,83,0,0
Tm27,TmY3,35,16,19,0,82,38,44,0
Tm7,Li12,29,16,13,0,82,39,43,0
Tm7,LTe14,31,14,17,0,82,36,46,0
Sm08,MTe50,34,16,18,0,82,38,44,0
LPi04,LPi05,32,23,9,0,82,58,24,0
Dm8b,Sm41,35,17,18,0,82,39,43,0
Tm37,LC28a,34,21,13,0,82,50,32,0
Y1,Sm42,32,19,13,0,82,52,30,0
Tm5c,Sm22,37,16,21,0,82,35,47,0
Mi14,Dm16,37,25,12,0,82,54,28,0
Tm36,LC11,33,15,18,0,82,35,47,0
Mi4,cML01,37,19,18,0,82,43,39,0
TmY9q,Li08,36,12,24,0,82,28,54,0
MLt6,LC20b,24,15,9,0,82,47,35,0
Tm5a,TmY4,35,20,15,0,82,48,34,0
Tm5c,aMe25,32,14,18,0,82,36,46,0
Tm21,Tm4,39,14,25,0,82,29,53,0
Tm21,LT51,33,18,15,0,82,45,37,0
Tm36,LC17,35,17,18,0,82,39,43,0
TmY5a,LTe36,36,15,21,0,82,33,49,0
Y11,T2a,37,21,16,0,82,46,36,0
Y11,LPi05,33,26,7,0,82,68,14,0
Tm9,Am1,13,0,13,0,82,0,82,0
Tm35,LT55,25,10,15,0,82,27,55,0
Dm8a,Tm25,31,7,24,0,82,15,67,0
Sm27,Sm41,14,7,7,0,82,49,33,0
Mi15,aMe4,35,19,16,0,82,45,37,0
Li03,LT57,24,16,8,0,82,50,32,0
Mi10,Sm02,33,18,15,0,82,45,37,0
Mi10,TmY14,36,17,19,0,82,38,44,0
Tm16,TmY3,37,21,16,0,82,43,39,0
Tm31,Sm40,25,12,13,0,82,34,48,0
T3,MTe39,29,20,9,0,82,59,23,0
Mi4,CT1,35,16,19,0,82,38,44,0
LMa5,MeMe_e08,30,20,10,0,82,55,27,0
Tm3,Tm5d,37,13,24,0,82,30,52,0
L3,T2,32,15,17,0,82,37,45,0
Tm37,cM07,28,21,7,0,82,64,18,0
Tm8a,LTe48,23,14,9,0,82,50,32,0
TmY5a,MTe23,36,23,13,0,82,50,32,0
LMt2,LT60,19,10,9,0,82,49,33,0
Sm32,MeTu3c,32,13,19,0,82,35,47,0
TmY9q⊥,LC39,28,17,11,0,82,51,31,0
Dm8b,MLt1,35,17,18,0,82,40,42,0
TmY20,LPi06,30,23,7,0,82,67,15,0
TmY9q,Li12,32,20,12,0,82,55,27,0
Pm14,T2a,29,20,9,0,82,60,22,0
Sm36,Tm5b,37,17,20,0,82,35,47,0
Am1,LPT04_HST,2,1,1,0,82,37,45,0
LC28a,LTe17,26,13,13,0,82,41,41,0
LC21,LC14a1,27,15,12,0,82,47,35,0
LC11,LTe10,27,15,12,0,82,40,42,0
LLPC1,LC11,34,20,14,0,82,45,37,0
aMe5,MeMe_e05,13,6,7,0,82,40,42,0
LCe01b,Tm5f,36,15,21,0,82,36,46,0
LC10e,Li09,29,15,14,0,82,41,41,0
LC10a,Li24,32,20,12,0,82,54,28,0
LT11,LPLC2,33,18,15,0,82,44,38,0
MTe02,Tm33,31,14,17,0,82,39,43,0
MTe46,LMa2,21,12,9,0,82,59,23,0
LPLC4,LLPC1,33,21,12,0,82,56,26,0
LLPC3,LPT21,25,9,16,0,82,25,57,0
LC14a2,LT52,23,12,11,0,82,46,36,0
LT60,AN_multi_124,4,2,1,1,82,66,7,9
LPC2,TmY9q,29,18,11,0,82,55,27,0
MeTu4c,LC10f,28,13,15,0,82,41,41,0
CB0816,Dm20,29,15,14,0,82,42,40,0
LPT23,LPi06,26,13,13,0,82,42,40,0
LT70,Tm7,35,16,19,0,82,36,46,0
cM02b,Tm32,21,9,12,0,82,42,40,0
aMe1,s-LNva,4,2,2,0,82,73,9,0
cL20,LT74,5,2,3,0,82,31,51,0
MeTu4a,LTe74,15,7,8,0,82,47,35,0
LC25,Tm20,35,22,13,0,82,51,31,0
MeMe_e07,Mi9,37,18,19,0,82,40,42,0
cM02a,Sm33,5,3,2,0,82,46,36,0
LT74,Li05,36,17,19,0,82,38,44,0
MeMe_e05,MTe28,3,2,1,0,82,54,28,0
cL12,LTe49f,3,2,1,0,82,51,31,0
MeMe_e10,Sm10,24,14,10,0,82,56,26,0
MTe52,PLP231,12,7,5,0,82,50,32,0
MC65,Sm14,24,12,12,0,82,36,46,0
cL06,LTe37,4,2,2,0,82,32,50,0
LT53,LMa1,23,17,6,0,82,65,17,0
LT80,LMt1,20,9,11,0,82,37,45,0
LT80,cL21,8,4,4,0,82,47,35,0
cL09,LT51,2,1,1,0,82,29,53,0
CB2848,LT52,7,4,3,0,82,44,38,0
LLPC2,CB0143,12,12,0,0,82,82,0,0
LPT26,PLP020,1,1,0,0,82,82,0,0
Tm5f,LC18,34,15,19,0,81,35,46,0
Sm02,MLt7,24,1,23,0,81,2,79,0
L5,Tm5c,34,14,20,0,81,31,50,0
Tm5f,Li31,36,3,33,0,81,6,75,0
Tm8a,LC39,29,13,16,0,81,34,47,0
Tm37,Tm36,33,14,19,0,81,35,46,0
Mi9,TmY9q,28,17,11,0,81,58,23,0
Tm2,CB0592,37,15,22,0,81,32,49,0
Y4,LC29,30,11,19,0,81,30,51,0
TmY10,LT57,32,14,18,0,81,32,49,0
Sm02,MeMe_e09,36,24,12,0,81,55,26,0
TmY14,MeLp2,31,17,14,0,81,44,37,0
Tm31,MTe51,29,8,21,0,81,17,64,0
MLt7,LTe11,22,15,7,0,81,56,25,0
TmY20,LC41,30,14,16,0,81,40,41,0
Dm10,T2,35,21,14,0,81,49,32,0
Tm20,Tm5c,31,16,15,0,81,44,37,0
Sm03,MeTu3c,33,18,15,0,81,44,37,0
TmY5a,LT65,34,17,17,0,81,38,43,0
Tm20,MTe54,37,21,16,0,81,45,36,0
Y11,LC12,33,17,16,0,81,46,35,0
Dm2,Dm9,32,29,3,0,81,74,7,0
TmY15,Y12,36,18,18,0,81,44,37,0
Mi10,CB0566,33,17,16,0,81,43,38,0
Tm5c,Mi9,38,19,19,0,81,40,41,0
Tm16,Li23,32,18,14,0,81,44,37,0
Pm05,Pm07,38,16,22,0,81,36,45,0
Mi9,Mi13,30,13,17,0,81,33,48,0
Tlp5,LPT42_Nod4,15,8,7,0,81,52,29,0
TmY20,LPT31,30,26,4,0,81,71,10,0
TmY5a,LLPC3,38,23,15,0,81,48,33,0
Li18,LC6,38,20,18,0,81,44,37,0
MLt3,LT51,27,12,15,0,81,39,42,0
Sm13,MTe35,25,12,13,0,81,43,38,0
Tlp1,T5a,37,18,19,0,81,41,40,0
LMt1,Li02,30,23,7,0,81,60,21,0
LMa3,Pm01,30,20,10,0,81,56,25,0
Dm9,L3,28,21,7,0,81,56,25,0
Pm09,Lawf2,29,20,9,0,81,47,34,0
Li26,Li21,24,9,15,0,81,29,52,0
L4,Lawf1,33,25,8,0,81,64,17,0
Tm5f,Li09,32,17,15,0,81,40,41,0
LMa4,Pm08,36,20,16,0,81,44,37,0
Sm29,MeTu4b,23,13,10,0,81,54,27,0
Li31,LMt2,22,9,13,0,81,40,41,0
Li24,LT77,14,8,6,0,81,39,42,0
Sm33,Sm10,24,22,2,0,81,76,5,0
Li33,TmY10,25,10,15,0,81,29,52,0
Li32,Tlp5,30,13,17,0,81,30,51,0
LPC1,TmY15,37,22,15,0,81,50,31,0
LT42,TmY9q⊥,31,15,16,0,81,40,41,0
MeTu2a,Sm41,27,18,9,0,81,55,26,0
cLP02,Li17,19,11,8,0,81,60,21,0
MeTu4c,LT55,21,10,11,0,81,43,38,0
LTe01,LC36,20,9,11,0,81,47,34,0
cL16,Li30,3,2,1,0,81,54,27,0
LT52,LC20b,29,16,13,0,81,47,34,0
MeMe_e02,MTe10,15,8,7,0,81,40,41,0
OA-AL2b1,Li01,30,13,17,0,81,34,47,0
LT70,LC21,26,8,18,0,81,21,60,0
LC10e,LTe63,22,9,13,0,81,38,43,0
aMe10,Sm30,10,5,5,0,81,49,32,0
LCe01b,LMa2,20,17,3,0,81,73,8,0
cL21,LT1d,4,2,2,0,81,36,45,0
LPLC4,LTe66,23,13,10,0,81,40,41,0
aMe17c,Mi4,30,12,18,0,81,38,43,0
OA-AL2i2,Li16,28,13,15,0,81,41,40,0
OA-AL2i2,LC17,37,19,18,0,81,40,41,0
cL12,LT63,4,2,2,0,81,50,31,0
LC40,LC10c,23,9,14,0,81,37,44,0
aMe19b,aMe8,4,2,2,0,81,44,37,0
aMe19b,aMe9,4,0,0,4,81,0,0,81
LPT58,TmY15,22,21,1,0,81,79,2,0
CB0592,CB0592,2,0,0,2,81,0,0,81
cLLPM02,Pm10,19,10,9,0,81,43,38,0
cL22c,LTe49f,3,2,1,0,81,51,30,0
LPLC4,CB0143,11,11,0,0,81,81,0,0
L4,TmY11,36,18,18,0,80,37,43,0
Tm25,Dm3q,38,18,20,0,80,39,41,0
L5,L3,17,2,15,0,80,4,76,0
Mi2,Pm03,33,17,16,0,80,38,42,0
Tm33,LCe02,29,15,14,0,80,43,37,0
Tm32,MTe01b,29,13,16,0,80,36,44,0
Y12,Tm21,38,19,19,0,80,42,38,0
Tm32,MeTu4a,36,19,17,0,80,44,36,0
MLt5,Sm34,32,20,12,0,80,54,26,0
Tlp14,LPT26,17,10,7,0,80,40,40,0
LLPt,Y1,33,22,11,0,80,55,25,0
LLPt,Li28,18,14,4,0,80,63,17,0
Tm31,LTe29,21,14,7,0,80,55,25,0
TmY4,LC24,25,4,21,0,80,8,72,0
Pm04,Mi14,31,19,12,0,80,51,29,0
Tm4,LTe46,26,16,10,0,80,52,28,0
Sm40,MeMe_e03,4,2,2,0,80,50,30,0
Tm5d,Li33,31,16,15,0,80,37,43,0
LMt3,Lawf2,37,24,13,0,80,51,29,0
Tm35,LCe01a,31,19,12,0,80,52,28,0
C3,LPT54,34,17,17,0,80,39,41,0
L2,Tm21,26,9,17,0,80,39,41,0
Tlp5,DCH,19,13,6,0,80,60,20,0
LLPt,LMa4,37,25,12,0,80,54,26,0
Dm3p,Mi4,37,20,17,0,80,42,38,0
Tm5f,LC10b,35,17,18,0,80,37,43,0
Mi1,T1,18,9,9,0,80,32,48,0
Mi10,MTe38,32,22,10,0,80,54,26,0
Tm37,LC13,34,20,14,0,80,46,34,0
Li26,Li31,8,4,4,0,80,32,48,0
Mi4,TmY9q⊥,28,12,16,0,80,29,51,0
L5,Dm16,35,22,13,0,80,49,31,0
Tm8a,MTe51,21,3,18,0,80,6,74,0
Li22,LMa4,25,13,12,0,80,48,32,0
L1,L4,25,11,14,0,80,31,49,0
Y11,T5b,37,26,11,0,80,55,25,0
Tm5b,Pm05,18,11,7,0,80,53,27,0
Tm35,LTe64,10,5,5,0,80,38,42,0
Li24,LTe18,6,3,3,0,80,57,23,0
Sm42,Tm5e,29,12,17,0,80,34,46,0
Li33,LT61a,2,1,1,0,80,34,46,0
Li32,LC25,25,11,14,0,80,44,36,0
LC9,LC36,21,14,7,0,80,54,26,0
LC10a,LC10c,13,2,11,0,80,11,69,0
LC40,LT59,17,7,10,0,80,38,42,0
LC25,OA-ASM1,33,20,13,0,80,50,30,0
LT11,LTe26,2,1,1,0,80,35,45,0
cL22a,LC46,8,4,4,0,80,41,39,0
LPLC1,LC10a,35,20,15,0,80,43,37,0
cLP01,LPT51,17,12,5,0,80,65,15,0
LC14a2,cL11,8,4,4,0,80,46,34,0
LC14a2,TmY9q,23,10,13,0,80,34,46,0
LC4,LCe07,25,14,11,0,80,38,42,0
aMe5,Sm42,21,13,8,0,80,51,29,0
CB0816,MTe50,20,11,9,0,80,56,24,0
LPT54,Mi4,35,16,19,0,80,37,43,0
MeMe_e02,Tm34,28,12,16,0,80,32,48,0
LC40,LTe60,9,4,5,0,80,40,40,0
LPTe01,LPi13,17,12,5,0,80,64,16,0
LC28a,TmY5a,35,20,15,0,80,45,35,0
aMe17c,T2,33,16,17,0,80,37,43,0
DNp30,LMa5,25,16,9,0,80,55,25,0
LPLC4,LC22,21,7,14,0,80,20,60,0
cM03,OA-AL2i4,6,3,3,0,80,43,37,0
cM08c,MTe51,22,16,6,0,80,50,30,0
HSN,T5a,36,30,6,0,80,68,12,0
cL11,LLPC1,15,8,7,0,80,43,37,0
cL11,Li12,15,8,7,0,80,33,47,0
LT64,LC10d,27,21,6,0,80,64,16,0
aMe17a1,Sm30,22,11,11,0,80,42,38,0
LPT53,TmY9q⊥,30,18,12,0,80,53,27,0
MTe27,CB0143,1,1,0,0,80,80,0,0
T5b,TmY9q,24,1,23,0,79,2,77,0
Tm5c,LC36,35,21,14,0,79,50,29,0
Sm16,MTe51,32,17,15,0,79,43,36,0
TmY31,MTe01b,29,17,12,0,79,47,32,0
T2,Pm12,32,13,19,0,79,29,50,0
TmY14,Mi14,29,17,12,0,79,52,27,0
Li21,LMt1,26,15,11,0,79,51,28,0
Tlp5,LC21,34,19,15,0,79,44,35,0
TmY20,LC26,32,18,14,0,79,45,34,0
Tm5b,LT79,30,10,20,0,79,23,56,0
Tm25,Dm3v,37,17,20,0,79,38,41,0
Tm4,Li11,33,15,18,0,79,34,45,0
Y1,LC15,33,18,15,0,79,39,40,0
Y1,MLt3,32,18,14,0,79,45,34,0
Sm15,MTe37,25,12,13,0,79,34,45,0
Mi1,Dm3p,30,13,17,0,79,30,49,0
Mi10,MeTu3c,35,26,9,0,79,60,19,0
Y3,Li09,33,18,15,0,79,44,35,0
LMa4,Pm02,32,17,15,0,79,44,35,0
Tm37,Tm5a,29,20,9,0,79,56,23,0
Sm31,TmY10,34,17,17,0,79,38,41,0
LMt4,Li17,19,4,15,0,79,8,71,0
TmY31,MTe30,29,16,13,0,79,45,34,0
Sm07,MTe17,31,17,14,0,79,42,37,0
Li04,LC33a,26,17,9,0,79,52,27,0
Tm31,TmY5a,37,18,19,0,79,40,39,0
Y1,Y1,36,18,18,0,79,38,41,0
TmY31,LC31b,26,16,10,0,79,51,28,0
LMa3,Tm27,35,23,12,0,79,51,28,0
LPi02,LLPC1,35,21,14,0,79,47,32,0
Y12,HSS,30,8,22,0,79,18,61,0
LMa4,Li16,32,21,11,0,79,55,24,0
Tm8a,LC20a,32,19,13,0,79,43,36,0
Sm31,T2,34,23,11,0,79,55,24,0
Sm14,Dm2,36,16,20,0,79,33,46,0
TmY4,Sm41,23,13,10,0,79,46,33,0
Sm02,Tm5a,34,21,13,0,79,51,28,0
Y11,Y11,28,12,16,0,79,26,53,0
Dm12,Tm27,36,21,15,0,79,46,33,0
LMa2,Li31,19,7,12,0,79,32,47,0
LPi04,TmY4,33,29,4,0,79,69,10,0
Pm14,Tm25,32,15,17,0,79,39,40,0
Pm14,Mi10,32,18,14,0,79,46,33,0
Li16,LCe07,21,10,11,0,79,41,38,0
Li12,LCe05,22,8,14,0,79,30,49,0
Li25,LT60,4,2,2,0,79,51,28,0
MLt2,LC20b,32,16,16,0,79,42,37,0
CT1,Tm27,35,23,12,0,79,51,28,0
Li30,LC41,8,4,4,0,79,37,42,0
Li30,cL14,2,1,1,0,79,38,41,0
LC28a,LT76,15,9,6,0,79,41,38,0
MeTu4a,Sm04,35,19,16,0,79,45,34,0
MeTu4c,MTe01b,25,11,14,0,79,34,45,0
MeLp1,cLP02,26,18,8,0,79,56,23,0
LC28a,LC10f,23,11,12,0,79,37,42,0
cLPL01,Li05,16,10,6,0,79,46,33,0
MeMe_e08,Mi4,38,29,9,0,79,61,18,0
LTe64,LT52,23,13,10,0,79,44,35,0
MTe05,aMe24,13,6,7,0,79,47,32,0
cM01a,Sm33,5,3,2,0,79,42,37,0
aMe17b,Tm5e,33,21,12,0,79,53,26,0
cLP02,TmY20,29,24,5,0,79,69,10,0
LC10e,LTe51,21,12,9,0,79,44,35,0
MTe51,PLP069,12,0,12,0,79,0,79,0
aMe9,Sm36,12,6,6,0,79,31,48,0
MeMe_e02,MTe24,10,5,5,0,79,43,36,0
cL08,LMa1,21,9,12,0,79,37,42,0
LC16,LPLC4,13,3,10,0,79,8,71,0
cLP03,LPT45_dCal1,13,8,5,0,79,55,24,0
cM07,Tm16,31,20,11,0,79,48,31,0
LC22,LTe42b,11,7,4,0,79,45,34,0
aMe4,Sm42,9,5,4,0,79,43,36,0
aMe19b,aMe25,2,1,1,0,79,42,37,0
OA-ASM1,Tm36,37,19,18,0,79,43,36,0
MC65,MLt7,27,16,11,0,79,47,32,0
HSN,DCH,2,1,1,0,79,49,30,0
LPT49,PLP081,2,1,0,1,79,26,0,53
cM15,MeLp2,2,1,1,0,79,38,41,0
LPT27,LPi07,19,11,8,0,79,48,31,0
cML01,TmY3,35,20,15,0,79,44,35,0
cL05,Li05,14,7,7,0,79,15,64,0
cMLLP01,LPLC4,23,12,11,0,79,41,38,0
TmY31,LTe57,26,10,16,0,78,32,46,0
Tm1,MLt4,20,12,8,0,78,44,34,0
Tm5f,MTe45,26,9,17,0,78,25,53,0
Tm21,Pm01,38,25,13,0,78,52,26,0
T2,TmY14,32,18,14,0,78,46,32,0
Tm3,LC39,30,23,7,0,78,59,19,0
Tm3,TmY9q⊥,32,24,8,0,78,61,17,0
Pm07,Pm03,35,14,21,0,78,32,46,0
T5d,Y11,25,2,23,0,78,4,74,0
T2a,Y12,31,12,19,0,78,31,47,0
Mi4,C2,28,12,16,0,78,35,43,0
Tm5e,Li28,35,22,13,0,78,50,28,0
T5c,LMa4,35,20,15,0,78,40,38,0
Mi15,Tm5e,35,15,20,0,78,32,46,0
Sm32,Lawf1,35,20,15,0,78,42,36,0
Tm5e,LT75,30,16,14,0,78,41,37,0
Li06,LC15,32,16,16,0,78,42,36,0
LMa4,LT66,24,14,10,0,78,51,27,0
Pm05,Tm35,29,18,11,0,78,53,25,0
Tm4,Sm09,29,16,13,0,78,49,29,0
Li01,Li10,35,20,15,0,78,41,37,0
LMa2,Tm1,24,10,14,0,78,23,55,0
TmY4,Li33,26,10,16,0,78,21,57,0
Tm25,Li09,23,3,20,0,78,8,70,0
Y11,Tm4,37,20,17,0,78,42,36,0
Tm36,Pm05,33,18,15,0,78,40,38,0
Tm4,LC22,36,16,20,0,78,35,43,0
MLt1,Tm36,34,16,18,0,78,35,43,0
Mi10,Tm4,31,15,16,0,78,38,40,0
Tlp4,VS1,14,11,3,0,78,70,8,0
Li09,LCe04,28,18,10,0,78,51,27,0
LMa1,LT82a,28,13,15,0,78,37,41,0
T5d,Tlp14,28,3,25,0,78,8,70,0
Li01,LTe03,21,10,11,0,78,48,30,0
Tm5b,Sm07,22,12,10,0,78,50,28,0
Li13,Li23,23,10,13,0,78,39,39,0
Mi14,Pm08,33,22,11,0,78,53,25,0
Tm4,LTe65,23,13,10,0,78,48,30,0
Li22,Li21,26,12,14,0,78,35,43,0
Sm15,Sm04,31,14,17,0,78,33,45,0
Y1,LTe64,25,12,13,0,78,35,43,0
Li22,Li14,24,9,15,0,78,30,48,0
LPi10,LPT22,15,9,6,0,78,59,19,0
Li05,LC10c,21,3,18,0,78,7,71,0
Y11,Tlp5,34,17,17,0,78,37,41,0
Li28,Li27,8,4,4,0,78,43,35,0
LMa2,LTe65,13,9,4,0,78,51,27,0
Li27,Tm33,15,4,11,0,78,8,70,0
Sm33,Sm42,4,3,1,0,78,58,20,0
Li33,Li17,25,14,11,0,78,45,33,0
Sm38,Sm16,32,15,17,0,78,40,38,0
Li30,Li29,2,1,1,0,78,41,37,0
LC10e,LC39,25,18,7,0,78,56,22,0
MTe01b,Sm23,31,18,13,0,78,45,33,0
MeTu3c,MTe19,22,9,13,0,78,35,43,0
MeLp1,Nod5,4,2,2,0,78,68,10,0
cL22a,LC19,13,6,7,0,78,27,51,0
LC14a1,TmY15,25,13,12,0,78,41,37,0
LT34,LPLC4,25,12,13,0,78,34,44,0
LC46,LTe24,8,4,4,0,78,39,39,0
LPLC1,Li17,35,15,20,0,78,34,44,0
LC10b,LT52,32,21,11,0,78,53,25,0
LT70,LTe27,8,4,4,0,78,45,33,0
cM17,MTe39,2,1,1,0,78,42,36,0
OA-AL2i3,Tm3,38,18,20,0,78,37,41,0
LT37,TmY15,22,9,13,0,78,34,44,0
LT37,LTe11,2,1,1,0,78,50,28,0
LTe22,LTe40,2,1,1,0,78,37,41,0
cL18,Li17,21,13,8,0,78,42,36,0
aMe17c,TmY3,32,20,12,0,78,50,28,0
MeMe_e06,MeTu4d,17,8,9,0,78,31,47,0
LT63,LT81,10,6,4,0,78,44,34,0
LC28a,Li02,29,13,16,0,78,30,48,0
cM01c,MTe37,2,1,1,0,78,47,31,0
LT40,Li02,20,14,6,0,78,61,17,0
mALC5,Li29,2,1,1,0,78,44,34,0
cM13,Sm06,14,2,12,0,78,5,73,0
OA-ASM1,Pm14,15,7,8,0,78,34,44,0
LT86,cL06,2,1,1,0,78,43,35,0
LTe45,Tm32,20,9,11,0,78,44,34,0
LT56,T3,35,12,23,0,78,26,52,0
LT53,Y4,29,12,17,0,78,28,50,0
VCH,LPi01,21,10,11,0,78,42,36,0
MTe22,aMe20,2,1,1,0,78,39,39,0
cL04,LTe02,6,2,4,0,78,25,53,0
cL05,LTe64,6,3,3,0,78,46,32,0
cMLLP01,LT79,2,1,1,0,78,35,43,0
LPT52,cLP03,4,2,2,0,78,61,17,0
cL15,Li02,19,12,7,0,78,55,23,0
cL15,LT37,3,1,1,1,78,27,40,11
LT41,LLPC1,25,15,10,0,78,42,36,0
Dm15,Tm9,36,20,16,0,77,41,36,0
TmY31,LTe76,29,18,11,0,77,44,33,0
Tm35,LTe67,25,14,11,0,77,46,31,0
TmY11,LTe14,24,13,11,0,77,48,29,0
Y12,Pm14,28,15,13,0,77,44,33,0
Tlp14,LC31b,18,12,6,0,77,56,21,0
Li06,LT79,30,14,16,0,77,36,41,0
Tm5f,TmY11,30,10,20,0,77,22,55,0
Li07,TmY10,35,18,17,0,77,40,37,0
Tm37,Tm7,32,19,13,0,77,45,32,0
MLt4,Sm32,29,9,20,0,77,25,52,0
MLt4,MTe27,19,13,6,0,77,53,24,0
Dm12,Tm20,35,19,16,0,77,40,37,0
C3,TmY3,33,22,11,0,77,51,26,0
Pm11,LMt3,27,17,10,0,77,52,25,0
TmY5a,MLt3,33,21,12,0,77,51,26,0
Y3,LTe19,27,14,13,0,77,35,42,0
Li10,LTe02,25,12,13,0,77,35,42,0
Pm03,Pm07,30,13,17,0,77,42,35,0
Pm04,Tm5e,33,21,12,0,77,50,27,0
Li08,LT57,33,18,15,0,77,45,32,0
Tm36,Tm20,35,14,21,0,77,34,43,0
MLt2,TmY10,33,11,22,0,77,25,52,0
MLt4,Li15,24,12,12,0,77,38,39,0
Li12,LC14a1,22,14,8,0,77,54,23,0
Li02,LCe01b,21,12,9,0,77,36,41,0
Tm20,MLt7,26,1,25,0,77,2,75,0
Dm18,Tm25,35,15,20,0,77,32,45,0
Tm5e,MTe51,33,14,19,0,77,32,45,0
T5a,LPC1,15,3,12,0,77,8,69,0
Pm05,Mi14,34,17,17,0,77,36,41,0
Tm16,Mi10,30,15,15,0,77,39,38,0
Sm27,Sm36,20,12,8,0,77,46,31,0
TmY20,LCe01b,34,18,16,0,77,40,37,0
Sm08,Sm42,29,17,12,0,77,48,29,0
TmY31,MLt2,34,16,18,0,77,37,40,0
LLPt,TmY31,23,14,9,0,77,50,27,0
TmY20,LLPC4,17,8,9,0,77,44,33,0
Sm09,Sm13,34,17,17,0,77,38,39,0
Tm5a,LLPt,7,1,6,0,77,2,75,0
Sm09,MeTu4b,28,15,13,0,77,45,32,0
MLt1,MLt3,34,20,14,0,77,44,33,0
Li19,LC12,35,16,19,0,77,37,40,0
T4d,Y11,23,3,20,0,77,7,70,0
Tm5b,LT80,16,9,7,0,77,40,37,0
Dm9,Mi1,37,28,9,0,77,57,20,0
Tm16,LTe32,30,8,22,0,77,21,56,0
Tm2,Sm32,35,14,21,0,77,33,44,0
Dm20,Sm04,33,26,7,0,77,60,17,0
LMa4,Li14,29,16,13,0,77,48,29,0
Sm41,MLt6,27,16,11,0,77,49,28,0
LMt3,TmY15,34,22,12,0,77,50,27,0
Tm3,Tm36,29,12,17,0,77,36,41,0
LMa5,LMa5,18,8,10,0,77,51,26,0
Li10,LTe65,21,11,10,0,77,35,42,0
Tm5d,LTe76,26,12,14,0,77,36,41,0
Li28,LC31c,4,2,2,0,77,44,33,0
Li28,LC26,27,17,10,0,77,49,28,0
Li27,Tm5a,28,13,15,0,77,29,48,0
Li33,Tm3,34,20,14,0,77,43,34,0
Li32,LT51,16,8,8,0,77,41,36,0
LC10d,LT81,18,11,7,0,77,47,30,0
LPTe01,PLP215,8,3,5,0,77,22,55,0
LC10e,LC20b,31,19,12,0,77,49,28,0
LC40,LC36,17,8,9,0,77,52,25,0
LC14b,MeTu4c,16,13,3,0,77,66,11,0
MTe02,Sm42,29,17,12,0,77,43,34,0
LC14b,Tm7,21,15,6,0,77,59,18,0
LC25,LC31c,21,9,12,0,77,29,48,0
LT11,LC15,28,15,13,0,77,37,40,0
LT11,LT82a,4,2,2,0,77,36,41,0
LPC2,LPi07,29,22,7,0,77,57,20,0
LC14a2,LC40,25,11,14,0,77,40,37,0
MeTu4c,LCe06,21,13,8,0,77,45,32,0
MTe52,Tm4,36,22,14,0,77,48,29,0
MTe01b,MeMe_e06,20,10,10,0,77,41,36,0
LC25,LTe29,16,7,9,0,77,35,42,0
cL14,LC22,23,11,12,0,77,36,41,0
LC14a2,Li05,23,17,6,0,77,53,24,0
MeMe_e08,Pm13,18,7,11,0,77,25,52,0
LC13,LMa3,30,12,18,0,77,30,47,0
MeTu3c,Sm34,31,28,3,0,77,70,7,0
MeMe_e08,Tlp5,28,19,9,0,77,53,24,0
cL20,cL15,3,1,1,1,77,11,44,22
LT37,MLt4,19,12,7,0,77,43,34,0
mALD2,aMe20,2,1,1,0,77,40,37,0
MeMe_e05,LTe50,6,4,2,0,77,52,25,0
LT68,LTe43,12,6,6,0,77,48,29,0
aMe19b,cM09,5,3,2,0,77,37,40,0
mALC5,LTe58,4,2,2,0,77,47,30,0
VCH,Tlp5,24,12,12,0,77,35,42,0
aMe22,aMe1,4,2,2,0,77,29,48,0
MTe23,MTe28,2,1,1,0,77,33,44,0
cM04,CB0816,12,6,6,0,77,39,38,0
MTe30,MTe02,21,11,10,0,77,46,31,0
DNpe053,LMTe01,5,2,2,1,77,42,29,6
aMe19a,aMe6a,2,1,1,0,77,59,18,0
LT39,LC43,10,5,5,0,77,39,38,0
LPT53,LPi04,18,15,3,0,77,67,10,0
LC20a,CB0143,11,11,0,0,77,77,0,0
LTe44,AOTU026,1,1,0,0,77,77,0,0
TmY31,LC28a,27,15,12,0,76,41,35,0
Sm10,Sm35,31,17,14,0,76,46,30,0
TmY11,MTe52,35,23,12,0,76,49,27,0
Y3,T2,33,13,20,0,76,27,49,0
Tm9,Tm36,33,13,20,0,76,29,47,0
Y4,Pm08,26,11,15,0,76,31,45,0
Sm02,Dm2,32,20,12,0,76,48,28,0
Tm25,LC16,35,15,20,0,76,31,45,0
Mi9,Lawf2,25,16,9,0,76,48,28,0
Dm20,Tm4,35,15,20,0,76,33,43,0
LLPt,LPi09,35,24,11,0,76,50,26,0
Tm5f,LC14b,30,11,19,0,76,26,50,0
Tm5c,Tm4,33,11,22,0,76,23,53,0
Mi4,Tm5e,34,17,17,0,76,35,41,0
Mi1,Dm20,31,10,21,0,76,25,51,0
Li10,LTe40,24,12,12,0,76,36,40,0
Sm04,LT58,17,10,7,0,76,55,21,0
Mi10,MLt5,33,14,19,0,76,29,47,0
Tm21,Pm03,31,16,15,0,76,39,37,0
Li02,LC13,32,19,13,0,76,44,32,0
TmY5a,LPC1,37,21,16,0,76,42,34,0
Tm5d,MTe02,28,16,12,0,76,44,32,0
Tm5c,Dm10,33,15,18,0,76,33,43,0
Y1,LLPC3,35,21,14,0,76,47,29,0
TmY5a,cLLP02,33,19,14,0,76,43,33,0
Tm27,Tm5e,35,17,18,0,76,36,40,0
TmY9q⊥,Li08,34,21,13,0,76,49,27,0
Li03,Tm7,31,14,17,0,76,35,41,0
TmY16,TmY16,35,17,18,0,76,36,40,0
Sm10,MTe02,32,11,21,0,76,27,49,0
Tm34,Li27,31,14,17,0,76,38,38,0
MLt6,LTe29,21,13,8,0,76,54,22,0
MLt6,Li27,25,15,10,0,76,49,27,0
Pm10,LMt2,29,12,17,0,76,30,46,0
Pm10,MTe47,27,17,10,0,76,49,27,0
Sm31,MeTu4a,28,13,15,0,76,37,39,0
Sm31,Sm31,26,12,14,0,76,32,44,0
Tm5c,MTe12,32,13,19,0,76,28,48,0
Sm09,Sm29,24,20,4,0,76,63,13,0
L5,OA-AL2i3,30,18,12,0,76,51,25,0
MLt1,Sm08,29,14,15,0,76,36,40,0
Tm5f,LC15,33,17,16,0,76,38,38,0
LMt4,MTe54,24,13,11,0,76,38,38,0
Tm5d,LC19,20,14,6,0,76,60,16,0
Dm13,Tm25,37,19,18,0,76,39,37,0
TmY15,LT61a,31,21,10,0,76,51,25,0
Tm9,T2,28,15,13,0,76,41,35,0
Li15,Li15,33,19,14,0,76,45,31,0
Li15,Li17,34,13,21,0,76,29,47,0
Sm41,MeMe_e03,3,1,2,0,76,57,19,0
Sm41,MTe35,2,1,1,0,76,31,45,0
Tm16,Li07,34,18,16,0,76,38,38,0
LPi07,LPi11,28,19,9,0,76,52,24,0
MLt3,LT60,18,10,8,0,76,41,35,0
Tm37,LCe01b,33,22,11,0,76,51,25,0
T1,C3,35,19,16,0,76,40,36,0
LPi07,Am1,28,18,10,0,76,49,27,0
LMa2,MLt5,24,16,8,0,76,49,27,0
LPi10,T5a,35,25,10,0,76,54,22,0
Tm5e,Sm36,35,27,8,0,76,58,18,0
Sm42,Tm8b,27,8,19,0,76,19,57,0
Li27,LC28a,27,21,6,0,76,63,13,0
LPi12,LPi14,4,2,2,0,76,32,44,0
Li33,LT58,2,1,1,0,76,57,19,0
Sm38,LT58,4,2,2,0,76,49,27,0
Am1,LPi02,31,20,11,0,76,52,24,0
Tlp1,LPT49,26,22,4,0,76,64,12,0
LT66,Am1,4,2,2,0,76,24,52,0
LT11,Li15,18,9,9,0,76,31,45,0
LPLC2,LLPC2,34,26,8,0,76,57,19,0
MTe51,LTe60,12,5,7,0,76,30,46,0
LC29,LTe59,12,3,9,0,76,16,60,0
LPLC1,LTe59,22,18,4,0,76,63,13,0
LPC2,Tm36,24,22,2,0,76,69,7,0
aMe20,PLP251,2,1,1,0,76,34,42,0
cM08a,Sm31,26,10,16,0,76,25,51,0
MeLp2,LPT23,6,3,3,0,76,36,40,0
cL20,Y1,25,8,17,0,76,29,47,0
cL21,Tm5b,32,17,15,0,76,39,37,0
LT38,LT70,12,7,5,0,76,40,36,0
cM02a,MLt8,12,9,3,0,76,53,23,0
LC10b,LC33a,23,15,8,0,76,51,25,0
MC65,Lawf1,23,13,10,0,76,46,30,0
MeTu4b,LTe74,14,7,7,0,76,31,45,0
cL22b,LCe03,17,13,4,0,76,61,15,0
cM14,cM02a,2,1,1,0,76,32,44,0
cL11,CB3866,4,1,1,2,76,21,23,32
cM15,TmY10,31,17,14,0,76,42,34,0
cM15,CB0592,4,2,2,0,76,35,41,0
MTe32,aMe17b,4,2,2,0,76,42,34,0
MTe28,MC65,6,3,3,0,76,32,44,0
cM16,Tm8a,27,14,13,0,76,36,40,0
LPT53,LPLC2,23,14,9,0,76,56,20,0
T5b,LPi02,30,10,20,0,75,29,46,0
Sm10,Mi10,32,22,10,0,75,51,24,0
Li08,LTe08,23,12,11,0,75,42,33,0
Tm4,Li33,29,10,19,0,75,25,50,0
Tm35,LC14a2,24,9,15,0,75,27,48,0
Mi2,Dm3p,36,20,16,0,75,42,33,0
Tm21,Tm25,33,8,25,0,75,19,56,0
Y1,LPT23,30,20,10,0,75,54,21,0
TmY9q,LTe15,28,17,11,0,75,46,29,0
Tm3,LC11,34,10,24,0,75,21,54,0
MLt3,Dm19,30,13,17,0,75,35,40,0
Sm23,MTe30,13,7,6,0,75,44,31,0
TmY15,LTe13,25,13,12,0,75,41,34,0
TmY4,Li06,26,8,18,0,75,19,56,0
Tm5f,Li16,30,19,11,0,75,50,25,0
Tm5f,TmY4,32,19,13,0,75,46,29,0
Li05,LTe65,14,10,4,0,75,56,19,0
LPi06,Tlp4,26,14,12,0,75,42,33,0
Mi15,Sm23,33,16,17,0,75,34,41,0
Sm12,MeTu1,29,10,19,0,75,21,54,0
Tm20,MeTu4a,33,15,18,0,75,34,41,0
Sm21,Dm9,33,26,7,0,75,59,16,0
Li03,LT72,20,10,10,0,75,42,33,0
TmY3,TmY16,32,15,17,0,75,35,40,0
Tm21,L5,32,16,16,0,75,35,40,0
LMa2,LT1c,20,7,13,0,75,17,58,0
Sm19,MTe07,34,14,20,0,75,32,43,0
Y1,VS8,17,12,5,0,75,62,13,0
Y11,MeMe_e08,30,17,13,0,75,45,30,0
Mi1,Dm16,32,16,16,0,75,36,39,0
Li16,LC21,34,17,17,0,75,39,36,0
Sm09,TmY11,31,22,9,0,75,54,21,0
Mi10,TmY9q⊥,13,0,13,0,75,0,75,0
Li19,LT1d,4,2,2,0,75,23,52,0
LLPt,cLP03,31,26,5,0,75,65,10,0
LMa5,MTe08,28,17,11,0,75,46,29,0
Tm16,LTe66,22,4,18,0,75,9,66,0
Dm11,MTe35,21,12,9,0,75,50,25,0
Li13,LT82a,20,9,11,0,75,35,40,0
Li10,LTe45,20,9,11,0,75,34,41,0
Tm5e,Y3,33,20,13,0,75,47,28,0
Tm16,Pm01,29,18,11,0,75,49,26,0
Li10,cL11,9,5,4,0,75,37,38,0
Dm18,Dm6,30,18,12,0,75,42,33,0
Sm29,Sm08,29,18,11,0,75,46,29,0
Tm36,LT79,30,14,16,0,75,37,38,0
T4d,C3,36,25,11,0,75,52,23,0
Li09,LT69,14,7,7,0,75,45,30,0
Li33,Li11,19,12,7,0,75,36,39,0
Li32,LT62,2,1,1,0,75,39,36,0
Am1,Y12,27,8,19,0,75,18,57,0
Am1,Tm16,27,19,8,0,75,59,16,0
LC14a1,Li31,18,9,9,0,75,43,32,0
MTe07,cM09,16,6,10,0,75,26,49,0
LC14b,Mi4,26,16,10,0,75,48,27,0
LT52,Li12,17,9,8,0,75,46,29,0
LLPC1,LT82a,31,14,17,0,75,33,42,0
LC10b,LMa1,21,11,10,0,75,45,30,0
cM08c,CB0816,9,6,3,0,75,60,15,0
LPT54,LPT30,2,1,1,0,75,50,25,0
LPTe01,Tlp1,29,22,7,0,75,58,17,0
cL21,Li21,23,14,9,0,75,42,33,0
cL18,LC10b,20,12,8,0,75,47,28,0
LT82a,cL21,4,2,2,0,75,37,38,0
LTe11,LPLC4,18,8,10,0,75,31,44,0
LPT28,cLP03,8,3,5,0,75,35,40,0
CB0230,cL20,2,0,1,1,75,0,43,32
LC37a,LCe01a,19,13,6,0,75,55,20,0
OA-AL2i2,Li17,30,14,16,0,75,31,44,0
MTe47,cL16,10,6,4,0,75,44,31,0
MTe47,T5a,32,17,15,0,75,43,32,0
aMe17a2,Sm18,22,12,10,0,75,45,30,0
cL22b,cL18,4,1,1,2,75,32,5,38
cL22b,LC39,7,3,4,0,75,46,29,0
cL02a,Li12,10,2,8,0,75,14,61,0
cM14,MTe05,18,9,9,0,75,44,31,0
cL11,PLP241,4,0,2,2,75,0,51,24
OA-AL2i4,Sm08,29,14,15,0,75,37,38,0
cL09,LT11,2,1,1,0,75,50,25,0
LTe48,cL04,6,2,2,2,75,32,28,15
LTe16,Li33,2,1,1,0,75,31,44,0
cLLPM02,LTe15,2,1,1,0,75,43,32,0
aMe12,aMe13,4,2,2,0,75,28,47,0
LT39,LT84,2,1,1,0,75,39,36,0
T4a,Tlp1,27,7,20,0,74,15,59,0
Tm3,MLt4,30,13,17,0,74,31,43,0
Mi1,MTe54,27,0,27,0,74,0,74,0
Sm06,Sm12,33,16,17,0,74,38,36,0
TmY31,cL05,29,12,17,0,74,33,41,0
Tm5b,MTe33,32,16,16,0,74,41,33,0
T2,Mi9,23,9,14,0,74,43,31,0
Tm3,Mi15,35,16,19,0,74,32,42,0
Tm5c,LLPt,30,17,13,0,74,41,33,0
Mi14,T2a,30,15,15,0,74,34,40,0
T4d,Tlp14,25,0,25,0,74,0,74,0
Li05,LT58,28,22,6,0,74,60,14,0
Dm8a,MTe38,23,13,10,0,74,41,33,0
Dm8a,Dm20,27,16,11,0,74,42,32,0
Tm8b,LPLC4,21,7,14,0,74,16,58,0
Tm5d,Li28,29,18,11,0,74,44,30,0
Y3,MLt2,32,14,18,0,74,35,39,0
TmY10,LTe57,31,14,17,0,74,35,39,0
Li02,LC19,29,16,13,0,74,36,38,0
Tm7,MTe14,26,10,16,0,74,32,42,0
Tm5e,LTe49f,26,18,8,0,74,53,21,0
Tlp1,Tlp1,23,14,9,0,74,55,19,0
TmY5a,LTe22,26,10,16,0,74,25,49,0
Tm16,LTe42a,28,14,14,0,74,42,32,0
Tm16,cL14,30,15,15,0,74,39,35,0
T5a,Y4,29,11,18,0,74,29,45,0
Tm5f,Tm9,33,13,20,0,74,30,44,0
Tm5f,T2a,33,16,17,0,74,36,38,0
Tm5b,LTe35,19,8,11,0,74,25,49,0
L4,Mi4,28,9,19,0,74,18,56,0
Tm36,LT1b,29,13,16,0,74,37,37,0
LLPt,Li06,30,16,14,0,74,41,33,0
L4,Tm21,30,13,17,0,74,29,45,0
Li03,LTe18,15,8,7,0,74,42,32,0
Pm10,MTe54,30,15,15,0,74,33,41,0
Dm15,Dm16,35,21,14,0,74,44,30,0
L2,Mi2,21,13,8,0,74,54,20,0
Tm4,Y12,26,10,16,0,74,29,45,0
Tm21,Mi1,28,16,12,0,74,39,35,0
Sm06,Sm41,30,11,19,0,74,27,47,0
TmY31,LTe48,23,13,10,0,74,39,35,0
TmY31,LTe53,22,7,15,0,74,19,55,0
TmY31,Sm31,31,14,17,0,74,35,39,0
Tm31,Dm8b,32,24,8,0,74,57,17,0
Sm41,Tm5d,32,10,22,0,74,21,53,0
TmY11,LC28a,29,16,13,0,74,42,32,0
Tm5a,Tm34,30,12,18,0,74,30,44,0
Sm25,Dm2,32,18,14,0,74,44,30,0
L1,Tm4,25,10,15,0,74,25,49,0
TmY9q,Tlp4,30,13,17,0,74,29,45,0
Tm8b,LC45,26,13,13,0,74,32,42,0
Dm2,Mi9,27,18,9,0,74,49,25,0
Dm2,Sm42,14,1,13,0,74,2,72,0
Dm18,Tm27,34,16,18,0,74,36,38,0
Y4,LMt4,29,17,12,0,74,42,32,0
LMa2,Tm25,34,20,14,0,74,43,31,0
Li12,LT76,14,7,7,0,74,35,39,0
Li12,LTe64,12,7,5,0,74,43,31,0
R7,MTe06,28,22,6,0,74,58,16,0
LPi08,LPi04,30,24,6,0,74,62,12,0
Sm42,MTe15,4,2,2,0,74,45,29,0
Sm42,MTe42,2,1,1,0,74,44,30,0
LPi12,VST2,7,4,3,0,74,54,20,0
Sm43,MeTu3b,22,14,8,0,74,55,19,0
Li33,LC18,27,15,12,0,74,39,35,0
Li33,cL17,4,2,2,0,74,66,8,0
Am1,OA-AL2i2,4,2,2,0,74,50,24,0
Li30,LC14a1,14,7,7,0,74,42,32,0
LC28a,LC46,22,12,10,0,74,41,33,0
MTe02,Dm8a,24,2,22,0,74,5,69,0
aMe4,PDt,23,13,10,0,74,41,33,0
LT42,Li33,2,1,1,0,74,28,46,0
aMe12,aMe3,7,4,3,0,74,63,11,0
LC20a,LC28a,24,16,8,0,74,47,27,0
LC14b,LT77,16,13,3,0,74,60,14,0
cL02d,Li13,19,5,14,0,74,17,57,0
LC9,LT60,23,12,11,0,74,39,35,0
aMe17b,MeMe_e03,6,3,3,0,74,36,38,0
aMe8,APDN3,8,5,3,0,74,46,28,0
LT79,CB3089,2,1,1,0,74,32,42,0
MTe01b,MeMe_e01,19,10,9,0,74,28,46,0
LC28a,Y1,31,13,18,0,74,32,42,0
LPT23,Y1,27,12,15,0,74,31,43,0
LT70,LPLC1,27,12,15,0,74,29,45,0
cL10,cM04,6,3,3,0,74,34,40,0
LC21,LTe33,21,11,10,0,74,40,34,0
CB0802,OA-AL2b1,4,2,2,0,74,39,35,0
aMe4,s-LNvb,12,8,4,0,74,51,23,0
cM01c,MLt5,20,11,9,0,74,35,39,0
cM03,MTe11,15,8,7,0,74,46,28,0
LPT26,VCH,2,1,1,0,74,41,33,0
MeMe_e07,cM05,9,5,4,0,74,35,39,0
MTe51,Tm37,25,8,17,0,74,18,56,0
OA-AL2b2,T1,12,0,12,0,74,0,74,0
MTe51,Tm33,13,1,12,0,74,2,72,0
MTe51,Sm36,3,0,3,0,74,0,74,0
VST2,cLP03,11,5,6,0,74,32,42,0
cM05,L2,26,13,13,0,74,39,35,0
MTe18,LTe20,3,1,2,0,74,27,47,0
cLLPM02,Li16,10,5,5,0,74,33,41,0
LTe21,LT42,2,1,1,0,74,36,38,0
Y3,Sm08,30,18,12,0,73,46,27,0
Tm3,Li16,27,11,16,0,73,26,47,0
Pm01,Lawf2,32,19,13,0,73,44,29,0
TmY31,LC21,23,9,14,0,73,26,47,0
Tm4,L4,34,17,17,0,73,37,36,0
Tm32,Tm8b,22,5,17,0,73,16,57,0
T4a,Pm04,34,18,16,0,73,39,34,0
Sm34,MTe06,26,17,9,0,73,52,21,0
L1,Dm13,18,9,9,0,73,37,36,0
Tlp1,LT73,22,12,10,0,73,43,30,0
TmY5a,LPi07,32,17,15,0,73,40,33,0
MLt6,Li02,23,10,13,0,73,26,47,0
Y3,LC12,33,19,14,0,73,44,29,0
LLPt,LC10a,29,19,10,0,73,49,24,0
Mi4,Pm07,33,13,20,0,73,27,46,0
DmDRA2,MeMe_e05,14,7,7,0,73,45,28,0
Tm35,LC10a,30,12,18,0,73,26,47,0
Pm07,cM16,21,8,13,0,73,32,41,0
LPi11,LPLC1,29,18,11,0,73,48,25,0
Li10,LTe58,29,16,13,0,73,38,35,0
Tm36,LCe06,20,9,11,0,73,42,31,0
Sm40,Tm33,30,15,15,0,73,38,35,0
Sm40,Tm7,34,16,18,0,73,35,38,0
T5d,LPC2,27,3,24,0,73,7,66,0
LMt3,Mi10,29,17,12,0,73,46,27,0
LMt3,T2,33,19,14,0,73,43,30,0
Tm27,Pm01,34,15,19,0,73,34,39,0
TmY9q⊥,Tm25,33,15,18,0,73,33,40,0
Li03,LC4,27,15,12,0,73,43,30,0
Mi4,Sm05,26,10,16,0,73,21,52,0
Tlp5,Li10,26,14,12,0,73,41,32,0
Dm4,Tm9,28,17,11,0,73,47,26,0
Tm2,Li16,36,14,22,0,73,28,45,0
Tm27,Li10,28,18,10,0,73,50,23,0
Tlp4,LT66,22,11,11,0,73,41,32,0
TmY14,Mi2,32,17,15,0,73,39,34,0
Tm5d,LC6,30,11,19,0,73,29,44,0
Pm10,Lawf2,33,19,14,0,73,40,33,0
TmY4,LLPC2,26,13,13,0,73,32,41,0
TmY14,Y11,31,12,19,0,73,24,49,0
Tm5a,LCe05,27,14,13,0,73,32,41,0
Tm5b,LCe05,25,16,9,0,73,51,22,0
Tm35,LC31a,30,15,15,0,73,35,38,0
MLt1,LTe38a,19,6,13,0,73,19,54,0
Y11,T5d,33,19,14,0,73,42,31,0
Tm16,LT60,25,12,13,0,73,32,41,0
Tlp5,Y1,33,17,16,0,73,38,35,0
MLt5,LMa2,25,14,11,0,73,43,30,0
Tm5b,Sm03,27,12,15,0,73,32,41,0
TmY31,LTe47,20,6,14,0,73,20,53,0
Sm15,MTe23,24,13,11,0,73,42,31,0
Y12,VS5,23,20,3,0,73,67,6,0
L1,L3,33,24,9,0,73,52,21,0
Li16,Li32,14,9,5,0,73,54,19,0
Tm20,Pm13,19,16,3,0,73,67,6,0
LPi15,LPLC1,27,14,13,0,73,35,38,0
Tm8a,LTe32,23,17,6,0,73,55,18,0
Dm19,L5,32,11,21,0,73,25,48,0
Li24,LC9,27,17,10,0,73,42,31,0
Li24,LC17,29,19,10,0,73,47,26,0
Li33,LCe01b,16,8,8,0,73,19,54,0
Sm36,Sm41,6,3,3,0,73,39,34,0
Pm13,Pm10,27,12,15,0,73,41,32,0
Pm13,MeMe_e07,8,3,5,0,73,35,38,0
Li30,LT51,15,8,7,0,73,43,30,0
LPi13,Nod5,2,1,1,0,73,48,25,0
LC24,LMa2,25,15,10,0,73,39,34,0
LC10e,LT43,26,14,12,0,73,39,34,0
cLP02,T5b,34,21,13,0,73,46,27,0
MeTu1,Tm8a,32,16,16,0,73,38,35,0
aMe4,OA-AL2b2,22,10,12,0,73,36,37,0
LC14a1,Tm5a,27,14,13,0,73,39,34,0
cLP03,LPi05,23,12,11,0,73,41,32,0
LC15,LC17,31,15,16,0,73,37,36,0
MTe54,Mi14,31,18,13,0,73,43,30,0
LC22,Li09,29,19,10,0,73,48,25,0
cL14,Li05,29,18,11,0,73,45,28,0
LCe01b,LC21,29,16,13,0,73,39,34,0
MeTu4c,MeMe_e02,20,11,9,0,73,40,33,0
LPC1,LPi14,29,17,12,0,73,40,33,0
aMe9,DN1-l,7,4,3,0,73,41,32,0
cL20,LMa2,13,8,5,0,73,46,27,0
LC21,LC31c,23,9,14,0,73,23,50,0
cL21,LT11,4,2,2,0,73,35,38,0
cM07,Dm18,19,7,12,0,73,34,39,0
MTe48,DNp27,2,1,1,0,73,8,65,0
LC24,LPLC1,23,12,11,0,73,41,32,0
MeMe_e07,Tm8a,33,20,13,0,73,44,29,0
LC28a,LC14b,20,12,8,0,73,48,25,0
cM02a,Sm06,7,2,5,0,73,8,65,0
LPT48_vCal3,LPLC2,24,19,5,0,73,54,19,0
MTe04,Sm22,22,14,8,0,73,50,23,0
LAL047,LPLC4,15,8,7,0,73,43,30,0
LT65,LC10b,21,11,10,0,73,47,26,0
MC65,LT55,6,3,3,0,73,47,26,0
MC65,Sm42,6,3,3,0,73,34,39,0
CB0592,TmY15,30,18,12,0,73,41,32,0
LT53,LTe21,7,3,4,0,73,32,41,0
CB0566,Sm40,8,4,4,0,73,50,23,0
LPT29,LPLC2,24,20,4,0,73,64,9,0
HSN,T4a,33,31,2,0,73,69,4,0
cM14,MeMe_e02,11,6,5,0,73,43,30,0
cL11,LC10d,28,11,17,0,73,29,44,0
LTe46,MTe51,11,6,5,0,73,36,37,0
cL04,LC10a,24,14,10,0,73,38,35,0
cL02c,Li10,15,7,8,0,73,23,50,0
cMLLP01,LTe37,4,2,2,0,73,44,29,0
cMLLP01,LTe09,11,5,6,0,73,28,45,0
VS2,LPi13,2,1,1,0,73,49,24,0
cL22c,LT81,9,5,4,0,73,30,43,0
LT41,LC21,26,11,15,0,73,32,41,0
Tm9,LMa4,24,14,10,0,72,38,34,0
Tm27,LTe05,30,25,5,0,72,62,10,0
L4,Mi2,30,15,15,0,72,36,36,0
Tlp4,TmY9q⊥,30,17,13,0,72,41,31,0
Tm1,TmY10,30,11,19,0,72,28,44,0
Dm10,Mi13,32,21,11,0,72,49,23,0
Sm15,aMe12,30,13,17,0,72,31,41,0
TmY4,Li30,24,17,7,0,72,55,17,0
Sm19,Tm37,33,15,18,0,72,32,40,0
MLt2,Sm06,19,1,18,0,72,2,70,0
Dm2,Sm36,27,11,16,0,72,30,42,0
Li02,LTe27,21,8,13,0,72,29,43,0
R8,Tm5b,24,10,14,0,72,37,35,0
Dm20,T2,34,22,12,0,72,47,25,0
L1,Dm8b,34,16,18,0,72,34,38,0
Pm04,Y1,30,16,14,0,72,40,32,0
L4,TmY5a,32,14,18,0,72,33,39,0
Sm23,Sm03,27,20,7,0,72,56,16,0
T4c,LPi13,24,0,24,0,72,0,72,0
Tm7,Sm04,33,18,15,0,72,38,34,0
Pm05,TmY15,32,16,16,0,72,34,38,0
Tm31,LTe64,16,7,9,0,72,33,39,0
Sm02,MTe03,29,15,14,0,72,37,35,0
Li11,Tm5b,33,14,19,0,72,33,39,0
TmY20,CB3089,15,8,7,0,72,38,34,0
Sm12,MLt3,22,13,9,0,72,45,27,0
Sm30,Sm42,13,7,6,0,72,43,29,0
Tm2,Pm10,27,12,15,0,72,27,45,0
Pm07,Pm12,25,7,18,0,72,21,51,0
TmY11,LTe42b,23,11,12,0,72,37,35,0
Sm40,MTe02,27,12,15,0,72,35,37,0
T4c,Mi10,34,11,23,0,72,23,49,0
Y4,LLPC1,30,10,20,0,72,26,46,0
Sm15,MTe29,8,4,4,0,72,11,61,0
Tm20,Tm8a,32,15,17,0,72,32,40,0
T4d,LPi05,20,1,19,0,72,3,69,0
Tm5b,Sm31,31,18,13,0,72,44,28,0
Pm09,MTe52,33,22,11,0,72,50,22,0
Sm07,Sm03,28,12,16,0,72,28,44,0
Tm5f,LPC1,31,17,14,0,72,42,30,0
Tm5c,LT52,32,14,18,0,72,34,38,0
Tm16,Li05,30,15,15,0,72,35,37,0
MLt7,Sm41,22,15,7,0,72,52,20,0
TmY31,MTe36,24,15,9,0,72,47,25,0
MLt3,Li31,25,12,13,0,72,39,33,0
Tm5f,Li11,31,9,22,0,72,18,54,0
Li01,LT65,27,15,12,0,72,41,31,0
TmY9q,Tm16,30,16,14,0,72,37,35,0
Tm31,OA-ASM1,31,17,14,0,72,40,32,0
Pm03,Tm25,30,7,23,0,72,18,54,0
Dm9,L2,30,26,4,0,72,63,9,0
Mi10,MeLp1,25,14,11,0,72,40,32,0
LMa5,Mi4,32,19,13,0,72,44,28,0
LMa4,Pm12,26,10,16,0,72,34,38,0
C3,Dm17,27,14,13,0,72,34,38,0
T2a,TmY11,32,6,26,0,72,12,60,0
Tm32,LT86,25,12,13,0,72,33,39,0
MLt1,Dm17,25,17,8,0,72,48,24,0
TmY3,Mi1,32,14,18,0,72,29,43,0
Dm10,Lawf2,30,19,11,0,72,41,31,0
LPi14,Y12,31,10,21,0,72,24,48,0
LPi05,Am1,28,18,10,0,72,47,25,0
Tlp4,T4d,33,22,11,0,72,46,26,0
Li09,LTe33,18,8,10,0,72,44,28,0
Li28,LC43,16,9,7,0,72,39,33,0
Pm14,MTe43,4,2,2,0,72,56,16,0
Sm42,TmY16,20,17,3,0,72,66,6,0
Li33,aMe8,4,2,2,0,72,33,39,0
Li33,LTe60,2,1,1,0,72,31,41,0
Sm38,Sm15,16,8,8,0,72,19,53,0
Li23,Li03,21,11,10,0,72,42,30,0
MTe02,Tm5e,31,21,10,0,72,50,22,0
MeLp1,LPT47_vCal2,4,2,2,0,72,44,28,0
cLP02,T4b,33,26,7,0,72,58,14,0
MTe02,Tm5d,33,18,15,0,72,38,34,0
MTe46,cM07,6,3,3,0,72,44,28,0
LC14a1,LC29,20,11,9,0,72,35,37,0
MTe07,Dm11,31,12,19,0,72,26,46,0
LC14a2,Li15,15,7,8,0,72,38,34,0
LC10d,LC14b,26,17,9,0,72,46,26,0
LC14a2,Tm5f,24,11,13,0,72,36,36,0
LC13,Li09,29,16,13,0,72,40,32,0
LC20b,Tm7,30,18,12,0,72,44,28,0
LCe03,LC10e,29,15,14,0,72,37,35,0
CB0816,OA-AL2i3,8,4,4,0,72,32,40,0
LC28a,LC20b,28,14,14,0,72,38,34,0
cL07,LC10a,25,10,15,0,72,33,39,0
cM02b,Tm7,20,10,10,0,72,40,32,0
cL20,Li06,25,12,13,0,72,39,33,0
LTe22,MeTu4b,16,8,8,0,72,48,24,0
cM07,LPLC1,26,15,11,0,72,46,26,0
mALD1,LTe10,2,1,1,0,72,29,43,0
LT38,LPLC2,28,14,14,0,72,35,37,0
LT74,Li01,29,14,15,0,72,36,36,0
cL18,LTe42a,3,1,2,0,72,16,56,0
MTe05,cM08a,16,9,7,0,72,51,21,0
MTe33,CB3089,2,1,1,0,72,38,34,0
MTe01b,MeMe_e04,15,9,6,0,72,53,19,0
MeMe_e04,MLt7,16,9,7,0,72,42,30,0
MTe37,Lat,4,3,1,0,72,51,21,0
LT65,cL22a,2,1,1,0,72,36,36,0
cL22b,TmY4,23,10,13,0,72,26,46,0
cLP04,Tlp5,13,5,8,0,72,29,43,0
cM15,Tm5b,32,20,12,0,72,43,29,0
cM05,L4,16,6,10,0,72,19,53,0
LPT57,Y4,21,13,8,0,72,47,25,0
LC36,LC40,17,7,10,0,72,39,33,0
MTe30,Sm36,6,3,3,0,72,19,53,0
cMLLP01,LT63,4,2,2,0,72,48,24,0
cL22c,MLt6,15,8,7,0,72,31,41,0
MTe27,aMe17c,4,2,2,0,72,33,39,0
MTe27,Pm10,19,9,10,0,72,41,31,0
Tm25,Pm05,32,11,21,0,71,22,49,0
T5b,Tm2,35,13,22,0,71,26,45,0
Y3,cLLPM01,26,16,10,0,71,44,27,0
Tm8a,LCe06,15,10,5,0,71,51,20,0
T2a,MTe45,29,14,15,0,71,36,35,0
Tm20,LCe06,20,5,15,0,71,14,57,0
Tm5b,LC16,30,16,14,0,71,39,32,0
Tm5a,TmY10,30,15,15,0,71,36,35,0
TmY4,Tm4,23,3,20,0,71,11,60,0
Sm34,Sm42,11,6,5,0,71,35,36,0
Mi1,Tm5b,27,17,10,0,71,39,32,0
Tlp1,LPi06,28,20,8,0,71,48,23,0
MLt2,Sm32,31,11,20,0,71,24,47,0
TmY14,Tm9,33,18,15,0,71,41,30,0
Tm5f,Pm05,29,17,12,0,71,43,28,0
Li11,LC26,31,19,12,0,71,40,31,0
Tm5b,Dm8a,28,17,11,0,71,39,32,0
Li10,LMa2,22,8,14,0,71,25,46,0
Y4,LPLC4,31,14,17,0,71,36,35,0
Mi9,Pm06,33,14,19,0,71,31,40,0
LMt3,TmY16,32,22,10,0,71,47,24,0
Mi1,Pm10,15,6,9,0,71,29,42,0
Tm16,MeTu4a,26,10,16,0,71,30,41,0
Sm06,Sm08,30,12,18,0,71,30,41,0
T4c,LPT23,26,1,25,0,71,2,69,0
Tm16,MTe47,31,20,11,0,71,47,24,0
Sm05,MTe04,30,18,12,0,71,43,28,0
TmY31,Li03,30,16,14,0,71,40,31,0
Tm5a,Tm5c,19,6,13,0,71,20,51,0
Li01,Tm37,33,15,18,0,71,32,39,0
LMa2,LT1a,19,8,11,0,71,37,34,0
Mi10,TmY10,24,9,15,0,71,20,51,0
Sm07,Y4,24,8,16,0,71,26,45,0
Tlp4,Am1,26,17,9,0,71,41,30,0
Y12,TmY9q⊥,32,16,16,0,71,36,35,0
Dm11,Dm20,34,21,13,0,71,44,27,0
LMa4,LC9,31,18,13,0,71,44,27,0
LMa4,Tm25,33,18,15,0,71,38,33,0
Sm04,TmY10,30,23,7,0,71,56,15,0
LMa1,T2a,32,11,21,0,71,22,49,0
Sm03,cM08c,29,14,15,0,71,34,37,0
TmY20,LTe62,23,14,9,0,71,46,25,0
Mi15,MTe35,28,18,10,0,71,45,26,0
Li15,LMa1,30,17,13,0,71,38,33,0
LPi14,LLPC2,24,12,12,0,71,39,32,0
TmY20,LT42,31,17,14,0,71,39,32,0
Tlp4,LT61b,23,15,8,0,71,48,23,0
T2,Pm02,31,21,10,0,71,50,21,0
Tm5f,LC29,28,15,13,0,71,34,37,0
Li10,cL02a,24,14,10,0,71,41,30,0
Mi9,cM15,30,16,14,0,71,39,32,0
Li10,LT64,25,17,8,0,71,46,25,0
LMt1,LMa1,30,12,18,0,71,29,42,0
LPi10,vCal1,16,7,9,0,71,38,33,0
TmY9q,LLPC3,32,15,17,0,71,32,39,0
Li01,LTe49a,25,14,11,0,71,45,26,0
Li31,LC4,25,11,14,0,71,24,47,0
Li31,LTe10,2,1,1,0,71,35,36,0
Li31,LT1c,2,1,1,0,71,11,60,0
Sm42,Sm40,4,2,2,0,71,28,43,0
Sm33,MTe01b,18,11,7,0,71,40,31,0
Li33,Tm25,30,12,18,0,71,28,43,0
Li33,LT57,18,11,7,0,71,43,28,0
Li33,LTe08,2,1,1,0,71,39,32,0
Li33,LTe45,2,1,1,0,71,39,32,0
LPi03,LPT49,11,7,4,0,71,55,16,0
Li32,cL07,2,1,1,0,71,8,63,0
Am1,Pm12,4,2,2,0,71,33,38,0
LC11,Li33,27,11,16,0,71,30,41,0
LPC1,cM11,12,0,12,0,71,0,71,0
MeTu4c,cM08c,30,19,11,0,71,44,27,0
LC14b,Li33,17,10,7,0,71,41,30,0
cM09,Li02,26,15,11,0,71,39,32,0
LC11,LT83,29,10,19,0,71,25,46,0
LT11,LLPt,24,15,9,0,71,46,25,0
LT11,Li06,25,12,13,0,71,29,42,0
LC14a1,LT1d,17,9,8,0,71,43,28,0
aMe12,Tm5e,32,17,15,0,71,39,32,0
aMe12,l-LNv,9,0,2,7,71,0,5,66
LC14b,LT51,14,6,8,0,71,21,50,0
LPLC1,Tm31,32,21,11,0,71,47,24,0
MeTu4c,LTe68,25,9,16,0,71,25,46,0
cLP02,LC4,18,4,14,0,71,14,57,0
LCe03,LC14a2,19,14,5,0,71,45,26,0
OA-AL2b1,LTe03,6,4,2,0,71,35,36,0
LT70,LTe15,8,4,4,0,71,31,40,0
LC22,Tm31,29,17,12,0,71,43,28,0
cM02b,MeTu1,27,9,18,0,71,22,49,0
aMe1,aMe3,4,2,2,0,71,48,23,0
MeMe_e09,MTe01b,21,11,10,0,71,42,29,0
LC46,LC10b,20,8,12,0,71,27,44,0
LC35,Li01,28,20,8,0,71,51,20,0
mALD1,LTe33,5,2,3,0,71,36,35,0
cLLP02,LT52,21,10,11,0,71,27,44,0
MeMe_e07,Dm13,30,20,10,0,71,49,22,0
MeMe_e05,C2,20,15,5,0,71,58,13,0
LTe33,LC10c,23,11,12,0,71,36,35,0
MTe47,LMa3,21,13,8,0,71,44,27,0
cM03,Sm12,28,17,11,0,71,42,29,0
aMe13,cM08c,6,2,2,2,71,24,31,16
MeMe_e04,Sm14,17,9,8,0,71,48,23,0
MeMe_e04,Sm23,15,7,8,0,71,43,28,0
cM13,Sm18,9,5,4,0,71,41,30,0
cM13,Tm5e,25,12,13,0,71,33,38,0
OA-ASM1,LC14a2,22,0,0,22,71,0,0,71
OA-ASM1,Li32,8,4,4,0,71,40,31,0
LT65,Li33,2,1,1,0,71,40,31,0
LT61b,LC35,7,4,3,0,71,52,19,0
MeTu4b,MeTu4a,18,9,9,0,71,41,30,0
CB0566,Sm34,12,6,6,0,71,38,33,0
cM14,Sm07,26,13,13,0,71,37,34,0
LC20a,LTe49a,11,7,4,0,71,55,16,0
LT80,TmY15,22,14,8,0,71,46,25,0
MTe49,LTe60,2,1,1,0,71,43,28,0
OA-AL2i1,Sm32,26,14,12,0,71,35,36,0
cML01,Dm12,27,14,13,0,71,39,32,0
cL05,Li33,2,1,1,0,71,40,31,0
LTe21,OA-AL2i1,4,1,1,2,71,30,24,17
LTe21,PLP032,2,1,1,0,71,41,30,0
Y3,LPC2,28,16,12,0,70,43,27,0
Tm5b,LMa2,32,12,20,0,70,24,46,0
Tlp4,TmY20,28,15,13,0,70,40,30,0
Tm5c,LCe05,24,12,12,0,70,30,40,0
Y4,Li05,28,12,16,0,70,27,43,0
T5b,TmY4,30,10,20,0,70,23,47,0
TmY5a,LC19,30,12,18,0,70,25,45,0
Li02,LTe10,18,10,8,0,70,43,27,0
TmY14,TmY14,27,5,22,0,70,10,60,0
Pm12,Pm03,30,9,21,0,70,21,49,0
Sm07,Tm35,23,8,15,0,70,18,52,0
LLPt,LMa3,25,13,12,0,70,36,34,0
Tm31,Li17,28,16,12,0,70,41,29,0
Sm40,Dm11,16,10,6,0,70,55,15,0
T5c,TmY9q⊥,27,14,13,0,70,34,36,0
Mi2,TmY3,32,21,11,0,70,46,24,0
Tm35,Tm5b,33,19,14,0,70,38,32,0
LPi07,TmY4,32,21,11,0,70,47,23,0
Sm07,Mi2,32,22,10,0,70,47,23,0
Tm3,TmY4,31,9,22,0,70,21,49,0
Li05,LT78,27,17,10,0,70,43,27,0
TmY10,cM09,28,15,13,0,70,37,33,0
Tm5e,LTe45,26,9,17,0,70,20,50,0
Mi13,Dm6,28,12,16,0,70,27,43,0
Tm8a,Li29,30,11,19,0,70,25,45,0
Li18,Li33,22,11,11,0,70,34,36,0
TmY10,Li09,27,15,12,0,70,35,35,0
Li01,LTe76,19,9,10,0,70,35,35,0
Tm5a,LC14a2,24,10,14,0,70,29,41,0
Sm13,MTe01a,22,16,6,0,70,51,19,0
Sm12,TmY10,32,16,16,0,70,35,35,0
Tm20,Sm01,27,18,9,0,70,47,23,0
Tm25,Tm21,29,10,19,0,70,24,46,0
LMt1,LTe21,24,13,11,0,70,36,34,0
TmY9q⊥,TmY14,18,7,11,0,70,17,53,0
R8,C2,28,20,8,0,70,47,23,0
Dm12,MeLp1,27,15,12,0,70,39,31,0
Li12,Li02,14,7,7,0,70,15,55,0
Li12,LT52,27,18,9,0,70,44,26,0
Sm41,MTe50,16,7,9,0,70,27,43,0
Li13,LT79,24,13,11,0,70,43,27,0
Tm31,Li09,33,13,20,0,70,28,42,0
Sm15,Sm05,23,13,10,0,70,42,28,0
R8,Dm8a,11,6,5,0,70,40,30,0
Mi14,Lawf2,31,21,10,0,70,48,22,0
Y12,cML01,26,12,14,0,70,32,38,0
Li10,LTe05,23,16,7,0,70,47,23,0
Sm25,Pm05,18,12,6,0,70,48,22,0
Tm21,Dm3v,32,15,17,0,70,31,39,0
Sm08,Dm9,26,20,6,0,70,55,15,0
Lawf2,Tm1,19,7,12,0,70,29,41,0
Li28,Li02,21,7,14,0,70,14,56,0
Pm14,T2,29,15,14,0,70,32,38,0
Sm22,MTe51,32,15,17,0,70,34,36,0
Li31,LTe29,2,1,1,0,70,48,22,0
Li24,LC26,23,13,10,0,70,39,31,0
LPi08,LPi05,29,26,3,0,70,62,8,0
LPi12,H1,2,1,1,0,70,47,23,0
Li33,Li27,4,2,2,0,70,28,42,0
Sm36,Tm7,30,17,13,0,70,37,33,0
Sm36,Sm27,20,12,8,0,70,42,28,0
Sm35,MTe49,5,2,3,0,70,34,36,0
Li32,LC29,23,12,11,0,70,35,35,0
Li32,LTe24,2,1,1,0,70,41,29,0
Sm18,Pm14,18,13,5,0,70,56,14,0
Am1,LPT45_dCal1,2,1,1,0,70,51,19,0
Li30,LTe28,2,1,1,0,70,41,29,0
Li29,LC20a,19,14,5,0,70,56,14,0
LC10e,LC10a,14,7,7,0,70,37,33,0
LC14b,LT43,17,8,9,0,70,34,36,0
LC14b,LC10e,25,12,13,0,70,38,32,0
LC14b,OA-AL2i2,22,10,12,0,70,31,39,0
LPTe01,Nod1,12,5,7,0,70,31,39,0
LT11,LMa2,20,10,10,0,70,34,36,0
LT34,LCe02,19,8,11,0,70,29,41,0
LC13,Li06,32,19,13,0,70,43,27,0
LC46,cL20,6,3,3,0,70,34,36,0
MeTu4a,TmY31,24,12,12,0,70,31,39,0
LC14b,Tm37,19,9,10,0,70,34,36,0
MTe50,Tm20,28,11,17,0,70,22,48,0
LTe01,Tm35,30,20,10,0,70,49,21,0
aMe17b,MeMe_e05,4,2,2,0,70,40,30,0
aMe26,MTe01b,21,12,9,0,70,44,26,0
LT70,LC6,26,12,14,0,70,34,36,0
MTe06,Sm21,23,14,9,0,70,41,29,0
LPLC2,LPT48_vCal3,25,21,4,0,70,60,10,0
OA-AL2i3,Tm21,32,18,14,0,70,38,32,0
LTe06,cM09,4,2,2,0,70,29,41,0
cL20,LLPC2,21,13,8,0,70,49,21,0
MTe52,Pm01,29,15,14,0,70,41,29,0
MeMe_e09,Tm5c,29,15,14,0,70,36,34,0
MeMe_e09,Sm35,11,5,6,0,70,40,30,0
aMe17c,TmY11,27,11,16,0,70,26,44,0
LTe19,LCe06,6,4,2,0,70,43,27,0
MTe03,TmY11,27,16,11,0,70,40,30,0
MeTu3a,MTe20,21,13,8,0,70,41,29,0
mALD2,LTe54,4,2,2,0,70,39,31,0
mALD2,LC27,15,7,8,0,70,35,35,0
LC39,LTe10,6,3,3,0,70,40,30,0
LT57,LT52,26,21,5,0,70,58,12,0
MeMe_e03,Sm25,12,6,6,0,70,37,33,0
cLP05,LPi08,17,11,6,0,70,45,25,0
cLP05,LPi07,23,20,3,0,70,61,9,0
aMe17a2,TmY9q⊥,29,11,18,0,70,27,43,0
LTe38b,LC33a,14,2,12,0,70,11,59,0
MC65,LTe37,11,6,5,0,70,32,38,0
MC65,aMe17c,9,3,6,0,70,26,44,0
MC65,LAL047,6,3,3,0,70,23,47,0
CB0592,LPi06,21,12,9,0,70,40,30,0
CB0592,Pm14,7,4,3,0,70,42,28,0
cL22b,LTe03,4,2,2,0,70,45,25,0
LPT49,LPi11,14,11,3,0,70,56,14,0
LT38,TmY15,22,11,11,0,70,32,38,0
OA-AL2i4,Sm19,23,12,11,0,70,40,30,0
LT58,Li33,2,1,1,0,70,47,23,0
LT58,Li09,24,13,11,0,70,39,31,0
LCe07,LPLC4,8,2,4,2,70,20,35,15
LT41,LC15,21,14,7,0,70,43,27,0
Tm35,Li09,31,19,12,0,69,41,28,0
Dm8b,Sm09,31,23,8,0,69,52,17,0
Sm34,MeTu2b,24,19,5,0,69,59,10,0
Sm19,MTe33,23,16,7,0,69,49,20,0
Sm04,Sm04,33,23,10,0,69,48,21,0
Y11,MeMe_e07,27,20,7,0,69,49,20,0
Pm01,LMa1,29,18,11,0,69,45,24,0
Dm20,Sm12,33,16,17,0,69,34,35,0
Tlp14,Nod3,17,10,7,0,69,43,26,0
TmY4,LT39,28,13,15,0,69,31,38,0
Li10,LTe57,23,14,9,0,69,43,26,0
Sm16,Dm2,29,13,16,0,69,30,39,0
Sm23,MeMe_e09,14,9,5,0,69,42,27,0
TmY15,Tlp4,26,16,10,0,69,44,25,0
Tm5a,Li27,19,7,12,0,69,14,55,0
TmY9q,LC33a,25,13,12,0,69,40,29,0
TmY9q⊥,LTe42c,23,11,12,0,69,30,39,0
Sm30,aMe19b,20,10,10,0,69,45,24,0
Sm40,MTe35,4,2,2,0,69,34,35,0
LLPt,LC10b,24,14,10,0,69,41,28,0
T3,Am1,27,16,11,0,69,35,34,0
TmY5a,LPi04,31,23,8,0,69,52,17,0
TmY4,Li12,14,3,11,0,69,20,49,0
Mi1,Sm32,27,18,9,0,69,51,18,0
Pm09,Mi14,29,14,15,0,69,32,37,0
Tm5c,TmY9q⊥,31,18,13,0,69,39,30,0
Tm5a,MTe33,27,12,15,0,69,32,37,0
Tlp5,LC10a,30,16,14,0,69,36,33,0
Tm16,LT64,25,11,14,0,69,35,34,0
Dm6,L1,17,7,10,0,69,18,51,0
Tm36,Li01,30,17,13,0,69,41,28,0
Li17,LC16,29,20,9,0,69,48,21,0
Dm2,Tm27,28,11,17,0,69,28,41,0
Tm7,MTe47,27,13,14,0,69,30,39,0
Li01,LC25,31,12,19,0,69,25,44,0
Li12,LCe09,24,13,11,0,69,37,32,0
LLPt,LC27,27,14,13,0,69,37,32,0
LMa2,LC25,27,8,19,0,69,20,49,0
Tm5c,LT64,26,22,4,0,69,57,12,0
DmDRA1,MeTu3b,24,13,11,0,69,43,26,0
MLt1,Dm15,31,14,17,0,69,31,38,0
TmY3,LC14a1,28,14,14,0,69,36,33,0
Tm8b,MLt5,27,20,7,0,69,52,17,0
Li19,LMa3,22,11,11,0,69,32,37,0
Tm4,MTe28,23,13,10,0,69,41,28,0
LMa3,LT1a,18,10,8,0,69,39,30,0
LPi02,TmY9q⊥,31,22,9,0,69,51,18,0
LMa1,LPLC4,31,18,13,0,69,39,30,0
TmY15,Pm03,32,16,16,0,69,34,35,0
TmY10,MTe18,26,13,13,0,69,38,31,0
Pm06,Pm04,29,16,13,0,69,39,30,0
Li13,LMa2,14,4,10,0,69,11,58,0
Sm07,Sm10,33,23,10,0,69,48,21,0
Tm8a,aMe17a2,23,13,10,0,69,39,30,0
TmY11,LT84,23,11,12,0,69,39,30,0
LPi05,LLPC3,24,15,9,0,69,39,30,0
Li10,LT67,26,20,6,0,69,51,18,0
LPi10,LPC2,27,17,10,0,69,39,30,0
Tm1,C2,17,8,9,0,69,21,48,0
Tm8a,LLPt,27,16,11,0,69,40,29,0
Pm14,Mi4,32,18,14,0,69,40,29,0
Li33,LC43,10,5,5,0,69,41,28,0
Li33,Li24,9,5,4,0,69,38,31,0
Li30,LT42,2,1,1,0,69,44,25,0
LC28a,Y12,30,14,16,0,69,34,35,0
LC15,LT87,26,10,16,0,69,23,46,0
LC10d,Li10,27,18,9,0,69,42,27,0
MeTu3c,Sm16,31,18,13,0,69,39,30,0
cL01,Li02,25,11,14,0,69,29,40,0
LT34,Li18,14,7,7,0,69,29,40,0
MTe07,LNda,9,3,5,1,69,33,31,5
aMe4,MTe50,25,15,10,0,69,41,28,0
LTe15,Li30,2,1,1,0,69,40,29,0
LC14a1,LTe20,17,8,9,0,69,28,41,0
aMe5,MeTu1,12,1,11,0,69,2,67,0
cLP03,cLP03,22,11,11,0,69,37,32,0
LLPC2,TmY11,31,15,16,0,69,32,37,0
LTe01,PLP051,7,2,3,2,69,27,30,12
MTe41,LMa5,18,13,5,0,69,51,18,0
LLPC3,LC12,29,14,15,0,69,36,33,0
LC25,Li18,32,16,16,0,69,36,33,0
MTe07,aMe4,20,13,7,0,69,50,19,0
LPT54,LPi06,20,12,8,0,69,41,28,0
LC14a2,LMa3,17,9,8,0,69,30,39,0
cL07,LT82a,4,1,3,0,69,3,66,0
cM17,Mi10,29,13,16,0,69,34,35,0
cL20,LT56,2,1,1,0,69,45,24,0
cL21,MTe47,12,6,6,0,69,43,26,0
mALD1,LTe32,6,3,3,0,69,34,35,0
mALD1,PLP215,2,1,1,0,69,47,22,0
cM11,Tm35,22,0,22,0,69,0,69,0
cM11,TmY5a,24,0,24,0,69,0,69,0
HSS,LLPC1,27,12,15,0,69,26,43,0
LTe33,LTe06,5,2,3,0,69,26,43,0
LT56,LC21,23,7,16,0,69,24,45,0
LT65,LT59,2,1,1,0,69,37,32,0
cM14,5-HTPMPV03,4,2,2,0,69,35,34,0
LT64,LC6,19,16,3,0,69,58,11,0
LT64,LT78,7,4,3,0,69,41,28,0
H2,LPC1,27,17,10,0,69,43,26,0
MTe28,aMe8,4,2,2,0,69,31,38,0
cL04,Li09,22,12,10,0,69,41,28,0
LPT21,LPi10,20,9,11,0,69,32,37,0
cL05,Li02,19,11,8,0,69,40,29,0
MTe26,Sm38,4,2,2,0,69,38,31,0
Dm8a,AVLP534,17,17,0,0,69,69,0,0
PLP020,DNp31,1,1,0,0,69,69,0,0
MTe05,s-LNva,5,5,0,0,69,69,0,0
Tlp4,Li06,25,14,11,0,68,43,25,0
Li13,cL05,22,8,14,0,68,16,52,0
Y12,T5c,32,20,12,0,68,43,25,0
LMt2,Tm36,31,14,17,0,68,32,36,0
Tm33,Sm06,25,15,10,0,68,41,27,0
Tm5f,Tm34,32,13,19,0,68,28,40,0
Mi1,Dm17,31,21,10,0,68,46,22,0
MLt6,LT76,23,11,12,0,68,34,34,0
Tm5c,T5b,30,18,12,0,68,40,28,0
Li05,Tm5e,30,20,10,0,68,46,22,0
Tm3,LT64,25,9,16,0,68,22,46,0
Sm19,Tm7,28,14,14,0,68,35,33,0
MLt6,MTe01a,22,15,7,0,68,48,20,0
Li21,LMa4,21,12,9,0,68,37,31,0
Sm02,Sm19,32,18,14,0,68,40,28,0
Tm25,CB0592,31,14,17,0,68,31,37,0
Sm05,aMe5,30,17,13,0,68,38,30,0
TmY20,Tm16,21,8,13,0,68,23,45,0
Sm05,Dm8b,28,15,13,0,68,40,28,0
Tm5f,Tm32,32,13,19,0,68,27,41,0
Tm5c,Li13,29,15,14,0,68,33,35,0
Tm5a,Li13,22,8,14,0,68,22,46,0
TmY9q,Li17,31,15,16,0,68,33,35,0
Dm20,Tm9,30,11,19,0,68,25,43,0
LMt3,LC29,23,14,9,0,68,46,22,0
Y3,Li03,27,14,13,0,68,34,34,0
MLt2,Sm42,28,13,15,0,68,30,38,0
Tm20,LT84,25,14,11,0,68,44,24,0
LMa1,LC11,27,12,15,0,68,30,38,0
LMa4,MTe47,26,15,11,0,68,40,28,0
Li03,LTe41,13,7,6,0,68,38,30,0
TmY3,L5,32,22,10,0,68,47,21,0
Dm2,TmY3,27,11,16,0,68,23,45,0
TmY10,MTe03,24,17,7,0,68,47,21,0
Tm27,Mi14,31,21,10,0,68,48,20,0
Tm4,Pm14,29,14,15,0,68,32,36,0
Dm3v,Dm15,32,17,15,0,68,37,31,0
Pm02,Mi9,30,13,17,0,68,29,39,0
Tm34,LC6,31,12,19,0,68,24,44,0
Tm31,LC9,30,14,16,0,68,32,36,0
Mi10,Sm07,29,15,14,0,68,34,34,0
Li19,LC14a1,25,12,13,0,68,29,39,0
Pm03,Sm04,31,19,12,0,68,41,27,0
LPi04,LPi07,29,16,13,0,68,40,28,0
LMa3,Y3,30,19,11,0,68,45,23,0
Tm2,Lawf2,23,12,11,0,68,32,36,0
Dm2,Sm33,28,13,15,0,68,30,38,0
Li10,PLP051,26,16,10,0,68,44,24,0
Li18,Tm33,30,17,13,0,68,36,32,0
MLt1,cM08c,22,14,8,0,68,46,22,0
Dm20,OA-AL2i3,28,17,11,0,68,39,29,0
DmDRA1,MTe21,17,10,7,0,68,41,27,0
Sm11,Sm22,23,10,13,0,68,22,46,0
Tm5a,Sm07,29,12,17,0,68,32,36,0
TmY3,Dm10,32,19,13,0,68,40,28,0
Y3,Pm02,30,16,14,0,68,36,32,0
Sm08,Tm5b,27,14,13,0,68,40,28,0
MLt4,MLt2,25,15,10,0,68,45,23,0
Tm34,LTe01,19,15,4,0,68,53,15,0
LPi15,LLPC3,24,11,13,0,68,27,41,0
Tm8a,MTe16,25,19,6,0,68,53,15,0
TmY3,LPT45_dCal1,24,18,6,0,68,51,17,0
Sm42,LPT54,2,1,1,0,68,32,36,0
LPi12,LPT42_Nod4,2,1,1,0,68,47,21,0
Li32,LC39,8,4,4,0,68,35,33,0
Li30,Li28,4,2,2,0,68,40,28,0
LPi13,Tlp14,19,8,11,0,68,30,38,0
LC10d,LC36,22,9,13,0,68,34,34,0
MeTu4c,MeMe_e04,18,10,8,0,68,44,24,0
MTe02,Dm8b,23,2,21,0,68,5,63,0
PLP248,LPT42_Nod4,2,1,1,0,68,41,27,0
LT42,LC15,29,16,13,0,68,38,30,0
LC13,LC31a,22,14,8,0,68,46,22,0
cL16,cMLLP01,3,2,1,0,68,44,24,0
LLPC2,Tlp14,29,19,10,0,68,45,23,0
LC20b,TmY31,27,15,12,0,68,42,26,0
CB0816,Mi9,31,19,12,0,68,42,26,0
CB0816,CB0816,11,0,0,11,68,0,0,68
LC31b,AVLP151,6,4,2,0,68,49,19,0
LPT23,Y12,26,15,11,0,68,37,31,0
MeMe_e06,Tm32,20,11,9,0,68,37,31,0
LTe50,LTe50,4,2,2,0,68,30,38,0
LC14a2,LTe32,8,3,5,0,68,24,44,0
cLP03,cLP04,6,3,3,0,68,35,33,0
aMe4,DmDRA2,20,12,8,0,68,42,26,0
LC39,LTe40,6,3,3,0,68,41,27,0
OA-AL2i2,Li15,25,10,15,0,68,30,38,0
LT56,Li21,16,11,5,0,68,45,23,0
cM12,MTe17,4,2,2,0,68,35,33,0
cL02a,LTe01,11,7,4,0,68,55,13,0
cM14,MeMe_e01,9,4,5,0,68,29,39,0
LCe07,DNp31,5,3,0,2,68,52,0,16
mALC4,T2,28,12,16,0,68,27,41,0
cM04,aMe10,7,2,5,0,68,16,52,0
cM05,C2,29,17,12,0,68,40,28,0
cL04,TmY10,28,16,12,0,68,41,27,0
cL09,Li14,6,4,2,0,68,48,20,0
cML01,Pm06,20,12,8,0,68,43,25,0
cML01,LMa2,20,9,11,0,68,25,43,0
LT67,LTe28,2,1,1,0,68,36,32,0
cM16,Tm8b,25,8,17,0,68,20,48,0
LLPC1,PLP037b,12,12,0,0,68,68,0,0
LTe37,PLP252,2,2,0,0,68,68,0,0
MTe43,PLP022,1,1,0,0,68,68,0,0
PLP022,LHPV2i2a,1,1,0,0,68,68,0,0
Li17,LMa2,30,17,13,0,67,36,31,0
L5,Sm03,29,20,9,0,67,48,19,0
MLt4,TmY15,28,18,10,0,67,42,25,0
Tlp4,LPT21,22,11,11,0,67,35,32,0
TmY5a,T5d,27,12,15,0,67,30,37,0
Li17,Li24,25,13,12,0,67,34,33,0
Tm8a,Li01,22,5,17,0,67,17,50,0
Tm27,MeMe_e08,30,16,14,0,67,37,30,0
Dm2,Sm13,23,5,18,0,67,11,56,0
Tm8b,Tm5e,30,11,19,0,67,26,41,0
LPi05,TmY9q⊥,27,11,16,0,67,23,44,0
Tm16,LT57,30,9,21,0,67,20,47,0
TmY9q,Li06,27,11,16,0,67,23,44,0
Li02,LT57,28,20,8,0,67,47,20,0
TmY11,LC14a1,20,7,13,0,67,30,37,0
TmY15,Tm8a,28,16,12,0,67,37,30,0
Pm05,Tm16,24,6,18,0,67,15,52,0
Pm12,Pm10,25,9,16,0,67,22,45,0
Tm35,Tm5d,28,11,17,0,67,28,39,0
T2,Pm07,30,12,18,0,67,24,43,0
MLt7,LPLC2,27,14,13,0,67,35,32,0
Tm5e,Dm3q,30,9,21,0,67,22,45,0
Tm5e,Mi2,31,18,13,0,67,38,29,0
Li06,LC18,29,11,18,0,67,28,39,0
Li10,LT34,27,15,12,0,67,37,30,0
Lawf1,Mi10,30,17,13,0,67,37,30,0
Li12,TmY31,31,14,17,0,67,29,38,0
Mi15,Mi1,32,16,16,0,67,33,34,0
LMt3,LPLC2,25,10,15,0,67,31,36,0
Tm27,T4a,31,16,15,0,67,33,34,0
TmY14,Pm12,29,16,13,0,67,34,33,0
LPi07,LPT49,20,14,6,0,67,52,15,0
Dm14,Dm14,24,12,12,0,67,36,31,0
Li06,Li31,27,14,13,0,67,34,33,0
TmY11,Lawf1,27,17,10,0,67,45,22,0
Dm1,Tm25,32,21,11,0,67,42,25,0
Dm6,C3,30,17,13,0,67,39,28,0
Tm8b,LMa2,22,15,7,0,67,41,26,0
LMa2,MeTu4a,23,10,13,0,67,32,35,0
Y12,LPi09,28,15,13,0,67,38,29,0
Pm09,OA-AL2i2,27,14,13,0,67,36,31,0
Y11,DNp11,16,9,7,0,67,34,33,0
L5,CB0592,27,14,13,0,67,35,32,0
MLt1,Mi2,32,17,15,0,67,36,31,0
MLt1,C3,30,16,14,0,67,36,31,0
Tm21,Pm02,31,15,16,0,67,32,35,0
Li04,LTe21,14,5,9,0,67,14,53,0
MLt2,Li13,26,14,12,0,67,37,30,0
Tm5c,Li16,29,13,16,0,67,30,37,0
LMt1,LT76,12,6,6,0,67,21,46,0
Sm27,Tm7,29,15,14,0,67,37,30,0
PDt,OA-AL2i3,16,10,6,0,67,36,31,0
Li26,LC14a1,19,12,7,0,67,42,25,0
Tm32,LC14a2,20,11,9,0,67,36,31,0
Sm41,MTe14,4,2,2,0,67,25,42,0
LMa5,PDt,26,21,5,0,67,57,10,0
T2,Y3,33,15,18,0,67,31,36,0
Li17,LT56,24,12,12,0,67,35,32,0
LMt1,LTe10,14,9,5,0,67,49,18,0
Lawf2,LMa5,27,18,9,0,67,48,19,0
LPi02,Tlp4,25,15,10,0,67,36,31,0
TmY9q,TmY20,25,11,14,0,67,25,42,0
Sm26,Sm08,26,5,21,0,67,10,57,0
LMa2,LC14a2,17,6,11,0,67,30,37,0
Tlp1,TmY20,24,15,9,0,67,45,22,0
Sm29,Sm18,22,12,10,0,67,38,29,0
Li12,LTe47,15,7,8,0,67,26,41,0
Li24,LT87,10,6,4,0,67,33,34,0
Tm7,MTe54,28,15,13,0,67,35,32,0
Sm33,Sm23,17,12,5,0,67,45,22,0
LPi12,Nod1,4,2,2,0,67,49,18,0
Sm38,Sm07,28,16,12,0,67,37,30,0
LC10e,Li08,29,16,13,0,67,35,32,0
LT34,Li13,21,7,14,0,67,24,43,0
MeMe_e02,Sm39,8,4,4,0,67,38,29,0
LPC2,LPLC2,31,21,10,0,67,46,21,0
LPLC1,LC18,27,13,14,0,67,35,32,0
cL16,Li05,29,18,11,0,67,41,26,0
cL16,Li33,3,2,1,0,67,44,23,0
cL14,LT51,13,6,7,0,67,18,49,0
aMe17b,CB0566,8,4,4,0,67,36,31,0
LC20b,TmY11,30,15,15,0,67,34,33,0
cM08c,Sm30,21,3,18,0,67,9,58,0
aMe26,Sm04,28,16,12,0,67,40,27,0
LT57,LC24,27,13,14,0,67,31,36,0
LC10b,LC10f,20,7,13,0,67,17,50,0
MTe25,LTe50,3,2,1,0,67,47,20,0
cLP03,T5c,32,23,9,0,67,47,20,0
cM02b,LT58,2,1,1,0,67,31,36,0
l-LNv,Lawf1,31,16,15,0,67,35,32,0
LT37,LC14b,17,9,8,0,67,42,25,0
MTe42,cM17,4,1,1,2,67,28,19,20
cL18,LC9,23,11,12,0,67,30,37,0
LT38,cL02d,6,2,4,0,67,9,58,0
cLP02,LPi05,17,16,1,0,67,65,2,0
LT57,Tm5c,28,17,11,0,67,40,27,0
cMLLP02,Li21,13,8,5,0,67,38,29,0
VST2,LPT47_vCal2,7,3,4,0,67,38,29,0
MC65,LT53,6,3,3,0,67,33,34,0
LT84,LT78,5,2,3,0,67,20,47,0
MTe51,Tm5f,27,4,23,0,67,8,59,0
LT80,LT80,4,2,2,0,67,40,27,0
MTe32,LC37a,4,2,2,0,67,41,26,0
cM04,LNda,5,3,2,0,67,32,35,0
cL04,Tm8b,27,11,16,0,67,27,40,0
cML01,LC11,26,17,9,0,67,47,20,0
cLLPM02,Mi13,23,10,13,0,67,27,40,0
cMLLP01,MLt4,23,10,13,0,67,31,36,0
cMLLP01,Mi14,22,11,11,0,67,33,34,0
cL13,LC22,13,6,7,0,67,31,36,0
cM16,MLt5,21,11,10,0,67,39,28,0
Tm21,LC45,18,18,0,0,67,67,0,0
LT78,PLP163,4,4,0,0,67,67,0,0
T5d,T4c,26,17,9,0,66,40,26,0
Tm27,aMe17c,31,12,19,0,66,27,39,0
TmY5a,PDt,29,19,10,0,66,44,22,0
Li08,Li33,18,12,6,0,66,44,22,0
Y12,MTe03,22,9,13,0,66,34,32,0
Sm18,Sm23,31,19,12,0,66,42,24,0
Li07,Li07,23,10,13,0,66,29,37,0
Tm5e,LTe58,27,9,18,0,66,21,45,0
Tm2,MLt3,30,16,14,0,66,36,30,0
Li09,LCe07,17,10,7,0,66,37,29,0
Mi1,MeLp1,30,20,10,0,66,45,21,0
Pm12,TmY15,27,17,10,0,66,37,29,0
Pm04,Am1,26,11,15,0,66,29,37,0
LLPt,cL16,22,13,9,0,66,38,28,0
Tm27,Sm12,28,11,17,0,66,28,38,0
LPi10,LPi02,27,16,11,0,66,39,27,0
Li06,Tm21,25,7,18,0,66,14,52,0
Mi1,Y11,24,15,9,0,66,47,19,0
Mi15,aMe25,28,17,11,0,66,39,27,0
Tm35,Li19,25,15,10,0,66,41,25,0
Sm07,MeTu3c,27,13,14,0,66,28,38,0
Mi13,T1,27,15,12,0,66,34,32,0
LMt2,Pm08,30,15,15,0,66,32,34,0
LMt2,LT82a,26,15,11,0,66,39,27,0
Tm16,LC37a,26,12,14,0,66,31,35,0
TmY31,Tm32,27,12,15,0,66,26,40,0
Dm4,Tm27,26,15,11,0,66,35,31,0
TmY31,LT73,22,9,13,0,66,25,41,0
Tm9,TmY14,26,16,10,0,66,44,22,0
Tm5c,Li12,16,8,8,0,66,17,49,0
Tm33,MTe01a,26,22,4,0,66,57,9,0
TmY5a,Tm5a,26,8,18,0,66,19,47,0
Tm5b,LTe29,25,14,11,0,66,38,28,0
Tm2,Sm02,30,15,15,0,66,33,33,0
Dm10,Tm16,30,16,14,0,66,34,32,0
Li04,LTe56,14,10,4,0,66,44,22,0
LMa3,Y4,28,17,11,0,66,40,26,0
TmY11,Pm10,29,18,11,0,66,39,27,0
LMt4,T2,28,9,19,0,66,21,45,0
T2a,TmY10,29,14,15,0,66,30,36,0
LMa5,Pm13,24,17,7,0,66,50,16,0
Li10,LC37a,29,13,16,0,66,29,37,0
T2a,Pm10,31,16,15,0,66,33,33,0
Mi10,TmY3,27,12,15,0,66,30,36,0
LMa1,LMa3,27,15,12,0,66,39,27,0
Sm02,Tm5e,29,14,15,0,66,33,33,0
Tm7,TmY9q⊥,25,15,10,0,66,45,21,0
Sm22,Sm42,17,8,9,0,66,41,25,0
Y3,LTe05,26,17,9,0,66,45,21,0
Dm12,Dm4,23,10,13,0,66,31,35,0
Li01,LT67,24,16,8,0,66,45,21,0
LMa1,LTe20,20,9,11,0,66,24,42,0
Sm03,MeMe_e05,24,13,11,0,66,37,29,0
Tm5a,LTe58,20,12,8,0,66,40,26,0
Tm21,TmY15,21,12,9,0,66,46,20,0
LPi07,LPC1,27,16,11,0,66,38,28,0
Sm08,Sm12,29,12,17,0,66,27,39,0
Li11,LTe64,14,9,5,0,66,40,26,0
MLt7,MTe36,14,8,6,0,66,33,33,0
L3,Dm8a,5,2,3,0,66,30,36,0
Tm35,Sm42,25,14,11,0,66,37,29,0
LPi15,TmY9q,25,15,10,0,66,38,28,0
Pm04,OA-AL2i1,23,18,5,0,66,52,14,0
Li28,Li09,23,9,14,0,66,27,39,0
Li31,T2,27,9,18,0,66,21,45,0
Li31,Li21,13,8,5,0,66,27,39,0
Li25,LTe20,4,2,2,0,66,36,30,0
Dm16,L5,31,21,10,0,66,45,21,0
Li33,LT65,2,1,1,0,66,23,43,0
Li32,LC14b,27,15,12,0,66,37,29,0
Li30,LPLC4,19,12,7,0,66,50,16,0
MeTu3a,Sm43,25,14,11,0,66,37,29,0
MTe45,LTe69,2,1,1,0,66,30,36,0
LC14b,LLPC2,17,10,7,0,66,38,28,0
MTe03,Sm22,26,11,15,0,66,29,37,0
LT66,Li15,15,8,7,0,66,35,31,0
MTe01a,Sm08,28,20,8,0,66,46,20,0
LT42,Li15,13,6,7,0,66,30,36,0
LT60,LC14a1,10,5,5,0,66,26,40,0
aMe12,Sm40,12,7,5,0,66,41,25,0
LC4,LMa3,26,13,13,0,66,32,34,0
aMe17b,Sm40,8,4,4,0,66,36,30,0
LPLC4,LT40,18,9,9,0,66,44,22,0
LC13,LT42,11,5,6,0,66,33,33,0
LT79,cMLLP01,2,1,1,0,66,36,30,0
cM08c,TmY31,27,11,16,0,66,23,43,0
cM08c,TmY9q,21,10,11,0,66,31,35,0
MeTu3c,Sm21,25,11,14,0,66,30,36,0
LLPC1,LMt3,29,22,7,0,66,51,15,0
aMe20,cL04,4,2,2,0,66,41,25,0
LC14a1,LT80,5,2,3,0,66,29,37,0
LC28a,TmY4,22,15,7,0,66,40,26,0
LT38,LC14a2,13,7,6,0,66,38,28,0
MeMe_e03,Mi15,27,18,9,0,66,44,22,0
LTe44,LT52,4,1,3,0,66,19,47,0
PLP231,CB0143,3,1,0,2,66,21,0,45
LC16,Tm5f,20,3,17,0,66,6,60,0
cM13,MeTu4a,14,7,7,0,66,37,29,0
LCe01b,LC24,21,10,11,0,66,26,40,0
OA-AL2b2,CB0816,13,0,0,13,66,0,0,66
LPT58,LPi07,19,17,2,0,66,58,8,0
LLPC3,LLPC1,25,21,4,0,66,55,11,0
cL04,aMe17a2,4,2,2,0,66,44,22,0
LPT21,LPT51,2,1,1,0,66,55,11,0
LT39,LTe76,2,1,1,0,66,28,38,0
LC36,LC33a,5,3,2,0,66,35,31,0
LPT53,LLPC2,13,9,4,0,66,37,29,0
TmY31,MeTu4a,19,5,14,0,65,19,46,0
TmY31,LT84,20,15,5,0,65,48,17,0
Li01,LTe58,23,12,11,0,65,35,30,0
Y3,MTe03,21,7,14,0,65,16,49,0
Mi15,Sm02,21,8,13,0,65,28,37,0
Tm5c,Li08,29,15,14,0,65,36,29,0
TmY5a,LTe23,24,7,17,0,65,18,47,0
T4b,Mi10,32,19,13,0,65,39,26,0
Dm11,MLt5,25,14,11,0,65,42,23,0
Tm21,Dm1,31,16,15,0,65,34,31,0
R8,Mi10,26,16,10,0,65,38,27,0
Li06,Tm3,30,13,17,0,65,29,36,0
T2,LT1d,25,7,18,0,65,27,38,0
Tm5f,Tm31,30,11,19,0,65,23,42,0
Dm12,Tm5c,32,10,22,0,65,20,45,0
Li21,LMa1,25,14,11,0,65,34,31,0
Pm04,MTe44,16,9,7,0,65,34,31,0
Tm5d,LT69,25,14,11,0,65,37,28,0
Pm01,Tm9,29,19,10,0,65,42,23,0
Sm12,MTe51,27,11,16,0,65,26,39,0
TmY9q⊥,LC14a1,26,15,11,0,65,38,27,0
LPi08,LPLC2,30,22,8,0,65,48,17,0
Mi10,MTe31,22,14,8,0,65,47,18,0
TmY10,LTe48,22,13,9,0,65,39,26,0
Dm17,MLt3,27,15,12,0,65,33,32,0
Tm36,LC20b,25,17,8,0,65,48,17,0
Dm3q,Tm5b,30,19,11,0,65,39,26,0
LPi07,T5b,26,14,12,0,65,35,30,0
LPi07,T5a,28,14,14,0,65,36,29,0
Li21,DNp11,8,4,4,0,65,23,42,0
Mi14,TmY11,27,14,13,0,65,31,34,0
T4b,C2,30,15,15,0,65,33,32,0
Dm10,Mi2,30,21,9,0,65,46,19,0
Sm10,Tm36,28,15,13,0,65,34,31,0
Li01,LTe30,19,11,8,0,65,43,22,0
LMa2,LC36,21,12,9,0,65,39,26,0
TmY31,MLt8,22,14,8,0,65,37,28,0
TmY16,Tm1,21,9,12,0,65,27,38,0
Sm31,Dm8a,15,6,9,0,65,13,52,0
MLt3,LC35,24,14,10,0,65,36,29,0
Tm16,LT11,28,10,18,0,65,23,42,0
Tm2,L1,17,3,14,0,65,9,56,0
TmY4,Li32,19,9,10,0,65,39,26,0
LMa3,Pm09,25,16,9,0,65,40,25,0
MLt1,MLt5,24,13,11,0,65,37,28,0
LMt4,LTe12,15,9,6,0,65,38,27,0
TmY31,LPi14,24,11,13,0,65,28,37,0
Dm20,Dm6,26,12,14,0,65,33,32,0
TmY9q⊥,Li12,21,6,15,0,65,14,51,0
Li12,LTe01,21,15,6,0,65,47,18,0
Sm41,Sm42,2,1,1,0,65,32,33,0
Tlp1,LPT23,26,16,10,0,65,41,24,0
Tm5f,MTe18,28,15,13,0,65,34,31,0
Tm5b,Sm15,26,16,10,0,65,41,24,0
LPi07,TmY20,19,7,12,0,65,17,48,0
Li16,Tm25,30,20,10,0,65,45,20,0
Sm32,Tm4,27,13,14,0,65,27,38,0
Mi1,Dm13,27,12,15,0,65,25,40,0
LPi03,LPi04,21,13,8,0,65,43,22,0
TmY4,MLt1,28,17,11,0,65,37,28,0
LPi14,TmY5a,20,5,15,0,65,13,52,0
TmY4,Tlp14,25,11,14,0,65,24,41,0
Li03,LC31c,17,7,10,0,65,29,36,0
Mi10,Pm04,28,18,10,0,65,43,22,0
TmY5a,MTe13,28,12,16,0,65,30,35,0
Li10,LTe41,24,14,10,0,65,39,26,0
Li01,LCe02,25,20,5,0,65,54,11,0
LPi10,LMa3,25,10,15,0,65,25,40,0
Pm07,T4b,29,11,18,0,65,26,39,0
Y12,VST2,27,22,5,0,65,54,11,0
MLt8,Li10,28,23,5,0,65,52,13,0
Li24,LC20b,21,12,9,0,65,41,24,0
Sm42,Sm32,19,10,9,0,65,32,33,0
Li12,LTe59,16,7,9,0,65,36,29,0
Li27,LTe12,4,2,2,0,65,36,29,0
TmY3,Nod5,28,15,13,0,65,37,28,0
Li33,LC33a,14,6,8,0,65,22,43,0
Li33,LT52,14,6,8,0,65,36,29,0
Li33,Li30,2,1,1,0,65,27,38,0
Li29,TmY11,30,16,14,0,65,36,29,0
LLPC3,TmY5a,27,15,12,0,65,32,33,0
MTe45,cM08c,5,3,2,0,65,54,11,0
LLPC2,LC9,27,12,15,0,65,29,36,0
LC28a,LT43,20,9,11,0,65,25,40,0
cLP02,LLPt,27,22,5,0,65,52,13,0
LLPC1,LT38,24,10,14,0,65,23,42,0
MTe07,MeLp1,12,0,6,6,65,0,22,43
LPLC4,TmY5a,32,15,17,0,65,30,35,0
LC14a1,LC35,17,10,7,0,65,45,20,0
LC14a2,Tm7,25,13,12,0,65,32,33,0
cM01a,MLt7,15,9,6,0,65,37,28,0
MeMe_e02,Sm38,16,9,7,0,65,35,30,0
LPT54,MTe09,9,3,6,0,65,16,49,0
cL20,Tm5f,25,13,12,0,65,34,31,0
LT37,LC15,22,10,12,0,65,28,37,0
cL18,LC14a2,14,5,9,0,65,17,48,0
LPT50,LPT23,6,4,2,0,65,59,6,0
cM07,Tm21,30,17,13,0,65,36,29,0
LT63,LC22,22,16,6,0,65,47,18,0
LT59,cL22a,2,1,1,0,65,29,36,0
cM02a,MC65,6,3,3,0,65,39,26,0
mALD2,LC45,7,3,4,0,65,40,25,0
cL18,LT42,4,2,2,0,65,19,46,0
cL18,LC20b,20,9,11,0,65,31,34,0
cM11,Sm36,6,0,6,0,65,0,65,0
LC39,DNp27,4,1,3,0,65,5,60,0
VS3,LPi11,19,11,8,0,65,45,20,0
MTe47,cM10,4,2,2,0,65,29,36,0
cM03,cM08c,13,6,7,0,65,33,32,0
VST2,LPi07,29,17,12,0,65,40,25,0
aMe17a2,Sm08,22,12,10,0,65,31,34,0
OA-ASM1,Tm31,28,15,13,0,65,36,29,0
OA-ASM1,LT51,21,11,10,0,65,29,36,0
LT56,TmY14,22,10,12,0,65,26,39,0
LT65,TmY31,25,11,14,0,65,28,37,0
LT65,LTe36,2,1,1,0,65,20,45,0
LT61b,LC21,24,11,13,0,65,25,40,0
cM08b,Sm28,10,6,4,0,65,48,17,0
DCH,Y11,19,16,3,0,65,54,11,0
DCH,LPi13,2,1,1,0,65,57,8,0
LTe74,LC33a,7,4,3,0,65,26,39,0
LTe43,LC19,11,5,6,0,65,25,40,0
LT36,LC10e,23,4,19,0,65,9,56,0
LTe12,LC13,22,12,10,0,65,34,31,0
aMe25,LT55,2,1,1,0,65,33,32,0
cML01,Li22,12,5,7,0,65,23,42,0
T2a,LTe05,25,25,0,0,65,65,0,0
PLP249,PLP163,1,1,0,0,65,65,0,0
Tm25,LC24,19,8,11,0,64,20,44,0
TmY20,Li08,30,14,16,0,64,29,35,0
Tm7,Li08,30,8,22,0,64,16,48,0
TmY4,Dm12,29,18,11,0,64,40,24,0
Tm32,Li09,27,8,19,0,64,22,42,0
TmY11,LPT45_dCal1,22,16,6,0,64,49,15,0
Sm02,Sm40,28,11,17,0,64,25,39,0
Y12,LMt3,29,14,15,0,64,32,32,0
Li05,LT40,21,9,12,0,64,30,34,0
MLt5,MTe46,26,9,17,0,64,22,42,0
Mi4,MLt3,27,11,16,0,64,28,36,0
Tm5e,LTe35,19,7,12,0,64,22,42,0
Sm16,MTe12,19,8,11,0,64,26,38,0
Sm23,Sm10,30,20,10,0,64,42,22,0
Tm4,LT78,19,2,17,0,64,5,59,0
TmY5a,LC14b,29,12,17,0,64,25,39,0
Tm35,LPLC2,28,15,13,0,64,34,30,0
Pm07,LMt2,26,19,7,0,64,48,16,0
TmY11,LC10c,25,16,9,0,64,42,22,0
Tm1,Li17,21,13,8,0,64,43,21,0
Dm18,Mi2,29,18,11,0,64,39,25,0
Tm4,LT77,28,14,14,0,64,34,30,0
TmY10,MTe11,24,13,11,0,64,38,26,0
Tm7,LTe21,29,21,8,0,64,47,17,0
T4d,LMa4,29,17,12,0,64,40,24,0
Dm13,L4,30,18,12,0,64,40,24,0
Tm5d,Tm5e,27,12,15,0,64,30,34,0
TmY4,Li29,28,14,14,0,64,32,32,0
T2a,Li32,19,0,19,0,64,0,64,0
LMa4,LT33,22,11,11,0,64,31,33,0
TmY11,Li09,27,10,17,0,64,23,41,0
Sm12,Tm37,24,14,10,0,64,38,26,0
Li01,LTe26,25,14,11,0,64,37,27,0
LMa2,Tm16,30,18,12,0,64,38,26,0
TmY11,OA-AL2i1,26,14,12,0,64,35,29,0
Li03,Li29,18,11,7,0,64,35,29,0
MLt1,LCe04,18,9,9,0,64,41,23,0
TmY10,LPT29,21,10,11,0,64,34,30,0
Li04,LT58,15,11,4,0,64,53,11,0
Dm12,Dm3q,27,9,18,0,64,21,43,0
LMa3,Li21,22,9,13,0,64,23,41,0
Tm16,MTe46,28,9,19,0,64,20,44,0
Li09,LT51,23,11,12,0,64,24,40,0
LPi04,T5c,28,20,8,0,64,47,17,0
LMa1,Li24,22,11,11,0,64,33,31,0
Dm9,cM09,26,21,5,0,64,53,11,0
Sm41,CB0816,4,2,2,0,64,40,24,0
LMa3,LMa1,25,14,11,0,64,37,27,0
Y11,LC31a,23,14,9,0,64,37,27,0
Lawf1,Dm20,30,15,15,0,64,31,33,0
Tm4,LCe07,25,12,13,0,64,29,35,0
Li22,Tm3,30,16,14,0,64,34,30,0
Tm16,MeLp2,22,12,10,0,64,35,29,0
LMt3,Tlp14,17,9,8,0,64,33,31,0
Sm11,MTe02,19,13,6,0,64,44,20,0
LPi14,TmY16,26,14,12,0,64,34,30,0
Mi10,TmY16,28,17,11,0,64,39,25,0
Mi9,MeMe_e05,25,16,9,0,64,42,22,0
TmY9q⊥,LMa2,16,9,7,0,64,48,16,0
LMt1,Li16,27,19,8,0,64,45,19,0
Sm29,Sm41,8,4,4,0,64,53,11,0
Li08,LCe05,27,15,12,0,64,37,27,0
Li28,LC45,15,11,4,0,64,50,14,0
L5,Dm9,21,16,5,0,64,53,11,0
Tm27,LC14b,28,15,13,0,64,35,29,0
MLt2,MLt6,26,14,12,0,64,34,30,0
Li24,Li17,23,14,9,0,64,41,23,0
Li33,TmY5a,18,7,11,0,64,17,47,0
Li33,LTe17,2,1,1,0,64,33,31,0
Sm36,MTe22,6,3,3,0,64,27,37,0
Pm13,Mi13,23,11,12,0,64,32,32,0
Li32,LC10d,26,10,16,0,64,26,38,0
Li32,LTe10,2,1,1,0,64,31,33,0
LC28a,LC27,24,14,10,0,64,34,30,0
LT55,LC46,9,6,3,0,64,45,19,0
MTe45,LatB,7,4,3,0,64,48,16,0
LT52,LC34,23,13,10,0,64,35,29,0
MeLp1,LPi13,4,2,2,0,64,38,26,0
MeLp1,LPT22,4,2,2,0,64,52,12,0
LC14b,LPC2,17,10,7,0,64,39,25,0
cLPL01,Y12,18,9,9,0,64,30,34,0
LTe08,Li33,2,1,1,0,64,39,25,0
LTe08,LTe41,2,1,1,0,64,33,31,0
LPLC1,LC21,29,15,14,0,64,34,30,0
LC20a,LC10a,27,24,3,0,64,57,7,0
LC46,cL11,8,2,4,2,64,21,31,12
LT43,LT43,4,2,2,0,64,34,30,0
cL02d,LT80,4,1,3,0,64,23,41,0
LCe05,LT51,12,6,6,0,64,29,35,0
MTe01b,aMe12,25,13,12,0,64,32,32,0
MeMe_e08,Tm36,28,17,11,0,64,37,27,0
cL14,Tm5d,26,11,15,0,64,27,37,0
LT52,LC14a2,19,13,6,0,64,43,21,0
MeTu4a,LC28a,25,10,15,0,64,22,42,0
LC14a1,LC13,21,9,12,0,64,27,37,0
CB0816,Mi14,27,14,13,0,64,35,29,0
aMe9,TmY11,20,8,12,0,64,28,36,0
LT57,LC10e,23,11,12,0,64,33,31,0
MeTu4b,LTe67,21,14,7,0,64,43,21,0
LC14b,T4b,21,11,10,0,64,30,34,0
LC14a2,T5c,17,7,10,0,64,24,40,0
LC37a,LTe56,5,3,2,0,64,40,24,0
cL07,LC31a,11,6,5,0,64,34,30,0
cM02b,MTe02,18,9,9,0,64,34,30,0
aMe1,aMe8,8,4,4,0,64,39,25,0
LTe22,LTe25,2,1,1,0,64,36,28,0
MTe12,MeMe_e09,6,3,3,0,64,39,25,0
LPC2,Nod2,6,4,2,0,64,34,30,0
LT38,cL02c,4,2,2,0,64,45,19,0
cL17,Y4,21,5,16,0,64,16,48,0
LTe20,aMe17c,3,1,2,0,64,26,38,0
cM02a,MeTu4c,16,9,7,0,64,25,39,0
mALC5,Dm12,18,9,9,0,64,33,31,0
mALC5,MLt2,19,8,11,0,64,35,29,0
mALC5,MTe01b,11,7,4,0,64,44,20,0
OA-ASM1,Tm5d,29,17,12,0,64,39,25,0
MTe04,aMe25,10,8,2,0,64,52,12,0
LAL047,LT64,5,2,3,0,64,30,34,0
LT65,LT86,2,1,1,0,64,25,39,0
LT84,LC22,9,8,1,0,64,62,2,0
LTe31,Li09,18,6,12,0,64,28,36,0
mALC4,LC21,20,7,13,0,64,23,41,0
OA-AL2i4,TmY10,28,11,17,0,64,24,40,0
H2,T5b,31,26,5,0,64,53,11,0
cL04,LTe49a,8,4,4,0,64,39,25,0
LT58,Tm35,18,9,9,0,64,35,29,0
cML01,T3,30,19,11,0,64,39,25,0
cL13,LT81,5,3,2,0,64,35,29,0
MTe08,PLP163,5,5,0,0,64,64,0,0
Tm27,Dm10,28,14,14,0,63,33,30,0
MLt4,T2,27,18,9,0,63,43,20,0
Li08,LT78,24,12,12,0,63,31,32,0
Li08,Li30,20,13,7,0,63,41,22,0
Tm35,LC43,26,15,11,0,63,34,29,0
T2a,Pm04,22,6,16,0,63,12,51,0
Dm8b,Sm07,20,7,13,0,63,25,38,0
Tm32,LC13,26,13,13,0,63,33,30,0
Tm4,LT61b,28,12,16,0,63,27,36,0
MLt6,Li33,23,13,10,0,63,37,26,0
MLt6,MTe33,16,10,6,0,63,40,23,0
Li09,Tm20,29,18,11,0,63,37,26,0
TmY31,Sm06,24,13,11,0,63,37,26,0
TmY10,Pm05,25,11,14,0,63,25,38,0
Tlp5,LC14b,26,10,16,0,63,24,39,0
Tlp5,Li05,28,14,14,0,63,32,31,0
MLt7,Sm14,26,14,12,0,63,33,30,0
Pm07,Tm4,29,19,10,0,63,43,20,0
Tm5c,LC31c,27,14,13,0,63,30,33,0
Tm27,Pm08,30,15,15,0,63,30,33,0
Dm17,Tm3,30,16,14,0,63,35,28,0
Sm40,OA-ASM1,15,8,7,0,63,28,35,0
Sm08,aMe9,28,15,13,0,63,36,27,0
Tm4,Dm19,30,12,18,0,63,25,38,0
TmY10,MTe39,23,10,13,0,63,28,35,0
Li20,Tm21,25,18,7,0,63,44,19,0
Sm27,Sm01,29,18,11,0,63,39,24,0
Li10,Tm20,27,15,12,0,63,33,30,0
Tm16,LC10f,26,7,19,0,63,15,48,0
Dm20,TmY10,27,9,18,0,63,21,42,0
Li12,LC39,14,7,7,0,63,37,26,0
Pm05,Sm13,24,18,6,0,63,49,14,0
TmY5a,LC45,24,13,11,0,63,32,31,0
Lawf2,L4,24,14,10,0,63,33,30,0
Sm19,Sm32,23,12,11,0,63,36,27,0
Y3,Sm02,26,11,15,0,63,26,37,0
TmY15,Tm2,31,16,15,0,63,32,31,0
Tm5c,Dm9,28,20,8,0,63,45,18,0
TmY5a,LT85,25,14,11,0,63,36,27,0
Sm18,Sm07,27,10,17,0,63,22,41,0
LPi09,TmY4,25,13,12,0,63,27,36,0
MLt8,LPLC4,23,15,8,0,63,40,23,0
Dm20,L5,16,1,15,0,63,2,61,0
Sm41,Sm13,20,13,7,0,63,40,23,0
Tm16,LMt1,28,13,15,0,63,28,35,0
Y11,LPi10,21,12,9,0,63,37,26,0
TmY20,LPLC2,28,17,11,0,63,40,23,0
Y1,Tm2,28,16,12,0,63,34,29,0
Y1,Mi9,25,10,15,0,63,24,39,0
TmY15,Tlp1,29,17,12,0,63,37,26,0
R8,Tm21,29,12,17,0,63,25,38,0
LPi14,HSE,4,2,2,0,63,31,32,0
Lawf2,TmY16,17,9,8,0,63,32,31,0
Y11,LPT48_vCal3,21,12,9,0,63,33,30,0
Tm36,LTe29,23,16,7,0,63,38,25,0
TmY11,MTe27,25,13,12,0,63,31,32,0
LPi07,LPC2,26,18,8,0,63,40,23,0
TmY9q⊥,LCe05,21,8,13,0,63,27,36,0
Tm16,Li20,25,18,7,0,63,47,16,0
Y11,LC15,24,17,7,0,63,46,17,0
Sm26,MeMe_e05,10,5,5,0,63,27,36,0
Li05,LC15,27,14,13,0,63,29,34,0
Sm29,aMe9,13,6,7,0,63,41,22,0
Tm5c,T3,28,16,12,0,63,37,26,0
Li13,Li27,23,16,7,0,63,39,24,0
Li31,Li05,16,5,11,0,63,14,49,0
Sm42,MTe05,19,10,9,0,63,32,31,0
Li25,cL07,4,2,2,0,63,32,31,0
Li27,TmY9q⊥,28,14,14,0,63,33,30,0
Pm14,Sm09,25,18,7,0,63,48,15,0
Sm38,MeMe_e05,4,2,2,0,63,40,23,0
Am1,TmY3,28,17,11,0,63,38,25,0
Li29,Tlp1,26,14,12,0,63,35,28,0
LC31b,OA-AL2b2,7,4,3,0,63,36,27,0
LCe01b,LC25,23,12,11,0,63,30,33,0
LLPC3,Tlp1,25,17,8,0,63,43,20,0
LLPC1,T4a,30,17,13,0,63,37,26,0
LPLC1,LMt2,30,14,16,0,63,29,34,0
LPLC1,LPi15,26,15,11,0,63,32,31,0
LTe15,LTe29,2,1,1,0,63,41,22,0
LLPC3,LPi07,27,11,16,0,63,23,40,0
LC14a2,LC24,16,6,10,0,63,29,34,0
LT60,AN_multi_125,2,1,1,0,63,41,22,0
MeTu4a,LC40,16,6,10,0,63,19,44,0
LC4,T2,31,10,21,0,63,20,43,0
LLPC3,Y11,26,12,14,0,63,28,35,0
MTe50,PLP251,6,4,2,0,63,39,24,0
MeTu1,MTe05,28,12,16,0,63,25,38,0
LPLC2,TmY14,20,5,15,0,63,14,49,0
LC14a2,LC26,16,10,6,0,63,41,22,0
LC14a2,LTe38c,10,4,6,0,63,21,42,0
LC10b,LC20b,25,16,9,0,63,43,20,0
LCe01b,LC11,17,15,2,0,63,56,7,0
aMe17b,aMe25,4,2,2,0,63,28,35,0
H1,Nod1,5,3,2,0,63,37,26,0
cLP02,T5a,28,19,9,0,63,44,19,0
LPLC2,H2,23,14,9,0,63,38,25,0
MeTu4c,MTe26,21,10,11,0,63,26,37,0
LLPC1,DCH,25,17,8,0,63,43,20,0
MTe01b,cM13,8,0,0,8,63,0,0,63
aMe9,aMe19b,5,0,0,5,63,0,0,63
cL19,Li10,27,14,13,0,63,30,33,0
LC22,LTe49a,10,5,5,0,63,29,34,0
MTe08,LT1d,8,5,3,0,63,45,18,0
cL20,LT82a,3,1,2,0,63,35,28,0
LC11,LTe26,25,12,13,0,63,27,36,0
MeMe_e09,aMe12,7,3,1,3,63,19,3,41
aMe5,Sm39,13,7,6,0,63,33,30,0
cL18,Li31,5,3,2,0,63,37,26,0
aMe17c,Mi9,17,4,13,0,63,18,45,0
cLP01,TmY15,25,21,4,0,63,55,8,0
MeTu4a,MTe01a,27,20,7,0,63,46,17,0
LC16,Li06,21,8,13,0,63,18,45,0
LT68,LTe32,7,3,4,0,63,27,36,0
LLPC3,Nod3,15,9,6,0,63,47,16,0
Nod3,LPT57,4,2,1,1,63,40,17,6
aMe19b,cM07,2,1,1,0,63,51,12,0
PLP231,aMe26,8,2,6,0,63,11,52,0
PLP231,cL04,7,4,3,0,63,39,24,0
cM13,Tm8b,17,6,11,0,63,22,41,0
OA-ASM1,LC16,28,17,11,0,63,38,25,0
mALC6,LTe13,4,2,2,0,63,30,33,0
LT56,LMt4,16,9,7,0,63,34,29,0
LT56,LC18,23,9,14,0,63,26,37,0
MTe52,Tm8a,22,21,1,0,63,61,2,0
LT65,LTe07,2,1,1,0,63,17,46,0
cL06,LT53,7,4,3,0,63,35,28,0
cM12,Tm16,20,13,7,0,63,37,26,0
MTe16,MC65,11,6,5,0,63,44,19,0
LTe64,Li33,6,4,2,0,63,43,20,0
LT58,MTe14,4,2,2,0,63,30,33,0
cMLLP01,LLPt,21,12,9,0,63,33,30,0
cL13,LC10c,21,11,10,0,63,37,26,0
aMe17a1,Sm15,25,10,15,0,63,28,35,0
LTe21,LT85,2,1,1,0,63,28,35,0
MTe44,PLP022,1,1,0,0,63,63,0,0
L1,Tm27,24,9,15,0,62,25,37,0
Pm01,Pm10,28,18,10,0,62,41,21,0
Tm16,aMe17c,21,9,12,0,62,28,34,0
Tm35,LC14b,22,9,13,0,62,25,37,0
Tm5e,Li18,29,15,14,0,62,32,30,0
R8,MeLp1,25,15,10,0,62,40,22,0
Sm19,MTe02,22,6,16,0,62,19,43,0
Tm5a,MTe30,26,11,15,0,62,27,35,0
Tm16,LTe44,21,5,16,0,62,15,47,0
Tlp4,Li21,25,13,12,0,62,32,30,0
TmY5a,LPi15,25,9,16,0,62,26,36,0
MLt6,Sm27,21,9,12,0,62,26,36,0
TmY31,LC43,28,15,13,0,62,35,27,0
Dm20,MTe40,19,9,10,0,62,30,32,0
Pm12,LMa1,28,15,13,0,62,34,28,0
Tm35,Tm32,26,16,10,0,62,37,25,0
TmY20,LTe38b,21,11,10,0,62,33,29,0
TmY5a,LTe28,25,11,14,0,62,28,34,0
Pm08,Mi4,29,13,16,0,62,28,34,0
Pm07,Y3,26,13,13,0,62,31,31,0
Tm1,Y4,18,7,11,0,62,25,37,0
Li02,LC28a,28,16,12,0,62,34,28,0
Mi2,Dm1,30,19,11,0,62,40,22,0
Li05,LPT31,18,8,10,0,62,26,36,0
T5c,LPi10,24,5,19,0,62,11,51,0
T4a,LLPC3,27,19,8,0,62,46,16,0
Li02,Li32,24,12,12,0,62,32,30,0
Dm19,Mi4,29,9,20,0,62,18,44,0
Li21,LC9,28,19,9,0,62,44,18,0
T3,LMt2,22,13,9,0,62,30,32,0
Y3,LPi05,20,7,13,0,62,15,47,0
Tm16,Tm5a,29,15,14,0,62,32,30,0
Dm8b,CB0566,27,17,10,0,62,40,22,0
Dm3q,Mi4,30,17,13,0,62,36,26,0
TmY20,LT80,14,7,7,0,62,26,36,0
Li12,Li12,26,16,10,0,62,39,23,0
TmY5a,Tm31,27,6,21,0,62,13,49,0
Pm10,TmY11,28,9,19,0,62,20,42,0
T5a,LPLC1,25,14,11,0,62,36,26,0
Tm34,Tm20,27,10,17,0,62,21,41,0
Tm4,TmY31,19,7,12,0,62,22,40,0
Sm09,Pm13,25,14,11,0,62,35,27,0
TmY31,MTe51,11,6,5,0,62,52,10,0
LMa3,LT61b,19,8,11,0,62,28,34,0
LMa4,Li21,21,12,9,0,62,37,25,0
TmY4,Dm3q,30,18,12,0,62,37,25,0
Li07,LT51,19,7,12,0,62,22,40,0
MLt1,Dm3p,27,9,18,0,62,18,44,0
TmY4,Pm12,21,13,8,0,62,44,18,0
Dm4,Mi13,25,17,8,0,62,42,20,0
Tm3,L2,15,5,10,0,62,17,45,0
Li05,LTe42b,19,12,7,0,62,38,24,0
TmY16,LPi14,22,12,10,0,62,34,28,0
MLt8,MTe36,18,10,8,0,62,37,25,0
LMt3,LMa2,26,12,14,0,62,31,31,0
TmY31,LT72,27,15,12,0,62,34,28,0
LMa4,Li20,22,11,11,0,62,31,31,0
LPi05,LPi12,15,10,5,0,62,25,37,0
Li10,LC41,26,11,15,0,62,24,38,0
Tlp14,LLPC3,26,16,10,0,62,33,29,0
TmY20,LMt2,21,12,9,0,62,33,29,0
LPi10,TmY5a,29,12,17,0,62,24,38,0
T5b,LLPC2,27,17,10,0,62,40,22,0
Sm18,MTe01a,24,14,10,0,62,33,29,0
Pm14,Tm5f,27,16,11,0,62,36,26,0
Pm14,Pm07,24,10,14,0,62,26,36,0
Pm14,MTe08,18,10,8,0,62,35,27,0
Pm14,Sm42,4,2,2,0,62,33,29,0
Pm14,MTe31,4,2,2,0,62,40,22,0
MLt5,Tm35,23,13,10,0,62,32,30,0
Sm42,Tm5f,25,10,15,0,62,24,38,0
Sm42,MeMe_e06,3,1,2,0,62,29,33,0
Tm5c,T2,26,18,8,0,62,38,24,0
TmY3,LC20b,22,19,3,0,62,54,8,0
Li27,Li10,23,10,13,0,62,31,31,0
Li33,LT11,2,1,1,0,62,39,23,0
Sm35,Sm37,5,2,3,0,62,23,39,0
Li32,Li19,4,2,2,0,62,19,43,0
CT1,Li14,19,10,9,0,62,35,27,0
Li30,LTe15,2,1,1,0,62,31,31,0
LPi13,T5c,29,16,13,0,62,34,28,0
LC11,LT11,21,10,11,0,62,23,39,0
LC24,LTe42b,12,6,6,0,62,31,31,0
LT55,LTe37,4,2,2,0,62,34,28,0
LC10a,LLPC3,27,13,14,0,62,27,35,0
LC27,LTe58,21,14,7,0,62,41,21,0
LT52,LTe36,17,9,8,0,62,30,32,0
LC24,Li02,23,11,12,0,62,32,30,0
LC10d,LC10e,13,7,6,0,62,40,22,0
LC14b,LLPC3,15,7,8,0,62,32,30,0
LPC1,T4b,29,14,15,0,62,28,34,0
LT11,LC35,7,4,3,0,62,48,14,0
LC9,Li01,23,9,14,0,62,22,40,0
LPTe01,LPi04,22,15,7,0,62,43,19,0
LC13,Li10,26,13,13,0,62,33,29,0
LT43,LTe45,4,2,2,0,62,34,28,0
LC34,LT43,14,8,6,0,62,37,25,0
LC13,LT39,11,4,7,0,62,20,42,0
MeMe_e01,MeTu4b,16,12,4,0,62,50,12,0
cLP01,Y4,26,18,8,0,62,46,16,0
cL14,LC15,26,14,12,0,62,37,25,0
LT52,Li08,25,15,10,0,62,37,25,0
LCe01a,Tm20,28,17,11,0,62,38,24,0
LC28a,LTe02,16,8,8,0,62,23,39,0
LC13,Li05,16,10,6,0,62,42,20,0
cM08c,aMe20,4,1,3,0,62,24,38,0
LT57,TmY5a,28,6,22,0,62,13,49,0
LPT23,LPT52,5,3,2,0,62,39,23,0
LT51,cL22c,8,0,0,8,62,0,0,62
LC37a,Li02,25,15,10,0,62,38,24,0
cLP03,OA-AL2i1,18,11,7,0,62,40,22,0
MTe05,aMe13,10,5,5,0,62,39,23,0
cM02b,Sm14,10,6,4,0,62,41,21,0
cL02b,Li01,17,8,9,0,62,28,34,0
LC46,LTe58,15,5,10,0,62,16,46,0
cL21,OA-AL2i2,8,4,4,0,62,21,41,0
LTe22,PLP231,4,2,2,0,62,36,26,0
LC33a,Li10,16,10,6,0,62,48,14,0
LC14a2,LTe14,3,1,2,0,62,36,26,0
mALD2,cL13,4,1,1,2,62,21,17,24
VST1,LPi13,3,2,1,0,62,52,10,0
LC39,cLLPM02,3,1,2,0,62,23,39,0
aMe17a2,MTe13,5,3,2,0,62,33,29,0
OA-ASM1,Li30,8,4,4,0,62,35,27,0
LT56,Tm20,28,10,18,0,62,21,41,0
MTe37,Tm5e,25,13,12,0,62,32,30,0
MeTu4b,Tm32,21,12,9,0,62,33,29,0
cL06,LTe45,2,1,1,0,62,37,25,0
cM01b,Sm14,13,6,7,0,62,27,35,0
cL11,LTe21,2,1,1,0,62,38,24,0
H2,cM15,4,1,1,2,62,24,9,29
LT58,Li11,20,16,4,0,62,47,15,0
cL09,TmY14,11,10,1,0,62,60,2,0
cL02c,Li33,2,1,1,0,62,50,12,0
PLP215,LTe20,2,1,1,0,62,40,22,0
CB0143,PLP037b,1,1,0,0,62,62,0,0
Tm9,MLt3,24,8,16,0,61,20,41,0
T4b,Y11,23,4,19,0,61,9,52,0
Tm3,Tm5c,25,15,10,0,61,36,25,0
Mi4,Dm15,20,8,12,0,61,18,43,0
Tm3,LTe15,26,12,14,0,61,31,30,0
Tlp14,LC31a,18,10,8,0,61,40,21,0
Sm18,MTe51,24,10,14,0,61,28,33,0
Tm5b,Sm13,18,7,11,0,61,21,40,0
TmY10,LT53,24,11,13,0,61,32,29,0
T4a,C2,26,17,9,0,61,41,20,0
T4c,T5d,25,13,12,0,61,31,30,0
Tm20,L2,28,13,15,0,61,26,35,0
MLt6,LT67,20,12,8,0,61,37,24,0
Li14,Am1,18,8,10,0,61,26,35,0
Sm16,Sm07,24,11,13,0,61,31,30,0
Tlp5,Tlp4,27,14,13,0,61,32,29,0
T5d,LPi05,17,0,17,0,61,0,61,0
Dm2,Tm5a,25,12,13,0,61,28,33,0
Mi13,MLt3,27,13,14,0,61,29,32,0
Li10,LTe38b,26,13,13,0,61,34,27,0
Tm21,Tm20,27,14,13,0,61,29,32,0
TmY3,LMa2,26,11,15,0,61,27,34,0
Tm32,LTe06,20,10,10,0,61,37,24,0
Li12,LPLC4,18,4,14,0,61,10,51,0
Sm40,MTe12,12,6,6,0,61,29,32,0
T4a,LPC1,17,5,12,0,61,11,50,0
R7,Lai,24,19,5,0,61,46,15,0
LLPt,LPT04_HST,13,10,3,0,61,53,8,0
Tm27,Y4,27,10,17,0,61,23,38,0
Pm01,Tm3,27,12,15,0,61,29,32,0
TmY16,LPi07,17,7,10,0,61,14,47,0
Sm32,Mi10,26,15,11,0,61,33,28,0
L3,Tm5e,23,12,11,0,61,32,29,0
LPi11,T4d,28,13,15,0,61,26,35,0
Tm20,Lawf2,28,20,8,0,61,44,17,0
Mi13,Mi4,28,13,15,0,61,28,33,0
LMa4,Tm5f,28,13,15,0,61,31,30,0
LMa4,Y4,22,13,9,0,61,29,32,0
Y1,TmY9q,29,16,13,0,61,33,28,0
TmY10,LC33a,27,9,18,0,61,20,41,0
TmY10,LTe02,24,7,17,0,61,18,43,0
Sm06,Tm27,28,7,21,0,61,16,45,0
Tlp5,Y11,24,9,15,0,61,20,41,0
R8,MTe50,24,11,13,0,61,29,32,0
Tm3,LC40,21,11,10,0,61,29,32,0
TmY31,LPi15,25,11,14,0,61,27,34,0
T1,Dm17,19,12,7,0,61,40,21,0
T5b,Y12,17,10,7,0,61,42,19,0
Li12,LT58,20,16,4,0,61,50,11,0
MLt6,Sm36,25,16,9,0,61,41,20,0
Li12,LTe25,17,9,8,0,61,25,36,0
TmY4,Dm3p,27,10,17,0,61,21,40,0
MLt3,LT87,23,10,13,0,61,24,37,0
Li01,LT59,17,7,10,0,61,23,38,0
Mi10,Tm2,17,4,13,0,61,20,41,0
Mi1,OA-AL2i2,28,16,12,0,61,33,28,0
Sm07,Tm21,27,18,9,0,61,42,19,0
T5a,Tm2,27,13,14,0,61,33,28,0
TmY9q⊥,LCe03,26,15,11,0,61,33,28,0
LLPt,LTe17,21,12,9,0,61,34,27,0
L4,Tm5c,21,8,13,0,61,17,44,0
Y3,MeTu4c,23,15,8,0,61,35,26,0
Mi1,TmY10,17,7,10,0,61,27,34,0
MLt5,Tm8a,26,13,13,0,61,27,34,0
T2a,Li31,25,11,14,0,61,25,36,0
Y4,MLt4,21,11,10,0,61,34,27,0
TmY20,LTe29,22,12,10,0,61,36,25,0
Sm25,Sm08,26,15,11,0,61,34,27,0
TmY10,MTe26,25,11,14,0,61,28,33,0
Li22,LMt2,20,14,6,0,61,47,14,0
Dm8a,MTe49,17,6,11,0,61,28,33,0
Mi14,TmY9q,29,16,13,0,61,35,26,0
LMt2,LTe18,17,10,7,0,61,31,30,0
Li18,Tm34,26,17,9,0,61,40,21,0
Tm35,LTe28,18,8,10,0,61,25,36,0
Dm6,Dm9,24,19,5,0,61,50,11,0
Li13,LC16,28,9,19,0,61,20,41,0
LMa2,Li33,16,7,9,0,61,18,43,0
Tm7,Sm42,26,18,8,0,61,42,19,0
Li28,Y3,23,11,12,0,61,36,25,0
TmY10,LT80,19,9,10,0,61,33,28,0
Li24,Tm3,29,16,13,0,61,32,29,0
Sm42,MTe54,20,9,11,0,61,29,32,0
Li27,LC21,25,11,14,0,61,28,33,0
Li33,LCe02,14,7,7,0,61,32,29,0
Sm36,TmY4,28,14,14,0,61,33,28,0
Pm13,MTe43,3,1,2,0,61,31,30,0
Sm35,Sm08,23,11,12,0,61,31,30,0
LPi03,Y12,23,11,12,0,61,30,31,0
Li32,LPT31,8,4,4,0,61,32,29,0
Li32,LT77,5,3,2,0,61,39,22,0
LPi11,LPi03,18,12,6,0,61,29,32,0
Dm11,DmDRA1,13,11,2,0,61,53,8,0
aMe5,LTe50,8,4,4,0,61,28,33,0
LLPC1,LC10d,26,12,14,0,61,29,32,0
cL01,LC10e,22,12,10,0,61,26,35,0
cLPL01,Y1,20,9,11,0,61,27,34,0
cL22a,LTe49b,4,1,3,0,61,9,52,0
MTe02,Pm05,24,15,9,0,61,36,25,0
LCe03,LC40,22,14,8,0,61,38,23,0
PLP248,PLP163,2,1,0,1,61,37,0,24
PLP248,cLP05,4,1,1,2,61,9,7,45
LC31a,LT61b,17,12,5,0,61,35,26,0
MeMe_e08,Pm03,27,9,18,0,61,19,42,0
cL14,Li21,9,5,4,0,61,33,28,0
LCe01a,LC10c,24,14,10,0,61,37,24,0
MeMe_e08,PDt,21,14,7,0,61,42,19,0
LPT54,LT78,5,3,2,0,61,33,28,0
LC28a,LTe27,11,6,5,0,61,30,31,0
LC28a,LC14a1,16,11,5,0,61,43,18,0
LPT45_dCal1,Tlp14,23,15,8,0,61,41,20,0
LC36,LC19,9,3,6,0,61,26,35,0
cM02b,MeMe_e09,2,1,1,0,61,32,29,0
MeLp2,LPi02,22,14,8,0,61,35,26,0
MTe54,Pm14,22,13,9,0,61,37,24,0
cL18,LC12,27,9,18,0,61,19,42,0
mALD1,cLLP02,4,2,2,0,61,27,34,0
MeMe_e07,Sm32,27,6,21,0,61,12,49,0
MeMe_e07,CB0592,14,0,0,14,61,0,0,61
LPT28,LPC2,19,14,5,0,61,49,12,0
LC37a,LT58,11,7,4,0,61,51,10,0
VST1,LPi04,20,16,4,0,61,53,8,0
LTe18,cL15,3,1,1,1,61,7,26,28
OA-AL2i2,Li19,8,4,4,0,61,28,33,0
cL12,LTe49b,3,2,1,0,61,29,32,0
LPT26,LPT47_vCal2,2,1,1,0,61,36,25,0
LT40,LTe42a,2,1,1,0,61,25,36,0
LT40,DNp11,2,1,1,0,61,31,30,0
LTe38a,LTe75,6,3,3,0,61,28,33,0
AVLP151,cL21,4,2,2,0,61,38,23,0
mALC5,LC37a,5,3,2,0,61,42,19,0
mALC5,Tm8b,12,4,8,0,61,22,39,0
cM12,MTe38,2,1,1,0,61,41,20,0
cM01b,MLt7,10,7,3,0,61,44,17,0
cL11,LT52,9,4,5,0,61,17,44,0
cM04,Sm42,6,3,3,0,61,37,24,0
LT58,Tm32,22,9,13,0,61,25,36,0
LTe14,LT70,7,3,4,0,61,30,31,0
cML01,Li10,23,12,11,0,61,31,30,0
cL05,LCe01a,14,8,6,0,61,33,28,0
cL02d,Tlp1,17,4,13,0,61,9,52,0
DNpe053,MTe46,6,3,3,0,61,32,29,0
PLP252,LPTe02,5,5,0,0,61,61,0,0
T2,Dm16,29,15,14,0,60,31,29,0
LMt2,Pm10,21,14,7,0,60,43,17,0
Tm27,LMa1,25,12,13,0,60,27,33,0
TmY4,LT47,24,10,14,0,60,24,36,0
T2a,Tm7,29,12,17,0,60,26,34,0
Li20,LT60,4,2,2,0,60,38,22,0
Tm8b,Li09,24,13,11,0,60,33,27,0
Sm34,Sm07,27,13,14,0,60,26,34,0
Tm5c,LCe01b,26,14,12,0,60,33,27,0
TmY9q⊥,Y3,24,13,11,0,60,34,26,0
Tm5a,Tm32,21,11,10,0,60,29,31,0
R7,Tm27,21,9,12,0,60,29,31,0
TmY11,LTe13,22,9,13,0,60,26,34,0
Dm10,Li11,12,0,12,0,60,0,60,0
Pm05,Tm5e,25,14,11,0,60,36,24,0
Tm27,LC9,28,14,14,0,60,28,32,0
Y3,Tm8b,20,4,16,0,60,8,52,0
T2a,LC31c,25,12,13,0,60,29,31,0
Sm30,MeTu1,25,8,17,0,60,16,44,0
LMa5,Tm2,21,8,13,0,60,24,36,0
Tm5c,Li11,22,8,14,0,60,18,42,0
Tm27,MLt5,28,18,10,0,60,38,22,0
LMa1,Li06,22,7,15,0,60,19,41,0
Li03,LCe01b,23,4,19,0,60,10,50,0
TmY31,Pm10,9,3,6,0,60,6,54,0
Tm3,T5a,24,8,16,0,60,20,40,0
Li01,LC35,25,12,13,0,60,30,30,0
Sm12,Dm2,28,12,16,0,60,25,35,0
Li12,LT63,20,9,11,0,60,26,34,0
LMa2,Pm06,26,17,9,0,60,39,21,0
Tlp4,LMt3,25,12,13,0,60,28,32,0
DmDRA1,MTe06,26,16,10,0,60,36,24,0
MLt3,LT61a,22,3,19,0,60,8,52,0
Tm5f,OA-AL2b1,28,12,16,0,60,24,36,0
Sm12,MTe16,28,20,8,0,60,43,17,0
Li01,LPLC4,26,13,13,0,60,29,31,0
Sm06,LT58,23,13,10,0,60,40,20,0
Tm34,Li03,26,12,14,0,60,26,34,0
Y1,TmY5a,27,15,12,0,60,34,26,0
Sm10,Dm2,15,13,2,0,60,56,4,0
Li19,LT87,4,2,2,0,60,25,35,0
T5b,LLPt,28,12,16,0,60,26,34,0
TmY5a,LTe31,25,13,12,0,60,34,26,0
LPi08,LPT23,22,16,6,0,60,39,21,0
Y3,LPT53,23,14,9,0,60,34,26,0
Tm5b,Sm01,27,16,11,0,60,35,25,0
Tm20,MLt1,28,11,17,0,60,25,35,0
Pm05,C2,11,8,3,0,60,39,21,0
Li01,LT64,18,12,6,0,60,42,18,0
LMt2,Pm06,26,14,12,0,60,31,29,0
LPi01,TmY31,16,4,12,0,60,11,49,0
Dm4,Tm5e,15,10,5,0,60,36,24,0
LMa5,C2,17,10,7,0,60,31,29,0
Mi4,Dm1,27,17,10,0,60,35,25,0
Mi1,Tm9,26,16,10,0,60,37,23,0
LLPt,LTe03,16,9,7,0,60,39,21,0
LPi10,T5c,27,21,6,0,60,45,15,0
Tm7,MeMe_e02,18,10,8,0,60,35,25,0
T5a,LMt4,27,21,6,0,60,47,13,0
Li28,Li31,4,2,2,0,60,26,34,0
Sm30,cM08c,22,13,9,0,60,34,26,0
Pm09,Pm14,26,21,5,0,60,49,11,0
R7,DmDRA2,17,13,4,0,60,43,17,0
Li33,LTe21,2,1,1,0,60,26,34,0
Am1,Pm04,23,12,11,0,60,33,27,0
MeTu4c,LTe75,21,14,7,0,60,39,21,0
LT52,Li02,24,17,7,0,60,45,15,0
LCe02,LTe76,15,9,6,0,60,37,23,0
LLPC1,VCH,23,7,16,0,60,17,43,0
MTe46,LPT51,6,3,3,0,60,25,35,0
LCe03,Li10,27,17,10,0,60,37,23,0
LT43,LTe53,4,2,2,0,60,26,34,0
LC10d,LC10c,21,10,11,0,60,26,34,0
cL16,Li01,26,15,11,0,60,34,26,0
MeTu1,Sm23,27,15,12,0,60,34,26,0
cM01a,MeTu4a,13,5,8,0,60,33,27,0
MeTu4a,MTe45,21,11,10,0,60,28,32,0
LC25,LTe26,21,10,11,0,60,28,32,0
LCe03,LC13,22,17,5,0,60,45,15,0
LPLC2,Tm5f,28,9,19,0,60,21,39,0
LPLC4,Nod1,25,16,9,0,60,41,19,0
LPT54,CB0802,2,1,1,0,60,21,39,0
MTe02,Sm12,18,8,10,0,60,28,32,0
LC28a,LT74,22,12,10,0,60,29,31,0
MeMe_e06,Sm07,21,11,10,0,60,26,34,0
MeMe_e06,MTe19,2,1,1,0,60,37,23,0
LT83,LMa3,13,7,6,0,60,32,28,0
mALD1,LTe38a,5,3,2,0,60,38,22,0
mALD1,LT72,2,1,1,0,60,29,31,0
OA-AL2i2,Pm08,28,16,12,0,60,34,26,0
cM03,Tm32,25,20,5,0,60,49,11,0
aMe17a2,Sm13,18,12,6,0,60,42,18,0
aMe17a2,MeTu3b,16,7,9,0,60,27,33,0
mALC3,Tm2,28,17,11,0,60,37,23,0
LTe38c,LTe46,4,2,2,0,60,31,29,0
OA-ASM1,Tm5f,27,11,16,0,60,24,36,0
OA-ASM1,LC22,26,14,12,0,60,33,27,0
MTe04,Sm10,24,16,8,0,60,42,18,0
LT56,Tm5c,21,12,9,0,60,32,28,0
LTe13,LT53,7,4,3,0,60,32,28,0
cL06,Li33,2,1,1,0,60,36,24,0
cL22b,Tm8b,1,0,1,0,60,0,60,0
cM01b,MTe15,4,2,2,0,60,44,16,0
cM14,Sm11,7,4,3,0,60,35,25,0
cM14,Sm05,15,10,5,0,60,38,22,0
MTe40,aMe17b,4,2,2,0,60,34,26,0
MTe40,Tm31,19,9,10,0,60,21,39,0
cM15,L1,20,8,12,0,60,20,40,0
LTe46,LTe17,2,1,1,0,60,28,32,0
cML01,Mi14,27,13,14,0,60,27,33,0
cLLPM02,MTe03,13,7,6,0,60,39,21,0
LPT47_vCal2,PLP036,2,1,0,1,60,25,0,35
aMe17a1,Tm37,22,14,8,0,60,40,20,0
aMe17a1,Sm09,24,13,11,0,60,31,29,0
LT39,LMt3,17,8,9,0,60,27,33,0
LC10e,AOTU026,9,9,0,0,60,60,0,0
PLP020,PLP248,1,1,0,0,60,60,0,0
T4b,TmY4,27,14,13,0,59,29,30,0
TmY11,Pm09,24,11,13,0,59,24,35,0
Tm5c,MeMe_e02,24,13,11,0,59,33,26,0
Tlp4,LPi12,18,10,8,0,59,25,34,0
TmY5a,Y12,24,6,18,0,59,13,46,0
TmY9q,LPi02,23,15,8,0,59,35,24,0
TmY10,LMt1,25,11,14,0,59,25,34,0
Tm32,Tm5f,27,13,14,0,59,30,29,0
Tm21,TmY31,26,14,12,0,59,33,26,0
Dm8b,Tm27,25,15,10,0,59,34,25,0
Tm5c,LC15,24,10,14,0,59,23,36,0
Dm12,Tm5a,28,11,17,0,59,24,35,0
Tm5e,Tm34,26,11,15,0,59,26,33,0
Y11,Li21,25,11,14,0,59,26,33,0
TmY11,cLP02,22,9,13,0,59,26,33,0
Pm05,Tm20,28,17,11,0,59,36,23,0
R8,R8,18,2,16,0,59,7,52,0
Li21,LT56,14,8,6,0,59,36,23,0
Li21,LT11,15,8,7,0,59,27,32,0
Mi4,Lawf2,22,13,9,0,59,31,28,0
Sm07,Tm31,27,14,13,0,59,30,29,0
Sm02,MeMe_e02,22,10,12,0,59,24,35,0
Tm7,Sm08,22,8,14,0,59,26,33,0
Sm12,Sm07,27,15,12,0,59,31,28,0
Sm30,CB0816,24,15,9,0,59,34,25,0
TmY3,cML01,25,12,13,0,59,30,29,0
T4d,Mi9,27,8,19,0,59,17,42,0
Li17,LT62,26,13,13,0,59,27,32,0
Sm22,TmY10,25,13,12,0,59,35,24,0
Pm01,Y1,25,13,12,0,59,32,27,0
Sm40,MTe49,4,2,2,0,59,28,31,0
TmY5a,LTe74,24,10,14,0,59,26,33,0
Dm8a,MTe03,18,7,11,0,59,21,38,0
TmY14,LPLC4,24,8,16,0,59,22,37,0
Tm20,cM10,25,11,14,0,59,22,37,0
Sm22,Sm22,24,11,13,0,59,22,37,0
Y1,T5b,26,12,14,0,59,29,30,0
Tm3,LT53,25,12,13,0,59,28,31,0
Pm01,TmY14,27,14,13,0,59,31,28,0
TmY11,Tm4,26,15,11,0,59,37,22,0
Tm16,LTe17,24,10,14,0,59,26,33,0
Pm04,Tm4,27,17,10,0,59,35,24,0
Sm27,MTe35,12,6,6,0,59,28,31,0
Tm5c,L3,19,9,10,0,59,35,24,0
Tm5e,Sm32,26,14,12,0,59,34,25,0
Tm5e,LC31c,25,14,11,0,59,33,26,0
LPi05,LPLC1,24,16,8,0,59,38,21,0
Sm05,Mi9,27,16,11,0,59,36,23,0
Sm02,Sm08,25,13,12,0,59,34,25,0
Tm4,Tm5c,27,13,14,0,59,28,31,0
L3,Tm3,19,14,5,0,59,43,16,0
TmY10,Tm21,22,8,14,0,59,17,42,0
Sm31,Sm09,21,8,13,0,59,21,38,0
MLt1,Dm16,26,18,8,0,59,43,16,0
MLt7,Sm06,13,4,9,0,59,8,51,0
Sm07,aMe17a2,25,13,12,0,59,30,29,0
Tm4,LC31a,25,11,14,0,59,27,32,0
Y1,Y4,25,13,12,0,59,34,25,0
TmY20,LPT52,23,14,9,0,59,31,28,0
Sm27,Tm36,25,12,13,0,59,26,33,0
Tm31,LC15,25,12,13,0,59,28,31,0
Li16,LMt1,25,12,13,0,59,29,30,0
MLt1,LT43,23,13,10,0,59,34,25,0
LMa3,LTe12,11,5,6,0,59,28,31,0
TmY4,Tm20,22,12,10,0,59,36,23,0
Tm35,TmY3,26,14,12,0,59,33,26,0
TmY9q⊥,Tm5f,26,12,14,0,59,29,30,0
MLt1,MTe39,18,8,10,0,59,20,39,0
Lawf2,Mi1,19,3,16,0,59,9,50,0
Li26,Li15,22,12,10,0,59,27,32,0
Li10,Tm4,26,10,16,0,59,21,38,0
Dm12,Tm8a,24,10,14,0,59,23,36,0
Li12,LC33a,18,6,12,0,59,18,41,0
Mi14,Mi2,27,17,10,0,59,38,21,0
Tlp1,LPi02,25,17,8,0,59,40,19,0
LPi09,LPi08,27,17,10,0,59,36,23,0
Tm4,Dm14,28,13,15,0,59,28,31,0
Sm02,Mi4,22,11,11,0,59,30,29,0
Y12,LPi15,27,17,10,0,59,37,22,0
L3,Tm4,13,4,9,0,59,28,31,0
Li03,LTe33,13,7,6,0,59,31,28,0
Tm5e,LT64,21,14,7,0,59,41,18,0
L5,Dm20,14,5,9,0,59,10,49,0
Tm37,Li27,20,12,8,0,59,34,25,0
Y1,Li05,21,7,14,0,59,14,45,0
Tm5f,LTe26,18,10,8,0,59,30,29,0
Tm16,Mi13,27,10,17,0,59,22,37,0
Tm20,MTe47,23,13,10,0,59,35,24,0
LPi10,Nod1,16,10,6,0,59,40,19,0
TmY9q⊥,Tm33,26,15,11,0,59,36,23,0
T5d,LLPC1,25,17,8,0,59,40,19,0
Li01,Li02,25,11,14,0,59,25,34,0
TmY15,Pm01,24,14,10,0,59,31,28,0
Sm29,aMe26,16,9,7,0,59,34,25,0
LPi15,vCal1,2,1,1,0,59,25,34,0
Li13,TmY31,24,18,6,0,59,46,13,0
Li13,Tm36,20,8,12,0,59,18,41,0
Tm32,LTe67,16,8,8,0,59,27,32,0
Li10,TmY10,26,10,16,0,59,21,38,0
Tm1,Pm14,16,9,7,0,59,28,31,0
TmY10,LPLC1,22,12,10,0,59,27,32,0
Li10,LTe16,25,13,12,0,59,34,25,0
TmY10,LLPC1,25,18,7,0,59,45,14,0
LMa2,MLt2,24,14,10,0,59,35,24,0
Li32,LC26,16,11,5,0,59,40,19,0
Li32,Li28,4,2,2,0,59,37,22,0
Am1,LPi03,11,5,6,0,59,28,31,0
Tm4,MTe31,21,19,2,0,59,53,6,0
LC21,LMa3,26,11,15,0,59,24,35,0
LT55,LC36,13,6,7,0,59,27,32,0
LC27,LTe25,16,6,10,0,59,18,41,0
LC10e,LC10c,24,12,12,0,59,27,32,0
LT43,LC10d,22,19,3,0,59,53,6,0
LC14b,LTe12,12,7,5,0,59,28,31,0
MTe50,LT53,9,4,5,0,59,27,32,0
LC14b,Pm03,17,9,8,0,59,22,37,0
MTe01b,MeMe_e03,9,4,5,0,59,32,27,0
LC25,LC31a,23,12,11,0,59,30,29,0
MeMe_e08,Tm3,28,18,10,0,59,37,22,0
LC10b,LTe58,23,7,16,0,59,14,45,0
H1,DCH,2,1,1,0,59,34,25,0
LPLC4,LC36,19,11,8,0,59,37,22,0
cL03,Li14,11,6,5,0,59,31,28,0
cLP01,Tlp4,23,17,6,0,59,45,14,0
LPT45_dCal1,LPi01,10,6,4,0,59,46,13,0
LT70,LC14a2,16,8,8,0,59,31,28,0
MTe06,Sm30,21,10,11,0,59,29,30,0
LTe29,Tm31,18,11,7,0,59,37,22,0
cM08a,Tm36,27,7,20,0,59,14,45,0
LCe01b,Li24,17,12,5,0,59,47,12,0
OA-AL2i3,CB0816,13,7,6,0,59,27,32,0
MeLp2,Tlp4,20,8,12,0,59,23,36,0
LC19,LPLC4,19,5,14,0,59,12,47,0
mALD1,LC36,10,6,4,0,59,38,21,0
MTe53,aMe5,17,5,12,0,59,18,41,0
LT74,Li21,17,9,8,0,59,30,29,0
LT40,Tm5c,25,12,13,0,59,27,32,0
MTe52,Pm05,25,15,10,0,59,36,23,0
LTe38a,LC33a,13,7,6,0,59,34,25,0
LT56,Y4,23,8,15,0,59,19,40,0
OA-AL2b2,L5,24,12,12,0,59,32,27,0
MC65,MC65,10,6,4,0,59,38,21,0
cL02a,Li33,6,3,3,0,59,30,29,0
cL02a,LTe15,2,1,1,0,59,42,17,0
cM14,Tm5e,23,14,9,0,59,33,26,0
cM15,Sm26,14,7,7,0,59,31,28,0
cM15,Pm05,19,8,11,0,59,28,31,0
OA-AL2i4,Sm41,2,1,1,0,59,26,33,0
cM04,Sm32,15,6,9,0,59,16,43,0
cM05,LMa2,20,12,8,0,59,38,21,0
MTe28,Tm32,24,15,9,0,59,36,23,0
aMe25,MTe51,9,4,5,0,59,26,33,0
MTe30,Sm19,17,7,10,0,59,23,36,0
MTe30,LC40,8,4,4,0,59,33,26,0
LT41,Li15,11,5,6,0,59,32,27,0
LLPC1,PLP081,8,8,0,0,59,59,0,0
PLP023,LC28a,6,6,0,0,59,59,0,0
T2,LT80,23,2,21,0,58,4,54,0
MLt4,Pm01,25,14,11,0,58,32,26,0
Tm5b,LTe26,22,7,15,0,58,21,37,0
Tlp4,LPT48_vCal3,20,13,7,0,58,38,20,0
TmY11,LC15,21,7,14,0,58,19,39,0
LPi06,LPi02,23,10,13,0,58,26,32,0
Li01,LT84,22,8,14,0,58,22,36,0
Tm21,LT61a,26,8,18,0,58,17,41,0
TmY5a,LTe57,23,11,12,0,58,27,31,0
TmY11,LTe03,19,10,9,0,58,33,25,0
Tm5a,LC21,10,2,8,0,58,4,54,0
TmY3,LC17,25,13,12,0,58,32,26,0
Li07,LLPt,24,11,13,0,58,26,32,0
Li07,Li13,25,15,10,0,58,34,24,0
Tm5f,Sm04,26,13,13,0,58,29,29,0
T2,Mi4,23,4,19,0,58,9,49,0
TmY31,TmY11,27,12,15,0,58,25,33,0
Tm25,LC12,25,8,17,0,58,16,42,0
Mi1,cM15,27,15,12,0,58,31,27,0
Tm5e,TmY11,26,11,15,0,58,23,35,0
TmY31,MTe12,25,13,12,0,58,30,28,0
MLt7,LTe13,15,9,6,0,58,32,26,0
TmY11,Tm27,26,15,11,0,58,34,24,0
Tm25,Li27,23,10,13,0,58,23,35,0
Li17,TmY15,26,15,11,0,58,32,26,0
TmY3,LC22,26,13,13,0,58,29,29,0
TmY10,LTe27,25,12,13,0,58,29,29,0
TmY10,cM08a,22,8,14,0,58,20,38,0
Dm2,Tm8a,25,10,15,0,58,25,33,0
Pm01,Mi13,22,11,11,0,58,33,25,0
Li05,LTe17,16,8,8,0,58,34,24,0
T4b,Li29,23,18,5,0,58,46,12,0
Li03,LT61b,18,12,6,0,58,41,17,0
Tm20,LTe26,24,14,10,0,58,34,24,0
Li13,LC45,24,14,10,0,58,32,26,0
Sm08,T2,27,16,11,0,58,34,24,0
Sm10,Tm5e,28,12,16,0,58,25,33,0
TmY5a,LT1a,27,16,11,0,58,36,22,0
L4,Tm3,24,10,14,0,58,23,35,0
MLt2,LTe17,20,8,12,0,58,24,34,0
Tm37,LCe01a,24,17,7,0,58,38,20,0
Pm10,Y4,26,14,12,0,58,29,29,0
Sm31,Tm5e,27,18,9,0,58,39,19,0
Tlp1,LMa2,20,5,15,0,58,21,37,0
TmY5a,MTe34,26,19,7,0,58,40,18,0
MLt1,MTe36,11,6,5,0,58,41,17,0
Li10,Tm5d,23,15,8,0,58,31,27,0
Li10,LCe07,24,13,11,0,58,33,25,0
Sm27,MTe39,7,4,3,0,58,28,30,0
Tm31,Tm8a,26,15,11,0,58,35,23,0
T3,Li05,21,4,17,0,58,8,50,0
Tm5e,LTe68,21,6,15,0,58,13,45,0
Tm31,Tm7,27,14,13,0,58,28,30,0
Tm4,cL14,10,0,10,0,58,0,58,0
TmY15,C2,25,17,8,0,58,39,19,0
T5b,LPi04,22,15,7,0,58,40,18,0
Tm5a,Li18,23,6,17,0,58,18,40,0
Sm41,aMe17a1,2,1,1,0,58,38,20,0
TmY11,cL02c,18,8,10,0,58,22,36,0
Sm31,MTe49,12,6,6,0,58,30,28,0
Sm07,Pm14,18,15,3,0,58,51,7,0
Li09,LPLC2,26,14,12,0,58,31,27,0
Sm25,MLt5,23,15,8,0,58,42,16,0
Tm1,MTe08,16,11,5,0,58,43,15,0
LPi09,Y3,23,7,16,0,58,14,44,0
TmY3,T2a,23,8,15,0,58,20,38,0
TmY4,Pm07,24,8,16,0,58,20,38,0
TmY5a,MTe49,23,14,9,0,58,34,24,0
TmY31,LC44,19,7,12,0,58,19,39,0
T5d,LLPC4,19,10,9,0,58,36,22,0
LMa2,LC12,24,14,10,0,58,33,25,0
Sm29,MeTu4a,22,15,7,0,58,42,16,0
Sm29,cM14,8,5,3,0,58,32,26,0
Tm5d,LPLC1,19,13,6,0,58,37,21,0
Tm16,LTe38a,22,14,8,0,58,36,22,0
Li08,LPLC4,24,10,14,0,58,20,38,0
MLt2,LTe76,21,12,9,0,58,29,29,0
Tlp1,T5c,26,19,7,0,58,40,18,0
LPi08,LPi08,25,19,6,0,58,44,14,0
Li25,LC31b,14,6,8,0,58,30,28,0
Sm26,MTe48,8,7,1,0,58,54,4,0
Sm30,MeTu3a,24,19,5,0,58,44,14,0
Sm36,Tm36,26,10,16,0,58,21,37,0
MLt2,Tm31,25,16,9,0,58,39,19,0
CT1,Am1,2,1,1,0,58,9,49,0
MeTu3a,aMe5,23,13,10,0,58,35,23,0
LC28a,Li32,15,10,5,0,58,29,29,0
LC21,LC15,24,11,13,0,58,27,31,0
LC27,LTe49a,13,7,6,0,58,34,24,0
MeTu4c,Sm08,26,16,10,0,58,36,22,0
LC40,Li28,12,4,8,0,58,16,42,0
LC25,LPLC4,23,8,15,0,58,19,39,0
LCe01b,Li18,24,14,10,0,58,33,25,0
LC18,Li16,27,14,13,0,58,31,27,0
LC28a,LPLC4,26,14,12,0,58,30,28,0
cL01,LTe69,9,3,6,0,58,19,39,0
cLPL01,LPi02,14,6,8,0,58,15,43,0
MeTu1,aMe19b,23,14,9,0,58,35,23,0
LC22,LC20a,24,19,5,0,58,45,13,0
LPLC1,LMt1,26,13,13,0,58,32,26,0
LPLC4,LC46,21,8,13,0,58,20,38,0
LLPC2,LT53,24,14,10,0,58,34,24,0
LC6,LC36,23,12,11,0,58,31,27,0
cL02d,Y1,17,5,12,0,58,17,41,0
MeTu4c,PLP251,16,6,10,0,58,18,40,0
MTe01a,MeTu1,25,21,4,0,58,50,8,0
MeTu3c,MeTu1,27,18,9,0,58,40,18,0
cL16,Li10,27,20,7,0,58,43,15,0
MeMe_e08,T2a,26,14,12,0,58,30,28,0
cL14,TmY31,24,10,14,0,58,26,32,0
MeMe_e02,Pm13,8,3,5,0,58,22,36,0
H1,Tlp1,15,9,6,0,58,24,34,0
LPLC2,LC31a,23,15,8,0,58,36,22,0
MeTu3c,Sm12,24,8,16,0,58,18,40,0
LT57,LT57,15,5,10,0,58,20,38,0
LPT23,H2,6,3,3,0,58,37,21,0
cL07,LT61b,2,1,1,0,58,23,35,0
cM17,Sm22,19,8,11,0,58,27,31,0
LTe06,Li10,13,5,8,0,58,28,30,0
LPT50,LPi06,16,12,4,0,58,47,11,0
LT83,LMa2,20,10,10,0,58,26,32,0
cL01,Li11,20,12,8,0,58,36,22,0
CB0802,cM15,4,1,1,2,58,10,19,29
mALD1,LPLC4,13,8,5,0,58,40,18,0
cLLP02,Li02,25,10,15,0,58,22,36,0
cLLP02,LC13,25,9,16,0,58,20,38,0
cL17,LC10c,20,11,9,0,58,35,23,0
cM11,MeTu3b,13,0,13,0,58,0,58,0
LC39,LC10e,20,14,6,0,58,39,19,0
LC10b,Tm5a,10,5,5,0,58,29,29,0
CB0472,Li05,22,14,8,0,58,40,18,0
MC65,MTe28,6,3,3,0,58,31,27,0
cM12,TmY4,16,4,12,0,58,13,45,0
CB0566,MTe25,3,2,1,0,58,23,35,0
aMe22,aMe13,2,1,1,0,58,35,23,0
cL22b,LT52,12,6,6,0,58,39,19,0
cM14,MTe50,19,11,8,0,58,34,24,0
cLP04,Y1,13,8,5,0,58,32,26,0
CB3238,LTe65,6,3,2,1,58,27,25,6
OA-AL2i1,Dm20,21,14,7,0,58,36,22,0
MTe32,LTe55,2,1,1,0,58,36,22,0
cM04,Mi10,16,9,7,0,58,38,20,0
cL04,LTe45,4,2,2,0,58,28,30,0
cL05,Tm7,20,9,11,0,58,26,32,0
LPT52,cL18,4,2,2,0,58,28,30,0
aMe17a1,MLt6,19,14,5,0,58,44,14,0
LT39,Tm5e,24,12,12,0,58,28,30,0
Li17,LMa5,26,13,13,0,57,28,29,0
L3,CB0816,26,13,13,0,57,28,29,0
Tm5c,Tm32,27,14,13,0,57,31,26,0
MLt4,T3,20,10,10,0,57,29,28,0
TmY20,LT77,21,4,17,0,57,15,42,0
TmY20,LC14b,20,9,11,0,57,30,27,0
Tm8a,LC21,16,5,11,0,57,20,37,0
Dm8b,MTe07,25,11,14,0,57,23,34,0
TmY10,MeTu4c,26,12,14,0,57,26,31,0
Sm18,MeMe_e05,14,6,8,0,57,33,24,0
Tm32,Tm20,24,9,15,0,57,21,36,0
TmY11,Tm33,23,12,11,0,57,31,26,0
Tm5f,TmY20,23,10,13,0,57,27,30,0
Tm1,Li20,12,8,4,0,57,42,15,0
MLt5,cM07,17,8,9,0,57,30,27,0
Dm20,Tm2,24,8,16,0,57,21,36,0
Sm02,MTe05,23,13,10,0,57,34,23,0
Tm35,LTe14,22,9,13,0,57,24,33,0
Pm07,TmY10,25,8,17,0,57,18,39,0
Tm5b,MTe38,23,7,16,0,57,17,40,0
TmY5a,Sm32,25,6,19,0,57,16,41,0
MLt4,Li05,20,9,11,0,57,25,32,0
Pm08,C3,24,15,9,0,57,38,19,0
TmY15,LC31a,24,16,8,0,57,39,18,0
Sm40,cM08b,8,4,4,0,57,33,24,0
Mi15,Sm15,24,12,12,0,57,25,32,0
LMt3,LLPt,19,6,13,0,57,20,37,0
Sm09,Tm5f,26,14,12,0,57,29,28,0
LPi07,TmY5a,25,12,13,0,57,27,30,0
Dm14,Dm16,25,10,15,0,57,25,32,0
L3,TmY3,19,5,14,0,57,13,44,0
LMa1,Pm09,22,10,12,0,57,26,31,0
Sm06,MTe01b,19,5,14,0,57,10,47,0
T3,LC14a2,15,8,7,0,57,32,25,0
T3,TmY14,24,13,11,0,57,28,29,0
T4c,LPi01,23,17,6,0,57,44,13,0
TmY31,MLt7,26,15,11,0,57,30,27,0
TmY31,LC15,21,7,14,0,57,21,36,0
MLt2,MLt5,25,14,11,0,57,33,24,0
T5b,Tlp5,25,18,7,0,57,42,15,0
LMt4,LMt4,22,11,11,0,57,33,24,0
C3,Pm03,21,12,9,0,57,37,20,0
Sm27,Tm27,24,12,12,0,57,31,26,0
LMt1,LTe05,13,8,5,0,57,46,11,0
Dm8a,MeTu4a,21,9,12,0,57,25,32,0
TmY9q⊥,LC21,22,8,14,0,57,20,37,0
Li19,LT83,4,2,2,0,57,7,50,0
Sm08,Dm11,23,9,14,0,57,20,37,0
LMa3,TmY5a,23,11,12,0,57,27,30,0
TmY31,LTe43,21,9,12,0,57,23,34,0
TmY31,MLt4,25,14,11,0,57,34,23,0
Sm12,cM17,17,11,6,0,57,40,17,0
Li10,LC43,24,14,10,0,57,35,22,0
Li01,LTe14,24,11,13,0,57,26,31,0
LPi08,LLPC3,27,21,6,0,57,44,13,0
Tm5c,Tm3,26,14,12,0,57,28,29,0
Li13,LTe25,9,5,4,0,57,26,31,0
T4c,LPi14,26,19,7,0,57,41,16,0
T2,L2,13,5,8,0,57,11,46,0
TmY9q⊥,LT36,25,8,17,0,57,18,39,0
Pm06,Pm01,26,13,13,0,57,27,30,0
Dm8b,MTe03,18,10,8,0,57,36,21,0
TmY4,MTe51,26,15,11,0,57,33,24,0
T3,LC31b,13,9,4,0,57,47,10,0
TmY9q⊥,LC14b,23,9,14,0,57,24,33,0
Sm02,MTe23,19,11,8,0,57,26,31,0
Dm10,L5,25,15,10,0,57,35,22,0
TmY4,Li17,24,11,13,0,57,25,32,0
Sm08,MTe01b,25,14,11,0,57,34,23,0
Li03,LTe12,14,9,5,0,57,32,25,0
Tm1,Lawf1,19,12,7,0,57,30,27,0
Tm36,MTe46,24,10,14,0,57,27,30,0
Li28,Tm5c,21,15,6,0,57,41,16,0
Li04,LTe03,9,7,2,0,57,47,10,0
TmY5a,Pm11,26,17,9,0,57,38,19,0
Li24,LC25,22,13,9,0,57,33,24,0
Sm18,MTe01b,15,8,7,0,57,29,28,0
Sm42,Sm14,18,10,8,0,57,24,33,0
Li25,LC4,20,8,12,0,57,21,36,0
TmY9q,LMa1,22,15,7,0,57,41,16,0
Sm33,MLt7,14,10,4,0,57,42,15,0
Sm10,aMe3,9,6,3,0,57,43,14,0
Li32,Li27,4,2,2,0,57,35,22,0
Li29,TmY9q⊥,26,11,15,0,57,25,32,0
Li29,TmY20,23,13,10,0,57,33,24,0
LC22,TmY5a,26,18,8,0,57,39,18,0
LC18,LMa1,23,13,10,0,57,31,26,0
LC28a,LTe75,16,6,10,0,57,23,34,0
LC11,LMt3,24,15,9,0,57,34,23,0
LPC1,T5b,27,16,11,0,57,33,24,0
cL01,LC33a,18,9,9,0,57,31,26,0
cL22a,LTe49e,2,1,1,0,57,37,20,0
cL22a,LTe38b,5,2,3,0,57,33,24,0
LT34,LC10a,23,13,10,0,57,29,28,0
LC14a2,LTe21,12,5,7,0,57,30,27,0
MeTu4a,Tm5e,23,11,12,0,57,28,29,0
LT43,cM09,10,6,4,0,57,31,26,0
LT43,LC20b,15,12,3,0,57,51,6,0
LC14b,Li27,18,10,8,0,57,33,24,0
LTe03,LT51,12,6,6,0,57,27,30,0
MeTu3c,Sm31,24,8,16,0,57,20,37,0
LC20b,Li32,19,10,9,0,57,33,24,0
LLPC3,LPT26,17,10,7,0,57,34,23,0
aMe5,Mi15,22,5,17,0,57,10,47,0
cL14,LPLC2,25,15,10,0,57,33,24,0
cL14,cL05,2,1,1,0,57,40,17,0
LCe01b,LTe10,11,7,4,0,57,41,16,0
MTe51,LTe51,9,5,4,0,57,33,24,0
MeTu4c,Tm34,25,14,11,0,57,29,28,0
LPT45_dCal1,Y11,19,12,7,0,57,39,18,0
LC37a,LTe58,10,4,6,0,57,24,33,0
LT70,cLLP02,14,7,7,0,57,21,36,0
cM06,CT1,2,1,1,0,57,35,22,0
LT72,LC33a,8,4,4,0,57,33,24,0
LT57,LC40,20,9,11,0,57,29,28,0
LT57,cL05,10,4,6,0,57,19,38,0
LTe22,TmY10,23,9,14,0,57,21,36,0
LTe22,Li33,2,1,1,0,57,43,14,0
aMe17c,L3,15,6,9,0,57,24,33,0
MTe12,LT58,5,3,2,0,57,19,38,0
LT63,LC14a2,17,8,9,0,57,21,36,0
MeMe_e07,MeLp1,14,0,0,14,57,0,0,57
LPLC4,LPi05,24,19,5,0,57,46,11,0
LC28a,Li30,17,11,6,0,57,40,17,0
LPC1,Tlp1,22,13,9,0,57,34,23,0
aMe19b,Sm18,15,6,9,0,57,22,35,0
LT40,cL16,3,2,1,0,57,34,23,0
OA-ASM1,Tm20,27,14,13,0,57,28,29,0
LT86,cLLPM02,2,1,1,0,57,45,12,0
cM08c,MTe36,4,3,1,0,57,42,15,0
CB0592,Tlp4,22,14,8,0,57,39,18,0
MeTu4b,LTe72,13,6,7,0,57,26,31,0
MTe16,Sm42,4,2,2,0,57,40,17,0
LC10b,LTe03,18,13,5,0,57,45,12,0
cM14,Sm42,2,1,1,0,57,31,26,0
cLP04,LPLC2,16,10,6,0,57,31,26,0
OA-AL2i1,Pm10,21,15,6,0,57,41,16,0
cM15,MLt2,22,10,12,0,57,26,31,0
LTe17,LC14a2,8,4,4,0,57,27,30,0
LPT27,LPT53,2,1,1,0,57,27,30,0
LPT27,LPi11,13,7,6,0,57,32,25,0
MTe35,Tm5b,26,11,15,0,57,24,33,0
MTe28,aMe17a2,2,1,1,0,57,23,34,0
MTe18,PLP217,2,0,2,0,57,0,57,0
cLLPM02,cL05,2,1,1,0,57,32,25,0
LT39,LC10e,15,5,10,0,57,24,33,0
LTe10,LTe33,5,2,3,0,57,29,28,0
cM16,Tm5a,22,12,10,0,57,34,23,0
Dm8b,AVLP534,13,13,0,0,57,57,0,0
LHPV2i2a,CB0143,1,1,0,0,57,57,0,0
LTe09,MTe09,8,8,0,0,57,57,0,0
cL02b,LT70,7,7,0,0,57,57,0,0
DNg33,AN_multi_125,2,2,0,0,57,57,0,0
LC10f,AOTU026,2,2,0,0,57,57,0,0
cL02a,Li27,2,2,0,0,57,57,0,0
Tm5a,LC6,20,7,13,0,56,17,39,0
T5c,Tm4,26,5,21,0,56,11,45,0
Mi1,Tm16,17,8,9,0,56,25,31,0
Tm8a,LTe29,17,9,8,0,56,30,26,0
Tm2,Mi10,24,16,8,0,56,38,18,0
Tm25,Tm36,25,10,15,0,56,23,33,0
Tm20,Tm21,24,10,14,0,56,25,31,0
TmY3,Pm05,23,8,15,0,56,16,40,0
TmY10,Li06,24,10,14,0,56,25,31,0
Tm5c,MeTu4a,20,4,16,0,56,11,45,0
Li02,LT58,20,17,3,0,56,50,6,0
Tm5e,aMe20,23,11,12,0,56,26,30,0
Pm05,TmY11,25,10,15,0,56,22,34,0
TmY10,LT55,24,13,11,0,56,30,26,0
Dm12,TmY10,23,7,16,0,56,19,37,0
Dm12,Tm1,25,14,11,0,56,29,27,0
LLPt,Li27,20,12,8,0,56,35,21,0
Tlp5,LPi02,22,16,6,0,56,43,13,0
T3,LC10a,24,11,13,0,56,27,29,0
Tm5a,LPLC2,26,11,15,0,56,22,34,0
Tm4,LPC1,21,12,9,0,56,36,20,0
Tm5f,LMa1,26,16,10,0,56,35,21,0
LPi10,Y3,24,10,14,0,56,21,35,0
C2,T3,21,11,10,0,56,28,28,0
Tm3,Tm7,20,4,16,0,56,8,48,0
Li02,LC29,20,13,7,0,56,33,23,0
TmY5a,LT84,19,14,5,0,56,45,11,0
LPi11,T5d,27,18,9,0,56,37,19,0
T2,TmY4,26,16,10,0,56,34,22,0
T5b,Tm4,28,8,20,0,56,16,40,0
Sm12,Sm18,23,11,12,0,56,24,32,0
TmY15,Mi10,24,17,7,0,56,41,15,0
Mi15,MeLp1,24,14,10,0,56,32,24,0
Tm16,cL13,22,8,14,0,56,20,36,0
Tm7,LMa4,21,8,13,0,56,21,35,0
TmY16,Pm14,23,11,12,0,56,28,28,0
Y3,Sm09,21,16,5,0,56,44,12,0
Tm5a,LC16,21,10,11,0,56,25,31,0
Li18,LCe02,23,15,8,0,56,39,17,0
TmY4,Li07,24,11,13,0,56,24,32,0
LMt4,Li24,19,13,6,0,56,42,14,0
MLt1,Dm3v,25,15,10,0,56,33,23,0
Tm5c,LCe08,25,15,10,0,56,34,22,0
Sm03,MeMe_e03,23,13,10,0,56,31,25,0
Tm5f,LLPt,22,11,11,0,56,28,28,0
LMa3,Li15,19,8,11,0,56,18,38,0
LPi07,Tlp14,23,14,9,0,56,30,26,0
MLt1,Mi13,26,19,7,0,56,42,14,0
LMt1,LT83,18,9,9,0,56,21,35,0
Mi10,T2,26,19,7,0,56,40,16,0
LPi04,LPTe01,18,16,2,0,56,51,5,0
Dm2,aMe4,23,16,7,0,56,41,15,0
T4c,T2,21,12,9,0,56,33,23,0
Sm30,Sm39,15,9,6,0,56,30,26,0
Li11,Tm35,23,9,14,0,56,22,34,0
T2a,Li15,26,19,7,0,56,42,14,0
Tm2,Pm14,21,14,7,0,56,35,21,0
LMa3,LT11,16,9,7,0,56,29,27,0
Sm26,Sm12,24,6,18,0,56,14,42,0
Dm6,Tm21,25,11,14,0,56,26,30,0
T2a,MTe03,25,19,6,0,56,42,14,0
TmY5a,Tm32,23,12,11,0,56,30,26,0
Sm32,Tm37,22,11,11,0,56,30,26,0
LPi10,TmY3,26,13,13,0,56,27,29,0
Tm31,MLt2,21,10,11,0,56,26,30,0
TmY9q,Li09,22,9,13,0,56,18,38,0
MLt5,MLt4,21,12,9,0,56,30,26,0
Li28,LC18,22,11,11,0,56,23,33,0
Li04,LC28a,18,11,7,0,56,34,22,0
Li31,Li02,21,15,6,0,56,43,13,0
Li31,LTe41,2,1,1,0,56,33,23,0
Li31,LTe08,2,1,1,0,56,34,22,0
Sm42,Tm37,12,7,5,0,56,41,15,0
Li33,Li31,2,1,1,0,56,19,37,0
Li32,Y11,25,10,15,0,56,22,34,0
Li32,LT80,4,2,2,0,56,32,24,0
Am1,Tm25,26,14,12,0,56,31,25,0
LPi13,LPT28,2,1,1,0,56,49,7,0
LC22,LC10a,24,16,8,0,56,38,18,0
LC27,aMe20,16,9,7,0,56,34,22,0
LLPC2,LC13,25,14,11,0,56,33,23,0
LT87,Li24,8,5,3,0,56,28,28,0
cM09,aMe10,6,2,4,0,56,16,40,0
cM09,OA-AL2i3,9,6,3,0,56,45,11,0
cL01,LTe49b,12,2,10,0,56,10,46,0
LLPC1,TmY5a,26,15,11,0,56,32,24,0
MeMe_e01,TmY3,20,11,9,0,56,33,23,0
cLP02,LPT23,17,10,7,0,56,24,32,0
MeTu4c,LTe49a,17,11,6,0,56,37,19,0
LLPC2,TmY4,25,13,12,0,56,28,28,0
LC20b,TmY20,14,1,13,0,56,2,54,0
LC22,LC11,24,11,13,0,56,26,30,0
LC14b,TmY15,13,8,5,0,56,38,18,0
LC14a1,TmY16,6,3,3,0,56,6,50,0
cL14,Tm32,22,9,13,0,56,21,35,0
LC10b,LC10d,23,16,7,0,56,40,16,0
MTe14,Tm7,23,11,12,0,56,25,31,0
LC20b,Tlp5,22,14,8,0,56,36,20,0
LT62,OA-AL2b2,5,3,2,0,56,33,23,0
CB0816,TmY10,25,13,12,0,56,29,27,0
aMe26,Sm14,18,14,4,0,56,45,11,0
aMe26,Sm12,23,12,11,0,56,26,30,0
LPTe01,cLP02,27,21,6,0,56,44,12,0
cL08,LT82a,5,3,2,0,56,39,17,0
LPLC1,LC9,21,11,10,0,56,34,22,0
LC37a,LTe69,7,3,4,0,56,18,38,0
LPTe01,TmY4,22,18,4,0,56,47,9,0
l-LNv,Tm21,26,10,16,0,56,23,33,0
aMe1,aMe20,4,2,2,0,56,22,34,0
LC24,LT58,21,18,3,0,56,50,6,0
MTe04,Sm07,21,16,5,0,56,43,13,0
LTe22,LC33a,9,5,4,0,56,38,18,0
LPT50,LPi05,12,11,1,0,56,53,3,0
cLLP02,Li32,4,2,2,0,56,22,34,0
cM02a,MeMe_e02,9,4,5,0,56,35,21,0
LC37a,LC40,14,7,7,0,56,28,28,0
cM11,MLt6,14,0,14,0,56,0,56,0
LTe33,LTe30,5,2,3,0,56,23,33,0
LT40,LCe07,10,5,5,0,56,27,29,0
mALC5,LC29,11,7,4,0,56,21,35,0
MC65,Tm5e,23,14,9,0,56,35,21,0
cL02a,cL05,6,4,2,0,56,37,19,0
cM15,Sm08,16,11,5,0,56,37,19,0
H2,LPi14,4,2,2,0,56,20,36,0
LT36,LC40,14,7,7,0,56,19,37,0
cL04,Li12,15,8,7,0,56,29,27,0
cL05,LTe16,2,1,1,0,56,23,33,0
cMLLP01,Pm05,20,7,13,0,56,20,36,0
cMLLP01,Li32,2,1,1,0,56,30,26,0
DNpe053,LTe71,3,1,1,1,56,21,28,7
LPT52,cLLPM02,2,1,1,0,56,27,29,0
T5c,LPT23,19,1,18,0,55,2,53,0
Tm3,OA-AL2i2,27,15,12,0,55,31,24,0
TmY20,VCH,23,17,6,0,55,38,17,0
Li08,LC19,19,8,11,0,55,29,26,0
Tm8a,LTe14,21,6,15,0,55,20,35,0
TmY10,LTe31,23,8,15,0,55,20,35,0
Sm15,MLt7,23,9,14,0,55,21,34,0
TmY5a,Li17,26,14,12,0,55,30,25,0
TmY3,Nod2,23,6,17,0,55,15,40,0
T2a,Mi4,24,13,11,0,55,28,27,0
Tm5f,LC24,25,11,14,0,55,25,30,0
Tm5e,LCe05,23,12,11,0,55,30,25,0
Sm34,Tm5a,26,14,12,0,55,29,26,0
Tlp1,LC18,23,12,11,0,55,27,28,0
Pm01,CB0592,22,13,9,0,55,34,21,0
TmY9q,Li16,24,11,13,0,55,27,28,0
Li14,LC4,25,15,10,0,55,34,21,0
Dm2,Sm09,23,10,13,0,55,22,33,0
Li02,OA-AL2b1,14,4,10,0,55,8,47,0
Dm20,MLt3,23,8,15,0,55,17,38,0
C3,LMt1,26,13,13,0,55,28,27,0
Li10,LTe73,19,9,10,0,55,26,29,0
Li10,TmY4,22,9,13,0,55,21,34,0
Mi1,Dm3q,23,9,14,0,55,18,37,0
T4a,T5b,22,2,20,0,55,4,51,0
Tlp5,Tm3,24,9,15,0,55,23,32,0
Tm35,LC17,22,13,9,0,55,35,20,0
Tm35,Li15,20,12,8,0,55,33,22,0
TmY9q,Tlp5,26,10,16,0,55,22,33,0
Tm16,Dm10,23,12,11,0,55,27,28,0
TmY10,LTe43,21,9,12,0,55,19,36,0
Li02,LTe60,15,6,9,0,55,18,37,0
TmY5a,Sm22,23,10,13,0,55,27,28,0
Tm4,Dm15,27,14,13,0,55,28,27,0
Tlp1,LPC2,20,11,9,0,55,29,26,0
LMt3,TmY5a,23,9,14,0,55,21,34,0
TmY5a,Dm19,26,7,19,0,55,17,38,0
Li02,Li27,22,15,7,0,55,38,17,0
Mi13,TmY5a,26,13,13,0,55,28,27,0
Pm01,Tm2,20,12,8,0,55,35,20,0
Y3,LPi14,22,12,10,0,55,26,29,0
Mi10,Sm15,19,9,10,0,55,18,37,0
MLt7,MLt8,19,8,11,0,55,20,35,0
MLt7,Sm32,22,8,14,0,55,21,34,0
TmY9q⊥,TmY20,22,12,10,0,55,32,23,0
Tlp5,Tlp1,20,12,8,0,55,33,22,0
Tm16,Tm8b,18,10,8,0,55,26,29,0
Y4,cL21,23,15,8,0,55,39,16,0
Tm36,Tm5b,25,9,16,0,55,19,36,0
Dm4,Dm9,22,20,2,0,55,51,4,0
TmY5a,LPi02,26,17,9,0,55,35,20,0
MLt3,Mi4,16,3,13,0,55,6,49,0
Tm20,Tm27,22,13,9,0,55,32,23,0
T4a,Y4,25,14,11,0,55,31,24,0
Pm10,C2,23,11,12,0,55,27,28,0
Sm17,MeTu3c,22,14,8,0,55,36,19,0
Tm5e,LCe08,21,17,4,0,55,47,8,0
Li10,LC24,22,12,10,0,55,28,27,0
Dm3v,LPi05,12,0,12,0,55,0,55,0
Dm8b,Tm20,20,6,14,0,55,15,40,0
LMa3,Pm14,18,11,7,0,55,33,22,0
LMa3,LT83,16,8,8,0,55,24,31,0
TmY5a,LC25,23,7,16,0,55,14,41,0
Dm11,Sm02,19,10,9,0,55,31,24,0
L4,Dm12,21,6,15,0,55,12,43,0
TmY11,LTe54,22,7,15,0,55,17,38,0
Tm16,LTe06,16,5,11,0,55,11,44,0
Mi1,R8,11,2,9,0,55,9,46,0
Tm5c,LC20a,22,10,12,0,55,23,32,0
MLt1,LT64,16,12,4,0,55,37,18,0
Sm03,Tm5c,24,14,10,0,55,33,22,0
MLt1,Dm3q,23,12,11,0,55,26,29,0
TmY5a,L5,26,13,13,0,55,27,28,0
Tm36,Li27,15,10,5,0,55,40,15,0
Tm36,Li05,22,10,12,0,55,20,35,0
LPi14,TmY9q,11,4,7,0,55,17,38,0
MLt3,Tm9,27,15,12,0,55,30,25,0
Tm16,PLP051,20,12,8,0,55,34,21,0
MLt7,MTe09,17,10,7,0,55,31,24,0
Tm5d,LT52,7,3,4,0,55,7,48,0
Pm06,TmY16,27,17,10,0,55,35,20,0
Mi14,MLt3,25,16,9,0,55,34,21,0
Li10,LC14b,23,14,9,0,55,37,18,0
Li13,mALC5,18,12,6,0,55,32,23,0
TmY9q⊥,Tm20,25,11,14,0,55,23,32,0
TmY15,LC10d,22,14,8,0,55,38,17,0
Tm4,PDt,22,14,8,0,55,38,17,0
Sm17,MeMe_e05,9,5,4,0,55,36,19,0
Sm19,Sm15,22,11,11,0,55,25,30,0
Y11,Li26,20,8,12,0,55,25,30,0
Pm14,MLt1,18,12,6,0,55,42,13,0
Li31,Li24,10,6,4,0,55,31,24,0
Li24,LTe65,6,5,1,0,55,37,18,0
Li16,LC14b,20,9,11,0,55,23,32,0
Sm42,Mi14,19,7,12,0,55,19,36,0
LPi05,Tlp5,21,17,4,0,55,47,8,0
LPi09,LLPC4,12,9,3,0,55,43,12,0
Li33,LTe22,2,1,1,0,55,23,32,0
Mi9,Dm9,19,16,3,0,55,49,6,0
Pm13,MeLp2,3,1,2,0,55,25,30,0
Li32,LMa3,16,9,7,0,55,34,21,0
T5a,LPT45_dCal1,19,18,1,0,55,53,2,0
Li30,LC26,19,12,7,0,55,34,21,0
Li29,Tm5f,27,17,10,0,55,34,21,0
Sm37,Dm2,23,11,12,0,55,25,30,0
LPi13,cLP01,14,8,6,0,55,32,23,0
LPi13,VST1,4,2,2,0,55,45,10,0
LC24,Li01,26,14,12,0,55,31,24,0
LC10b,cL22b,18,9,9,0,55,27,28,0
LC40,LTe42c,16,8,8,0,55,25,30,0
MTe03,Sm36,19,7,12,0,55,16,39,0
MTe03,TmY10,24,6,18,0,55,14,41,0
LPC1,LPi07,19,3,16,0,55,8,47,0
cL22a,LC10f,4,2,2,0,55,17,38,0
cLP02,LPi07,23,11,12,0,55,31,24,0
LC14a1,LC39,5,4,1,0,55,49,6,0
LC14a1,LT39,13,8,5,0,55,28,27,0
LC14a1,Tm5e,21,11,10,0,55,26,29,0
aMe4,C2,24,12,12,0,55,27,28,0
LC14a1,LC18,18,8,10,0,55,23,32,0
cLP02,Li05,19,10,9,0,55,32,23,0
LT43,Li01,19,14,5,0,55,43,12,0
LT43,LTe23,4,2,2,0,55,36,19,0
MeTu3c,MTe01b,22,7,15,0,55,20,35,0
MeTu4c,LC14b,20,14,6,0,55,38,17,0
LC40,LTe46,14,7,7,0,55,26,29,0
MeTu3c,Sm07,25,14,11,0,55,29,26,0
LT52,Li33,16,10,6,0,55,38,17,0
MTe09,Sm29,17,9,8,0,55,36,19,0
LC24,LT78,17,9,8,0,55,28,27,0
CB0816,Mi10,24,11,13,0,55,24,31,0
cM08c,LTe11,6,3,3,0,55,33,22,0
aMe9,Sm38,8,4,4,0,55,32,23,0
MeMe_e02,Tm16,21,9,12,0,55,29,26,0
OA-AL2i3,PDt,15,9,6,0,55,38,17,0
OA-AL2i3,aMe4,17,7,10,0,55,26,29,0
OA-AL2i3,MTe43,4,2,2,0,55,27,28,0
cM02b,MLt6,17,9,8,0,55,35,20,0
aMe1,CB0802,3,1,2,0,55,6,49,0
MTe02,Sm27,22,11,11,0,55,27,28,0
LT72,Li10,20,11,9,0,55,27,28,0
aMe17c,MLt3,6,0,6,0,55,0,55,0
cM07,TmY10,20,13,7,0,55,34,21,0
mALD1,LPTe02,6,4,2,0,55,37,18,0
cLLP02,TmY9q⊥,25,9,16,0,55,18,37,0
MTe03,Sm13,21,13,8,0,55,36,19,0
LTe04,LTe38a,6,3,3,0,55,21,34,0
cL17,LTe75,4,2,2,0,55,34,21,0
cLLPM01,Pm07,12,4,8,0,55,11,44,0
mALD2,LTe40,2,1,1,0,55,35,20,0
MeMe_e05,MTe46,3,0,0,3,55,0,0,55
VST1,VSm,7,4,3,0,55,44,11,0
LPT26,vCal1,2,1,1,0,55,31,24,0
LPT26,LPT51,2,1,1,0,55,38,17,0
mALC3,LT11,2,1,1,0,55,22,33,0
mALC5,LT57,9,5,4,0,55,36,19,0
mALC5,OA-AL2i1,2,1,1,0,55,22,33,0
OA-ASM1,Li13,25,17,8,0,55,37,18,0
LTe05,PLP185,2,1,1,0,55,22,33,0
OA-AL2b2,Dm9,24,17,7,0,55,38,17,0
OA-AL2b2,Mi15,24,15,9,0,55,35,20,0
LT65,LTe45,2,1,1,0,55,31,24,0
CB0592,Sm04,19,10,9,0,55,31,24,0
CB0592,Tm16,7,0,7,0,55,0,55,0
VS1,LPi11,11,7,4,0,55,46,9,0
VS1,LPLC2,19,18,1,0,55,52,3,0
VCH,Y1,22,6,16,0,55,12,43,0
aMe22,cL04,4,2,2,0,55,29,26,0
cM15,Pm07,18,7,11,0,55,16,39,0
LTe46,LT68,4,2,2,0,55,28,27,0
cM04,aMe5,18,8,10,0,55,29,26,0
LPT57,LLPt,16,11,5,0,55,37,18,0
LPT57,LPi13,2,1,1,0,55,21,34,0
LT36,LT11,2,1,1,0,55,6,49,0
LT58,LCe01b,16,13,3,0,55,46,9,0
cLLPM02,LPT30,2,1,1,0,55,29,26,0
cMLLP01,LC10a,19,6,13,0,55,16,39,0
cL13,LTe49f,3,2,1,0,55,36,19,0
Tlp1,VST2,21,21,0,0,55,55,0,0
T2a,LCe06,15,15,0,0,55,55,0,0
TmY31,LT74,19,3,16,0,54,7,47,0
Sm01,MTe51,21,15,6,0,54,38,16,0
LPi06,LMa4,23,8,15,0,54,17,37,0
T4a,LPC2,22,9,13,0,54,22,32,0
T4a,Am1,21,5,16,0,54,11,43,0
T2a,cL08,24,11,13,0,54,23,31,0
Tm8a,LT69,17,9,8,0,54,31,23,0
LPi06,LLPC3,25,14,11,0,54,31,23,0
Mi15,aMe12,24,15,9,0,54,35,19,0
LPi04,LPi04,20,17,3,0,54,46,8,0
Y3,Tm32,21,8,13,0,54,19,35,0
Dm12,Mi14,23,10,13,0,54,27,27,0
LPi05,Nod1,19,13,6,0,54,38,16,0
Tm5e,LTe52,20,8,12,0,54,24,30,0
Tm5e,Tm8a,23,13,10,0,54,30,24,0
Tm8b,Li08,23,11,12,0,54,23,31,0
Tm2,T4a,18,6,12,0,54,14,40,0
TmY16,Li16,18,11,7,0,54,36,18,0
Tlp14,LPi08,26,17,9,0,54,36,18,0
Sm06,Pm14,21,15,6,0,54,36,18,0
Tm31,LT52,17,11,6,0,54,31,23,0
MLt7,Sm42,17,8,9,0,54,25,29,0
Sm09,CB0816,24,9,15,0,54,23,31,0
T2,Tm20,25,6,19,0,54,12,42,0
Tm35,LT86,19,10,9,0,54,28,26,0
Dm8a,Dm4,25,15,10,0,54,33,21,0
Sm40,Pm14,8,4,4,0,54,30,24,0
Sm06,MeMe_e01,13,1,12,0,54,5,49,0
Tm7,MeTu3c,21,9,12,0,54,22,32,0
TmY14,Tm21,24,8,16,0,54,16,38,0
TmY4,Tm5f,24,10,14,0,54,24,30,0
Li01,LT63,24,14,10,0,54,32,22,0
T4d,LC28a,20,0,20,0,54,0,54,0
LMt3,Pm10,25,11,14,0,54,25,29,0
TmY10,Tm35,23,11,12,0,54,24,30,0
Li17,Tm5b,25,16,9,0,54,35,19,0
C3,Tm25,22,11,11,0,54,30,24,0
Pm03,T4d,19,3,16,0,54,7,47,0
Tm1,Tm5e,14,5,9,0,54,10,44,0
TmY5a,OA-AL2i1,25,20,5,0,54,44,10,0
TmY3,C3,21,10,11,0,54,20,34,0
TmY5a,LTe33,23,12,11,0,54,29,25,0
Y1,MeLp2,19,13,6,0,54,34,20,0
TmY20,LT51,23,7,16,0,54,18,36,0
Tm4,Tm9,21,6,15,0,54,14,40,0
Y3,LTe32,20,8,12,0,54,24,30,0
MLt2,LLPt,21,7,14,0,54,16,38,0
Tm16,LTe43,21,2,19,0,54,4,50,0
Dm18,L1,21,13,8,0,54,30,24,0
Tm25,Y3,23,10,13,0,54,27,27,0
Tm34,Li08,24,12,12,0,54,25,29,0
Mi15,T1,20,16,4,0,54,44,10,0
Li07,Li03,23,11,12,0,54,24,30,0
TmY11,5-HTPMPV03,20,10,10,0,54,25,29,0
Sm31,MTe02,22,11,11,0,54,26,28,0
T5b,LPi01,15,2,13,0,54,4,50,0
T5b,Y11,20,5,15,0,54,17,37,0
Tm31,LT58,19,13,6,0,54,32,22,0
Tm3,LPC1,23,15,8,0,54,37,17,0
Tm36,Li28,19,12,7,0,54,36,18,0
PDt,T2,26,15,11,0,54,31,23,0
R7,Sm30,22,14,8,0,54,36,18,0
Tm31,Sm02,25,10,15,0,54,24,30,0
Li04,LTe32,17,8,9,0,54,31,23,0
Sm41,Sm17,10,5,5,0,54,35,19,0
Sm08,MTe25,19,13,6,0,54,39,15,0
Pm06,Tm21,25,12,13,0,54,27,27,0
TmY10,LTe76,21,12,9,0,54,34,20,0
TmY15,LMa2,21,14,7,0,54,36,18,0
R7,Sm23,19,15,4,0,54,43,11,0
Li22,LT62,9,5,4,0,54,34,20,0
Sm10,MeTu3b,21,9,12,0,54,22,32,0
TmY4,LPi14,25,14,11,0,54,32,22,0
Tm8a,LC22,15,3,12,0,54,6,48,0
LPi06,LMa3,16,10,6,0,54,31,23,0
Tm5c,Sm08,24,10,14,0,54,21,33,0
LPi04,LPLC2,17,15,2,0,54,50,4,0
Tm5e,Tm3,26,15,11,0,54,31,23,0
LMa3,LT1d,13,6,7,0,54,22,32,0
LMa4,Nod3,11,9,2,0,54,45,9,0
Tm3,LC24,21,12,9,0,54,28,26,0
Tm37,LCe02,21,13,8,0,54,34,20,0
Li02,LC22,17,7,10,0,54,28,26,0
Li10,LTe32,23,18,5,0,54,43,11,0
Li28,LC20b,16,9,7,0,54,31,23,0
Mi13,Pm05,12,6,6,0,54,37,17,0
Li12,Tm33,23,13,10,0,54,29,25,0
Tm5b,LT57,14,9,5,0,54,32,22,0
Li27,Li12,20,12,8,0,54,30,24,0
Sm33,Tm16,19,16,3,0,54,45,9,0
Li33,LTe11,2,1,1,0,54,29,25,0
Li32,LTe05,2,1,1,0,54,35,19,0
Am1,LPT26,2,1,1,0,54,31,23,0
Li30,Li11,22,16,6,0,54,42,12,0
LC21,Li01,24,8,16,0,54,16,38,0
LT1d,LC17,22,6,16,0,54,17,37,0
MeTu3c,Tm5c,25,16,9,0,54,34,20,0
cM09,l-LNv,13,9,4,0,54,35,19,0
LT11,Li24,9,5,4,0,54,37,17,0
cLPL01,LT80,4,2,2,0,54,24,30,0
MTe07,MTe05,20,2,17,1,54,4,45,5
MTe07,Sm04,24,12,12,0,54,27,27,0
MTe07,Sm40,13,5,8,0,54,22,32,0
LC14a2,LT78,11,4,7,0,54,21,33,0
LT60,LMa2,11,5,6,0,54,22,32,0
LT43,LC33a,12,8,4,0,54,38,16,0
LC22,LC31b,17,8,9,0,54,25,29,0
MeTu1,MTe40,17,8,9,0,54,25,29,0
LPLC2,LPLC1,24,14,10,0,54,31,23,0
LPLC2,Tlp14,23,9,14,0,54,19,35,0
cM18,Lat,4,3,1,0,54,49,5,0
MeTu2a,MTe06,23,10,13,0,54,22,32,0
cM08c,aMe19a,3,1,2,0,54,25,29,0
cM08c,Sm38,5,1,4,0,54,3,51,0
LPT54,MTe18,3,1,2,0,54,21,33,0
LPT54,OA-AL2b1,3,2,1,0,54,33,21,0
LPT23,LPi07,23,12,11,0,54,26,28,0
LPC2,TmY10,19,17,2,0,54,46,8,0
cL08,LC39,2,1,1,0,54,31,23,0
cLP03,TmY11,23,15,8,0,54,34,20,0
cM19,LMt4,14,11,3,0,54,42,12,0
cM08a,MTe47,10,4,6,0,54,30,24,0
LTe06,LT58,2,1,1,0,54,46,8,0
l-LNv,cM09,14,8,6,0,54,32,22,0
cL20,cLLPM02,4,1,1,2,54,18,24,12
LT37,Li32,2,1,1,0,54,18,36,0
MTe04,Sm18,22,10,12,0,54,25,29,0
MTe12,Tm8a,24,11,13,0,54,25,29,0
LPT50,LPi15,3,1,2,0,54,31,23,0
LT63,LC10b,22,13,9,0,54,33,21,0
LT59,LC36,12,6,6,0,54,31,23,0
cM02a,OA-AL2i4,2,1,1,0,54,36,18,0
LC20b,LC28a,21,15,6,0,54,39,15,0
OA-AL2i2,LC18,24,7,17,0,54,14,40,0
OA-AL2i2,TmY16,24,19,5,0,54,42,12,0
cM03,Sm06,22,14,8,0,54,34,20,0
aMe19b,APDN3,5,2,3,0,54,22,32,0
aMe19b,MeTu3b,14,6,8,0,54,33,21,0
aMe17a2,Sm28,6,3,3,0,54,33,21,0
mALC5,MTe44,2,1,1,0,54,19,35,0
OA-ASM1,Li28,15,8,7,0,54,36,18,0
OA-ASM1,Li27,14,6,8,0,54,24,30,0
OA-ASM1,LC17,23,13,10,0,54,27,27,0
LT86,LT63,4,2,2,0,54,22,32,0
OA-AL2b2,l-LNv,17,0,0,17,54,0,0,54
LT61b,LC16,19,13,6,0,54,36,18,0
LT61b,LC36,7,3,4,0,54,16,38,0
CB0592,VCH,2,1,1,0,54,27,27,0
LT84,LT51,2,1,1,0,54,40,14,0
LTe31,LC37a,5,2,3,0,54,19,35,0
cL22b,LLPt,20,12,8,0,54,31,23,0
cL11,LCe07,2,1,1,0,54,28,26,0
OA-AL2i1,MTe52,21,12,9,0,54,30,24,0
cL04,LT58,4,2,2,0,54,39,15,0
cL04,LTe69,4,2,2,0,54,16,38,0
LTe14,mALD2,2,1,1,0,54,22,32,0
LTe14,cL18,3,2,1,0,54,33,21,0
cL09,cL21,4,2,2,0,54,33,21,0
cML01,LMt3,17,9,8,0,54,26,28,0
cMLLP01,OA-AL2i4,2,1,1,0,54,28,26,0
cL13,LC39,8,4,4,0,54,26,28,0
LT39,LT65,2,1,1,0,54,27,27,0
LT41,Li06,18,9,9,0,54,28,26,0
Tm20,LT67,10,10,0,0,54,54,0,0
LPi05,LPT45_dCal1,5,5,0,0,54,54,0,0
PLP177,PLP252,1,1,0,0,54,54,0,0
TmY5a,Sm11,22,9,13,0,53,24,29,0
LPi06,LPT54,18,8,10,0,53,26,27,0
TmY5a,LTe16,23,10,13,0,53,22,31,0
Tm20,LC21,21,12,9,0,53,29,24,0
Tm32,LTe28,15,10,5,0,53,40,13,0
Tm33,Sm36,22,11,11,0,53,24,29,0
Li01,Tm35,18,9,9,0,53,20,33,0
Tm20,LC15,23,14,9,0,53,35,18,0
TmY3,LPi03,19,6,13,0,53,21,32,0
TmY4,LPi15,22,12,10,0,53,25,28,0
Tm1,Tm5c,25,15,10,0,53,32,21,0
T2a,TmY16,20,11,9,0,53,27,26,0
Sm34,Sm40,15,8,7,0,53,34,19,0
Tm36,Tm25,24,12,12,0,53,25,28,0
Tlp4,LMa5,11,8,3,0,53,44,9,0
TmY11,LC4,21,9,12,0,53,26,27,0
L4,TmY15,23,7,16,0,53,19,34,0
TmY14,Tm2,20,5,15,0,53,15,38,0
Dm20,L2,25,12,13,0,53,27,26,0
Dm20,Tm7,22,10,12,0,53,22,31,0
Tm5c,MLt2,25,15,10,0,53,32,21,0
Pm04,Tm16,20,10,10,0,53,24,29,0
MLt3,T2,25,12,13,0,53,25,28,0
TmY15,Tm5f,24,16,8,0,53,36,17,0
Tm21,LMt2,22,14,8,0,53,33,20,0
TmY4,Tm5a,25,11,14,0,53,24,29,0
Tm5b,MTe04,22,11,11,0,53,30,23,0
Tm20,LT57,14,6,8,0,53,28,25,0
Tm8b,Li24,17,7,10,0,53,18,35,0
Mi1,TmY20,21,13,8,0,53,30,23,0
C2,Mi9,22,13,9,0,53,31,22,0
Dm20,TmY9q⊥,11,1,10,0,53,3,50,0
R7,Sm26,25,11,14,0,53,23,30,0
Mi15,Sm18,25,11,14,0,53,22,31,0
Mi15,Sm21,24,11,13,0,53,27,26,0
LPi08,LPi13,17,11,6,0,53,38,15,0
Li02,LT64,19,13,6,0,53,41,12,0
Tm3,LC18,18,3,15,0,53,6,47,0
LLPt,LPi15,16,5,11,0,53,17,36,0
Tm5e,cM08c,21,9,12,0,53,18,35,0
T5a,Tm4,25,12,13,0,53,26,27,0
T4c,TmY31,23,13,10,0,53,31,22,0
Tm36,Tm16,22,9,13,0,53,19,34,0
Tm16,LC20b,21,8,13,0,53,25,28,0
Tm16,LC29,23,13,10,0,53,30,23,0
Tm16,LTe11,18,4,14,0,53,12,41,0
Tm33,LC26,20,11,9,0,53,23,30,0
TmY9q⊥,LC35,22,14,8,0,53,35,18,0
LMa4,Li24,22,11,11,0,53,25,28,0
Sm28,aMe4,13,9,4,0,53,44,9,0
Tm7,Tm37,25,15,10,0,53,31,22,0
Li10,cL05,18,11,7,0,53,28,25,0
Dm20,Tm5a,22,10,12,0,53,24,29,0
Li18,Li28,20,7,13,0,53,20,33,0
LMa2,MTe18,17,7,10,0,53,28,25,0
Tlp5,LT57,13,8,5,0,53,29,24,0
TmY5a,LTe76,24,11,13,0,53,23,30,0
TmY31,LPi07,23,13,10,0,53,29,24,0
Mi1,MLt3,12,4,8,0,53,10,43,0
TmY10,LT63,22,8,14,0,53,17,36,0
Li07,LC10e,23,4,19,0,53,8,45,0
Li06,LTe12,21,7,14,0,53,22,31,0
Tm34,Tm16,23,13,10,0,53,30,23,0
Dm10,TmY5a,20,7,13,0,53,16,37,0
Sm18,MTe37,11,4,7,0,53,23,30,0
MLt4,CB0592,18,13,5,0,53,39,14,0
Tm20,Pm10,22,15,7,0,53,35,18,0
Li09,LC25,21,10,11,0,53,24,29,0
Li26,TmY14,23,10,13,0,53,27,26,0
Sm41,Tm5f,23,6,17,0,53,15,38,0
Tm3,LPT31,24,13,11,0,53,28,25,0
Li01,LTe10,20,11,9,0,53,29,24,0
L4,Dm10,22,14,8,0,53,32,21,0
Sm09,aMe9,22,13,9,0,53,31,22,0
Li13,LC31c,16,8,8,0,53,29,24,0
Li13,MLt2,24,13,11,0,53,31,22,0
DmDRA1,Sm16,24,16,8,0,53,33,20,0
Sm10,MTe51,14,0,14,0,53,0,53,0
Tm5f,LC26,21,13,8,0,53,32,21,0
Li01,LTe42b,15,6,9,0,53,22,31,0
Sm22,Sm31,23,12,11,0,53,30,23,0
Mi10,TmY31,17,8,9,0,53,19,34,0
TmY31,cM10,18,13,5,0,53,37,16,0
T5d,LPLC4,24,18,6,0,53,40,13,0
T5d,LC28a,20,0,20,0,53,0,53,0
Dm3p,Tm9,24,15,9,0,53,32,21,0
Tm37,LC29,23,14,9,0,53,32,21,0
Tm5a,LCe04,19,13,6,0,53,41,12,0
LMa4,LPi09,17,10,7,0,53,36,17,0
LPi15,Tm27,22,18,4,0,53,45,8,0
LPi15,TmY9q⊥,21,12,9,0,53,29,24,0
Dm11,Mi10,25,14,11,0,53,30,23,0
Sm03,MeMe_e10,17,8,9,0,53,21,32,0
Pm14,Sm22,20,12,8,0,53,30,23,0
Tm16,Li18,22,13,9,0,53,30,23,0
Li24,DNp11,4,2,2,0,53,21,32,0
Sm42,MeTu4c,14,7,7,0,53,27,26,0
Sm42,MTe33,2,1,1,0,53,27,26,0
Li27,LC9,22,11,11,0,53,27,26,0
Sm35,Sm40,9,5,4,0,53,36,17,0
Li32,LC14a2,12,6,6,0,53,18,35,0
Li30,LMa3,16,7,9,0,53,24,29,0
Li30,Li27,4,2,2,0,53,39,14,0
Sm36,Tm32,23,15,8,0,53,35,18,0
T5d,TmY20,21,20,1,0,53,51,2,0
LLPC3,Li01,25,11,14,0,53,23,30,0
LT52,cL13,9,4,5,0,53,28,25,0
LC4,Li21,23,9,14,0,53,19,34,0
LLPC2,LC6,24,10,14,0,53,24,29,0
LC9,LC21,21,6,15,0,53,17,36,0
MTe07,Sm05,22,9,13,0,53,23,30,0
LC14a2,LCe01a,15,8,7,0,53,32,21,0
LC14a2,CB0472,9,0,0,9,53,0,0,53
MeTu4a,CB1329,9,7,2,0,53,43,10,0
MeTu1,Sm26,24,14,10,0,53,31,22,0
LT82a,LMa1,22,12,10,0,53,32,21,0
MeTu4c,LTe53,11,5,6,0,53,30,23,0
MeMe_e08,Pm12,16,8,8,0,53,23,30,0
LCe01a,Li12,16,12,4,0,53,40,13,0
cLP01,cLP02,23,17,6,0,53,41,12,0
OA-AL2b1,Li09,19,7,12,0,53,18,35,0
LC10b,LT38,14,7,7,0,53,29,24,0
cL08,LC22,18,8,10,0,53,22,31,0
LC28a,LLPt,16,7,9,0,53,19,34,0
MTe25,LTe51,2,1,1,0,53,18,35,0
LCe01a,LC20b,19,12,7,0,53,37,16,0
cM17,Pm13,3,1,2,0,53,21,32,0
OA-AL2i3,aMe3,4,2,2,0,53,37,16,0
LTe06,LTe02,4,2,2,0,53,23,30,0
MeMe_e09,Sm41,4,2,2,0,53,12,41,0
aMe17c,Sm19,17,10,7,0,53,34,19,0
cM07,Tm3,22,10,12,0,53,21,32,0
LT52,LC14a1,12,6,6,0,53,26,27,0
LCe03,LT86,11,7,4,0,53,24,29,0
LT63,LT64,8,5,3,0,53,42,11,0
LT63,Li33,4,2,2,0,53,25,28,0
LT1a,LC17,25,10,15,0,53,20,33,0
LC27,LTe02,12,6,6,0,53,28,25,0
MeMe_e07,LMa5,11,5,6,0,53,14,39,0
LLPC2,LPi09,22,12,10,0,53,32,21,0
cLLPM01,LPLC4,15,6,9,0,53,24,29,0
MeTu3b,MeMe_e05,14,8,6,0,53,24,29,0
MTe04,LC33a,8,4,4,0,53,24,29,0
LC39,LC39,8,5,3,0,53,27,26,0
aMe13,MTe06,7,0,0,7,53,0,0,53
mALC3,LCe07,4,2,2,0,53,28,25,0
OA-ASM1,Sm09,23,12,11,0,53,27,26,0
OA-ASM1,LT73,14,7,7,0,53,34,19,0
MTe04,MTe05,22,16,6,0,53,38,15,0
LT53,LT52,13,7,6,0,53,25,28,0
cM01b,Sm38,4,2,2,0,53,28,25,0
cM08b,MLt7,18,12,6,0,53,39,14,0
LC6,LTe29,15,14,1,0,53,51,2,0
H2,LPi12,2,1,1,0,53,33,20,0
LT58,Li05,18,14,4,0,53,41,12,0
LTe12,AVLP151,2,1,1,0,53,41,12,0
cML01,Pm02,19,13,6,0,53,38,15,0
cM10,LMa5,14,8,6,0,53,25,28,0
cL05,Li30,2,1,1,0,53,32,21,0
cMLLP01,LT57,11,6,5,0,53,24,29,0
cMLLP01,LC15,22,11,11,0,53,25,28,0
CB0143,LT78,4,4,0,0,53,53,0,0
TmY31,LTe09,16,9,7,0,52,23,29,0
Tm9,CB0592,23,16,7,0,52,35,17,0
Y3,LTe17,21,10,11,0,52,27,25,0
Tm16,Sm06,19,2,17,0,52,4,48,0
Li13,LC41,22,10,12,0,52,23,29,0
Sm08,Sm41,19,9,10,0,52,19,33,0
Dm8b,MTe33,14,9,5,0,52,26,26,0
Y1,MeMe_e07,17,7,10,0,52,20,32,0
MLt3,Li32,21,9,12,0,52,20,32,0
LPi05,H2,20,15,5,0,52,39,13,0
TmY9q,Li29,21,7,14,0,52,19,33,0
Mi2,Tm8a,22,15,7,0,52,36,16,0
MLt6,MTe35,17,7,10,0,52,25,27,0
Dm2,MeTu3a,22,16,6,0,52,37,15,0
Tlp5,LT52,18,9,9,0,52,29,23,0
Tlp5,LPT30,12,6,6,0,52,28,24,0
Tm5e,LC6,24,15,9,0,52,30,22,0
Tm8b,TmY10,23,12,11,0,52,27,25,0
Sm03,Tm5d,20,8,12,0,52,17,35,0
Sm30,Sm16,22,11,11,0,52,25,27,0
Sm30,Sm12,20,8,12,0,52,18,34,0
L4,TmY10,24,13,11,0,52,28,24,0
Tm36,Sm06,21,12,9,0,52,29,23,0
Sm40,Sm30,16,10,6,0,52,38,14,0
Mi15,Tm5b,24,11,13,0,52,24,28,0
LPi01,LPi01,21,10,11,0,52,22,30,0
Dm8a,Dm11,23,12,11,0,52,27,25,0
Tm20,LTe58,21,11,10,0,52,26,26,0
Tm20,LC27,21,8,13,0,52,19,33,0
T5c,T4d,21,5,16,0,52,11,41,0
TmY15,MTe41,23,12,11,0,52,28,24,0
TmY10,MTe08,20,8,12,0,52,19,33,0
C2,Mi13,14,4,10,0,52,12,40,0
Sm23,Sm30,16,8,8,0,52,17,35,0
Dm14,Tm3,23,9,14,0,52,20,32,0
TmY31,Pm02,22,9,13,0,52,19,33,0
LMa1,LMt2,23,12,11,0,52,28,24,0
Tm27,TmY14,24,7,17,0,52,14,38,0
L1,Tm20,21,13,8,0,52,29,23,0
Tm9,Tm16,22,9,13,0,52,20,32,0
Lawf2,T2,18,6,12,0,52,16,36,0
Tm8b,LT51,19,4,15,0,52,9,43,0
TmY9q⊥,TmY10,21,6,15,0,52,13,39,0
Li16,LC12,25,11,14,0,52,23,29,0
T4c,LC4,13,3,10,0,52,6,46,0
Y3,LLPC4,20,8,12,0,52,21,31,0
TmY10,Li01,21,13,8,0,52,31,21,0
Tlp1,LPT30,20,11,9,0,52,26,26,0
TmY5a,LCe08,23,13,10,0,52,28,24,0
Sm31,MTe01a,21,14,7,0,52,34,18,0
Y12,VS7,16,12,4,0,52,41,11,0
Y1,MTe03,21,10,11,0,52,28,24,0
Li10,Li01,22,11,11,0,52,27,25,0
Y12,LPC1,21,17,4,0,52,41,11,0
Sm07,MTe47,21,12,9,0,52,32,20,0
Sm31,Tm31,22,11,11,0,52,26,26,0
TmY4,LPLC1,22,12,10,0,52,31,21,0
L3,TmY11,13,6,7,0,52,19,33,0
LPi04,LPi14,22,12,10,0,52,29,23,0
Tm35,LTe27,14,6,8,0,52,21,31,0
Tm21,Li24,24,16,8,0,52,36,16,0
TmY11,LT65,19,12,7,0,52,29,23,0
Dm15,Dm3q,26,12,14,0,52,24,28,0
Y11,LT65,19,9,10,0,52,25,27,0
TmY31,MTe01a,16,9,7,0,52,27,25,0
Tm35,cL10,13,3,10,0,52,13,39,0
Tm5a,LT67,21,11,10,0,52,28,24,0
Tm25,Sm34,23,12,11,0,52,29,23,0
T5c,Li33,21,12,9,0,52,32,20,0
Tm37,LT51,16,4,12,0,52,11,41,0
Tm37,Li09,23,12,11,0,52,26,26,0
LPi14,LPT45_dCal1,6,3,3,0,52,43,9,0
Pm08,MLt2,23,13,10,0,52,31,21,0
T2a,LLPC4,16,7,9,0,52,23,29,0
Y3,LC33a,17,11,6,0,52,38,14,0
Li10,Li31,23,13,10,0,52,31,21,0
Tm16,MeTu4c,21,16,5,0,52,40,12,0
Sm26,Dm2,26,12,14,0,52,24,28,0
MLt5,Mi14,25,14,11,0,52,28,24,0
Tlp4,Li26,17,10,7,0,52,27,25,0
Y4,LPi05,20,14,6,0,52,38,14,0
MLt5,Dm8a,21,12,9,0,52,30,22,0
TmY16,T3,17,7,10,0,52,25,27,0
Li31,Li16,18,8,10,0,52,21,31,0
Sm26,aMe5,19,11,8,0,52,33,19,0
TmY14,LMa1,20,13,7,0,52,34,18,0
Tlp14,LPT51,13,10,3,0,52,43,9,0
Li32,Y4,23,8,15,0,52,18,34,0
Li32,LTe14,2,1,1,0,52,27,25,0
Li30,LT85,2,1,1,0,52,25,27,0
Li29,cL16,3,2,1,0,52,34,18,0
MeTu3a,MeTu3a,23,16,7,0,52,37,15,0
LC28a,LTe21,18,12,6,0,52,35,17,0
LC11,LC15,21,12,9,0,52,32,20,0
LC18,LC21,24,12,12,0,52,25,27,0
MeTu4d,Tm5c,24,10,14,0,52,21,31,0
LC14a1,LC15,14,7,7,0,52,21,31,0
MeTu4a,Sm29,19,12,7,0,52,33,19,0
LLPC3,Li30,18,5,13,0,52,11,41,0
LC14a2,LC6,17,9,8,0,52,27,25,0
LT82a,LT82a,7,4,3,0,52,33,19,0
LTe03,LC19,9,4,5,0,52,27,25,0
MTe51,LTe70,10,6,4,0,52,31,21,0
LC25,Tm5d,20,10,10,0,52,31,21,0
LC14a1,LTe05,6,4,2,0,52,48,4,0
LC14a2,LC20a,10,6,4,0,52,25,27,0
cM01a,Sm23,10,4,6,0,52,23,29,0
cM18,Sm29,9,4,5,0,52,28,24,0
H1,LPi07,17,12,5,0,52,36,16,0
LT79,LC20b,9,1,8,0,52,2,50,0
LC14a2,LT80,4,2,2,0,52,13,39,0
MTe54,MTe03,15,5,10,0,52,17,35,0
LPT23,TmY15,21,10,11,0,52,24,28,0
LC14a2,T5b,17,8,9,0,52,28,24,0
PLP155,cL19,3,1,2,0,52,13,39,0
cLP03,cLP01,12,8,4,0,52,36,16,0
cM08a,Sm42,5,2,3,0,52,23,29,0
LC21,LTe24,22,14,8,0,52,35,17,0
MeLp2,LLPC2,20,12,8,0,52,32,20,0
LTe22,LC10a,18,6,12,0,52,17,35,0
MeMe_e06,Sm29,7,4,3,0,52,32,20,0
cLLP02,Li33,4,2,2,0,52,22,30,0
MeMe_e07,Y12,18,0,18,0,52,0,52,0
LTe42a,mALD1,2,1,1,0,52,26,26,0
cMLLP02,LPLC4,20,14,6,0,52,38,14,0
LTe33,LC37a,7,2,5,0,52,29,23,0
LC14a2,LTe66,10,5,5,0,52,34,18,0
MTe47,LT33,8,4,4,0,52,14,38,0
cM03,MTe36,6,3,3,0,52,25,27,0
OA-AL2b2,aMe1,7,4,3,0,52,29,23,0
CB0592,Li10,17,7,10,0,52,24,28,0
LT84,LC10d,14,5,9,0,52,13,39,0
cM14,aMe25,2,1,1,0,52,33,19,0
MTe40,MLt6,14,9,5,0,52,39,13,0
LTe49f,cL22a,5,2,1,2,52,14,17,21
cM15,LMa4,14,8,6,0,52,29,23,0
cM05,cM07,2,1,1,0,52,30,22,0
cM05,MeMe_e08,10,5,5,0,52,26,26,0
LT36,LC10d,17,3,14,0,52,8,44,0
LT58,aMe5,14,8,6,0,52,32,20,0
LT58,Sm09,17,11,6,0,52,36,16,0
LTe42c,cLLPM02,2,1,1,0,52,22,30,0
aMe17a1,MeTu1,15,7,8,0,52,20,32,0
Tm3,MTe31,14,14,0,0,52,52,0,0
PLP020,cL20,1,1,0,0,52,52,0,0
LPC2,PLP036,11,11,0,0,52,52,0,0
cL07,Li17,14,14,0,0,52,52,0,0
Sm10,Sm14,23,11,12,0,51,24,27,0
Pm01,LMa4,22,15,7,0,51,36,15,0
Tm9,TmY11,14,4,10,0,51,15,36,0
Tm27,Tm1,22,10,12,0,51,25,26,0
Li17,LT1b,20,9,11,0,51,21,30,0
Tm32,Tm5d,23,11,12,0,51,24,27,0
Mi2,Pm08,24,10,14,0,51,21,30,0
TmY11,LPLC2,20,9,11,0,51,22,29,0
Dm2,Lawf1,22,10,12,0,51,25,26,0
Tm4,Tm7,18,7,11,0,51,18,33,0
Tm8b,LC37a,18,8,10,0,51,19,32,0
Y4,LTe21,21,13,8,0,51,34,17,0
Tm7,LLPC4,17,10,7,0,51,30,21,0
TmY9q,Tm5f,21,12,9,0,51,29,22,0
TmY9q,LT52,20,12,8,0,51,33,18,0
Tm8b,LC10b,17,7,10,0,51,26,25,0
Sm07,Sm30,23,12,11,0,51,27,24,0
LLPt,OA-AL2b1,14,6,8,0,51,20,31,0
Tlp5,LC19,20,12,8,0,51,30,21,0
Tm5e,LTe36,22,7,15,0,51,16,35,0
Tm7,TmY10,19,11,8,0,51,32,19,0
Tm20,Li24,23,11,12,0,51,25,26,0
Sm12,MTe34,7,2,5,0,51,7,44,0
TmY14,Tlp4,21,12,9,0,51,25,26,0
Li17,LMt4,23,11,12,0,51,24,27,0
Dm17,Dm16,22,9,13,0,51,23,28,0
Sm40,Dm2,20,9,11,0,51,20,31,0
LLPt,cL06,17,9,8,0,51,23,28,0
Li02,Tm33,20,10,10,0,51,22,29,0
Sm09,Sm30,20,12,8,0,51,28,23,0
Sm09,Sm08,22,10,12,0,51,23,28,0
Tm5b,LC11,23,15,8,0,51,35,16,0
Tm35,Sm11,14,5,9,0,51,23,28,0
Pm09,Y4,22,7,15,0,51,15,36,0
Dm4,TmY11,14,4,10,0,51,17,34,0
Tlp4,LC12,23,11,12,0,51,26,25,0
Tm9,T2a,22,9,13,0,51,23,28,0
Tm37,LC25,21,11,10,0,51,25,26,0
Tlp5,LPLC4,24,12,12,0,51,25,26,0
Lawf1,Tm4,20,6,14,0,51,19,32,0
Mi13,Mi2,23,12,11,0,51,28,23,0
Li18,LT87,13,4,9,0,51,16,35,0
LMa2,Sm40,15,5,10,0,51,16,35,0
LMa2,LT78,17,5,12,0,51,12,39,0
LMa2,Mi1,17,4,13,0,51,8,43,0
Tlp1,Nod2,18,13,5,0,51,38,13,0
Tm5a,LTe76,22,16,6,0,51,39,12,0
TmY3,Li06,21,7,14,0,51,14,37,0
Sm01,MTe07,23,8,15,0,51,18,33,0
Dm20,Dm16,21,17,4,0,51,42,9,0
Tlp1,Tlp5,22,11,11,0,51,23,28,0
Sm07,Sm21,24,13,11,0,51,27,24,0
Li19,LT61a,4,2,2,0,51,19,32,0
Y11,Pm14,17,13,4,0,51,42,9,0
Li26,LMt4,16,7,9,0,51,20,31,0
Tm16,LTe35,16,7,9,0,51,22,29,0
MLt8,MeMe_e03,15,10,5,0,51,38,13,0
Tm3,Dm2,23,10,13,0,51,20,31,0
Tm16,LPLC1,21,8,13,0,51,19,32,0
LMa4,MTe54,10,0,10,0,51,0,51,0
LMa3,LT62,14,8,6,0,51,21,30,0
Li21,Li14,17,13,4,0,51,41,10,0
TmY9q⊥,Y11,20,9,11,0,51,25,26,0
MLt1,Sm07,23,11,12,0,51,24,27,0
Pm04,Mi9,21,14,7,0,51,33,18,0
Sm10,Sm41,19,11,8,0,51,31,20,0
Tm5e,Dm16,23,17,6,0,51,37,14,0
Dm18,Mi1,13,5,8,0,51,20,31,0
Mi10,C2,14,5,9,0,51,15,36,0
TmY3,LC10a,23,10,13,0,51,23,28,0
TmY31,LMa2,18,7,11,0,51,15,36,0
Tm25,Li12,19,11,8,0,51,31,20,0
LLPt,LC31a,15,9,6,0,51,32,19,0
TmY5a,LTe32,21,11,10,0,51,25,26,0
LPi10,Y11,21,10,11,0,51,21,30,0
Li13,LT64,17,12,5,0,51,37,14,0
Li16,LT60,8,4,4,0,51,29,22,0
Li02,LTe63,11,6,5,0,51,31,20,0
LMa2,Pm04,21,12,9,0,51,30,21,0
Y12,Sm42,22,12,10,0,51,27,24,0
TmY11,TmY20,20,10,10,0,51,24,27,0
L4,Dm16,25,13,12,0,51,26,25,0
Y4,LT80,17,9,8,0,51,26,25,0
Li10,LTe42a,11,7,4,0,51,23,28,0
Li02,TmY4,22,15,7,0,51,33,18,0
Pm14,Pm03,13,9,4,0,51,42,9,0
Dm12,MLt2,21,16,5,0,51,40,11,0
Li24,LMa1,17,9,8,0,51,28,23,0
Sm42,LMa5,17,8,9,0,51,26,25,0
Li27,Li33,4,2,2,0,51,30,21,0
Tm5b,LCe04,17,13,4,0,51,41,10,0
Sm29,OA-AL2i4,7,4,3,0,51,43,8,0
LMt1,LTe64,12,7,5,0,51,29,22,0
Li32,LC31a,14,7,7,0,51,22,29,0
CT1,LMa4,16,9,7,0,51,25,26,0
TmY31,Li28,16,12,4,0,51,39,12,0
Li30,LC28a,19,8,11,0,51,23,28,0
Li29,LC16,20,6,14,0,51,14,37,0
LC21,Tm35,20,8,12,0,51,20,31,0
LC15,LC25,20,7,13,0,51,16,35,0
LC31a,LT66,15,9,6,0,51,31,20,0
LC14b,Y3,16,13,3,0,51,44,7,0
LC14b,LC33a,10,6,4,0,51,34,17,0
LLPC1,LTe64,20,9,11,0,51,25,26,0
cL01,LTe14,11,6,5,0,51,30,21,0
cLPL01,TmY15,20,10,10,0,51,25,26,0
LC11,T3,25,5,20,0,51,11,40,0
LC14a1,LTe18,7,4,3,0,51,21,30,0
LT34,LC24,10,6,4,0,51,40,11,0
LT34,MLt2,15,5,10,0,51,18,33,0
LPLC4,LC14a2,17,8,9,0,51,27,24,0
LT42,LLPt,19,9,10,0,51,25,26,0
LC14a2,Tm5e,16,8,8,0,51,28,23,0
LC14a2,LTe27,3,2,1,0,51,31,20,0
MeTu4a,LC10c,15,6,9,0,51,22,29,0
MeTu4c,LTe02,16,8,8,0,51,26,25,0
MeTu3c,MTe21,4,1,3,0,51,17,34,0
LPLC2,LT82a,21,10,11,0,51,24,27,0
LC14b,Tm21,17,9,8,0,51,30,21,0
LC14a1,T2a,17,9,8,0,51,32,19,0
cLP02,Li26,13,5,8,0,51,25,26,0
LTe01,LT70,7,5,2,0,51,34,17,0
LC14b,LPi03,8,3,5,0,51,17,34,0
LC28a,LTe58,17,10,7,0,51,27,24,0
cM19,LPLC1,10,1,9,0,51,6,45,0
cLP03,T4c,24,14,10,0,51,31,20,0
cL07,LT87,1,0,1,0,51,0,51,0
LT37,LC28a,19,12,7,0,51,31,20,0
LT37,LT56,2,1,1,0,51,26,25,0
LT37,CB0472,2,1,1,0,51,30,21,0
cL18,LPLC2,21,11,10,0,51,28,23,0
LTe19,LC19,4,2,2,0,51,28,23,0
mALD1,LTe23,2,1,1,0,51,34,17,0
MeMe_e07,TmY15,24,9,15,0,51,21,30,0
LT38,LC4,16,6,10,0,51,14,37,0
cLP03,LPT48_vCal3,7,1,1,5,51,5,6,40
LC20b,LT64,11,7,4,0,51,36,15,0
MeMe_e05,TmY15,14,4,10,0,51,13,38,0
cL12,LC36,6,4,2,0,51,30,21,0
VS3,LPi13,2,1,1,0,51,30,21,0
AVLP151,LMt4,11,6,5,0,51,28,23,0
AVLP151,OA-AL2i2,5,2,1,2,51,18,15,18
mALC5,MeLp1,2,1,1,0,51,30,21,0
LC28a,LC20a,19,15,4,0,51,43,8,0
LC13,LPLC4,16,12,4,0,51,39,12,0
LT56,LT1d,2,1,1,0,51,24,27,0
cM14,Sm16,17,13,4,0,51,39,12,0
LT53,Li05,15,12,3,0,51,45,6,0
HSE,DCH,2,1,1,0,51,36,15,0
HSE,T5a,23,22,1,0,51,49,2,0
LPLC4,LTe61,7,6,1,0,51,45,6,0
DCH,LPi10,13,9,4,0,51,42,9,0
cM15,Tm33,21,11,10,0,51,30,21,0
Nod5,H2,2,1,1,0,51,42,9,0
cL09,T2a,15,8,7,0,51,29,22,0
cML01,LT33,2,1,1,0,51,21,30,0
cL05,LC15,16,9,7,0,51,26,25,0
cL05,TmY9q⊥,20,9,11,0,51,23,28,0
cL02c,LTe15,2,1,1,0,51,23,28,0
VS2,LPT58,2,0,0,2,51,0,0,51
aMe17a1,MTe51,18,7,11,0,51,20,31,0
aMe17a1,Sm39,2,1,1,0,51,35,16,0
aMe17a1,aMe17b,4,2,2,0,51,19,32,0
LTe49b,LPLC4,10,0,10,0,51,0,51,0
LTe21,cL16,3,2,1,0,51,33,18,0
mALB5,MLt5,16,0,16,0,51,0,51,0
Y11,LPT45_dCal1,11,11,0,0,51,51,0,0
VS1,LPi05,8,8,0,0,51,51,0,0
CB0143,LPT54,1,1,0,0,51,51,0,0
Y3,Pm04,23,10,13,0,50,21,29,0
Sm02,Tm27,24,15,9,0,50,32,18,0
Tm5c,aMe12,22,13,9,0,50,28,22,0
Tm25,Tm5d,22,13,9,0,50,29,21,0
TmY11,LMa1,19,5,14,0,50,12,38,0
Sm24,Sm20,19,8,11,0,50,18,32,0
Tlp14,H2,13,6,7,0,50,32,18,0
Dm11,Dm3q,23,12,11,0,50,27,23,0
Tm8b,Tm35,20,9,11,0,50,21,29,0
Tm32,LTe30,16,6,10,0,50,17,33,0
Tm16,T3,19,3,16,0,50,9,41,0
Mi1,Tm5a,19,9,10,0,50,21,29,0
Sm12,MTe36,22,10,12,0,50,24,26,0
Tm8b,LTe29,15,8,7,0,50,23,27,0
Dm3p,Mi2,24,14,10,0,50,30,20,0
Mi4,Dm19,22,10,12,0,50,21,29,0
Tm7,LTe32,17,5,12,0,50,13,37,0
Tm31,LLPt,21,13,8,0,50,29,21,0
T4d,Nod5,20,9,11,0,50,22,28,0
LPi10,Tlp5,20,13,7,0,50,31,19,0
T1,Dm9,23,19,4,0,50,42,8,0
Mi9,TmY9q⊥,22,7,15,0,50,15,35,0
Li06,LT83,21,7,14,0,50,15,35,0
TmY11,MTe53,23,12,11,0,50,27,23,0
Tm36,LT83,13,7,6,0,50,22,28,0
T4b,LPi04,19,12,7,0,50,36,14,0
Mi14,Tm9,21,13,8,0,50,30,20,0
Pm05,Sm09,20,8,12,0,50,22,28,0
Tm5c,LT47,20,5,15,0,50,10,40,0
Tm35,Li30,20,11,9,0,50,27,23,0
Dm13,Mi4,22,8,14,0,50,18,32,0
Tm35,Li06,22,8,14,0,50,19,31,0
Li02,LC24,13,8,5,0,50,28,22,0
TmY11,T3,22,8,14,0,50,17,33,0
Tm5e,LTe57,21,12,9,0,50,27,23,0
Y4,Tm4,24,13,11,0,50,26,24,0
Tm5c,Tm37,21,7,14,0,50,14,36,0
Li06,Li25,23,12,11,0,50,26,24,0
Li12,LCe01b,20,11,9,0,50,27,23,0
R1-6,Tm20,13,0,13,0,50,0,50,0
Sm21,MeMe_e05,14,8,6,0,50,31,19,0
TmY11,LTe35,11,5,6,0,50,21,29,0
Sm03,Sm39,19,13,6,0,50,32,18,0
Sm12,MTe01b,20,9,11,0,50,24,26,0
Tm3,OA-AL2i1,23,12,11,0,50,24,26,0
T4c,Am1,21,9,12,0,50,21,29,0
Sm10,T2,22,14,8,0,50,32,18,0
Sm10,Dm8a,20,10,10,0,50,27,23,0
Y1,Li32,22,10,12,0,50,24,26,0
Tm5b,LTe47,16,5,11,0,50,12,38,0
Tm34,TmY11,23,7,16,0,50,17,33,0
Sm09,MTe09,18,3,15,0,50,6,44,0
Mi15,Tm31,23,16,7,0,50,34,16,0
Li01,Tm5f,23,10,13,0,50,22,28,0
Tm3,Sm22,20,6,14,0,50,18,32,0
Pm05,MTe03,14,10,4,0,50,33,17,0
Tm8a,Li23,21,11,10,0,50,24,26,0
LPi02,Y1,25,14,11,0,50,28,22,0
MLt1,LT55,16,6,10,0,50,18,32,0
LLPt,LC14b,19,7,12,0,50,24,26,0
Sm09,Tm20,22,10,12,0,50,25,25,0
TmY15,Am1,19,11,8,0,50,28,22,0
MLt5,PLP231,18,9,9,0,50,22,28,0
Mi13,Dm2,23,8,15,0,50,18,32,0
L3,Lai,11,1,10,0,50,2,48,0
L5,TmY11,15,10,5,0,50,36,14,0
T2,Li14,21,2,19,0,50,4,46,0
MLt3,Y11,18,3,15,0,50,7,43,0
Pm11,T3,23,11,12,0,50,23,27,0
Sm06,aMe10,18,9,9,0,50,27,23,0
L1,Tm21,17,5,12,0,50,16,34,0
Y12,Li28,23,12,11,0,50,25,25,0
LPi14,Tlp5,18,7,11,0,50,18,32,0
T3,Li10,16,11,5,0,50,38,12,0
TmY31,LTe60,18,8,10,0,50,25,25,0
L1,Mi9,17,9,8,0,50,30,20,0
T5b,Tlp14,17,7,10,0,50,18,32,0
Li06,LTe05,15,12,3,0,50,41,9,0
TmY31,LTe24,15,10,5,0,50,32,18,0
Y4,TmY20,21,15,6,0,50,38,12,0
Li01,Tm36,20,10,10,0,50,24,26,0
LLPt,LT64,18,14,4,0,50,36,14,0
Tm5e,MC65,22,14,8,0,50,32,18,0
Y12,LC35,20,13,7,0,50,30,20,0
TmY31,LPTe01,20,15,5,0,50,38,12,0
Li10,Tm37,14,10,4,0,50,42,8,0
Li10,LTe63,17,8,9,0,50,28,22,0
Li14,LMa4,21,16,5,0,50,39,11,0
LPi15,LPT21,2,1,1,0,50,23,27,0
Li13,Li32,9,7,2,0,50,21,29,0
Sm06,TmY3,22,14,8,0,50,30,20,0
Li28,Tm5d,22,11,11,0,50,23,27,0
Li28,LTe10,4,2,2,0,50,23,27,0
Sm03,Dm8b,21,16,5,0,50,39,11,0
Li08,LT67,19,12,7,0,50,29,21,0
Tm5c,MTe03,21,10,11,0,50,24,26,0
Li24,Li33,9,5,4,0,50,23,27,0
Sm42,MTe16,4,2,2,0,50,38,12,0
Sm42,MTe37,2,1,1,0,50,32,18,0
Li25,LMt2,20,11,9,0,50,30,20,0
Li25,Li25,4,2,2,0,50,31,19,0
Li33,LTe37,4,2,2,0,50,22,28,0
Li33,LC14a2,11,7,4,0,50,23,27,0
LPi11,VSm,8,7,1,0,50,48,2,0
Li23,LC46,8,3,5,0,50,24,26,0
Li23,TmY31,18,10,8,0,50,25,25,0
LT52,LTe07,11,5,6,0,50,16,34,0
MTe02,Sm11,16,9,7,0,50,29,21,0
LT66,LMt1,15,9,6,0,50,31,19,0
cLPL01,Li33,2,1,1,0,50,21,29,0
MTe46,MeMe_e07,6,0,0,6,50,0,0,50
LT34,LTe16,2,1,1,0,50,28,22,0
aMe5,MTe05,20,10,10,0,50,27,23,0
LC22,LC46,18,8,10,0,50,25,25,0
LC24,Tm5b,21,10,11,0,50,25,25,0
LC24,LT51,12,3,9,0,50,9,41,0
MTe02,MLt6,18,8,10,0,50,25,25,0
LT52,Tm5a,9,0,9,0,50,0,50,0
LCe01a,Li06,21,13,8,0,50,33,17,0
aMe17b,MTe01b,18,10,8,0,50,30,20,0
LC13,LC14a2,19,12,7,0,50,32,18,0
CB0816,Dm10,23,13,10,0,50,28,22,0
aMe26,LTe37,6,1,4,1,50,5,40,5
LPLC4,LTe17,18,8,10,0,50,26,24,0
LT69,cL20,2,1,1,0,50,27,23,0
LC28a,LC11,14,8,6,0,50,35,15,0
LTe47,Li05,11,4,7,0,50,11,39,0
MeTu4a,MeTu4b,16,6,10,0,50,18,32,0
cLP03,Tlp5,9,4,5,0,50,9,41,0
LC22,LT59,14,6,8,0,50,22,28,0
LC17,LPLC1,19,6,13,0,50,16,34,0
LTe22,cL04,4,2,2,0,50,22,28,0
MeTu1,MeTu3c,18,10,8,0,50,26,24,0
cL18,DNp11,4,2,2,0,50,8,42,0
LTe19,LT51,8,5,3,0,50,30,20,0
CB0802,cMLLP01,4,1,1,2,50,7,16,27
cLLP02,Li01,23,10,13,0,50,23,27,0
LT63,PLP051,4,2,2,0,50,28,22,0
MTe51,cM03,17,14,3,0,50,39,11,0
MTe51,Tm5d,14,3,11,0,50,9,41,0
cL17,LTe22,4,2,2,0,50,23,27,0
LT1c,LC21,17,5,12,0,50,15,35,0
cMLLP02,Pm12,4,3,1,0,50,48,2,0
OA-AL2i2,LC21,20,10,10,0,50,24,26,0
OA-AL2i2,Li33,4,2,2,0,50,25,25,0
aMe12,cM08c,7,3,4,0,50,18,32,0
LC28a,LC16,23,12,11,0,50,25,25,0
mALC3,T5b,23,16,7,0,50,35,15,0
cM13,Tm32,5,2,3,0,50,7,43,0
MC65,LT64,6,3,3,0,50,17,33,0
LT53,LC14b,15,4,11,0,50,9,41,0
cM12,Tm5d,18,8,10,0,50,23,27,0
LC24,Tm5f,20,14,6,0,50,35,15,0
VCH,LPi12,2,1,1,0,50,23,27,0
MTe22,Tm5c,20,11,9,0,50,25,25,0
cL11,LT65,2,1,1,0,50,28,22,0
DCH,LPi15,2,1,1,0,50,38,12,0
OA-AL2i1,T5d,25,19,6,0,50,38,12,0
OA-AL2i1,Am1,2,1,1,0,50,30,20,0
LTe17,LTe42c,2,1,1,0,50,26,24,0
LPT27,Y3,19,12,7,0,50,30,20,0
aMe3,CB1791,3,1,2,0,50,10,40,0
LT61a,cL21,6,2,2,2,50,20,20,10
H2,LPT23,6,3,3,0,50,29,21,0
LT36,Li08,18,3,15,0,50,7,43,0
LT58,Tm27,17,8,9,0,50,28,22,0
LT58,LC10e,18,13,5,0,50,39,11,0
cM10,MLt1,19,11,8,0,50,27,23,0
cMLLP01,LPT30,2,1,1,0,50,21,29,0
cL13,LTe03,4,2,2,0,50,28,22,0
MeTu4b,Sm29,19,15,4,0,50,42,8,0
VS2,T4d,23,20,3,0,50,42,8,0
aMe19a,LMTe01,4,2,2,0,50,22,28,0
cL02b,Li09,16,9,7,0,50,28,22,0
cL22c,LTe42a,2,1,1,0,50,21,29,0
LT41,Li17,12,7,5,0,50,29,21,0
Li12,cL17,3,3,0,0,50,50,0,0
LTe64,DNp31,5,5,0,0,50,50,0,0
CB0143,PLP081,1,1,0,0,50,50,0,0
AVLP534,Pm07,2,2,0,0,50,50,0,0
Tm25,Lawf2,21,9,12,0,49,19,30,0
Tlp4,LC22,19,8,11,0,49,22,27,0
Li06,LPLC4,20,9,11,0,49,19,30,0
Y12,LC15,21,9,12,0,49,25,24,0
Y4,Am1,20,11,9,0,49,27,22,0
Sm24,TmY10,21,8,13,0,49,17,32,0
Mi10,Mi2,24,10,14,0,49,20,29,0
Sm15,MTe03,18,9,9,0,49,28,21,0
Tm5c,TmY11,20,9,11,0,49,25,24,0
Sm34,Tm25,22,12,10,0,49,27,22,0
Tlp1,LPT50,15,9,6,0,49,31,18,0
Tm5e,LTe14,20,12,8,0,49,28,21,0
TmY14,T4a,24,9,15,0,49,18,31,0
Li02,LC33a,14,3,11,0,49,6,43,0
Tm7,Tm25,21,10,11,0,49,24,25,0
Tm7,MLt7,15,0,15,0,49,0,49,0
Sm23,Sm07,23,17,6,0,49,34,15,0
Mi10,T2a,17,8,9,0,49,16,33,0
Y11,Tm21,23,11,12,0,49,23,26,0
Sm12,LT58,16,8,8,0,49,28,21,0
Sm30,MTe49,6,3,3,0,49,22,27,0
MLt5,Sm07,21,13,8,0,49,27,22,0
C3,Pm05,19,10,9,0,49,29,20,0
Li10,TmY5a,23,17,6,0,49,37,12,0
Tm5b,LLPt,17,6,11,0,49,15,34,0
Tm5b,LCe02,20,13,7,0,49,32,17,0
Tm33,MeTu4a,22,9,13,0,49,18,31,0
Sm01,Tm8a,19,9,10,0,49,23,26,0
Li12,LC43,17,8,9,0,49,25,24,0
Mi9,MTe53,23,12,11,0,49,25,24,0
C2,Dm11,22,13,9,0,49,29,20,0
Tm2,T4b,18,9,9,0,49,23,26,0
LMt3,LC11,22,7,15,0,49,15,34,0
LMt3,Pm07,17,10,7,0,49,32,17,0
Mi4,CB0816,22,14,8,0,49,32,17,0
C3,Dm16,22,11,11,0,49,26,23,0
Sm32,Mi4,20,8,12,0,49,23,26,0
Lawf1,Tm1,15,6,9,0,49,22,27,0
Y4,T5a,22,10,12,0,49,23,26,0
Tm1,Pm11,10,5,5,0,49,17,32,0
LLPt,LLPt,14,7,7,0,49,23,26,0
Tm34,Li06,20,6,14,0,49,15,34,0
TmY10,Tm27,24,10,14,0,49,21,28,0
Tlp4,Tm27,20,14,6,0,49,31,18,0
Li06,Li05,19,11,8,0,49,29,20,0
Tm37,LC24,22,11,11,0,49,25,24,0
Tm5c,LTe37,16,7,9,0,49,21,28,0
Sm17,DmDRA1,17,6,11,0,49,23,26,0
Pm10,Pm02,23,14,9,0,49,30,19,0
Tm4,LTe18,21,11,10,0,49,28,21,0
TmY3,Li21,23,9,14,0,49,19,30,0
Tm5c,LT77,24,11,13,0,49,23,26,0
Dm8a,Sm31,11,1,10,0,49,2,47,0
Li19,LC21,19,10,9,0,49,28,21,0
Dm10,Dm4,21,10,11,0,49,20,29,0
TmY31,LTe50,17,8,9,0,49,21,28,0
MLt4,MTe53,16,8,8,0,49,25,24,0
Dm2,Sm35,22,16,6,0,49,37,12,0
Y11,LPT42_Nod4,20,8,12,0,49,20,29,0
LMa1,LC12,22,10,12,0,49,21,28,0
TmY15,TmY20,21,13,8,0,49,28,21,0
Li26,LC11,21,7,14,0,49,14,35,0
LPi09,LPT50,16,4,12,0,49,11,38,0
Li11,LT87,18,9,9,0,49,25,24,0
Sm41,Dm8a,15,2,13,0,49,5,44,0
Sm41,MLt5,18,9,9,0,49,24,25,0
TmY11,LTe05,21,10,11,0,49,22,27,0
TmY5a,Dm3v,23,13,10,0,49,27,22,0
LPi08,LPi11,19,14,5,0,49,34,15,0
Tm35,Sm31,23,10,13,0,49,20,29,0
Pm04,OA-AL2i2,20,15,5,0,49,37,12,0
Sm10,MeTu4a,21,13,8,0,49,30,19,0
Sm25,Tm32,19,14,5,0,49,38,11,0
Dm15,Tm21,23,13,10,0,49,27,22,0
Sm14,Sm12,20,14,6,0,49,34,15,0
Li01,LT75,21,11,10,0,49,28,21,0
Sm11,Tm27,18,11,7,0,49,32,17,0
LPi14,LPi14,4,2,2,0,49,11,38,0
Sm06,MTe15,18,9,9,0,49,25,24,0
LPi11,LPi10,20,12,8,0,49,29,20,0
LLPt,TmY15,24,16,8,0,49,32,17,0
TmY20,Sm15,21,16,5,0,49,39,10,0
Pm05,Pm13,15,8,7,0,49,31,18,0
Li02,LTe30,15,9,6,0,49,29,20,0
Dm10,Mi14,20,10,10,0,49,28,21,0
Tm3,LC17,12,3,9,0,49,6,43,0
LMa1,TmY15,17,11,6,0,49,36,13,0
Tm16,LC24,20,10,10,0,49,25,24,0
Mi1,Sm07,21,13,8,0,49,28,21,0
Tm35,TmY9q,19,8,11,0,49,22,27,0
Tm27,TmY16,21,17,4,0,49,39,10,0
Li09,LC24,15,9,6,0,49,30,19,0
TmY4,LPLC2,17,9,8,0,49,26,23,0
Li28,Tm37,21,10,11,0,49,23,26,0
Li28,Li32,4,2,2,0,49,19,30,0
MLt7,Sm34,21,13,8,0,49,29,20,0
TmY10,LTe56,14,8,6,0,49,31,18,0
Pm01,TmY9q,21,18,3,0,49,41,8,0
Tm1,LMt2,14,8,6,0,49,16,33,0
Li26,LCe07,15,7,8,0,49,20,29,0
Sm18,Sm38,19,14,5,0,49,38,11,0
Sm42,C2,12,9,3,0,49,37,12,0
Li25,T2a,23,13,10,0,49,28,21,0
Li25,LMa2,18,12,6,0,49,32,17,0
Tm7,LT72,14,8,6,0,49,24,25,0
Li27,Li05,18,11,7,0,49,34,15,0
Li32,LT78,7,3,4,0,49,20,29,0
LPi07,LPi09,20,11,9,0,49,22,27,0
LPi13,VSm,4,2,2,0,49,27,22,0
Li23,LTe58,7,3,4,0,49,17,32,0
Li23,Li01,17,5,12,0,49,14,35,0
Li23,LC37a,8,5,3,0,49,27,22,0
LC16,LC14b,18,11,7,0,49,33,16,0
LC28a,LTe47,11,6,5,0,49,28,21,0
LC28a,OA-AL2b1,14,4,10,0,49,21,28,0
LC10a,LLPC2,20,9,11,0,49,23,26,0
LC10a,LC10f,7,1,6,0,49,5,44,0
LC40,LC37a,13,6,7,0,49,24,25,0
LC4,LMa4,23,12,11,0,49,26,23,0
LC10d,Tm7,23,13,10,0,49,28,21,0
LC25,LC26,19,10,9,0,49,28,21,0
MTe02,Pm14,15,5,10,0,49,20,29,0
LC14b,Tm9,18,15,3,0,49,42,7,0
LT66,TmY15,13,6,7,0,49,22,27,0
MTe54,aMe5,21,11,10,0,49,26,23,0
LT11,Li14,14,7,7,0,49,22,27,0
LPLC4,LTe64,17,9,8,0,49,29,20,0
LT42,Tlp4,17,6,11,0,49,24,25,0
LTe15,PLP177,2,1,1,0,49,26,23,0
LLPC3,Li13,18,7,11,0,49,21,28,0
LC14a2,Li18,10,5,5,0,49,20,29,0
LT43,cM08a,10,4,6,0,49,18,31,0
MeTu4c,MTe36,14,9,5,0,49,32,17,0
LPLC2,LLPC1,23,16,7,0,49,34,15,0
cL16,Li32,3,2,1,0,49,32,17,0
LC14b,Mi9,14,12,2,0,49,44,5,0
LC14b,TmY11,14,9,5,0,49,31,18,0
LT52,LT65,15,9,6,0,49,32,17,0
MeTu4a,LTe36,18,7,11,0,49,15,34,0
MTe05,Sm12,22,11,11,0,49,23,26,0
MeMe_e08,MeMe_e07,17,0,0,17,49,0,0,49
LC4,cL21,8,2,6,0,49,10,39,0
LTe01,PLP032,5,2,2,1,49,19,24,6
cM08c,aMe9,7,3,4,0,49,12,37,0
aMe26,MTe37,6,3,3,0,49,24,25,0
LPLC1,TmY14,21,15,6,0,49,33,16,0
LC15,Tm5f,16,2,14,0,49,5,44,0
MTe15,LTe72,4,2,2,0,49,33,16,0
LC14a2,LC19,13,7,6,0,49,28,21,0
cL07,LMt2,17,2,15,0,49,4,45,0
OA-AL2i3,Tm5c,22,7,15,0,49,17,32,0
LC24,LC10a,19,8,11,0,49,20,29,0
cL20,LC10b,12,8,4,0,49,39,10,0
LT37,Tm32,16,10,6,0,49,34,15,0
LT37,OA-ASM1,8,4,4,0,49,27,22,0
LC28a,LTe38a,17,9,8,0,49,28,21,0
LTe22,LTe68,7,4,3,0,49,30,19,0
LPLC4,Li13,15,2,13,0,49,4,45,0
MTe12,MTe02,18,11,7,0,49,30,19,0
LC33a,LT52,13,8,5,0,49,25,24,0
mALD1,aMe20,2,1,1,0,49,21,28,0
LPLC4,Tm7,20,12,8,0,49,31,18,0
LTe04,LTe17,2,1,1,0,49,26,23,0
LT38,Tm16,15,8,7,0,49,31,18,0
LT38,Li16,13,9,4,0,49,38,11,0
LPT28,TmY31,21,19,2,0,49,42,7,0
CB0230,PLP020,1,0,0,1,49,0,0,49
LC37a,LMa2,15,4,11,0,49,11,38,0
mALD2,LTe55,2,1,1,0,49,38,11,0
cM01c,MTe10,5,3,2,0,49,22,27,0
LC14b,LMa4,14,9,5,0,49,26,23,0
MTe47,Li22,17,9,8,0,49,26,23,0
MeMe_e04,Tm34,14,7,7,0,49,22,27,0
aMe17a2,aMe12,4,1,3,0,49,23,26,0
aMe17a2,Sm10,19,12,7,0,49,34,15,0
AVLP151,LT40,2,1,1,0,49,38,11,0
mALC5,LPi03,11,6,5,0,49,23,26,0
LT56,LMt2,15,7,8,0,49,29,20,0
LT65,LC6,18,9,9,0,49,24,25,0
VS1,LPi13,2,1,1,0,49,33,16,0
VS1,Am1,2,1,1,0,49,40,9,0
cM12,MeMe_e04,2,1,1,0,49,23,26,0
VCH,T2,23,12,11,0,49,26,23,0
MTe51,Tm5b,18,0,18,0,49,0,49,0
cL02a,LT80,5,2,3,0,49,15,34,0
LPT49,LPi09,18,13,5,0,49,38,11,0
PLP032,cLP02,7,1,1,5,49,5,6,38
DCH,Y1,18,10,8,0,49,25,24,0
OA-AL2i1,TmY3,22,13,9,0,49,30,19,0
cM15,Mi9,20,11,9,0,49,24,25,0
LT58,MeTu3c,11,7,4,0,49,39,10,0
LT51,LT40,2,1,1,0,49,14,35,0
cMLLP01,TmY16,18,8,10,0,49,20,29,0
cL13,Li02,15,7,8,0,49,32,17,0
cL22c,LC33a,4,2,2,0,49,31,18,0
MTe27,CB0802,2,1,1,0,49,8,41,0
LTe25,LT43,4,2,2,0,49,17,32,0
LTe25,PLP004,1,0,1,0,49,0,49,0
LTe25,LTe50,4,2,2,0,49,32,17,0
cM16,Tm5c,22,13,9,0,49,27,22,0
aMe24,aMe20,2,1,1,0,49,29,20,0
aMe24,aMe1,3,2,1,0,49,26,23,0
LPT54,PLP252,1,1,0,0,49,49,0,0
Li01,LC33a,19,9,10,0,48,26,22,0
MLt4,Mi4,18,9,9,0,48,24,24,0
Tm25,Tm27,21,7,14,0,48,19,29,0
Sm16,TmY20,19,9,10,0,48,22,26,0
T3,MLt4,15,6,9,0,48,13,35,0
LPi06,LPT21,15,10,5,0,48,31,17,0
Tm20,T2,15,5,10,0,48,17,31,0
Sm18,cM08c,16,1,15,0,48,2,46,0
TmY4,Sm05,21,11,10,0,48,24,24,0
Li20,LT11,6,3,3,0,48,18,30,0
MLt6,LC28a,20,12,8,0,48,29,19,0
Tm16,LCe01b,18,8,10,0,48,21,27,0
Li05,LT77,16,7,9,0,48,23,25,0
Li14,Li14,19,12,7,0,48,31,17,0
L5,Tm5d,14,10,4,0,48,40,8,0
Tm27,Mi2,23,11,12,0,48,24,24,0
Tlp14,Am1,18,11,7,0,48,28,20,0
Sm15,Mi15,14,8,6,0,48,22,26,0
TmY9q,LT57,17,10,7,0,48,28,20,0
MLt2,LTe62,16,11,5,0,48,36,12,0
L5,MTe31,17,13,4,0,48,39,9,0
Li11,LC10e,16,9,7,0,48,23,25,0
L5,Sm20,19,12,7,0,48,31,17,0
L5,L4,17,6,11,0,48,20,28,0
Li06,T3,17,5,12,0,48,15,33,0
TmY10,Pm14,21,10,11,0,48,24,24,0
Sm40,Tm31,19,8,11,0,48,20,28,0
C2,T2a,18,8,10,0,48,21,27,0
Tm25,MTe04,19,15,4,0,48,36,12,0
Tm5e,Dm2,23,13,10,0,48,27,21,0
Tm21,LTe38c,21,9,12,0,48,22,26,0
Tm21,Y4,22,8,14,0,48,16,32,0
TmY31,LTe15,17,9,8,0,48,28,20,0
Tm20,LC14a2,18,10,8,0,48,29,19,0
TmY5a,LTe21,16,4,12,0,48,9,39,0
TmY16,Tm4,22,7,15,0,48,14,34,0
TmY5a,LTe19,21,11,10,0,48,25,23,0
Li13,MLt3,20,13,7,0,48,28,20,0
TmY3,T5c,20,13,7,0,48,28,20,0
Sm10,MeMe_e05,14,8,6,0,48,28,20,0
T4a,LPLC1,18,8,10,0,48,22,26,0
Tm34,Li12,21,11,10,0,48,27,21,0
Mi2,TmY14,21,7,14,0,48,15,33,0
LMa2,LT61a,16,7,9,0,48,22,26,0
LMa2,Li21,19,7,12,0,48,16,32,0
Sm15,Tm8b,12,3,9,0,48,7,41,0
MLt6,LTe76,14,7,7,0,48,20,28,0
TmY5a,LTe25,20,8,12,0,48,17,31,0
Sm31,MTe33,11,6,5,0,48,25,23,0
Mi9,Pm12,15,5,10,0,48,14,34,0
MLt7,Sm07,21,10,11,0,48,25,23,0
Mi15,Sm42,21,10,11,0,48,22,26,0
Y1,LPC1,20,10,10,0,48,22,26,0
Dm16,Mi1,23,14,9,0,48,30,18,0
Sm09,Tm37,22,9,13,0,48,20,28,0
Y12,LLPC2,22,14,8,0,48,32,16,0
LMt1,LMa3,19,11,8,0,48,26,22,0
TmY9q⊥,LC28a,18,9,9,0,48,25,23,0
Dm14,MLt1,20,7,13,0,48,21,27,0
Tm16,cM07,21,17,4,0,48,40,8,0
Mi14,Tm3,18,8,10,0,48,22,26,0
Sm18,Tm5b,21,6,15,0,48,13,35,0
L4,Dm6,15,7,8,0,48,21,27,0
Tm5e,CB3089,14,6,8,0,48,21,27,0
PDt,Dm14,20,7,13,0,48,19,29,0
TmY11,LC13,23,9,14,0,48,20,28,0
LMa1,LMt1,20,9,11,0,48,21,27,0
Li11,Li33,20,9,11,0,48,22,26,0
Tm16,LMt2,17,11,6,0,48,35,13,0
LMa4,Am1,18,10,8,0,48,26,22,0
LMa3,Tm3,24,14,10,0,48,28,20,0
Tm25,Li11,22,11,11,0,48,25,23,0
Li21,LMt3,18,11,7,0,48,29,19,0
Li13,LT78,14,6,8,0,48,29,19,0
Tm5b,LTe58,18,8,10,0,48,24,24,0
Tm8a,Tm31,12,5,7,0,48,11,37,0
LMt4,LMa5,22,14,8,0,48,31,17,0
TmY10,Dm1,22,15,7,0,48,34,14,0
Tm5e,LTe38a,19,13,6,0,48,33,15,0
Tm5a,LT79,18,7,11,0,48,17,31,0
Tm8a,MeMe_e02,17,10,7,0,48,32,16,0
Tm37,LT58,20,16,4,0,48,38,10,0
TmY9q,LC31a,19,14,5,0,48,34,14,0
Li10,LT78,22,11,11,0,48,25,23,0
T5c,TmY20,16,12,4,0,48,39,9,0
Sm03,Sm41,18,11,7,0,48,28,20,0
Li05,Li27,20,14,6,0,48,34,14,0
Pm07,MTe43,12,8,4,0,48,35,13,0
Pm07,MLt2,18,10,8,0,48,29,19,0
LPi01,TmY14,16,5,11,0,48,13,35,0
Dm8b,R8,11,2,9,0,48,10,38,0
Tm5e,LTe15,18,6,12,0,48,18,30,0
Tm20,cL05,21,14,7,0,48,34,14,0
Sm14,Sm15,15,11,4,0,48,39,9,0
LPi07,T4b,23,11,12,0,48,22,26,0
Lawf2,Pm05,16,8,8,0,48,19,29,0
Li16,cL21,20,12,8,0,48,28,20,0
Dm2,DmDRA1,20,15,5,0,48,34,14,0
C3,Tm5c,19,10,9,0,48,20,28,0
Tm5c,LCe04,20,16,4,0,48,38,10,0
Sm42,MTe01b,15,9,6,0,48,27,21,0
Sm42,MeMe_e05,4,2,2,0,48,27,21,0
Sm42,OA-AL2i4,2,1,1,0,48,26,22,0
Li33,cM09,5,3,2,0,48,19,29,0
LPi07,TmY15,21,17,4,0,48,36,12,0
TmY10,LTe38b,19,11,8,0,48,30,18,0
Li32,LTe08,2,1,1,0,48,24,24,0
Am1,LPT42_Nod4,2,1,1,0,48,25,23,0
Am1,Nod2,2,1,1,0,48,30,18,0
Li30,cL02b,6,4,2,0,48,35,13,0
Li30,cLM01,2,1,1,0,48,27,21,0
Li29,LC11,20,10,10,0,48,25,23,0
LPi13,LMa4,17,8,9,0,48,21,27,0
LPi13,TmY4,21,15,6,0,48,35,13,0
LC28a,Li12,18,5,13,0,48,10,38,0
LT55,LT59,2,1,1,0,48,17,31,0
MTe45,Li33,2,1,1,0,48,25,23,0
LC10b,TmY10,21,13,8,0,48,30,18,0
LC10d,LT34,8,5,3,0,48,30,18,0
cM09,Dm9,21,16,5,0,48,37,11,0
LT34,Tm33,18,10,8,0,48,32,16,0
MeTu4a,Tm34,20,12,8,0,48,31,17,0
LC21,Li19,21,6,15,0,48,12,36,0
MeTu1,Sm21,21,10,11,0,48,22,26,0
LC20a,LC10c,21,10,11,0,48,23,25,0
LPC1,LLPC1,20,13,7,0,48,28,20,0
MTe01b,MTe31,16,9,7,0,48,25,23,0
LC31a,LC14a1,13,11,2,0,48,40,8,0
LT52,LT64,11,4,7,0,48,21,27,0
LTe64,LC14a2,13,7,6,0,48,27,21,0
LC21,LC43,13,5,8,0,48,21,27,0
MeMe_e02,aMe9,14,0,0,14,48,0,0,48
CB0816,Dm12,22,9,13,0,48,19,29,0
LPLC1,LPLC4,16,10,6,0,48,34,14,0
aMe26,OA-AL2i4,6,3,3,0,48,31,17,0
aMe26,Sm06,18,8,10,0,48,22,26,0
aMe26,MeTu1,20,14,6,0,48,33,15,0
LPLC1,Li31,21,9,12,0,48,20,28,0
aMe9,Sm31,14,8,6,0,48,33,15,0
LTe47,LC10d,14,5,9,0,48,16,32,0
LC14a2,TmY15,15,5,10,0,48,11,37,0
cL10,CB0802,2,1,1,0,48,7,41,0
MTe08,LMa5,18,12,6,0,48,34,14,0
cLP02,LPT57,8,6,1,1,48,14,2,32
cM08a,Tm33,20,7,13,0,48,19,29,0
cM06,Pm13,3,1,2,0,48,17,31,0
MeLp2,LPT47_vCal2,2,1,1,0,48,19,29,0
LPLC4,Y3,21,10,11,0,48,22,26,0
cL20,LC14a1,6,4,2,0,48,36,12,0
LTe63,LTe27,6,3,3,0,48,24,24,0
cL21,mALC4,4,2,2,0,48,23,25,0
MTe12,Sm07,19,10,9,0,48,25,23,0
cM07,LC31a,12,9,3,0,48,38,10,0
MeTu1,Tm5b,8,0,8,0,48,0,48,0
MTe01b,aMe26,17,10,7,0,48,32,16,0
LLPC3,LTe52,16,8,8,0,48,25,23,0
cLLPM01,LTe15,6,3,3,0,48,22,26,0
MeMe_e07,Tm5e,19,9,10,0,48,27,21,0
CB0230,DNp31,1,0,0,1,48,0,0,48
LC24,LC26,19,12,7,0,48,31,17,0
LT64,Li33,6,3,3,0,48,37,11,0
aMe4,aMe20,8,2,6,0,48,27,21,0
LC39,LC21,6,5,1,0,48,45,3,0
OA-AL2i2,LC14a1,18,11,7,0,48,31,17,0
MeTu3b,Sm15,18,13,5,0,48,37,11,0
cM03,Sm34,17,11,6,0,48,35,13,0
mALC5,T2,20,12,8,0,48,30,18,0
mALC5,LPi15,2,1,1,0,48,23,25,0
cM08c,Pm14,8,6,2,0,48,42,6,0
MTe04,aMe26,7,3,4,0,48,16,32,0
MeTu2a,MeTu2b,11,9,2,0,48,41,7,0
LAL047,MC65,6,3,3,0,48,22,26,0
MTe37,5-HTPMPV01,2,1,1,0,48,13,35,0
LT53,LTe42a,5,2,3,0,48,17,31,0
cM12,C3,17,10,7,0,48,28,20,0
LC15,LT82a,18,12,6,0,48,32,16,0
LT85,LT51,5,4,1,0,48,33,15,0
DNp27,LMa2,19,11,8,0,48,27,21,0
DNp27,Li33,4,2,2,0,48,23,25,0
LTe32,LTe32,7,3,4,0,48,31,17,0
cM15,TmY16,21,11,10,0,48,27,21,0
aMe6a,LTe71,2,1,1,0,48,17,31,0
cL04,Li30,4,2,2,0,48,34,14,0
LTe42c,cM12,4,1,1,2,48,5,8,35
cL09,LTe18,2,1,1,0,48,27,21,0
cLLPM02,Tlp4,12,7,5,0,48,25,23,0
vCal1,LTe52,4,1,0,3,48,5,0,43
cL22c,LTe61,2,1,1,0,48,17,31,0
LT39,LTe20,2,1,1,0,48,15,33,0
CB0143,PLP177,1,1,0,0,48,48,0,0
cL02b,LT80,5,5,0,0,48,48,0,0
Tm16,LT52,21,12,9,0,47,26,21,0
TmY5a,LC12,22,9,13,0,47,19,28,0
Tm8a,Sm19,19,10,9,0,47,25,22,0
Y12,Li12,17,10,7,0,47,29,18,0
T4c,Y12,16,2,14,0,47,4,43,0
Dm11,CB0566,21,12,9,0,47,26,21,0
Li07,mALD2,10,6,4,0,47,36,11,0
Tm32,LTe58,19,7,12,0,47,16,31,0
Tm25,Li20,21,10,11,0,47,22,25,0
Tm5e,LTe42c,21,10,11,0,47,21,26,0
Sm34,Sm41,9,4,5,0,47,20,27,0
Y3,PDt,22,13,9,0,47,27,20,0
Tm16,Tm5d,22,13,9,0,47,27,20,0
Tm8b,Li13,20,6,14,0,47,12,35,0
MLt5,Sm24,17,11,6,0,47,31,16,0
Dm8a,aMe12,19,12,7,0,47,31,16,0
Tm21,LC14b,22,9,13,0,47,20,27,0
Tm5e,LTe30,18,6,12,0,47,13,34,0
Pm12,MeLp2,4,2,2,0,47,23,24,0
Tm5d,Pm05,20,13,7,0,47,30,17,0
Tm7,MTe28,18,8,10,0,47,22,25,0
Tlp5,TmY4,16,7,9,0,47,15,32,0
Tm5f,LMa4,17,4,13,0,47,11,36,0
TmY3,T5a,21,6,15,0,47,12,35,0
Tm5b,Li24,21,10,11,0,47,21,26,0
Y11,LPT50,18,8,10,0,47,19,28,0
MLt4,MTe46,18,5,13,0,47,16,31,0
Li12,LC10b,20,10,10,0,47,21,26,0
Sm40,Sm10,19,14,5,0,47,33,14,0
Sm04,MLt7,20,10,10,0,47,23,24,0
Tm5c,LC17,21,12,9,0,47,29,18,0
TmY9q,Pm07,22,13,9,0,47,28,19,0
Tm20,Tm2,21,8,13,0,47,20,27,0
TmY3,Tm1,23,10,13,0,47,20,27,0
TmY14,Mi4,21,10,11,0,47,22,25,0
R1-6,Lawf1,18,4,14,0,47,9,38,0
Tm2,cML01,22,9,13,0,47,18,29,0
Tm3,Li33,17,2,15,0,47,4,43,0
Dm4,Tm5c,22,12,10,0,47,27,20,0
LMa1,T2,17,9,8,0,47,21,26,0
Mi14,Mi4,18,13,5,0,47,30,17,0
T4a,VS3,14,6,8,0,47,27,20,0
Tlp5,Li06,21,10,11,0,47,23,24,0
Tm16,LT55,18,10,8,0,47,24,23,0
Tm5c,Tm33,12,4,8,0,47,9,38,0
Sm09,Sm32,19,11,8,0,47,24,23,0
T2,T1,10,3,7,0,47,6,41,0
Tm16,LMa2,16,6,10,0,47,20,27,0
MLt3,LT66,18,10,8,0,47,27,20,0
T5a,LLPC3,23,16,7,0,47,33,14,0
Dm3q,Tm5e,23,14,9,0,47,29,18,0
MLt1,Sm29,17,12,5,0,47,35,12,0
Li04,LT64,15,8,7,0,47,25,22,0
Li07,LTe42b,12,6,6,0,47,18,29,0
Li06,LT11,17,8,9,0,47,24,23,0
LMt1,Li05,19,7,12,0,47,15,32,0
TmY3,LC39,15,10,5,0,47,32,15,0
TmY4,T4d,20,8,12,0,47,18,29,0
Tm8a,MLt2,21,8,13,0,47,18,29,0
LPi04,LPT52,15,7,8,0,47,18,29,0
Tm25,MTe08,21,10,11,0,47,22,25,0
Sm02,Sm15,19,7,12,0,47,15,32,0
TmY31,Mi4,22,11,11,0,47,23,24,0
Sm09,Dm2,19,13,6,0,47,33,14,0
Tm5e,MTe30,22,11,11,0,47,24,23,0
Lawf2,L1,20,12,8,0,47,29,18,0
Li09,OA-ASM1,22,13,9,0,47,29,18,0
Pm09,Tm36,21,7,14,0,47,15,32,0
PDt,Dm1,21,9,12,0,47,21,26,0
Y11,Nod3,13,5,8,0,47,19,28,0
Tm35,Tm20,21,15,6,0,47,32,15,0
Li10,LTe28,14,6,8,0,47,26,21,0
MLt8,MC65,14,8,6,0,47,24,23,0
Tm16,LMa3,22,13,9,0,47,27,20,0
Tm7,MTe42,18,11,7,0,47,31,16,0
Sm06,MTe37,12,2,10,0,47,4,43,0
L4,Tm27,20,13,7,0,47,31,16,0
Sm13,T2a,21,12,9,0,47,29,18,0
Sm18,MTe10,15,8,7,0,47,23,24,0
Tm3,T5c,19,8,11,0,47,20,27,0
Li13,LTe44,6,3,3,0,47,20,27,0
MLt1,MTe09,19,8,11,0,47,20,27,0
Tm5f,LMt2,21,13,8,0,47,30,17,0
LMa4,Pm10,20,7,13,0,47,18,29,0
TmY11,LC43,19,13,6,0,47,33,14,0
Li11,Tm37,20,12,8,0,47,28,19,0
Li15,LMt4,17,11,6,0,47,30,17,0
L1,T2a,18,8,10,0,47,20,27,0
TmY16,Tlp4,18,11,7,0,47,31,16,0
Li06,Lawf2,12,0,12,0,47,0,47,0
LPi11,Y12,18,10,8,0,47,23,24,0
Tm5d,Dm8a,18,8,10,0,47,22,25,0
Tm32,LC33a,20,8,12,0,47,17,30,0
Tm9,Tm9,20,12,8,0,47,30,17,0
Li15,Li16,20,11,9,0,47,24,23,0
TmY4,LPi08,22,18,4,0,47,38,9,0
Dm18,L2,9,2,7,0,47,19,28,0
LMa2,Li09,17,9,8,0,47,27,20,0
MLt2,MTe30,17,10,7,0,47,28,19,0
Tm5b,LTe08,20,10,10,0,47,23,24,0
Sm29,Sm30,16,9,7,0,47,26,21,0
TmY4,LC13,18,11,7,0,47,26,21,0
Mi10,OA-AL2i4,21,14,7,0,47,33,14,0
Sm12,Pm14,21,14,7,0,47,32,15,0
Li13,LC25,20,8,12,0,47,20,27,0
Pm14,Tm16,19,14,5,0,47,36,11,0
Li12,Li09,20,13,7,0,47,31,16,0
Tm1,LPi05,5,0,5,0,47,0,47,0
Li31,LT57,10,5,5,0,47,30,17,0
Li24,LC31b,14,10,4,0,47,32,15,0
Sm42,Sm31,13,8,5,0,47,28,19,0
Sm42,LMa4,16,10,6,0,47,29,18,0
Sm02,Sm22,14,7,7,0,47,17,30,0
Sm43,MeTu3a,19,13,6,0,47,32,15,0
Mi9,Dm1,21,16,5,0,47,37,10,0
Li33,MeTu4a,11,5,6,0,47,20,27,0
Li33,LT1c,2,1,1,0,47,17,30,0
LMa2,LTe64,11,3,8,0,47,7,40,0
Sm35,MTe35,6,3,3,0,47,29,18,0
LPi13,LPT57,2,1,1,0,47,35,12,0
MTe50,MTe01a,17,11,6,0,47,28,19,0
LC15,LMt1,22,14,8,0,47,29,18,0
aMe5,MTe04,18,10,8,0,47,26,21,0
LLPC1,TmY31,20,7,13,0,47,15,32,0
LLPC2,LPi04,22,17,5,0,47,37,10,0
LC9,LC16,15,9,6,0,47,25,22,0
LT42,Li19,4,2,2,0,47,28,19,0
LC14a1,LTe26,12,6,6,0,47,21,26,0
LC14a2,MeTu4c,17,11,6,0,47,29,18,0
LC14a2,LT81,7,4,3,0,47,26,21,0
MeTu4a,LTe48,15,7,8,0,47,16,31,0
MeTu4c,MLt5,19,14,5,0,47,32,15,0
LTe01,LC33a,14,8,6,0,47,31,16,0
LLPC3,LC10d,22,12,10,0,47,24,23,0
LC14a1,Tm3,20,12,8,0,47,29,18,0
MeMe_e08,MTe52,20,13,7,0,47,31,16,0
LC10b,LCe07,12,6,6,0,47,25,22,0
aMe8,MTe05,9,6,3,0,47,30,17,0
LT62,LT56,2,1,1,0,47,37,10,0
LPT54,LPT21,2,1,1,0,47,30,17,0
LC34,LCe06,10,6,4,0,47,28,19,0
LT57,LC34,16,6,10,0,47,14,33,0
LLPC1,Y12,19,8,11,0,47,24,23,0
LPT23,LLPt,18,10,8,0,47,28,19,0
LPT23,Tlp5,16,11,5,0,47,30,17,0
LC9,T2a,21,12,9,0,47,26,21,0
LC37a,LT72,7,3,4,0,47,20,27,0
MTe25,Pm14,4,2,2,0,47,37,10,0
LTe29,LTe64,6,3,3,0,47,30,17,0
LLPC1,LC19,19,10,9,0,47,23,24,0
LPC1,Y11,18,10,8,0,47,30,17,0
LC9,Tm21,17,7,10,0,47,24,23,0
cL20,Y4,16,10,6,0,47,30,17,0
LC10d,LTe63,9,6,3,0,47,34,13,0
mALD1,LTe38c,3,2,1,0,47,33,14,0
mALD1,LTe74,2,1,1,0,47,30,17,0
cLLP02,Li09,21,11,10,0,47,25,22,0
cLLP02,LLPt,19,6,13,0,47,15,32,0
cL17,Li05,6,0,6,0,47,0,47,0
cM02a,MeTu4d,9,4,5,0,47,33,14,0
aMe4,Dm11,20,11,9,0,47,27,20,0
LC10b,LTe61,16,8,8,0,47,18,29,0
cLM01,Sm42,2,1,1,0,47,26,21,0
MTe01a,MTe28,18,9,9,0,47,22,25,0
LC24,LT67,17,10,7,0,47,26,21,0
LPT48_vCal3,Tlp5,18,9,9,0,47,22,25,0
CB1329,aMe24,2,1,1,0,47,13,34,0
OA-AL2i2,Pm14,8,4,4,0,47,26,21,0
OA-AL2i2,Tm25,22,12,10,0,47,25,22,0
OA-AL2i2,TmY14,18,11,7,0,47,30,17,0
aMe17a2,Sm41,2,1,1,0,47,27,20,0
mALC3,Tlp5,7,3,4,0,47,24,23,0
mALC5,OA-ASM1,8,4,4,0,47,24,23,0
mALC5,Nod2,2,1,1,0,47,19,28,0
OA-ASM1,Li06,21,13,8,0,47,28,19,0
OA-ASM1,LC24,16,6,10,0,47,15,32,0
LT65,LC36,12,8,4,0,47,33,14,0
LT61b,LC11,20,8,12,0,47,18,29,0
cL06,LC10a,17,11,6,0,47,33,14,0
VCH,Nod3,2,1,1,0,47,8,39,0
cL02a,LT85,4,2,2,0,47,24,23,0
HSN,Y1,19,12,7,0,47,29,18,0
cM14,MTe46,3,1,2,0,47,22,25,0
cM04,aMe26,10,5,5,0,47,21,26,0
LPT21,LPi15,2,1,1,0,47,23,24,0
cL09,Tm27,18,11,7,0,47,28,19,0
MTe13,DNp27,4,1,3,0,47,8,39,0
cMLLP01,PLP231,3,2,1,0,47,37,10,0
aMe17a1,Dm2,18,11,7,0,47,25,22,0
cM16,Sm42,2,1,1,0,47,29,18,0
Mi9,Sm21,9,9,0,0,47,47,0,0
TmY31,MTe52,15,15,0,0,47,47,0,0
Sm35,Sm32,12,12,0,0,47,47,0,0
LPT52,CB0143,1,1,0,0,47,47,0,0
LTe56,PLP252,1,1,0,0,47,47,0,0
Li03,Tm16,17,4,13,0,46,12,34,0
Mi15,MTe26,21,9,12,0,46,20,26,0
MLt4,LT53,18,10,8,0,46,26,20,0
TmY14,TmY20,18,7,11,0,46,14,32,0
Li08,LTe40,11,6,5,0,46,30,16,0
Tm4,Li19,22,3,19,0,46,6,40,0
Li06,Li33,17,7,10,0,46,20,26,0
Mi9,LMa2,15,9,6,0,46,34,12,0
Mi4,Pm13,20,9,11,0,46,23,23,0
MLt6,MLt6,16,10,6,0,46,32,14,0
LPi05,T4b,19,10,9,0,46,21,25,0
Tm5e,LT78,19,11,8,0,46,23,23,0
Tm32,MeTu4c,18,6,12,0,46,14,32,0
DmDRA2,MeMe_e03,10,7,3,0,46,38,8,0
TmY9q⊥,LLPC3,22,11,11,0,46,23,23,0
Li21,LC29,15,6,9,0,46,22,24,0
Li21,LLPC1,22,8,14,0,46,17,29,0
Lawf1,Mi4,17,8,9,0,46,23,23,0
Sm23,MTe51,16,9,7,0,46,24,22,0
TmY5a,LT52,21,12,9,0,46,26,20,0
Sm30,LT58,6,3,3,0,46,25,21,0
Tm32,Tm32,18,10,8,0,46,30,16,0
Tm5b,Tm34,22,7,15,0,46,15,31,0
TmY11,Pm05,16,6,10,0,46,18,28,0
Y4,LC14a1,19,8,11,0,46,18,28,0
Li02,LTe25,15,7,8,0,46,21,25,0
Mi14,T1,20,16,4,0,46,35,11,0
Tm9,TmY5a,19,9,10,0,46,22,24,0
Mi15,Tm5a,19,15,4,0,46,38,8,0
Sm08,Tm5a,20,9,11,0,46,21,25,0
Tm5e,cM09,20,6,14,0,46,15,31,0
Lawf1,TmY15,20,9,11,0,46,20,26,0
LPi11,LPi11,14,11,3,0,46,37,9,0
Y4,MTe44,15,7,8,0,46,23,23,0
Li02,TmY9q,21,8,13,0,46,16,30,0
TmY4,LTe74,13,5,8,0,46,16,30,0
Li17,LT1a,17,6,11,0,46,14,32,0
Pm07,Mi1,17,9,8,0,46,25,21,0
T2a,Tm16,18,7,11,0,46,17,29,0
Li13,TmY11,20,5,15,0,46,14,32,0
Sm01,Mi4,17,5,12,0,46,19,27,0
TmY4,LPi11,17,8,9,0,46,17,29,0
T3,MTe44,16,7,9,0,46,20,26,0
Li18,LPLC2,21,13,8,0,46,29,17,0
TmY10,LT59,16,8,8,0,46,27,19,0
L5,TmY15,18,8,10,0,46,20,26,0
Tm4,Am1,16,3,13,0,46,7,39,0
Sm09,Sm31,17,9,8,0,46,24,22,0
Pm09,TmY16,21,10,11,0,46,23,23,0
Tm2,Tm36,19,8,11,0,46,19,27,0
TmY4,Mi4,18,7,11,0,46,15,31,0
Tm5e,LTe64,17,6,11,0,46,16,30,0
LMt1,LT11,16,8,8,0,46,25,21,0
Tm21,TmY11,22,14,8,0,46,29,17,0
TmY31,LC22,15,5,10,0,46,14,32,0
TmY31,Sm41,17,11,6,0,46,25,21,0
Y12,T4b,21,11,10,0,46,24,22,0
Tm5d,LC15,18,9,9,0,46,23,23,0
Tm21,Tm16,20,4,16,0,46,8,38,0
L1,Dm15,5,1,4,0,46,2,44,0
TmY31,LTe05,16,10,6,0,46,25,21,0
Tm5c,Dm3p,20,8,12,0,46,19,27,0
Mi1,Y12,8,1,7,0,46,2,44,0
Sm41,Tm37,18,7,11,0,46,18,28,0
Tm25,LPLC1,22,15,7,0,46,32,14,0
Tm5b,Tm8b,18,8,10,0,46,20,26,0
Tm32,LTe36,17,11,6,0,46,31,15,0
TmY10,Tm1,18,10,8,0,46,25,21,0
Tm34,LT86,13,4,9,0,46,16,30,0
Tm20,TmY11,19,7,12,0,46,15,31,0
DmDRA1,Sm30,18,11,7,0,46,24,22,0
Li09,Tm35,21,11,10,0,46,23,23,0
TmY20,cL05,17,10,7,0,46,24,22,0
LMt1,Y4,19,8,11,0,46,20,26,0
LMt3,T2a,19,7,12,0,46,20,26,0
LMt2,LC14b,16,9,7,0,46,31,15,0
LPi01,LLPC1,15,2,13,0,46,9,37,0
Dm12,Mi2,22,11,11,0,46,22,24,0
L1,Dm8a,20,10,10,0,46,24,22,0
Dm20,Tm5e,21,12,9,0,46,26,20,0
T3,Tm2,15,6,9,0,46,18,28,0
LLPt,LPT51,14,10,4,0,46,36,10,0
MLt4,T2a,16,10,6,0,46,30,16,0
C3,Mi2,14,9,5,0,46,30,16,0
T4d,LPT48_vCal3,14,3,11,0,46,8,38,0
TmY15,LT82a,19,10,9,0,46,27,19,0
Mi1,Sm42,5,2,3,0,46,4,42,0
Tm35,Tm35,19,10,9,0,46,25,21,0
Tm5a,cM10,18,15,3,0,46,40,6,0
MLt1,LTe50,15,8,7,0,46,21,25,0
Tlp4,Tlp4,18,14,4,0,46,37,9,0
Tm9,TmY10,22,12,10,0,46,26,20,0
Dm20,Lai,7,0,7,0,46,0,46,0
MLt5,MTe02,14,4,10,0,46,21,25,0
Mi15,aMe19a,21,14,7,0,46,31,15,0
Pm14,Tm35,17,11,6,0,46,31,15,0
Pm14,MeMe_e08,19,11,8,0,46,27,19,0
LMa5,OA-AL2i2,21,16,5,0,46,35,11,0
Li03,CB3089,5,3,2,0,46,33,13,0
Li12,Tm5b,20,14,6,0,46,33,13,0
Li12,LTe42b,9,5,4,0,46,30,16,0
Tlp14,Y1,18,11,7,0,46,28,18,0
Sm39,MeTu3c,19,10,9,0,46,23,23,0
TmY4,T4c,22,14,8,0,46,30,16,0
Li25,LMt1,18,12,6,0,46,31,15,0
Li06,LT80,14,12,2,0,46,36,10,0
Li27,TmY10,19,14,5,0,46,35,11,0
Tlp4,LT53,20,16,4,0,46,38,8,0
LPi12,LPT23,6,3,3,0,46,32,14,0
Sm07,Sm13,12,4,8,0,46,10,36,0
Li33,cLLP02,4,2,2,0,46,33,13,0
Li33,Li32,2,1,1,0,46,17,29,0
Sm36,Sm22,18,10,8,0,46,28,18,0
TmY20,LTe03,19,13,6,0,46,32,14,0
Pm13,Tm8a,21,8,13,0,46,19,27,0
Am1,Tlp4,15,6,9,0,46,15,31,0
Li30,cL11,2,1,1,0,46,26,20,0
Li29,LC40,12,6,6,0,46,21,25,0
Sm36,Tm20,21,15,6,0,46,34,12,0
Li23,LTe38c,4,2,2,0,46,26,20,0
LC10a,LC10e,7,2,5,0,46,13,33,0
LLPC3,Tlp5,18,14,4,0,46,36,10,0
LC14b,LPLC4,12,8,4,0,46,20,26,0
LC14b,LC10c,16,11,5,0,46,32,14,0
LC14b,Tm5e,18,10,8,0,46,27,19,0
LT11,LMa3,14,5,9,0,46,13,33,0
LC11,LMt2,22,11,11,0,46,22,24,0
LC14a1,LT83,10,4,6,0,46,19,27,0
LC22,Li11,15,6,9,0,46,18,28,0
LC14a1,LT74,12,7,5,0,46,25,21,0
MeTu3b,MTe06,20,7,13,0,46,15,31,0
LC14a2,LC17,9,6,3,0,46,33,13,0
LC14b,LPLC1,12,7,5,0,46,31,15,0
MeMe_e01,Sm38,12,8,4,0,46,36,10,0
LC20a,LCe03,13,9,4,0,46,35,11,0
LC10b,LC22,20,10,10,0,46,23,23,0
aMe26,cL04,8,3,3,2,46,19,17,10
MTe01a,MLt2,17,11,6,0,46,28,18,0
aMe9,aMe15,7,3,4,0,46,16,30,0
LC9,Li21,19,9,10,0,46,22,24,0
LPT23,Y11,15,5,10,0,46,11,35,0
LC21,Li31,20,10,10,0,46,23,23,0
cLP01,TmY14,19,14,5,0,46,34,12,0
LPLC1,TmY15,21,12,9,0,46,27,19,0
cM17,LMa5,15,8,7,0,46,25,21,0
MTe54,LMa2,6,0,6,0,46,0,46,0
cL02b,LLPt,9,5,4,0,46,22,24,0
LPLC4,cL22c,17,8,9,0,46,24,22,0
cL20,Li32,2,1,1,0,46,28,18,0
cM07,LTe20,2,1,1,0,46,35,11,0
LC24,Li06,15,9,6,0,46,34,12,0
LC29,LMa1,17,10,7,0,46,30,16,0
MeTu1,aMe19a,13,7,6,0,46,30,16,0
LLPC3,Am1,17,8,9,0,46,23,23,0
LT38,LC10c,14,3,11,0,46,10,36,0
LT38,LTe52,6,3,3,0,46,18,28,0
cM02a,aMe17a1,2,1,1,0,46,25,21,0
mALD2,LT67,2,1,1,0,46,26,20,0
mALD2,LTe30,2,1,1,0,46,20,26,0
cL18,LLPt,17,8,9,0,46,20,26,0
cLP01,LPLC1,20,17,3,0,46,38,8,0
cM11,Sm11,7,0,7,0,46,0,46,0
LPT48_vCal3,Tlp14,17,8,9,0,46,19,27,0
HSS,TmY20,18,14,4,0,46,32,14,0
LTe33,LTe22,5,2,3,0,46,22,24,0
cML02,LPLC4,10,5,5,0,46,21,25,0
Nod3,cLP01,8,1,1,6,46,5,5,36
LPT26,cLP03,7,5,2,0,46,30,16,0
aMe17a2,l-LNv,9,4,5,0,46,12,34,0
mALC3,T5a,18,12,6,0,46,25,21,0
AVLP151,LT56,2,1,1,0,46,28,18,0
OA-ASM1,Tm37,20,11,9,0,46,27,19,0
LAL047,LTe20,2,1,1,0,46,32,14,0
MC65,LTe49a,9,6,3,0,46,30,16,0
CB0592,LT66,2,0,0,2,46,0,0,46
LPC1,TmY31,16,9,7,0,46,26,20,0
cM12,Sm07,20,11,9,0,46,27,19,0
CB0566,Tm5b,21,13,8,0,46,30,16,0
LPT29,LT51,8,3,5,0,46,9,37,0
cL02a,LTe11,3,2,1,0,46,26,20,0
cM14,MTe45,2,1,1,0,46,20,26,0
LC46,cL22b,5,1,0,4,46,2,0,44
PLP032,LT41,4,1,1,2,46,9,11,26
cL11,Tm7,17,9,8,0,46,26,20,0
cL11,LT57,8,4,4,0,46,24,22,0
LT64,LTe42a,5,3,2,0,46,29,17,0
H2,T4b,23,16,7,0,46,32,14,0
MTe28,LTe75,2,1,1,0,46,29,17,0
LT58,Tm7,18,11,7,0,46,28,18,0
LT58,Li02,17,13,4,0,46,38,8,0
LT58,MTe47,4,2,2,0,46,23,23,0
cML01,T2a,19,7,12,0,46,17,29,0
cLLPM02,LCe08,5,4,1,0,46,25,21,0
DNpe053,cM08c,4,2,2,0,46,14,32,0
vCal1,PLP163,2,1,0,1,46,7,0,39
VS6,LPi14,4,2,2,0,46,37,9,0
Tm35,MTe52,12,12,0,0,46,46,0,0
PLP020,PLP103b,1,1,0,0,46,46,0,0
MTe44,CB0734,1,1,0,0,46,46,0,0
PLP163,cML01,2,1,0,1,46,40,0,6
Tm36,MLt1,20,11,9,0,45,25,20,0
LPi06,LPi10,18,8,10,0,45,23,22,0
MLt4,Pm09,19,9,10,0,45,19,26,0
Tm33,Tm31,19,10,9,0,45,21,24,0
Sm16,aMe25,16,11,5,0,45,31,14,0
T2a,Sm03,20,13,7,0,45,30,15,0
T2a,Tm2,11,3,8,0,45,11,34,0
Tm8a,Y3,14,10,4,0,45,34,11,0
Tm8a,LTe66,12,6,6,0,45,18,27,0
Tm5a,Sm26,19,8,11,0,45,18,27,0
Li06,Li19,21,11,10,0,45,23,22,0
Tm8b,LC31c,12,5,7,0,45,22,23,0
Tm3,Tm20,19,9,10,0,45,18,27,0
Tm9,Lawf1,14,8,6,0,45,32,13,0
Mi1,OA-AL2i1,22,12,10,0,45,25,20,0
Tm20,Tm16,18,4,14,0,45,13,32,0
Mi14,MLt4,19,14,5,0,45,34,11,0
T2,cL21,22,5,17,0,45,10,35,0
MLt5,DNp27,12,0,12,0,45,0,45,0
TmY4,TmY11,21,8,13,0,45,16,29,0
MLt6,cL05,18,10,8,0,45,24,21,0
Dm8a,Sm04,19,7,12,0,45,18,27,0
Tm3,Tm37,15,3,12,0,45,6,39,0
TmY14,LPi14,19,7,12,0,45,16,29,0
Tm5d,Li18,18,9,9,0,45,24,21,0
Li21,LLPC2,20,6,14,0,45,15,30,0
Pm05,MeMe_e07,18,10,8,0,45,24,21,0
Sm16,Tm5c,20,10,10,0,45,24,21,0
Mi14,Dm6,20,9,11,0,45,20,25,0
Tm5d,Li06,17,8,9,0,45,20,25,0
Tlp5,TmY9q⊥,21,10,11,0,45,22,23,0
Li08,LLPt,20,11,9,0,45,24,21,0
Y3,MTe51,18,12,6,0,45,33,12,0
Sm30,MTe25,11,7,4,0,45,32,13,0
Li10,MLt5,20,14,6,0,45,31,14,0
Tm5e,LLPC3,19,9,10,0,45,24,21,0
TmY9q,LC13,15,10,5,0,45,35,10,0
TmY10,Tm5b,17,10,7,0,45,22,23,0
LPi07,T4a,19,7,12,0,45,18,27,0
Pm09,MeLp2,14,8,6,0,45,27,18,0
Mi15,Sm09,20,12,8,0,45,28,17,0
T3,C3,16,6,10,0,45,20,25,0
Tm5e,Sm06,18,3,15,0,45,6,39,0
Dm14,Mi1,16,8,8,0,45,27,18,0
Li21,Li20,16,10,6,0,45,30,15,0
Mi1,Pm14,14,4,10,0,45,23,22,0
Tm5e,LC22,20,12,8,0,45,26,19,0
Y1,HSN,18,6,12,0,45,14,31,0
L4,Dm2,13,4,9,0,45,10,35,0
Mi15,Sm17,21,9,12,0,45,19,26,0
Tm7,cLLP02,17,7,10,0,45,20,25,0
Sm10,Sm07,20,6,14,0,45,12,33,0
TmY31,LPC2,22,19,3,0,45,39,6,0
Sm08,Dm20,16,11,5,0,45,34,11,0
Tm5a,Sm41,20,6,14,0,45,13,32,0
Sm13,Tm31,18,6,12,0,45,17,28,0
LMt4,Pm08,19,9,10,0,45,22,23,0
Pm10,MTe39,11,7,4,0,45,28,17,0
TmY15,H2,15,9,6,0,45,27,18,0
Tm25,Mi4,18,6,12,0,45,12,33,0
Tm1,MLt1,14,4,10,0,45,12,33,0
Tm27,LT1d,15,6,9,0,45,13,32,0
Tm5c,LT78,20,6,14,0,45,14,31,0
Pm05,Pm05,11,5,6,0,45,23,22,0
Mi10,MTe35,19,13,6,0,45,31,14,0
TmY10,Sm15,15,6,9,0,45,15,30,0
Li19,LPLC1,19,6,13,0,45,15,30,0
Li19,Li25,8,4,4,0,45,27,18,0
Tm4,LT11,21,7,14,0,45,15,30,0
Y12,VS4,17,11,6,0,45,32,13,0
Tm8a,MTe50,20,15,5,0,45,35,10,0
C2,Pm03,11,4,7,0,45,15,30,0
Tm5c,LC4,19,11,8,0,45,25,20,0
LMa5,Mi9,18,9,9,0,45,23,22,0
TmY15,Y1,14,5,9,0,45,11,34,0
Sm12,Tm5b,21,13,8,0,45,29,16,0
T1,L3,17,13,4,0,45,34,11,0
LPi09,LPi09,18,3,15,0,45,6,39,0
TmY15,LC13,18,10,8,0,45,24,21,0
T4a,LMa4,22,10,12,0,45,20,25,0
Sm41,Sm30,14,8,6,0,45,25,20,0
Sm41,Pm14,4,2,2,0,45,33,12,0
Y11,LT66,18,11,7,0,45,28,17,0
Tm5b,Sm20,21,10,11,0,45,21,24,0
Tm8a,Li19,15,4,11,0,45,10,35,0
Li13,LC13,21,10,11,0,45,21,24,0
Tm8a,LTe52,15,6,9,0,45,19,26,0
Tm5f,Dm12,21,10,11,0,45,21,24,0
Y3,LPT47_vCal2,18,14,4,0,45,34,11,0
LMa3,Pm03,20,16,4,0,45,37,8,0
Tm8a,MTe35,18,10,8,0,45,26,19,0
Tlp14,LPT48_vCal3,17,10,7,0,45,26,19,0
Pm02,TmY14,17,6,11,0,45,15,30,0
TmY9q⊥,Sm42,20,12,8,0,45,28,17,0
Sm25,MeMe_e03,12,7,5,0,45,34,11,0
Li10,LTe17,20,10,10,0,45,23,22,0
Li06,cM07,17,12,5,0,45,29,16,0
Pm06,Y3,20,11,9,0,45,22,23,0
MLt1,PLP251,12,4,8,0,45,8,37,0
Tm27,cML01,20,12,8,0,45,29,16,0
L1,Dm4,21,9,12,0,45,21,24,0
Y3,cLLP02,16,8,8,0,45,29,16,0
Tm27,Lawf1,20,9,11,0,45,19,26,0
Tm5e,Tm9,21,16,5,0,45,34,11,0
Sm13,MeTu4a,15,10,5,0,45,31,14,0
Sm06,Tm8b,19,6,13,0,45,15,30,0
Mi4,aMe5,21,13,8,0,45,28,17,0
Li01,LC26,22,11,11,0,45,23,22,0
T5c,LPi01,18,13,5,0,45,33,12,0
LMa3,Li16,18,12,6,0,45,30,15,0
MLt5,Sm29,17,10,7,0,45,29,16,0
T5d,Am1,18,2,16,0,45,4,41,0
Li09,LPLC4,16,6,10,0,45,12,33,0
Tm25,Dm9,19,12,7,0,45,30,15,0
Sm03,Tm34,18,14,4,0,45,35,10,0
R7,Sm28,17,16,1,0,45,42,3,0
Dm1,Tm27,20,9,11,0,45,20,25,0
MLt8,LCe06,17,15,2,0,45,36,9,0
MLt8,LTe23,12,8,4,0,45,27,18,0
Li31,LC17,18,7,11,0,45,16,29,0
Li24,LT80,7,5,2,0,45,38,7,0
Li24,Tm33,16,11,5,0,45,32,13,0
LPi11,LPi05,13,7,6,0,45,33,12,0
Li33,Li21,12,7,5,0,45,18,27,0
Li33,LTe62,2,1,1,0,45,27,18,0
Sm22,cM16,10,7,3,0,45,38,7,0
Li32,LC43,10,5,5,0,45,24,21,0
Li32,LTe15,2,1,1,0,45,21,24,0
Am1,VST2,7,4,3,0,45,32,13,0
TmY9q,LTe64,14,11,3,0,45,33,12,0
Tm5f,TmY16,15,13,2,0,45,37,8,0
LPi13,LPT31,6,4,2,0,45,39,6,0
LPi13,LPT52,2,1,1,0,45,33,12,0
Li24,LC31c,6,5,1,0,45,38,7,0
LC9,Tm5f,19,12,7,0,45,29,16,0
LC21,Li17,20,9,11,0,45,18,27,0
cLP02,T4d,18,6,12,0,45,16,29,0
MTe45,Sm42,2,1,1,0,45,17,28,0
LC25,Li02,17,8,9,0,45,24,21,0
LC10e,LTe54,17,6,11,0,45,15,30,0
LC15,LC14a1,15,6,9,0,45,18,27,0
cL01,PLP051,10,5,5,0,45,27,18,0
LPT51,cM11,2,0,2,0,45,0,45,0
LC21,Tm21,21,9,12,0,45,18,27,0
LC20a,LTe55,11,7,4,0,45,25,20,0
LPC2,T4c,21,14,7,0,45,30,15,0
LC6,LC20b,19,12,7,0,45,28,17,0
LT43,Li08,15,8,7,0,45,28,17,0
MTe01a,MLt5,20,12,8,0,45,27,18,0
LTe01,cL14,4,2,2,0,45,22,23,0
LC20b,Tm5f,19,8,11,0,45,17,28,0
MeMe_e08,Tm5f,20,8,12,0,45,18,27,0
MeTu3c,Sm06,21,12,9,0,45,25,20,0
LC18,T2,21,4,17,0,45,8,37,0
LC17,T2a,21,8,13,0,45,17,28,0
aMe8,aMe8,4,2,2,0,45,26,19,0
LT57,LC20b,15,6,9,0,45,16,29,0
LC14a2,LC31b,10,9,1,0,45,43,2,0
OA-AL2b1,TmY5a,21,6,15,0,45,13,32,0
LC9,Li16,20,10,10,0,45,22,23,0
LPLC1,Tm5f,18,4,14,0,45,8,37,0
cM17,Mi1,17,12,5,0,45,29,16,0
LC24,LTe58,13,7,6,0,45,21,24,0
MTe54,MLt4,11,3,8,0,45,6,39,0
LT72,LTe38a,6,3,3,0,45,21,24,0
cL20,LC36,7,4,3,0,45,28,17,0
cL20,LC11,17,8,9,0,45,21,24,0
cL21,T5d,20,8,12,0,45,18,27,0
MTe04,aMe17a1,13,10,3,0,45,35,10,0
MeMe_e06,Tm5e,19,5,14,0,45,12,33,0
MTe12,aMe9,8,4,4,0,45,24,21,0
LCe03,Li02,18,11,7,0,45,25,20,0
LC15,LPLC4,13,8,5,0,45,26,19,0
LT63,cL22a,4,2,2,0,45,21,24,0
LT63,LC10f,7,3,4,0,45,13,32,0
MeMe_e07,PDt,14,8,6,0,45,24,21,0
LC20b,LC40,19,8,11,0,45,17,28,0
mALD2,DNp27,2,1,1,0,45,5,40,0
mALD2,LPLC4,9,6,3,0,45,36,9,0
MeMe_e05,Sm25,11,4,7,0,45,13,32,0
LLPC2,LPi10,18,9,9,0,45,20,25,0
VS3,T4d,21,18,3,0,45,39,6,0
aMe17a2,Sm42,2,1,1,0,45,18,27,0
LLPC3,LMa3,18,9,9,0,45,23,22,0
OA-AL2b2,MLt1,17,10,7,0,45,26,19,0
OA-AL2b2,Tm1,20,12,8,0,45,26,19,0
LTe64,LC20b,12,7,5,0,45,31,14,0
LT53,cL13,5,2,3,0,45,19,26,0
cM12,Sm33,5,3,2,0,45,33,12,0
CB0566,Sm02,20,10,10,0,45,22,23,0
aMe22,MTe28,2,1,1,0,45,24,21,0
cL22b,LTe43,2,1,1,0,45,17,28,0
LT85,LC33a,10,5,5,0,45,26,19,0
cM14,Sm08,14,10,4,0,45,33,12,0
cM14,Tm8b,16,6,10,0,45,21,24,0
MTe22,Dm8a,16,7,9,0,45,21,24,0
LT80,Li33,4,2,2,0,45,24,21,0
MTe40,Tm5d,18,9,9,0,45,24,21,0
cL11,LT81,6,3,3,0,45,25,20,0
OA-AL2i1,TmY16,20,10,10,0,45,22,23,0
OA-AL2i1,LPLC4,19,14,5,0,45,35,10,0
LT33,Tm9,21,12,9,0,45,25,20,0
H2,OA-AL2b2,4,2,2,0,45,13,32,0
cL04,mALD2,4,2,2,0,45,28,17,0
LT58,LC24,19,12,7,0,45,28,17,0
LT58,MTe50,10,6,4,0,45,24,21,0
LTe42c,cM13,2,0,0,2,45,0,0,45
MTe18,MTe27,3,1,2,0,45,19,26,0
MTe26,MTe17,4,2,2,0,45,19,26,0
cMLLP01,Tm34,14,5,9,0,45,15,30,0
cMLLP01,MTe28,2,1,1,0,45,27,18,0
aMe19a,MeTu3b,7,2,5,0,45,7,38,0
L3,PDt,15,15,0,0,45,45,0,0
Tm35,Lat,13,13,0,0,45,45,0,0
LLPC3,CB0143,6,6,0,0,45,45,0,0
AOTU065,LT51,4,4,0,0,45,45,0,0
Y3,LC11,16,10,6,0,44,30,14,0
LPi06,VCH,13,3,10,0,44,10,34,0
Pm01,TmY15,21,9,12,0,44,19,25,0
MLt4,MTe54,17,5,12,0,44,13,31,0
TmY9q,LTe31,19,9,10,0,44,21,23,0
Sm08,Sm32,18,8,10,0,44,21,23,0
Tm3,Li15,17,8,9,0,44,22,22,0
Tm8a,Tm7,19,8,11,0,44,18,26,0
Tm8a,LC37a,19,12,7,0,44,27,17,0
T4b,LPi01,14,0,14,0,44,0,44,0
LMt2,LT79,16,11,5,0,44,29,15,0
L4,Lai,19,13,6,0,44,30,14,0
Tm5c,Tm5c,17,8,9,0,44,24,20,0
R1-6,C2,19,5,14,0,44,11,33,0
Dm2,MeLp1,20,12,8,0,44,25,19,0
Li02,Tm8b,17,2,15,0,44,4,40,0
Dm8a,Lawf1,17,7,10,0,44,17,27,0
Tlp14,LPi02,19,16,3,0,44,38,6,0
Li21,LC14b,15,6,9,0,44,16,28,0
Li10,LC16,19,8,11,0,44,17,27,0
T3,Pm06,21,9,12,0,44,18,26,0
Li08,Li32,10,6,4,0,44,27,17,0
Tm5c,TmY3,18,8,10,0,44,21,23,0
T5d,LPi08,20,11,9,0,44,26,18,0
TmY5a,T5a,21,8,13,0,44,17,27,0
Sm30,Dm20,16,7,9,0,44,19,25,0
Sm30,Sm10,19,15,4,0,44,35,9,0
Tm3,LMt2,19,10,9,0,44,24,20,0
Li12,Tm25,20,15,5,0,44,33,11,0
Li12,Li30,13,7,6,0,44,22,22,0
Sm40,Sm15,16,6,10,0,44,15,29,0
Tm7,Tm20,20,8,12,0,44,17,27,0
Tm21,Mi14,20,13,7,0,44,29,15,0
TmY20,LPi05,17,9,8,0,44,19,25,0
Tm21,MTe52,21,11,10,0,44,23,21,0
Sm01,Sm40,19,15,4,0,44,36,8,0
TmY10,Sm22,21,15,6,0,44,32,12,0
TmY10,Sm12,19,9,10,0,44,20,24,0
Tm36,Tm33,20,12,8,0,44,28,16,0
LPi11,TmY15,15,10,5,0,44,32,12,0
Tm16,LTe58,19,4,15,0,44,10,34,0
Tm16,Tm25,19,13,6,0,44,32,12,0
Tm16,LTe53,15,6,9,0,44,23,21,0
Tm8b,LTe42a,15,7,8,0,44,19,25,0
Mi1,Sm08,20,11,9,0,44,24,20,0
T4b,Tlp5,16,10,6,0,44,29,15,0
L1,Lawf2,14,8,6,0,44,25,19,0
Pm08,Tm25,19,6,13,0,44,14,30,0
Sm06,Tm35,13,8,5,0,44,25,19,0
Tm8a,TmY15,17,9,8,0,44,24,20,0
MLt3,LC31b,18,11,7,0,44,28,16,0
Li12,LCe04,17,9,8,0,44,28,16,0
MLt7,MTe37,7,1,6,0,44,3,41,0
T4c,cLP03,19,7,12,0,44,17,27,0
Tm25,TmY14,19,9,10,0,44,21,23,0
Pm10,Tm1,14,9,5,0,44,27,17,0
Tm25,LPLC4,19,5,14,0,44,10,34,0
Tm3,LC16,15,5,10,0,44,11,33,0
Dm9,Tm8a,19,13,6,0,44,30,14,0
Sm27,Tm33,19,11,8,0,44,24,20,0
Pm05,MeTu4a,19,12,7,0,44,29,15,0
Li09,Li10,16,13,3,0,44,37,7,0
TmY11,LC45,15,8,7,0,44,26,18,0
Tm35,LTe43,16,5,11,0,44,10,34,0
Tm1,TmY20,16,6,10,0,44,21,23,0
Tm5d,LC10a,18,13,5,0,44,32,12,0
L3,TmY4,17,8,9,0,44,16,28,0
MLt8,LC13,14,11,3,0,44,34,10,0
T4c,LPi15,18,7,11,0,44,15,29,0
Dm15,Dm3p,20,9,11,0,44,18,26,0
Tm5c,LTe42b,14,6,8,0,44,15,29,0
LMa1,LC18,18,6,12,0,44,14,30,0
Li13,LC39,13,8,5,0,44,24,20,0
Y4,Li17,15,5,10,0,44,12,32,0
Tm5b,Li31,14,7,7,0,44,19,25,0
Tm5c,LTe20,20,11,9,0,44,23,21,0
LMa5,LMt1,18,12,6,0,44,30,14,0
LLPt,LPi10,20,15,5,0,44,33,11,0
Mi4,Pm01,17,10,7,0,44,28,16,0
DmDRA2,Dm4,14,9,5,0,44,33,11,0
LPi14,HSN,4,2,2,0,44,27,17,0
LPi14,TmY15,15,7,8,0,44,14,30,0
TmY31,Dm8a,6,4,2,0,44,34,10,0
Tm4,Y1,17,11,6,0,44,30,14,0
Tm37,LC10a,18,9,9,0,44,22,22,0
TmY20,Tlp5,18,9,9,0,44,23,21,0
Tm1,Pm13,10,2,8,0,44,5,39,0
Tm2,Dm9,19,17,2,0,44,40,4,0
Li13,LCe07,15,8,7,0,44,23,21,0
Li18,LC24,21,11,10,0,44,22,22,0
LMa2,Li15,17,11,6,0,44,28,16,0
Tm5f,LCe04,16,10,6,0,44,29,15,0
Sm01,MeTu4a,14,9,5,0,44,27,17,0
Li06,Li12,13,7,6,0,44,30,14,0
Tlp4,T5a,19,15,4,0,44,32,12,0
TmY11,LC22,16,8,8,0,44,19,25,0
LPi15,TmY15,12,6,6,0,44,15,29,0
Y4,Mi9,15,6,9,0,44,21,23,0
R8,Tm9,11,0,11,0,44,0,44,0
Tm36,LC39,13,8,5,0,44,30,14,0
Li28,LPLC2,18,4,14,0,44,8,36,0
Tlp1,H1,16,9,7,0,44,28,16,0
Sm03,Sm36,20,12,8,0,44,27,17,0
Pm14,LMt2,17,10,7,0,44,25,19,0
Pm14,Tm32,18,10,8,0,44,25,19,0
Li31,cM07,2,1,1,0,44,34,10,0
Li13,LC14b,16,9,7,0,44,25,19,0
Sm42,MTe11,6,3,3,0,44,31,13,0
Li27,LCe01a,12,6,6,0,44,27,17,0
Li27,Li09,15,8,7,0,44,22,22,0
LPi12,T5a,19,14,5,0,44,30,14,0
Tm1,Dm10,13,8,5,0,44,29,15,0
Pm13,Sm36,7,3,4,0,44,14,30,0
Li24,LT57,11,6,5,0,44,27,17,0
Li29,Li02,16,8,8,0,44,18,26,0
LPi13,LPT49,2,1,1,0,44,31,13,0
Li23,LC14a1,7,3,4,0,44,12,32,0
cLP02,LPi08,19,8,11,0,44,18,26,0
LT55,Li10,19,12,7,0,44,27,17,0
LT52,LTe32,12,5,7,0,44,22,22,0
LC4,LC12,20,9,11,0,44,19,25,0
LC10a,TmY5a,18,5,13,0,44,10,34,0
cL22a,LTe49c,5,3,2,0,44,23,21,0
MTe46,MTe46,5,0,0,5,44,0,0,44
LC14a1,Li11,14,8,6,0,44,30,14,0
LC9,TmY16,10,5,5,0,44,17,27,0
PLP248,LPT48_vCal3,3,1,0,2,44,11,0,33
MTe07,Sm12,18,11,7,0,44,28,16,0
LC17,LT83,19,9,10,0,44,22,22,0
LPLC1,Tm21,16,6,10,0,44,14,30,0
LPLC4,LLPt,18,7,11,0,44,16,28,0
LC14a2,LC46,12,5,7,0,44,17,27,0
LC46,cL13,5,1,2,2,44,19,12,13
LPC2,LPC1,21,16,5,0,44,33,11,0
LC14a2,Li31,8,4,4,0,44,19,25,0
LC14a2,LMt1,12,6,6,0,44,21,23,0
LPC2,TmY5a,18,10,8,0,44,24,20,0
MeTu4c,LT43,17,10,7,0,44,30,14,0
MTe52,TmY5a,20,12,8,0,44,27,17,0
LC31a,Li24,12,7,5,0,44,26,18,0
cLP02,LPi13,16,6,10,0,44,13,31,0
MTe41,Dm12,19,5,14,0,44,12,32,0
MeTu3c,aMe19a,7,2,5,0,44,16,28,0
MeTu3a,Sm21,19,12,7,0,44,30,14,0
LPLC2,LPT50,19,12,7,0,44,28,16,0
LPC2,LPT23,18,13,5,0,44,34,10,0
LT52,LLPt,17,11,6,0,44,27,17,0
MTe05,Sm24,18,12,6,0,44,30,14,0
H1,LPi05,17,14,3,0,44,38,6,0
LT79,AVLP151,2,1,1,0,44,18,26,0
LC29,Tm31,18,6,12,0,44,17,27,0
LPT54,LPi02,17,7,10,0,44,16,28,0
aMe9,Sm40,7,4,3,0,44,29,15,0
LT57,LTe60,12,6,6,0,44,23,21,0
LT52,LC21,15,6,9,0,44,17,27,0
LC14b,MLt2,13,8,5,0,44,26,18,0
LC37a,Li33,11,6,5,0,44,29,15,0
LT70,LC22,11,6,5,0,44,28,16,0
MTe08,AVLP151,7,4,3,0,44,28,16,0
cLP03,Nod1,8,5,3,0,44,27,17,0
LC9,Y4,19,5,14,0,44,11,33,0
LTe03,Li04,10,7,3,0,44,36,8,0
aMe1,cM08b,6,4,2,0,44,31,13,0
LC9,LC10b,15,10,5,0,44,25,19,0
cL20,LMt1,15,9,6,0,44,30,14,0
cL20,LT51,8,4,4,0,44,18,26,0
LC46,LC19,13,7,6,0,44,20,24,0
cL21,Y3,18,14,4,0,44,36,8,0
aMe17c,Sm39,4,2,2,0,44,22,22,0
cLLP02,Li27,8,4,4,0,44,26,18,0
LT63,LTe14,4,2,2,0,44,27,17,0
LT63,LTe38b,9,4,5,0,44,23,21,0
LT1c,Li25,4,2,2,0,44,21,23,0
LT1c,Li19,4,2,2,0,44,22,22,0
LC37a,LPLC1,17,8,9,0,44,22,22,0
MeMe_e05,cM07,2,2,0,0,44,44,0,0
cMLLP02,LPi14,6,4,2,0,44,31,13,0
cMLLP02,TmY15,16,11,5,0,44,28,16,0
MTe04,Sm13,13,8,5,0,44,27,17,0
LT68,LTe37,8,4,4,0,44,17,27,0
OA-AL2i2,MeMe_e07,10,6,4,0,44,26,18,0
cLP05,LLPC1,17,13,4,0,44,32,12,0
AN_multi_125,T2,13,5,8,0,44,18,26,0
aMe17a2,Mi10,18,7,11,0,44,15,29,0
LC28a,PLP185,5,3,2,0,44,34,10,0
mALC5,LTe54,4,2,2,0,44,23,21,0
mALC5,LCe03,14,10,4,0,44,32,12,0
OA-ASM1,LC10c,20,9,11,0,44,18,26,0
OA-ASM1,cM17,8,4,4,0,44,28,16,0
LT86,LT40,2,1,1,0,44,24,20,0
LT86,LT36,2,1,1,0,44,17,27,0
Nod1,LPT23,5,0,0,5,44,0,0,44
MC65,LTe02,9,5,4,0,44,24,20,0
CB0592,LC11,14,7,7,0,44,23,21,0
VS5,T5d,19,16,3,0,44,38,6,0
cL06,Li27,4,2,2,0,44,21,23,0
CB0566,Sm28,8,5,3,0,44,29,15,0
VCH,Y12,19,6,13,0,44,13,31,0
cL02a,LLPt,12,8,4,0,44,32,12,0
cM08b,Sm31,10,5,5,0,44,21,23,0
HSE,T4a,21,15,6,0,44,32,12,0
MTe23,PLP251,2,1,1,0,44,25,19,0
LT77,LC19,9,3,6,0,44,14,30,0
LTe27,LC40,7,3,4,0,44,18,26,0
mALC4,cL21,4,2,2,0,44,23,21,0
mALC4,LT11,2,1,1,0,44,27,17,0
cM05,MLt5,14,7,7,0,44,20,24,0
MTe28,LTe60,2,1,1,0,44,23,21,0
cL04,LT59,4,2,2,0,44,22,22,0
cL04,cL10,4,2,2,0,44,28,16,0
LT58,Pm14,4,2,2,0,44,20,24,0
MTe39,cM05,3,1,1,1,44,22,13,9
LPT21,LPC1,18,9,9,0,44,22,22,0
cML01,LCe07,8,5,3,0,44,32,12,0
LTe53,Li10,15,8,7,0,44,22,22,0
cLLPM02,LPi04,11,6,5,0,44,26,18,0
LPT52,cL15,3,1,1,1,44,9,28,7
LT39,Tm5d,20,9,11,0,44,20,24,0
VSm,cM01b,3,2,1,0,44,39,5,0
LT41,LT51,8,5,3,0,44,20,24,0
cM16,Tm34,16,12,4,0,44,35,9,0
LPT53,LLPC3,18,14,4,0,44,35,9,0
LT64,DNp31,2,2,0,0,44,44,0,0
LPT54,PLP020,1,1,0,0,44,44,0,0
cL02a,Li32,1,1,0,0,44,44,0,0
Sm10,Sm27,18,7,11,0,43,16,27,0
Tm21,Pm08,21,6,15,0,43,12,31,0
Tm8a,LC27,17,12,5,0,43,33,10,0
Sm24,Sm08,18,6,12,0,43,16,27,0
Tm33,Li27,16,7,9,0,43,17,26,0
Tm5a,Dm8b,18,12,6,0,43,28,15,0
MLt4,TmY16,18,11,7,0,43,26,17,0
Li20,LC18,19,15,4,0,43,34,9,0
Sm02,MTe01b,16,7,9,0,43,21,22,0
Tm5f,TmY9q⊥,15,9,6,0,43,27,16,0
Sm19,Sm02,20,7,13,0,43,16,27,0
Tm16,TmY16,20,10,10,0,43,21,22,0
Tm5e,LT86,19,3,16,0,43,6,37,0
L5,Tm9,19,5,14,0,43,10,33,0
Mi14,Dm17,20,12,8,0,43,25,18,0
Pm12,Tm21,17,8,9,0,43,24,19,0
Tm4,TmY4,18,7,11,0,43,16,27,0
Tm5b,LTe25,18,7,11,0,43,15,28,0
Y3,LMa1,18,11,7,0,43,28,15,0
DmDRA1,MTe04,16,9,7,0,43,28,15,0
Sm30,MTe12,13,7,6,0,43,27,16,0
Li06,Li18,20,7,13,0,43,15,28,0
TmY15,Mi9,19,11,8,0,43,24,19,0
TmY10,LT43,19,8,11,0,43,16,27,0
Li12,LTe68,12,6,6,0,43,21,22,0
Sm40,Sm19,17,9,8,0,43,22,21,0
Mi1,Am1,14,4,10,0,43,9,34,0
Tm7,LC21,19,8,11,0,43,16,27,0
TmY4,LC10a,17,8,9,0,43,21,22,0
T3,OA-AL2i2,19,9,10,0,43,18,25,0
Mi4,L4,16,6,10,0,43,14,29,0
Li20,LC13,15,8,7,0,43,21,22,0
Tm16,LC28a,20,12,8,0,43,25,18,0
Y1,MTe51,18,9,9,0,43,22,21,0
Li16,Li16,20,12,8,0,43,27,16,0
Tm5c,LCe06,20,11,9,0,43,25,18,0
Mi9,5-HTPMPV03,19,11,8,0,43,23,20,0
Tm5a,Sm08,18,9,9,0,43,23,20,0
Tm5b,Sm36,17,9,8,0,43,23,20,0
Pm10,Mi10,21,12,9,0,43,24,19,0
Pm10,Pm12,18,8,10,0,43,18,25,0
Tm5f,MTe30,18,8,10,0,43,18,25,0
Tm27,Dm20,20,10,10,0,43,21,22,0
C3,Tm16,18,6,12,0,43,14,29,0
TmY3,LT80,15,6,9,0,43,19,24,0
Sm27,Tm31,16,10,6,0,43,25,18,0
Tm5b,LC15,13,8,5,0,43,32,11,0
Sm15,MTe31,14,6,8,0,43,24,19,0
TmY10,MTe50,19,14,5,0,43,32,11,0
Tm34,LC24,15,10,5,0,43,32,11,0
Dm3q,TmY31,20,10,10,0,43,22,21,0
LMa3,LT79,12,7,5,0,43,28,15,0
Mi2,Pm04,17,6,11,0,43,13,30,0
Sm12,Sm03,20,10,10,0,43,20,23,0
TmY31,LTe49c,17,5,12,0,43,13,30,0
MLt8,LC28a,14,7,7,0,43,16,27,0
Li12,LT72,13,7,6,0,43,22,21,0
Sm41,T2a,19,14,5,0,43,32,11,0
Sm41,TmY16,15,13,2,0,43,39,4,0
TmY4,LTe66,14,4,10,0,43,11,32,0
Sm08,Mi14,20,8,12,0,43,17,26,0
Y3,T5c,17,8,9,0,43,16,27,0
TmY9q⊥,LTe15,18,5,13,0,43,11,32,0
T4b,TmY20,17,10,7,0,43,25,18,0
Tm5e,T5b,21,13,8,0,43,27,16,0
Tm32,LMt2,19,11,8,0,43,27,16,0
Tm25,LT1d,19,9,10,0,43,18,25,0
Li16,LMa1,17,9,8,0,43,25,18,0
Y1,LPi01,18,9,9,0,43,21,22,0
Sm25,Sm04,19,8,11,0,43,19,24,0
LMt3,LPLC1,18,8,10,0,43,19,24,0
Tm8b,MTe44,18,9,9,0,43,23,20,0
LPi14,TmY9q⊥,13,5,8,0,43,12,31,0
Sm32,Sm32,20,9,11,0,43,21,22,0
R7,MLt1,14,6,8,0,43,13,30,0
C3,Tm27,15,7,8,0,43,14,29,0
Tm5d,Sm08,19,8,11,0,43,18,25,0
Li01,LC16,15,5,10,0,43,13,30,0
LPi10,TmY16,18,9,9,0,43,21,22,0
Sm26,aMe19a,9,6,3,0,43,28,15,0
Li02,LT81,15,8,7,0,43,25,18,0
Tm8a,Tm36,19,6,13,0,43,13,30,0
Li10,cL13,17,10,7,0,43,24,19,0
Tlp1,Li30,11,2,9,0,43,5,38,0
Sm14,Tm5d,14,3,11,0,43,6,37,0
Dm3v,Tm5e,20,7,13,0,43,15,28,0
Dm3p,Tm25,21,13,8,0,43,27,16,0
Y4,MeLp2,16,9,7,0,43,24,19,0
Tm35,Li01,18,9,9,0,43,20,23,0
LMt3,Mi2,20,12,8,0,43,25,18,0
Tlp5,Y3,18,13,5,0,43,33,10,0
Tm32,MeTu4b,14,10,4,0,43,35,8,0
Tm9,LC4,15,0,15,0,43,0,43,0
Tm37,LT52,18,11,7,0,43,28,15,0
Li28,LT82a,6,2,4,0,43,19,24,0
Li28,LT11,4,2,2,0,43,21,22,0
Pm07,Tm1,14,4,10,0,43,17,26,0
Mi9,TmY31,12,4,8,0,43,10,33,0
Tm5c,LTe26,20,11,9,0,43,24,19,0
Sm27,MTe38,7,3,4,0,43,30,13,0
TmY5a,Tm8b,13,8,5,0,43,32,11,0
Sm42,TmY10,17,4,13,0,43,8,35,0
Sm42,MLt8,7,3,4,0,43,21,22,0
Li27,Li32,4,2,2,0,43,30,13,0
Li27,LC16,19,7,12,0,43,14,29,0
Li27,LC13,19,16,3,0,43,36,7,0
Li33,LMa3,14,7,7,0,43,21,22,0
Pm13,Y3,19,10,9,0,43,21,22,0
T4a,LPT45_dCal1,18,15,3,0,43,37,6,0
Sm09,Pm05,20,12,8,0,43,27,16,0
Sm03,MLt8,15,14,1,0,43,41,2,0
Tlp4,LPT45_dCal1,7,4,3,0,43,35,8,0
LLPC3,LPi13,18,12,6,0,43,26,17,0
LPLC2,cM11,7,0,7,0,43,0,43,0
LT66,OA-AL2i1,4,2,2,0,43,24,19,0
LC28a,LTe45,9,6,3,0,43,29,14,0
cLPL01,TmY9q⊥,17,8,9,0,43,19,24,0
cL22a,Li10,7,2,5,0,43,12,31,0
LC14a1,LTe10,8,4,4,0,43,18,25,0
LLPC2,LTe12,15,9,6,0,43,27,16,0
LC21,LLPt,14,7,7,0,43,25,18,0
LTe15,OA-AL2b2,3,2,1,0,43,34,9,0
LC14a2,OA-AL2b1,10,0,0,10,43,0,0,43
MTe02,LTe60,6,2,4,0,43,14,29,0
LT78,LT64,6,4,2,0,43,29,14,0
LT78,LT76,5,3,2,0,43,23,20,0
LC9,LC6,17,6,11,0,43,14,29,0
LC25,LC29,16,8,8,0,43,23,20,0
MTe05,aMe26,18,9,9,0,43,20,23,0
LC20b,LC21,19,8,11,0,43,19,24,0
LC22,LC20b,18,10,8,0,43,23,20,0
LC14a2,TmY11,14,8,6,0,43,27,16,0
LC20b,Li01,19,11,8,0,43,23,20,0
LLPC1,TmY15,17,8,9,0,43,17,26,0
LC16,LC13,14,3,11,0,43,7,36,0
LT57,LTe38a,15,5,10,0,43,14,29,0
LC10d,LTe17,18,12,6,0,43,30,13,0
AN_multi_124,T2,14,3,11,0,43,9,34,0
MeMe_e08,LMt2,18,6,12,0,43,13,30,0
LC37a,LTe17,7,3,4,0,43,22,21,0
cLP03,LPi14,12,1,11,0,43,6,37,0
MeTu4c,Li03,17,7,10,0,43,16,27,0
cLP03,LPi15,12,5,7,0,43,19,24,0
LPTe02,LTe38a,6,4,2,0,43,32,11,0
MTe54,Lawf2,15,1,14,0,43,2,41,0
MTe54,MeMe_e07,8,0,8,0,43,0,43,0
LT72,LLPt,15,8,7,0,43,25,18,0
LT37,LPLC1,15,9,6,0,43,29,14,0
LT37,LLPC4,5,3,2,0,43,29,14,0
MTe52,Pm09,18,9,9,0,43,23,20,0
MTe52,T2a,18,11,7,0,43,23,20,0
MTe42,PLP217,1,0,1,0,43,0,43,0
LT83,LMt3,13,6,7,0,43,22,21,0
cLLP02,Li13,19,2,17,0,43,5,38,0
LT63,LTe59,8,4,4,0,43,16,27,0
LPLC1,H1,15,12,3,0,43,35,8,0
LTe41,LTe40,2,1,1,0,43,26,17,0
LT38,LT63,7,4,3,0,43,26,17,0
LT38,LTe01,6,3,3,0,43,29,14,0
cM02a,Sm21,11,6,5,0,43,20,23,0
MeTu3c,Tm5e,19,6,13,0,43,13,30,0
aMe4,TmY9q⊥,8,0,8,0,43,0,43,0
aMe4,C3,18,11,7,0,43,28,15,0
cM11,Pm07,10,0,10,0,43,0,43,0
cMLLP02,Li16,8,5,3,0,43,27,16,0
LC41,LTe42a,5,2,3,0,43,13,30,0
MeMe_e03,aMe10,3,0,0,3,43,0,0,43
cLLPM01,Y12,11,3,8,0,43,6,37,0
LPT22,LT41,2,1,1,0,43,31,12,0
cM08c,LTe02,8,6,2,0,43,38,5,0
PLP051,LTe42a,2,0,0,2,43,0,0,43
LC6,LC6,9,3,6,0,43,15,28,0
LT61b,Li25,4,2,2,0,43,21,22,0
VS1,Tlp1,18,13,5,0,43,32,11,0
VS1,LPC1,14,12,2,0,43,39,4,0
CB2216,aMe24,1,0,1,0,43,0,43,0
LT84,Y4,11,3,8,0,43,11,32,0
cM14,MTe15,4,2,2,0,43,22,21,0
cLP04,cL06,2,1,1,0,43,12,31,0
CB3238,LTe18,4,1,1,2,43,13,12,18
OA-AL2i1,LPLC1,17,15,2,0,43,39,4,0
cM15,Dm4,17,6,11,0,43,15,28,0
LT33,Tm2,19,5,14,0,43,10,33,0
cM05,Pm14,4,2,2,0,43,27,16,0
cL04,LC46,13,9,4,0,43,29,14,0
LT58,LC10b,15,13,2,0,43,39,4,0
cML01,Li31,2,1,1,0,43,28,15,0
cMLLP01,OA-ASM1,8,4,4,0,43,27,16,0
cMLLP01,cM16,2,1,1,0,43,26,17,0
VS2,T5d,20,13,7,0,43,29,14,0
cL15,LT52,9,4,5,0,43,19,24,0
LT39,Li15,7,2,5,0,43,14,29,0
LPT53,TmY15,15,11,4,0,43,34,9,0
LPT53,LPC1,15,10,5,0,43,31,12,0
T2,LTe05,16,16,0,0,43,43,0,0
Mi4,PDt,12,12,0,0,43,43,0,0
LC10d,LC10a,12,12,0,0,43,43,0,0
LLPC4,CB0143,3,3,0,0,43,43,0,0
LTe05,PLP252,1,1,0,0,43,43,0,0
TmY31,Li18,16,6,10,0,42,13,29,0
Tm5c,LTe18,15,9,6,0,42,28,14,0
Tm5c,LMa5,19,15,4,0,42,34,8,0
TmY5a,LTe14,21,10,11,0,42,20,22,0
T2,T5a,17,9,8,0,42,20,22,0
LPi06,LLPC2,16,8,8,0,42,22,20,0
TmY11,Y11,17,10,7,0,42,21,21,0
Tm5f,MTe28,18,4,14,0,42,8,34,0
TmY10,LLPt,18,9,9,0,42,18,24,0
Tm5e,LTe54,17,5,12,0,42,14,28,0
T5c,LPi13,19,3,16,0,42,7,35,0
Tm32,LC10f,14,4,10,0,42,9,33,0
Tm5e,LMa1,18,5,13,0,42,10,32,0
LPi02,Tlp1,18,11,7,0,42,26,16,0
Li21,LT53,12,8,4,0,42,30,12,0
Sm06,Y3,16,8,8,0,42,21,21,0
Tm5d,Sm03,16,5,11,0,42,13,29,0
TmY9q⊥,Li11,18,10,8,0,42,24,18,0
LLPt,Li01,18,10,8,0,42,24,18,0
T4c,LPi02,14,1,13,0,42,2,40,0
Tm7,Dm8b,17,11,6,0,42,29,13,0
Li08,LC39,17,11,6,0,42,30,12,0
MLt7,Sm09,17,9,8,0,42,25,17,0
R8,L2,11,4,7,0,42,8,34,0
LPi10,cLP03,15,11,4,0,42,30,12,0
Tm3,Dm1,18,6,12,0,42,12,30,0
Tm36,T2a,17,6,11,0,42,14,28,0
LPi08,LPTe01,17,10,7,0,42,27,15,0
Sm01,Tm5d,19,11,8,0,42,22,20,0
Sm40,Sm20,16,8,8,0,42,19,23,0
Sm40,TmY4,18,8,10,0,42,18,24,0
Mi15,MeMe_e10,19,8,11,0,42,18,24,0
Tm20,MTe33,19,8,11,0,42,18,24,0
Sm32,L3,13,8,5,0,42,30,12,0
MLt2,Sm36,17,6,11,0,42,15,27,0
TmY9q,T4a,18,6,12,0,42,15,27,0
T5c,TmY31,18,7,11,0,42,14,28,0
Tm16,Y1,17,11,6,0,42,30,12,0
TmY16,T2a,17,11,6,0,42,29,13,0
Y3,Mi13,11,6,5,0,42,32,10,0
Y4,MTe43,17,11,6,0,42,29,13,0
TmY31,LMa5,16,9,7,0,42,25,17,0
TmY10,LT84,15,8,7,0,42,21,21,0
Tm20,OA-ASM1,18,11,7,0,42,27,15,0
T2a,LT60,19,10,9,0,42,23,19,0
TmY3,Pm01,14,7,7,0,42,24,18,0
T2,T5b,16,5,11,0,42,13,29,0
Li12,LC24,15,11,4,0,42,32,10,0
TmY5a,cM16,19,9,10,0,42,21,21,0
C2,Tm5e,18,10,8,0,42,26,16,0
Li12,LT55,14,7,7,0,42,23,19,0
Pm10,MeMe_e07,18,11,7,0,42,28,14,0
Pm10,Mi13,16,6,10,0,42,14,28,0
T2a,C2,11,3,8,0,42,12,30,0
Sm31,TmY4,18,11,7,0,42,26,16,0
MLt3,L3,10,1,9,0,42,2,40,0
TmY3,Y11,21,10,11,0,42,20,22,0
Li01,TmY20,15,10,5,0,42,31,11,0
Tm34,LC10d,17,8,9,0,42,23,19,0
Tm5a,TmY11,19,7,12,0,42,14,28,0
Sm31,Pm14,16,10,6,0,42,26,16,0
TmY4,Y4,16,7,9,0,42,18,24,0
LMa3,LMa3,14,6,8,0,42,15,27,0
TmY15,LT51,16,8,8,0,42,21,21,0
Sm08,aMe10,13,6,7,0,42,21,21,0
Sm41,Sm12,19,8,11,0,42,16,26,0
Mi10,Dm8b,13,4,9,0,42,9,33,0
Dm8a,MTe22,15,10,5,0,42,27,15,0
Sm13,T2,17,10,7,0,42,24,18,0
MLt1,Pm05,17,7,10,0,42,18,24,0
TmY9q⊥,LC14a2,18,8,10,0,42,17,25,0
TmY14,T4c,20,15,5,0,42,32,10,0
Y4,Li10,14,9,5,0,42,28,14,0
Li11,LTe16,16,8,8,0,42,22,20,0
Tm4,Li29,16,6,10,0,42,15,27,0
Li01,Li06,16,7,9,0,42,18,24,0
Sm07,Sm19,17,4,13,0,42,8,34,0
Li06,LMt2,14,9,5,0,42,30,12,0
Tm4,Dm10,18,8,10,0,42,20,22,0
Tm8b,Tm7,17,7,10,0,42,16,26,0
Dm18,TmY5a,21,10,11,0,42,20,22,0
Li10,LTe49b,13,0,13,0,42,0,42,0
Tm7,TmY9q,15,6,9,0,42,16,26,0
T2a,DNp11,17,12,5,0,42,31,11,0
Pm08,MTe03,16,12,4,0,42,32,10,0
Y3,Li21,17,6,11,0,42,17,25,0
Tm8a,LTe53,13,5,8,0,42,14,28,0
Dm13,Tm9,18,12,6,0,42,28,14,0
Li05,cL02d,15,9,6,0,42,28,14,0
Tm34,LT77,16,11,5,0,42,27,15,0
LPi11,LLPt,19,14,5,0,42,32,10,0
LMa2,Tm5e,14,5,9,0,42,12,30,0
Tm36,Li13,15,11,4,0,42,33,9,0
Tm5d,LT77,16,13,3,0,42,36,6,0
TmY15,Tm25,20,13,7,0,42,28,14,0
Lawf2,Mi13,13,7,6,0,42,29,13,0
Tm7,MTe45,14,7,7,0,42,21,21,0
Li28,LT61b,4,2,2,0,42,24,18,0
Y12,LPT26,14,12,2,0,42,37,5,0
LMa2,Li18,17,6,11,0,42,14,28,0
Li12,LTe62,6,4,2,0,42,31,11,0
TmY4,LCe01b,17,9,8,0,42,22,20,0
Li31,Tm21,18,7,11,0,42,15,27,0
Li31,LCe01a,10,6,4,0,42,27,15,0
Sm16,Sm23,19,9,10,0,42,22,20,0
Li22,LMa1,17,12,5,0,42,29,13,0
Li27,TmY9q,18,12,6,0,42,30,12,0
Li10,Li27,19,12,7,0,42,25,17,0
Sm36,MTe02,17,6,11,0,42,13,29,0
Sm35,Dm20,10,4,6,0,42,21,21,0
LPi03,LPi10,16,13,3,0,42,32,10,0
Li30,LC24,15,9,6,0,42,29,13,0
LPi13,LPT47_vCal2,2,1,1,0,42,28,14,0
LC28a,LPLC1,10,1,9,0,42,5,37,0
LT55,LC28a,12,5,7,0,42,15,27,0
LLPC3,Nod2,13,7,6,0,42,27,15,0
MTe45,Sm34,8,5,3,0,42,27,15,0
LPC1,LPi12,15,8,7,0,42,23,19,0
MeLp1,MTe41,2,1,1,0,42,16,26,0
cM09,LMa1,14,7,7,0,42,19,23,0
cM09,Tm5b,17,10,7,0,42,23,19,0
cL22a,LC34,10,5,5,0,42,23,19,0
MTe01a,MC65,17,9,8,0,42,23,19,0
aMe4,Pm13,10,4,6,0,42,21,21,0
LC17,LC21,17,6,11,0,42,13,29,0
MeTu3a,Sm38,15,12,3,0,42,34,8,0
LC9,LC15,17,12,5,0,42,31,11,0
LC14a2,Y12,13,5,8,0,42,17,25,0
MeTu4c,LTe37,16,6,10,0,42,16,26,0
MTe41,LC4,8,4,4,0,42,21,21,0
MeMe_e08,Sm05,17,8,9,0,42,19,23,0
MeMe_e08,cM05,6,4,2,0,42,29,13,0
cL14,TmY9q,16,6,10,0,42,17,25,0
LT52,Tm5e,18,10,8,0,42,23,19,0
LCe01a,LC24,15,10,5,0,42,30,12,0
MeMe_e08,Pm07,18,6,12,0,42,17,25,0
MTe50,Tm35,20,9,11,0,42,18,24,0
cM18,TmY16,13,6,7,0,42,17,25,0
cM18,MTe43,2,1,1,0,42,14,28,0
MeTu4c,MeTu4c,14,7,7,0,42,21,21,0
LT62,LT39,2,1,1,0,42,27,15,0
aMe26,Dm2,20,12,8,0,42,25,17,0
LPT54,LPi09,13,9,4,0,42,31,11,0
aMe9,MTe48,7,3,4,0,42,17,25,0
LT52,LT53,11,7,4,0,42,20,22,0
OA-AL2b1,Li10,18,6,12,0,42,15,27,0
MTe02,Tm16,18,8,10,0,42,19,23,0
LLPC2,cM11,8,0,8,0,42,0,42,0
LC13,LT70,9,3,6,0,42,13,29,0
cLP03,T4d,19,7,12,0,42,16,26,0
LLPC3,LPLC1,16,7,9,0,42,18,24,0
LC25,LC20b,18,9,9,0,42,20,22,0
LPT30,Tlp4,11,7,4,0,42,26,16,0
OA-AL2i3,MLt3,20,9,11,0,42,20,22,0
MTe54,Pm13,9,4,5,0,42,12,30,0
MeTu4a,cM08c,16,11,5,0,42,30,12,0
LT72,LT51,11,5,6,0,42,21,21,0
LC11,LT56,16,2,14,0,42,4,38,0
LC15,LC15,13,7,6,0,42,25,17,0
LTe22,Li13,14,6,8,0,42,19,23,0
LTe19,LPLC4,13,6,7,0,42,20,22,0
mALD1,LT65,2,1,1,0,42,23,19,0
cL17,LCe07,9,3,6,0,42,10,32,0
LT64,LT64,4,2,2,0,42,25,17,0
LT68,LT63,7,4,3,0,42,30,12,0
cLP02,cLP02,18,12,6,0,42,30,12,0
LC10f,LTe43,5,2,3,0,42,18,24,0
MTe47,MTe47,8,0,0,8,42,0,0,42
aMe19b,Sm22,14,8,6,0,42,23,19,0
aMe19b,MeTu4d,12,6,6,0,42,22,20,0
MeMe_e04,MTe01b,8,5,3,0,42,33,9,0
aMe17a2,MTe38,2,1,1,0,42,8,34,0
mALC5,LC25,8,6,2,0,42,33,9,0
cM13,MTe17,4,2,2,0,42,20,22,0
LTe45,LTe73,2,1,1,0,42,19,23,0
LC13,PLP051,6,4,2,0,42,29,13,0
CB0472,Li10,13,6,7,0,42,14,28,0
VS1,VSm,4,2,2,0,42,27,15,0
cL06,LC27,15,9,6,0,42,24,18,0
cL06,LTe08,2,1,1,0,42,31,11,0
LT84,LT77,5,2,3,0,42,20,22,0
MTe51,Tm5a,16,1,15,0,42,2,40,0
cL22b,LTe64,5,3,2,0,42,15,27,0
LT53,LTe45,5,2,3,0,42,21,21,0
CB2197,LTe65,4,0,2,2,42,0,27,15
LCe07,OA-AL2b2,6,5,1,0,42,37,5,0
cL11,LTe61,4,1,1,2,42,6,15,21
OA-AL2i1,mALC5,2,1,1,0,42,26,16,0
cM15,MTe46,3,1,2,0,42,21,21,0
OA-AL2i4,MTe01b,13,8,5,0,42,26,16,0
cM05,T2,13,8,5,0,42,20,22,0
LPT57,LPi02,13,8,5,0,42,20,22,0
H2,H1,2,1,1,0,42,22,20,0
MTe35,Tm5d,19,13,6,0,42,29,13,0
cL04,LT47,4,2,2,0,42,9,33,0
LPT21,LPT53,2,1,1,0,42,27,15,0
cML01,Y1,16,1,15,0,42,2,40,0
cML01,Mi4,17,8,9,0,42,17,25,0
LTe53,Li12,11,5,6,0,42,21,21,0
cMLLP01,LT47,2,1,1,0,42,15,27,0
DNpe053,cM08b,4,2,2,0,42,27,15,0
LTe49b,LCe06,5,0,5,0,42,0,42,0
LTe21,MTe18,3,1,2,0,42,24,18,0
LTe21,LT39,2,1,1,0,42,18,24,0
LT39,LT87,2,1,1,0,42,13,29,0
MTe09,aMe17b,4,2,2,0,42,20,22,0
aMe24,cL04,4,2,2,0,42,22,20,0
MTe52,CB0143,7,7,0,0,42,42,0,0
HSN,cL18,2,2,0,0,42,42,0,0
LPT27,PLP020,1,1,0,0,42,42,0,0
LPT54,PLP037b,1,1,0,0,42,42,0,0
Li03,LTe13,12,5,7,0,41,17,24,0
L1,Lai,20,16,4,0,41,33,8,0
TmY3,Li31,19,6,13,0,41,12,29,0
Mi15,Sm37,16,9,7,0,41,21,20,0
Li08,Li29,16,8,8,0,41,19,22,0
Sm24,Sm26,12,4,8,0,41,15,26,0
TmY4,MTe01a,12,4,8,0,41,14,27,0
TmY11,Dm10,17,11,6,0,41,29,12,0
Tm20,Sm42,19,5,14,0,41,10,31,0
TmY3,LTe55,12,2,10,0,41,5,36,0
Li20,Li15,17,8,9,0,41,21,20,0
TmY5a,VSm,18,12,6,0,41,28,13,0
Y12,Tlp4,18,8,10,0,41,18,23,0
Tm32,PLP251,14,3,11,0,41,10,31,0
MLt5,Sm42,14,7,7,0,41,21,20,0
Dm2,aMe25,19,8,11,0,41,17,24,0
Y4,Mi4,14,5,9,0,41,13,28,0
C3,Pm08,12,5,7,0,41,23,18,0
Li02,LTe40,12,6,6,0,41,26,15,0
Li02,LC34,8,0,8,0,41,0,41,0
Tm5c,Tm35,16,9,7,0,41,24,17,0
Li10,LT69,17,9,8,0,41,25,16,0
Li10,PLP251,14,5,9,0,41,12,29,0
TmY10,Tm33,15,10,5,0,41,30,11,0
Tm7,Y3,17,9,8,0,41,21,20,0
Pm07,cM05,11,8,3,0,41,30,11,0
L1,Lawf1,13,6,7,0,41,23,18,0
TmY5a,LC41,18,10,8,0,41,24,17,0
Sm03,MTe02,14,9,5,0,41,28,13,0
T2a,MeTu4a,19,12,7,0,41,26,15,0
Sm30,Sm26,17,8,9,0,41,17,24,0
MLt4,Li10,17,10,7,0,41,23,18,0
Tm35,LT84,15,8,7,0,41,21,20,0
Tm5f,Tm16,18,5,13,0,41,10,31,0
Li06,LC6,18,10,8,0,41,20,21,0
Sm03,Sm05,17,10,7,0,41,26,15,0
Sm03,MTe06,17,7,10,0,41,15,26,0
Li17,Tm2,18,10,8,0,41,25,16,0
TmY3,Tm7,19,10,9,0,41,21,20,0
Sm40,MLt2,17,8,9,0,41,21,20,0
Sm40,Sm07,16,8,8,0,41,24,17,0
LLPt,Li23,14,6,8,0,41,15,26,0
TmY3,LC28a,17,12,5,0,41,29,12,0
TmY10,LC10d,16,10,6,0,41,27,14,0
Tlp1,Tlp14,15,2,13,0,41,4,37,0
Li05,Li28,18,9,9,0,41,21,20,0
T4a,LPT23,15,3,12,0,41,6,35,0
L5,Sm12,17,10,7,0,41,24,17,0
Tm5b,TmY31,14,4,10,0,41,13,28,0
Tm36,cL16,19,15,4,0,41,33,8,0
Y3,Li31,18,9,9,0,41,22,19,0
Dm14,L5,15,5,10,0,41,16,25,0
Sm32,cM07,15,8,7,0,41,27,14,0
Pm05,Sm36,15,7,8,0,41,22,19,0
LMa1,DNp11,14,5,9,0,41,16,25,0
Tm20,Tm34,16,3,13,0,41,6,35,0
Sm28,Sm23,16,7,9,0,41,16,25,0
MLt6,TmY11,16,8,8,0,41,21,20,0
Dm1,Dm1,18,11,7,0,41,27,14,0
MLt5,Lawf2,16,8,8,0,41,20,21,0
Li02,LC20a,16,15,1,0,41,39,2,0
Mi4,cM07,17,8,9,0,41,19,22,0
TmY20,LPi10,14,9,5,0,41,23,18,0
Tm36,LC10b,16,11,5,0,41,31,10,0
Tlp1,LC10d,17,10,7,0,41,23,18,0
Li12,LT73,13,5,8,0,41,17,24,0
MLt7,MLt7,17,1,16,0,41,2,39,0
LMa2,MTe34,10,5,5,0,41,28,13,0
Sm09,aMe5,19,13,6,0,41,27,14,0
TmY31,LMt1,17,7,10,0,41,18,23,0
TmY4,LC18,12,4,8,0,41,8,33,0
Pm10,Y1,18,10,8,0,41,20,21,0
Sm31,Sm41,12,5,7,0,41,13,28,0
Pm08,MeLp2,15,10,5,0,41,29,12,0
TmY15,MTe54,17,0,17,0,41,0,41,0
Tm2,Dm20,18,7,11,0,41,15,26,0
Li10,LC26,20,4,16,0,41,8,33,0
TmY10,Mi9,18,9,9,0,41,21,20,0
TmY5a,Mi10,18,12,6,0,41,28,13,0
Pm03,Mi14,18,11,7,0,41,26,15,0
Tm4,LC13,14,8,6,0,41,27,14,0
Tlp4,T4a,15,11,4,0,41,32,9,0
LMa3,LC14b,15,6,9,0,41,16,25,0
TmY20,LMa2,17,9,8,0,41,21,20,0
Dm3p,Tm36,19,8,11,0,41,17,24,0
Sm09,Sm20,20,14,6,0,41,29,12,0
Pm09,Mi4,14,9,5,0,41,31,10,0
Pm10,Dm12,10,3,7,0,41,11,30,0
Tm2,MLt1,19,9,10,0,41,18,23,0
Li15,LMa2,18,10,8,0,41,21,20,0
LMa4,MLt2,17,10,7,0,41,24,17,0
Sm41,Tm25,19,9,10,0,41,19,22,0
Sm41,cM08a,5,2,3,0,41,25,16,0
Tm20,Dm20,19,9,10,0,41,19,22,0
MLt5,MeLp1,15,6,9,0,41,18,23,0
Tm5e,LTe66,16,1,15,0,41,4,37,0
TmY5a,MTe47,20,11,9,0,41,23,18,0
Dm15,Mi1,15,3,12,0,41,8,33,0
MLt4,Li33,14,9,5,0,41,27,14,0
Tm8a,LC16,11,1,10,0,41,2,39,0
Tm5f,LCe01b,18,13,5,0,41,31,10,0
Dm10,Tm8b,18,11,7,0,41,24,17,0
Li10,LC27,17,10,7,0,41,26,15,0
Sm25,TmY10,18,9,9,0,41,21,20,0
TmY20,Tm25,18,12,6,0,41,27,14,0
Tm16,MTe44,19,11,8,0,41,24,17,0
Tlp1,LT66,17,5,12,0,41,10,31,0
LPi14,Y3,12,0,12,0,41,0,41,0
Lawf1,TmY11,17,10,7,0,41,25,16,0
Dm20,Tm21,16,6,10,0,41,17,24,0
TmY31,Tm21,18,12,6,0,41,29,12,0
TmY16,TmY11,19,15,4,0,41,33,8,0
Dm4,MLt3,3,0,3,0,41,0,41,0
Tm37,Li33,15,6,9,0,41,18,23,0
Pm02,Mi13,15,9,6,0,41,28,13,0
Dm13,Dm10,19,10,9,0,41,22,19,0
T5c,Am1,17,7,10,0,41,16,25,0
Tm16,Tm35,18,13,5,0,41,31,10,0
Tm27,LPi06,19,15,4,0,41,32,9,0
Sm08,Tm8a,18,9,9,0,41,23,18,0
LPi10,T5d,19,14,5,0,41,30,11,0
Tm33,Tm5a,20,15,5,0,41,30,11,0
Tm2,Tm5e,17,8,9,0,41,17,24,0
Li15,Tm27,18,10,8,0,41,22,19,0
Tm5e,T5d,19,13,6,0,41,29,12,0
Tm8a,LLPC1,16,7,9,0,41,16,25,0
Tm34,LC9,19,11,8,0,41,23,18,0
Tm4,LCe01b,18,12,6,0,41,27,14,0
Tm20,LTe18,16,12,4,0,41,31,10,0
Li28,LC21,17,10,7,0,41,22,19,0
Li11,Tm34,17,13,4,0,41,31,10,0
Pm14,LMt3,15,12,3,0,41,35,6,0
Y12,LLPC4,11,7,4,0,41,24,17,0
Mi15,LT58,9,7,2,0,41,22,19,0
Li01,LC20a,18,15,3,0,41,35,6,0
Tm20,LCe09,9,0,9,0,41,0,41,0
Tm5b,MeTu1,10,3,7,0,41,6,35,0
Tm35,Tm7,19,12,7,0,41,25,16,0
Pm02,LMa3,14,12,2,0,41,33,8,0
LMa4,Pm07,16,11,5,0,41,26,15,0
Li08,LC35,13,9,4,0,41,27,14,0
Li04,LTe43,11,6,5,0,41,21,20,0
Sm29,MeMe_e02,9,5,4,0,41,21,20,0
LPi12,HSS,2,1,1,0,41,30,11,0
Li33,LTe29,2,1,1,0,41,16,25,0
Tm37,LC14a1,11,7,4,0,41,29,12,0
Pm13,Tm37,18,9,9,0,41,21,20,0
C3,Pm01,8,7,1,0,41,39,2,0
Li32,LMt2,12,6,6,0,41,23,18,0
Sm35,Sm41,5,3,2,0,41,32,9,0
Li24,Li27,11,6,5,0,41,21,20,0
LPi02,Nod1,17,13,4,0,41,30,11,0
Li30,LTe64,9,5,4,0,41,26,15,0
Li30,MLt6,16,11,5,0,41,28,13,0
Pm13,T2a,17,11,6,0,41,29,12,0
LPi13,LPT21,2,1,1,0,41,31,10,0
LC16,Li17,8,1,7,0,41,2,39,0
LC10e,TmY31,19,6,13,0,41,13,28,0
LC28a,TmY31,17,13,4,0,41,33,8,0
MeTu4d,TmY10,18,9,9,0,41,20,21,0
MTe02,Tm31,18,8,10,0,41,17,24,0
LC14a1,Tm20,19,8,11,0,41,18,23,0
MTe07,Sm41,9,5,4,0,41,21,20,0
aMe4,Dm10,19,5,14,0,41,10,31,0
LT42,Li27,4,2,2,0,41,32,9,0
aMe5,aMe19b,15,8,7,0,41,21,20,0
LC20a,LT72,12,9,3,0,41,31,10,0
LC14a2,LC21,10,4,6,0,41,19,22,0
LT43,LTe32,6,3,3,0,41,20,21,0
LC22,LPLC1,12,4,8,0,41,18,23,0
LC22,LC10c,16,5,11,0,41,12,29,0
LC4,LMt3,18,10,8,0,41,25,16,0
MeTu4a,cL12,15,10,5,0,41,27,14,0
LC45,LTe60,5,2,3,0,41,18,23,0
LTe01,LTe17,5,2,3,0,41,23,18,0
LC40,CB0472,12,6,6,0,41,22,19,0
MTe51,LTe25,7,2,5,0,41,12,29,0
LC14b,LC21,13,6,7,0,41,24,17,0
LT52,LCe03,14,9,5,0,41,28,13,0
LC14a2,LCe05,11,5,6,0,41,15,26,0
LC14a2,LCe01b,10,4,6,0,41,16,25,0
aMe17b,MTe02,15,7,8,0,41,19,22,0
MeMe_e02,MeTu3c,18,12,6,0,41,29,12,0
LLPC3,H2,16,6,10,0,41,16,25,0
H1,LPT23,10,6,4,0,41,30,11,0
LLPC3,T4c,14,4,10,0,41,10,31,0
LC10b,LC10a,14,6,8,0,41,17,24,0
LT52,LT67,8,4,4,0,41,20,21,0
LT69,Li10,12,6,6,0,41,20,21,0
LT69,LT37,2,1,1,0,41,21,20,0
LPLC4,LTe13,16,8,8,0,41,19,22,0
LC28a,LTe43,14,6,8,0,41,18,23,0
LT70,cL05,8,4,4,0,41,21,20,0
cLP03,Am1,12,7,5,0,41,29,12,0
cL10,LTe74,2,1,1,0,41,24,17,0
cLP02,Li32,4,1,3,0,41,3,38,0
MTe02,MeTu1,12,4,8,0,41,22,19,0
cL20,Y12,13,9,4,0,41,24,17,0
cL20,Tm5c,17,8,9,0,41,20,21,0
cL20,LC10d,15,7,8,0,41,20,21,0
LT37,Li01,18,11,7,0,41,25,16,0
LC28a,cMLLP01,14,7,7,0,41,22,19,0
MeMe_e09,Sm36,6,4,2,0,41,26,15,0
cL21,LT56,4,2,2,0,41,25,16,0
MeTu1,Dm8a,10,3,7,0,41,6,35,0
LPLC4,LTe14,11,5,6,0,41,21,20,0
cL18,Tlp14,6,5,1,0,41,38,3,0
LPT50,Y11,14,13,1,0,41,37,4,0
LT83,T2a,19,2,17,0,41,5,36,0
LPLC2,LPi11,19,14,5,0,41,29,12,0
mALD1,LTe43,6,3,3,0,41,20,21,0
aMe8,cM08b,4,3,1,0,41,35,6,0
cLLPM01,Y4,13,4,9,0,41,14,27,0
LC33a,cL22c,6,0,0,6,41,0,0,41
LCe03,LT52,17,12,5,0,41,30,11,0
LLPC3,LPT52,14,9,5,0,41,27,14,0
LT57,MLt6,14,8,6,0,41,22,19,0
cM11,Tm7,16,0,16,0,41,0,41,0
HSS,VCH,2,1,1,0,41,15,26,0
cL01,cLLP02,13,7,6,0,41,24,17,0
MeMe_e03,aMe5,11,4,7,0,41,14,27,0
MTe06,LTe67,6,2,4,0,41,12,29,0
LPT26,LPi14,4,2,2,0,41,24,17,0
MeMe_e04,MeTu4a,12,4,8,0,41,12,29,0
aMe17a2,Dm1,14,7,7,0,41,21,20,0
mALC3,Li31,2,1,1,0,41,22,19,0
cLLPM01,T3,17,14,3,0,41,34,7,0
mALC5,Sm35,6,3,3,0,41,19,22,0
LPT22,Tlp5,14,8,6,0,41,25,16,0
LT1b,LC17,19,11,8,0,41,24,17,0
LTe38a,PLP032,4,1,3,0,41,5,36,0
mALC6,cM08c,5,1,4,0,41,10,31,0
LT65,LC10d,16,9,7,0,41,23,18,0
LT61b,LT82a,5,2,3,0,41,13,28,0
LT61b,LC10a,19,11,8,0,41,25,16,0
LC28a,LT86,11,7,4,0,41,26,15,0
LC28a,LTe49f,13,10,3,0,41,33,8,0
cL02a,cL13,5,3,2,0,41,26,15,0
aMe22,OA-AL2i4,2,1,1,0,41,21,20,0
cLP04,LPi10,10,6,4,0,41,31,10,0
MTe23,LC34,4,2,2,0,41,21,20,0
LCe01b,TmY31,4,0,4,0,41,0,41,0
MTe49,LC45,6,4,2,0,41,23,18,0
mALC4,Tm27,17,5,12,0,41,12,29,0
cL11,LC37a,8,4,4,0,41,23,18,0
cL11,LTe14,2,1,1,0,41,18,23,0
aMe9,cL04,5,3,2,0,41,25,16,0
OA-AL2i1,Tm27,17,6,11,0,41,15,26,0
OA-AL2i1,T5c,19,11,8,0,41,24,17,0
OA-AL2i1,T4b,20,16,4,0,41,33,8,0
cM15,Tm37,15,11,4,0,41,26,15,0
cM15,LMa2,12,8,4,0,41,30,11,0
cM15,Sm42,2,1,1,0,41,27,14,0
LTe17,TmY31,16,10,6,0,41,25,16,0
cM05,PDt,9,4,5,0,41,18,23,0
cL04,LTe25,4,2,2,0,41,24,17,0
LT58,MTe12,5,3,2,0,41,18,23,0
LT58,Sm42,2,1,1,0,41,24,17,0
LTe53,LAL047,2,1,1,0,41,19,22,0
LTe42b,LT36,2,1,1,0,41,10,31,0
aMe17a1,Tm34,16,10,6,0,41,23,18,0
LTe21,LTe31,2,1,1,0,41,24,17,0
LTe25,LPLC4,14,8,6,0,41,25,16,0
cM16,Tm32,17,9,8,0,41,21,20,0
cM16,TmY11,15,6,9,0,41,20,21,0
cM16,LMa5,11,5,6,0,41,24,17,0
LPT53,LPLC4,11,5,6,0,41,18,23,0
LPi05,LPT31,12,12,0,0,41,41,0,0
LPi13,Pm14,1,1,0,0,41,41,0,0
LT52,AOTU026,6,6,0,0,41,41,0,0
PLP023,PLP035,1,1,0,0,41,41,0,0
AOTU065,DNp31,1,1,0,0,41,41,0,0
TmY10,LTe35,15,5,10,0,40,13,27,0
Y12,MTe44,15,4,11,0,40,12,28,0
Y4,Pm10,17,11,6,0,40,25,15,0
Tm32,Pm05,6,3,3,0,40,24,16,0
Tm8b,LLPt,15,5,10,0,40,16,24,0
T4a,TmY4,16,9,7,0,40,25,15,0
Tm32,LC31b,13,7,6,0,40,23,17,0
T4c,Mi13,20,11,9,0,40,22,18,0
TmY5a,Li08,15,6,9,0,40,19,21,0
Pm11,MeMe_e08,15,7,8,0,40,21,19,0
MLt6,MTe03,17,10,7,0,40,21,19,0
T4b,Y12,15,8,7,0,40,24,16,0
Li21,LC6,16,6,10,0,40,14,26,0
LLPt,TmY16,15,8,7,0,40,20,20,0
LLPt,PLP051,15,6,9,0,40,15,25,0
Tm5b,TmY11,17,10,7,0,40,24,16,0
Sm12,Tm32,16,8,8,0,40,17,23,0
Mi4,MLt1,17,5,12,0,40,12,28,0
Tm32,LTe50,13,4,9,0,40,15,25,0
Mi4,MeTu4c,15,10,5,0,40,24,16,0
Li05,LT38,17,8,9,0,40,19,21,0
Pm05,C3,18,10,8,0,40,22,18,0
Li01,LTe31,16,9,7,0,40,25,15,0
Sm15,Sm16,18,6,12,0,40,12,28,0
Sm12,Sm04,18,7,11,0,40,17,23,0
TmY10,Pm09,17,9,8,0,40,22,18,0
Tm36,MTe54,18,13,5,0,40,27,13,0
T4d,LLPt,19,12,7,0,40,26,14,0
Tm27,Dm12,16,5,11,0,40,10,30,0
Tm7,LPT31,13,6,7,0,40,18,22,0
Pm03,MTe44,13,8,5,0,40,24,16,0
Sm09,MTe04,14,10,4,0,40,32,8,0
Tm7,LC14a2,13,7,6,0,40,18,22,0
TmY31,Tm3,18,10,8,0,40,21,19,0
Y3,LC41,16,6,10,0,40,15,25,0
Dm8a,Sm21,16,10,6,0,40,24,16,0
TmY10,OA-AL2i3,18,9,9,0,40,19,21,0
Li18,Li27,15,5,10,0,40,13,27,0
Li12,LTe49a,9,3,6,0,40,24,16,0
LLPt,LMa2,16,7,9,0,40,16,24,0
Tlp1,Y1,15,8,7,0,40,21,19,0
Tm7,LTe54,16,5,11,0,40,14,26,0
Tlp4,Y1,11,4,7,0,40,9,31,0
TmY11,Tm25,18,11,7,0,40,24,16,0
Mi9,LMt2,18,11,7,0,40,25,15,0
Sm17,Sm28,14,8,6,0,40,24,16,0
Tm16,LT43,18,9,9,0,40,18,22,0
Sm31,Sm08,14,5,9,0,40,10,30,0
Sm31,MTe32,14,7,7,0,40,19,21,0
T4d,LPLC4,18,11,7,0,40,25,15,0
Mi15,MeTu4c,8,1,7,0,40,2,38,0
Tm16,LT36,18,3,15,0,40,7,33,0
Pm09,C3,19,13,6,0,40,28,12,0
TmY16,Pm12,17,11,6,0,40,28,12,0
Li07,Li01,17,6,11,0,40,15,25,0
T4d,LPi14,18,11,7,0,40,24,16,0
Tm4,MTe27,17,14,3,0,40,31,9,0
Tm31,Sm08,17,6,11,0,40,13,27,0
L2,MLt1,14,7,7,0,40,20,20,0
Li19,LMt2,17,12,5,0,40,29,11,0
Tm34,Li33,17,9,8,0,40,20,20,0
Dm9,Dm4,19,13,6,0,40,27,13,0
MLt1,PDt,18,10,8,0,40,24,16,0
LMa3,LC35,7,3,4,0,40,25,15,0
Mi1,L3,12,9,3,0,40,27,13,0
MLt1,aMe5,16,6,10,0,40,12,28,0
Tm2,Dm12,19,15,4,0,40,31,9,0
Sm20,aMe12,18,8,10,0,40,16,24,0
Tm3,Tm31,13,8,5,0,40,22,18,0
PDt,Tm3,19,4,15,0,40,10,30,0
Sm12,LMa4,13,8,5,0,40,27,13,0
Tm5e,cM10,16,12,4,0,40,29,11,0
Li04,cM10,11,8,3,0,40,32,8,0
Tm1,Tm7,10,4,6,0,40,8,32,0
Sm41,Sm31,11,6,5,0,40,22,18,0
LMt3,Pm06,15,7,8,0,40,21,19,0
Tm5d,LC28a,16,7,9,0,40,18,22,0
LMa1,LC13,16,12,4,0,40,28,12,0
Y4,Tm3,17,4,13,0,40,12,28,0
Tm4,Y11,18,7,11,0,40,16,24,0
TmY11,LT40,17,3,14,0,40,6,34,0
Y1,Mi14,19,13,6,0,40,27,13,0
MLt1,L2,19,5,14,0,40,11,29,0
Y4,Li21,17,9,8,0,40,20,20,0
Sm09,Tm34,18,10,8,0,40,22,18,0
Sm07,cM13,15,7,8,0,40,18,22,0
Sm25,MeTu4c,17,8,9,0,40,21,19,0
Tm36,Li10,12,6,6,0,40,24,16,0
TmY4,TmY16,13,8,5,0,40,25,15,0
Li10,LMa4,13,7,6,0,40,24,16,0
T2,Y11,19,11,8,0,40,24,16,0
Tm5e,Li31,18,6,12,0,40,14,26,0
Li10,Y4,15,9,6,0,40,22,18,0
C2,Tm20,17,10,7,0,40,21,19,0
LLPt,LC17,18,10,8,0,40,22,18,0
Mi9,Dm15,19,9,10,0,40,18,22,0
TmY9q⊥,Li23,17,8,9,0,40,19,21,0
L5,DNc01,8,3,5,0,40,30,10,0
TmY4,LTe15,15,9,6,0,40,23,17,0
TmY20,T5a,18,10,8,0,40,22,18,0
Tm5d,LC36,13,5,8,0,40,15,25,0
Li16,LT1a,15,11,4,0,40,29,11,0
Li02,LTe38a,6,0,6,0,40,0,40,0
Tm16,Tm34,15,8,7,0,40,21,19,0
Sm12,Pm10,17,11,6,0,40,27,13,0
Tm5c,Mi14,14,9,5,0,40,27,13,0
Tm5e,LLPC1,18,9,9,0,40,21,19,0
Tm35,LPLC4,14,9,5,0,40,25,15,0
Pm06,Mi14,18,10,8,0,40,23,17,0
Tm35,PLP051,12,5,7,0,40,17,23,0
Tm4,LC15,17,7,10,0,40,17,23,0
Tm5c,MeTu3c,16,11,5,0,40,27,13,0
Sm17,aMe4,15,10,5,0,40,30,10,0
TmY9q⊥,Pm12,15,10,5,0,40,26,14,0
Pm14,Pm08,11,7,4,0,40,29,11,0
Pm14,Tm33,14,8,6,0,40,21,19,0
Sm32,MeTu1,7,4,3,0,40,34,6,0
Li10,LTe42b,10,5,5,0,40,14,26,0
T5b,Y1,15,12,3,0,40,34,6,0
Li31,Li10,10,5,5,0,40,28,12,0
Li31,OA-AL2i2,4,2,2,0,40,26,14,0
Sm39,aMe4,10,5,5,0,40,22,18,0
Tm5e,Li23,15,6,9,0,40,16,24,0
Sm42,Pm10,11,5,6,0,40,18,22,0
Li27,Li31,4,2,2,0,40,22,18,0
Sm29,Sm06,13,7,6,0,40,24,16,0
Sm08,MTe33,8,6,2,0,40,16,24,0
LPi12,LPTe02,6,3,3,0,40,26,14,0
Li33,Tm36,16,10,6,0,40,21,19,0
Li33,Tm27,18,10,8,0,40,24,16,0
Dm1,OA-AL2i3,17,12,5,0,40,27,13,0
Tm9,Tm5a,19,13,6,0,40,27,13,0
Li32,LC18,13,8,5,0,40,24,16,0
Li32,LT65,2,1,1,0,40,25,15,0
Mi9,MTe02,12,10,2,0,40,36,4,0
TmY16,LLPC1,12,7,5,0,40,16,24,0
L4,Dm8a,8,0,8,0,40,0,40,0
Li30,Li18,13,6,7,0,40,15,25,0
Li29,Li33,2,1,1,0,40,21,19,0
LPi13,LPT22,2,1,1,0,40,30,10,0
LPi03,LPLC4,9,0,9,0,40,0,40,0
LC9,LTe66,9,3,6,0,40,12,28,0
LC28a,LC22,13,7,6,0,40,18,22,0
LT55,LCe09,10,5,5,0,40,29,11,0
LT52,LT78,13,8,5,0,40,22,18,0
LC40,LC6,17,6,11,0,40,13,27,0
LC40,Tm32,17,13,4,0,40,28,12,0
LC14b,LMa1,9,6,3,0,40,29,11,0
LT87,cL21,3,1,2,0,40,15,25,0
LC28a,LTe68,14,7,7,0,40,21,19,0
LC28a,LTe16,14,9,5,0,40,26,14,0
LC28a,Li13,18,11,7,0,40,25,15,0
MeTu1,MLt6,14,8,6,0,40,27,13,0
MeTu3b,aMe25,15,7,8,0,40,18,22,0
MeTu3b,Sm31,16,10,6,0,40,26,14,0
MTe46,cM08a,8,4,4,0,40,13,27,0
LLPC2,T4c,18,14,4,0,40,31,9,0
LPLC4,TmY31,19,11,8,0,40,23,17,0
LC13,LC9,18,8,10,0,40,20,20,0
LT60,LLPC1,11,6,5,0,40,21,19,0
MeTu4a,LTe23,14,4,10,0,40,14,26,0
LC20b,LC20b,8,3,5,0,40,6,34,0
LPLC2,Am1,17,9,8,0,40,21,19,0
MeMe_e08,TmY9q⊥,15,9,6,0,40,25,15,0
cL14,LC21,15,4,11,0,40,11,29,0
LCe01b,LC28a,17,10,7,0,40,24,16,0
H1,VCH,2,1,1,0,40,23,17,0
aMe26,LTe60,4,1,3,0,40,5,35,0
cM17,Sm03,15,6,9,0,40,19,21,0
OA-AL2i3,OA-AL2i3,4,2,2,0,40,23,17,0
cM02b,Sm30,9,5,4,0,40,16,24,0
cM02b,Sm25,11,4,7,0,40,17,23,0
LC10b,LC39,10,7,3,0,40,18,22,0
cM06,Mi10,15,7,8,0,40,18,22,0
LT72,LTe17,2,1,1,0,40,25,15,0
PLP004,PLP251,1,0,1,0,40,0,40,0
LT37,Li05,16,8,8,0,40,19,21,0
LT37,LC24,12,5,7,0,40,12,28,0
MeTu1,Sm02,15,9,6,0,40,23,17,0
cL18,LT62,5,3,2,0,40,23,17,0
aMe17c,Tm5e,12,4,8,0,40,24,16,0
aMe17c,Sm42,4,2,2,0,40,22,18,0
MeMe_e06,Sm12,17,6,11,0,40,13,27,0
cM07,Tm1,18,9,9,0,40,19,21,0
LTe11,LTe36,2,1,1,0,40,14,26,0
LT63,LTe07,4,2,2,0,40,10,30,0
cLLPM01,Li33,3,1,2,0,40,15,25,0
aMe1,aMe22,3,2,1,0,40,18,22,0
LT59,LC33a,5,2,3,0,40,20,20,0
LC37a,Li30,10,6,4,0,40,19,21,0
MeTu3b,Sm08,17,8,9,0,40,19,21,0
cMLLP02,Tlp14,14,12,2,0,40,35,5,0
LC39,Tm32,15,8,7,0,40,20,20,0
HSS,T4a,18,6,12,0,40,12,28,0
cLP05,cL13,3,1,1,1,40,29,6,5
mALC3,T4b,18,5,13,0,40,10,30,0
cM13,MeTu4d,14,9,5,0,40,29,11,0
OA-ASM1,Li19,11,4,7,0,40,13,27,0
OA-ASM1,LC43,14,6,8,0,40,18,22,0
LCe01b,LC37a,11,4,7,0,40,10,30,0
cM08c,Tm8a,18,11,7,0,40,25,15,0
LC10b,TmY31,18,11,7,0,40,24,16,0
LAL047,LCe07,4,2,2,0,40,29,11,0
Nod1,cLP02,6,0,0,6,40,0,0,40
LT53,Li10,12,4,8,0,40,8,32,0
CB0566,Tm5f,19,10,9,0,40,21,19,0
LPT29,LPLC4,13,7,6,0,40,23,17,0
LTe64,LC10d,14,7,7,0,40,21,19,0
LCe01a,LT58,11,9,2,0,40,35,5,0
LTe32,LTe37,8,3,5,0,40,13,27,0
MTe23,aMe20,2,1,1,0,40,22,18,0
OA-AL2i1,MeMe_e08,11,6,5,0,40,20,20,0
cM15,Mi2,17,8,9,0,40,19,21,0
LT47,Li33,2,1,1,0,40,12,28,0
aMe25,aMe20,2,1,1,0,40,20,20,0
aMe25,LTe37,3,2,1,0,40,35,5,0
cML01,Tm4,16,11,5,0,40,27,13,0
cML01,Pm07,16,6,10,0,40,18,22,0
cL02c,TmY31,15,8,7,0,40,24,16,0
cMLLP01,MC65,6,3,3,0,40,23,17,0
MTe38,PLP068,2,1,1,0,40,22,18,0
LTe21,OA-AL2i3,5,1,2,2,40,10,17,13
LPT58,LPC1,11,11,0,0,40,40,0,0
CB1329,MeTu4a,6,6,0,0,40,40,0,0
Tm9,TmY3,10,4,6,0,39,19,20,0
Tm9,Tm5e,17,5,12,0,39,10,29,0
Sm02,Sm09,16,9,7,0,39,19,20,0
Dm3p,Tm5a,19,11,8,0,39,22,17,0
Tlp4,Tm4,15,8,7,0,39,21,18,0
Sm06,Sm27,15,5,10,0,39,13,26,0
Tm33,Tm16,18,8,10,0,39,17,22,0
TmY11,TmY10,18,12,6,0,39,27,12,0
Dm3q,Tm9,17,6,11,0,39,14,25,0
TmY3,HSS,13,5,8,0,39,12,27,0
TmY10,MTe49,14,8,6,0,39,24,15,0
Dm8a,Sm26,15,8,7,0,39,22,17,0
Tm5e,MeTu1,13,3,10,0,39,6,33,0
MLt5,LC20b,12,8,4,0,39,25,14,0
Tm7,Pm13,19,7,12,0,39,15,24,0
Tm8b,LT78,13,1,12,0,39,3,36,0
MLt6,LC22,15,6,9,0,39,12,27,0
Dm20,Tm8b,17,8,9,0,39,20,19,0
Sm06,Sm31,16,7,9,0,39,17,22,0
Tm8b,LTe33,13,4,9,0,39,12,27,0
Pm12,Am1,4,2,2,0,39,28,11,0
Pm12,Mi1,17,5,12,0,39,13,26,0
DmDRA2,Sm08,13,10,3,0,39,31,8,0
Tm5c,PDt,18,13,5,0,39,28,11,0
TmY20,Tm32,16,8,8,0,39,18,21,0
T4d,Am1,12,2,10,0,39,4,35,0
Sm12,Sm27,15,5,10,0,39,14,25,0
Sm30,Tm35,17,7,10,0,39,18,21,0
TmY3,Tm21,17,7,10,0,39,15,24,0
T5b,Li29,17,11,6,0,39,26,13,0
T2,cML01,13,10,3,0,39,32,7,0
Pm07,Lawf2,14,5,9,0,39,12,27,0
Tm1,MTe52,14,9,5,0,39,24,15,0
T4d,LPC2,16,3,13,0,39,6,33,0
Sm40,TmY9q,19,7,12,0,39,14,25,0
LLPt,LTe54,14,6,8,0,39,17,22,0
Li02,LTe48,9,6,3,0,39,22,17,0
TmY9q,LPC1,18,11,7,0,39,24,15,0
Tlp1,MLt3,17,7,10,0,39,15,24,0
LMt3,Li32,11,4,7,0,39,12,27,0
Li05,Tm33,13,9,4,0,39,27,12,0
Tm4,LPT31,16,10,6,0,39,24,15,0
TmY16,LC10a,17,6,11,0,39,14,25,0
Tm35,LT77,14,8,6,0,39,25,14,0
TmY4,Tlp5,15,9,6,0,39,24,15,0
Pm07,Pm10,16,4,12,0,39,10,29,0
Tm5c,Dm3q,19,8,11,0,39,16,23,0
Li10,cM08a,17,8,9,0,39,19,20,0
Tm3,Y12,16,9,7,0,39,22,17,0
Tm8b,Li02,14,3,11,0,39,6,33,0
Tm16,LTe12,17,12,5,0,39,29,10,0
Tm5c,LC24,18,4,14,0,39,10,29,0
Li16,Li05,16,9,7,0,39,22,17,0
Tm5c,Li18,16,9,7,0,39,22,17,0
Tm5d,LC9,8,2,6,0,39,5,34,0
T1,R7,7,2,5,0,39,14,25,0
Tm2,Y1,12,6,6,0,39,13,26,0
Tm16,LC25,11,4,7,0,39,14,25,0
Li03,LC6,15,6,9,0,39,12,27,0
Sm05,Dm9,14,12,2,0,39,35,4,0
Sm21,Dm2,18,10,8,0,39,20,19,0
Y3,LTe48,11,8,3,0,39,31,8,0
Li18,TmY11,18,10,8,0,39,22,17,0
Tm8b,LT47,14,3,11,0,39,9,30,0
Li01,Tm31,16,7,9,0,39,16,23,0
LMa2,MTe44,7,3,4,0,39,21,18,0
Tm5d,Tm20,18,7,11,0,39,15,24,0
Y11,Tm5f,18,7,11,0,39,16,23,0
Pm10,Mi1,10,6,4,0,39,26,13,0
Pm10,Tm25,17,10,7,0,39,20,19,0
Pm10,Tm16,17,8,9,0,39,18,21,0
Y12,T5b,18,12,6,0,39,26,13,0
Li01,Li28,12,4,8,0,39,10,29,0
Tm2,Li06,11,3,8,0,39,10,29,0
Mi10,LMa4,17,6,11,0,39,13,26,0
TmY5a,LT63,16,10,6,0,39,21,18,0
Mi15,Dm11,16,10,6,0,39,24,15,0
Tm20,Lawf1,15,4,11,0,39,13,26,0
Tm5a,Sm05,18,12,6,0,39,26,13,0
TmY10,LCe01b,17,8,9,0,39,20,19,0
Li19,Li17,15,9,6,0,39,25,14,0
LMa3,LC15,16,9,7,0,39,23,16,0
LPi04,TmY11,16,13,3,0,39,30,9,0
TmY31,Sm39,14,10,4,0,39,27,12,0
R7,R7,8,4,4,0,39,9,30,0
MLt2,MeMe_e07,16,12,4,0,39,30,9,0
TmY31,Pm01,18,10,8,0,39,23,16,0
Tm36,LC10c,12,3,9,0,39,8,31,0
LMt4,LC21,17,9,8,0,39,23,16,0
Tm4,CT1,13,6,7,0,39,12,27,0
Tm5e,LTe06,15,10,5,0,39,27,12,0
Dm10,C3,16,12,4,0,39,27,12,0
LPi08,Tlp4,15,10,5,0,39,22,17,0
LMa1,LC21,14,5,9,0,39,13,26,0
Dm3q,Tm5a,18,12,6,0,39,27,12,0
Pm04,Tm5f,18,7,11,0,39,15,24,0
LMa4,LT80,14,8,6,0,39,18,21,0
TmY15,LPT48_vCal3,18,14,4,0,39,31,8,0
Mi9,MTe51,8,2,6,0,39,9,30,0
Mi2,Tm5c,19,10,9,0,39,20,19,0
LMa1,MeMe_e08,17,9,8,0,39,21,18,0
MLt1,LTe44,12,5,7,0,39,16,23,0
TmY9q⊥,LTe31,14,5,9,0,39,16,23,0
TmY3,DCH,16,9,7,0,39,23,16,0
Tm27,LPi13,14,12,2,0,39,34,5,0
Mi10,Tm35,15,11,4,0,39,29,10,0
LPi14,LPLC4,14,5,9,0,39,18,21,0
Sm30,MTe14,8,4,4,0,39,28,11,0
Tm5b,MTe02,13,4,9,0,39,9,30,0
TmY11,LT73,15,8,7,0,39,22,17,0
Tm36,LC15,18,6,12,0,39,12,27,0
Li10,LTe55,14,9,5,0,39,24,15,0
LMa4,Li31,12,6,6,0,39,22,17,0
TmY9q,Tm4,13,2,11,0,39,4,35,0
Tm8b,LCe03,15,8,7,0,39,22,17,0
Tlp4,LC18,18,13,5,0,39,29,10,0
Dm2,Mi1,19,11,8,0,39,23,16,0
TmY20,LC10d,12,6,6,0,39,21,18,0
TmY4,Li21,13,3,10,0,39,7,32,0
TmY20,Li04,16,8,8,0,39,19,20,0
Y3,LCe03,9,7,2,0,39,35,4,0
Li05,LT65,9,4,5,0,39,10,29,0
Li02,cL05,7,1,6,0,39,2,37,0
Y4,Pm07,16,7,9,0,39,16,23,0
LMt3,Pm01,16,11,5,0,39,27,12,0
T5c,LPT58,17,14,3,0,39,32,7,0
Tlp1,LPi12,15,10,5,0,39,23,16,0
Tm5e,LC29,16,9,7,0,39,19,20,0
Tm8a,Sm07,10,8,2,0,39,34,5,0
TmY10,TmY20,17,8,9,0,39,18,21,0
Pm14,LMa3,14,9,5,0,39,23,16,0
TmY31,LPT50,15,11,4,0,39,27,12,0
Sm04,MeTu4c,15,14,1,0,39,36,3,0
Sm09,MTe23,14,9,5,0,39,25,14,0
LMa3,Li24,14,9,5,0,39,26,13,0
MLt8,LT68,11,9,2,0,39,31,8,0
Dm4,R8,12,6,6,0,39,15,24,0
LPi02,TmY5a,18,14,4,0,39,31,8,0
Li24,LT53,8,3,5,0,39,21,18,0
LMt4,T4c,7,5,2,0,39,32,7,0
Mi15,R7,19,12,7,0,39,25,14,0
Sm42,MTe47,4,2,2,0,39,19,20,0
Li27,TmY5a,19,9,10,0,39,19,20,0
Sm08,Tm37,15,8,7,0,39,23,16,0
Li33,LTe38b,4,2,2,0,39,19,20,0
Sm36,MTe49,6,3,3,0,39,24,15,0
Pm13,TmY5a,18,8,10,0,39,17,22,0
Sm35,Sm31,15,5,10,0,39,13,26,0
Tm25,Dm3p,18,12,6,0,39,27,12,0
Li32,LTe25,2,1,1,0,39,30,9,0
Mi9,PDt,12,11,1,0,39,36,3,0
Li24,Li24,9,5,4,0,39,28,11,0
Li24,LTe64,8,6,2,0,39,33,6,0
Tm35,LC45,14,10,4,0,39,29,10,0
Li30,LT78,8,4,4,0,39,21,18,0
Li30,LC14a2,7,2,5,0,39,11,28,0
Li29,LLPC2,17,11,6,0,39,25,14,0
Li29,LTe20,2,1,1,0,39,12,27,0
LC18,LC31b,17,11,6,0,39,27,12,0
LC11,Li16,18,6,12,0,39,15,24,0
LC31a,LT51,14,5,9,0,39,11,28,0
aMe5,Sm29,16,7,9,0,39,18,21,0
LC24,LTe30,10,4,6,0,39,16,23,0
LC24,Li24,16,7,9,0,39,19,20,0
LCe01b,LC26,14,5,9,0,39,11,28,0
LLPC3,LT52,16,7,9,0,39,18,21,0
LC11,Tm21,18,10,8,0,39,20,19,0
LT11,LT1c,2,1,1,0,39,10,29,0
LTe08,LC10e,14,7,7,0,39,21,18,0
MeMe_e02,Sm42,9,4,5,0,39,16,23,0
LC20a,LC16,16,9,7,0,39,21,18,0
LC46,LT52,15,3,12,0,39,6,33,0
MeTu4c,LC39,12,6,6,0,39,20,19,0
LC14a1,LCe03,9,5,4,0,39,21,18,0
LC14a2,LTe15,7,4,3,0,39,15,24,0
LCe01a,Li18,18,11,7,0,39,25,14,0
MeMe_e08,Mi2,19,11,8,0,39,23,16,0
LC36,LC36,10,4,6,0,39,10,29,0
LT62,LT80,5,2,2,1,39,13,16,10
CB0816,cM09,9,5,4,0,39,18,21,0
cM08c,aMe1,4,2,2,0,39,12,27,0
LPT54,LPLC4,16,12,4,0,39,27,12,0
aMe9,MTe46,7,0,0,7,39,0,0,39
LC22,LTe61,9,3,6,0,39,12,27,0
OA-AL2b1,LC10b,14,4,10,0,39,8,31,0
LPLC2,Tlp4,15,8,7,0,39,22,17,0
MeMe_e08,MLt4,18,12,6,0,39,25,14,0
cM08a,MTe51,15,3,12,0,39,6,33,0
LCe01b,LT52,15,12,3,0,39,30,9,0
cM02b,Sm21,9,4,5,0,39,15,24,0
l-LNv,Dm6,17,10,7,0,39,21,18,0
cL20,Li17,11,7,4,0,39,22,17,0
cL20,Li24,5,2,3,0,39,30,9,0
LT37,Y4,13,8,5,0,39,25,14,0
MeMe_e09,MTe38,4,2,2,0,39,18,21,0
LC16,LC14a2,15,5,10,0,39,15,24,0
MeMe_e06,cM07,2,1,1,0,39,28,11,0
MTe12,aMe19b,6,3,3,0,39,18,21,0
MTe12,aMe19a,5,3,2,0,39,21,18,0
cM07,OA-AL2b2,6,3,3,0,39,20,19,0
HBeyelet,aMe6a,1,0,1,0,39,0,39,0
mALD1,MTe26,2,1,1,0,39,18,21,0
cLLPM01,LC15,9,6,3,0,39,28,11,0
cLLPM01,TmY5a,16,12,4,0,39,29,10,0
LTe20,LT53,5,2,3,0,39,18,21,0
LTe20,DNp11,2,1,1,0,39,19,20,0
LPT28,Y3,17,13,4,0,39,29,10,0
DN1-l,aMe12,4,1,3,0,39,12,27,0
MeMe_e05,Sm23,10,6,4,0,39,25,14,0
LT68,LC37a,6,3,3,0,39,23,16,0
MTe33,LC37a,5,3,2,0,39,24,15,0
MTe52,APDN3,6,5,1,0,39,33,6,0
aMe17a2,MLt5,15,11,4,0,39,28,11,0
mALC3,LC12,15,5,10,0,39,14,25,0
mALC5,LTe29,2,1,1,0,39,27,12,0
cM13,Sm19,12,7,5,0,39,23,16,0
OA-ASM1,MLt1,17,7,10,0,39,14,25,0
LT86,cL13,2,1,1,0,39,20,19,0
LT86,LT42,2,1,1,0,39,25,14,0
LTe38a,cL19,5,2,3,0,39,15,24,0
LT68,Li13,10,5,5,0,39,21,18,0
LT56,T2a,18,8,10,0,39,17,22,0
CB0472,Li16,10,5,5,0,39,16,23,0
LT65,LC14a2,7,3,4,0,39,24,15,0
LT61b,Li24,9,5,4,0,39,20,19,0
CB0592,DCH,2,1,1,0,39,24,15,0
LPC2,LPT28,14,11,3,0,39,33,6,0
MeTu4b,MTe15,11,6,5,0,39,21,18,0
VCH,LPC1,13,6,7,0,39,17,22,0
VCH,Tm2,17,8,9,0,39,19,20,0
cM14,Tm16,15,4,11,0,39,9,30,0
MTe49,LTe58,3,2,1,0,39,22,17,0
OA-AL2i1,Pm13,3,1,2,0,39,20,19,0
cM15,Mi15,17,9,8,0,39,22,17,0
aMe6a,aMe17c,3,2,1,0,39,17,22,0
LPT27,Sm09,8,5,3,0,39,26,13,0
H2,TmY16,15,12,3,0,39,33,6,0
LTe43,LC33a,12,7,5,0,39,25,14,0
cL04,LT84,4,2,2,0,39,23,16,0
cL04,PLP032,4,2,2,0,39,18,21,0
cML01,LT80,4,2,2,0,39,28,11,0
cML01,Tm5b,17,9,8,0,39,21,18,0
MTe30,MTe01b,10,5,5,0,39,27,12,0
cL05,MLt6,14,8,6,0,39,21,18,0
MTe26,Sm14,8,5,3,0,39,24,15,0
cL13,TmY16,7,3,4,0,39,19,20,0
cL22c,LTe03,4,2,2,0,39,26,13,0
LTe21,LC39,4,2,2,0,39,25,14,0
LT43,cM07,3,2,1,0,39,37,2,0
LTe25,LTe22,2,1,1,0,39,22,17,0
Sm02,MeTu3b,10,10,0,0,39,39,0,0
MTe43,PLP163,1,1,0,0,39,39,0,0
cL02a,Li21,4,4,0,0,39,39,0,0
Li17,Tm5c,18,14,4,0,38,30,8,0
Tm25,Tm5a,18,4,14,0,38,8,30,0
Tm27,Tm16,17,11,6,0,38,23,15,0
Dm2,Dm11,17,6,11,0,38,12,26,0
Sm08,aMe17c,16,12,4,0,38,29,9,0
Sm08,Sm40,17,8,9,0,38,18,20,0
Tm31,Sm32,16,10,6,0,38,26,12,0
T4d,Mi4,18,7,11,0,38,15,23,0
Sm18,Sm17,17,12,5,0,38,26,12,0
TmY3,TmY20,17,11,6,0,38,25,13,0
Li06,Li21,18,8,10,0,38,17,21,0
Y3,LMt3,17,7,10,0,38,14,24,0
Tm27,LC43,16,7,9,0,38,17,21,0
MLt6,LTe47,10,5,5,0,38,20,18,0
Tm5c,LLPC2,19,13,6,0,38,26,12,0
Y3,LC27,18,8,10,0,38,17,21,0
Dm8a,Mi15,17,12,5,0,38,28,10,0
Mi14,Lawf1,17,7,10,0,38,15,23,0
Sm09,MLt4,18,13,5,0,38,26,12,0
Sm23,MeMe_e04,11,7,4,0,38,26,12,0
Tlp5,Li18,16,11,5,0,38,27,11,0
Tlp5,LMt1,15,6,9,0,38,15,23,0
Tm2,Li15,15,7,8,0,38,19,19,0
Tm5a,Sm27,19,14,5,0,38,28,10,0
T4c,LPTe02,15,8,7,0,38,16,22,0
Sm12,Tm5e,18,12,6,0,38,26,12,0
Li10,LTe67,14,11,3,0,38,29,9,0
Tm5b,Li32,16,9,7,0,38,19,19,0
Sm01,Sm21,17,9,8,0,38,21,17,0
Tm21,LC9,17,3,14,0,38,6,32,0
LLPt,LC15,13,8,5,0,38,24,14,0
TmY5a,LTe05,17,9,8,0,38,20,18,0
Tm5e,LTe02,14,5,9,0,38,12,26,0
Mi2,Pm06,18,14,4,0,38,29,9,0
Dm3q,Tm16,17,10,7,0,38,24,14,0
Sm15,aMe9,13,3,10,0,38,9,29,0
T4b,T5c,13,1,12,0,38,2,36,0
Tm5d,Li01,15,8,7,0,38,22,16,0
Tm4,OA-AL2i1,18,9,9,0,38,19,19,0
Dm4,Tm2,11,6,5,0,38,14,24,0
R7,Tm25,16,8,8,0,38,18,20,0
Tm16,DNp11,12,6,6,0,38,17,21,0
T2a,cL20,12,2,10,0,38,5,33,0
LMa4,Tm5b,18,9,9,0,38,20,18,0
Li03,LLPC3,13,7,6,0,38,24,14,0
Tm7,Sm36,16,9,7,0,38,20,18,0
Dm1,Dm16,18,9,9,0,38,19,19,0
Mi10,Pm06,18,11,7,0,38,23,15,0
Tm8b,Tm5c,17,5,12,0,38,12,26,0
Tm7,LC40,15,7,8,0,38,21,17,0
TmY5a,5-HTPMPV03,18,5,13,0,38,11,27,0
Tm4,LC24,12,6,6,0,38,16,22,0
Li01,LTe15,14,5,9,0,38,11,27,0
TmY31,Sm13,14,6,8,0,38,18,20,0
T5c,Tm2,18,7,11,0,38,15,23,0
Pm09,T4b,14,9,5,0,38,25,13,0
Tm21,Li15,14,6,8,0,38,14,24,0
Tm5c,LC31a,18,13,5,0,38,28,10,0
T2a,MLt4,16,7,9,0,38,14,24,0
MLt3,Li10,14,3,11,0,38,6,32,0
Li01,TmY5a,15,7,8,0,38,17,21,0
Li07,LT57,14,6,8,0,38,14,24,0
Li10,LTe38c,13,7,6,0,38,23,15,0
L2,R8,10,4,6,0,38,22,16,0
Sm27,CB0566,8,1,7,0,38,3,35,0
TmY31,cLLP02,15,8,7,0,38,22,16,0
Pm11,TmY16,18,11,7,0,38,23,15,0
Pm11,Tm21,15,11,4,0,38,30,8,0
Tm2,Tm5c,17,4,13,0,38,8,30,0
TmY5a,LT80,14,7,7,0,38,22,16,0
Mi13,T3,16,9,7,0,38,22,16,0
L4,Dm9,7,0,7,0,38,0,38,0
L4,Dm20,17,9,8,0,38,21,17,0
Li11,LT80,8,5,3,0,38,24,14,0
TmY3,LTe21,15,9,6,0,38,24,14,0
Y3,LPT42_Nod4,17,11,6,0,38,26,12,0
Mi15,Sm04,17,6,11,0,38,12,26,0
Mi14,Mi14,17,12,5,0,38,26,12,0
R1-6,C3,16,5,11,0,38,10,28,0
Tm21,Li31,17,4,13,0,38,9,29,0
Dm16,MLt1,18,10,8,0,38,21,17,0
Tm4,Tm5b,15,8,7,0,38,17,21,0
Li21,LC21,16,11,5,0,38,25,13,0
Tm8a,Y11,15,8,7,0,38,20,18,0
Tm20,Sm07,14,4,10,0,38,13,25,0
MLt1,LTe35,10,5,5,0,38,25,13,0
Sm12,Tm27,19,12,7,0,38,24,14,0
Sm10,MTe17,14,9,5,0,38,23,15,0
Tm5e,LC12,17,9,8,0,38,21,17,0
TmY11,Y1,14,9,5,0,38,26,12,0
Sm11,MTe03,11,7,4,0,38,22,16,0
LPi14,HSS,4,2,2,0,38,9,29,0
Li01,Li09,18,11,7,0,38,23,15,0
Y12,Tm4,18,10,8,0,38,20,18,0
Dm8a,Lawf2,16,9,7,0,38,20,18,0
Tm37,Tlp1,16,8,8,0,38,19,19,0
Mi2,TmY9q,16,10,6,0,38,25,13,0
TmY31,LPLC2,14,6,8,0,38,18,20,0
Pm08,MTe44,12,4,8,0,38,9,29,0
LMa1,LTe64,13,5,8,0,38,15,23,0
Mi9,Pm13,14,9,5,0,38,28,10,0
TmY4,MTe53,17,8,9,0,38,19,19,0
Tm36,Tm8b,17,8,9,0,38,17,21,0
Li15,Li24,14,10,4,0,38,29,9,0
Tm33,Mi4,11,10,1,0,38,36,2,0
LMa4,LPT27,8,3,5,0,38,25,13,0
Mi15,Sm38,19,11,8,0,38,22,16,0
Tm20,LTe44,10,0,10,0,38,0,38,0
L3,Mi14,10,4,6,0,38,12,26,0
MLt4,Sm42,11,6,5,0,38,23,15,0
Tlp1,Li21,14,5,9,0,38,14,24,0
Mi1,LMt2,9,4,5,0,38,10,28,0
MLt5,MTe22,13,4,9,0,38,12,26,0
LMt1,LCe07,12,7,5,0,38,25,13,0
Tm27,LC18,16,10,6,0,38,21,17,0
Lawf2,T2a,15,7,8,0,38,15,23,0
Tm20,Sm06,15,4,11,0,38,8,30,0
Dm20,C3,12,4,8,0,38,9,29,0
Li28,LT60,4,2,2,0,38,18,20,0
Pm14,MTe52,12,9,3,0,38,28,10,0
Pm04,LMa3,14,10,4,0,38,26,12,0
Lawf1,Tm21,12,5,7,0,38,12,26,0
Sm10,Sm04,16,12,4,0,38,29,9,0
Pm02,TmY15,13,3,10,0,38,6,32,0
Li24,Li31,10,6,4,0,38,21,17,0
MLt6,MTe02,14,8,6,0,38,24,14,0
Dm8b,L1,8,5,3,0,38,14,24,0
Sm42,MeMe_e01,6,3,3,0,38,19,19,0
Sm42,cM16,2,1,1,0,38,26,12,0
Li25,Li31,4,2,2,0,38,19,19,0
Li27,LC22,13,8,5,0,38,19,19,0
Li27,LT79,4,2,2,0,38,20,18,0
TmY4,Tm5c,15,7,8,0,38,18,20,0
Sm33,Sm14,14,9,5,0,38,27,11,0
LPi12,LPT31,5,3,2,0,38,32,6,0
Tlp1,VS8,11,9,2,0,38,28,10,0
LMa5,MeLp2,12,9,3,0,38,26,12,0
Li33,OA-ASM1,7,4,3,0,38,24,14,0
Li33,5-HTPMPV03,4,2,2,0,38,9,29,0
Sm05,TmY16,5,0,5,0,38,0,38,0
Y12,LPi05,9,6,3,0,38,30,8,0
Sm36,MeMe_e09,7,4,3,0,38,23,15,0
Sm35,Tm7,18,6,12,0,38,14,24,0
Li12,LC31a,14,6,8,0,38,19,19,0
Li32,Tm36,17,9,8,0,38,19,19,0
Li32,LC19,8,3,5,0,38,16,22,0
Li32,LLPC3,16,7,9,0,38,15,23,0
Lai,L1,14,12,2,0,38,25,13,0
Tm5c,LTe06,14,10,4,0,38,27,11,0
Am1,H1,3,2,1,0,38,21,17,0
Li30,LTe09,7,3,4,0,38,15,23,0
LC10a,DNp11,15,4,11,0,38,9,29,0
MeTu4c,LTe57,13,9,4,0,38,29,9,0
LC40,Li03,16,8,8,0,38,19,19,0
cM09,aMe5,13,5,8,0,38,11,27,0
MTe46,Lawf2,16,8,8,0,38,18,20,0
MTe46,Sm29,11,7,4,0,38,18,20,0
LC14a1,TmY4,16,9,7,0,38,21,17,0
LTe08,Tm35,15,12,3,0,38,32,6,0
MTe01a,Sm15,18,10,8,0,38,20,18,0
MTe01a,Tm5d,18,14,4,0,38,30,8,0
LPT51,aMe22,2,1,1,0,38,28,10,0
LPLC1,LT79,14,5,9,0,38,15,23,0
LPLC1,LT62,15,9,6,0,38,23,15,0
MeTu3b,Sm03,14,2,12,0,38,4,34,0
LC20a,LTe62,6,3,3,0,38,22,16,0
LC22,LC29,16,10,6,0,38,23,15,0
LC16,Li33,6,1,5,0,38,5,33,0
MTe01a,Sm09,18,11,7,0,38,23,15,0
LC21,Tm5f,16,3,13,0,38,6,32,0
LC21,LT77,13,9,4,0,38,23,15,0
LC13,LC13,12,5,7,0,38,17,21,0
MTe02,MTe32,14,8,6,0,38,24,14,0
cL14,Li11,16,8,8,0,38,20,18,0
LT52,Li28,13,7,6,0,38,21,17,0
LC14a2,Tlp1,8,3,5,0,38,8,30,0
LCe01a,Tm32,15,8,7,0,38,20,18,0
MTe09,aMe26,7,4,3,0,38,22,16,0
aMe9,LTe51,5,2,3,0,38,16,22,0
aMe9,Sm17,11,8,3,0,38,29,9,0
LT57,LT59,13,5,8,0,38,15,23,0
LT52,Li01,16,12,4,0,38,29,9,0
LPT23,LPT49,5,3,2,0,38,28,10,0
LTe47,LT52,6,2,4,0,38,17,21,0
LT51,LC22,6,5,1,0,38,35,3,0
cL08,Li06,14,3,11,0,38,12,26,0
cL08,T2,16,8,8,0,38,20,18,0
LC37a,cM09,8,4,4,0,38,14,24,0
LT70,LC10e,13,7,6,0,38,17,21,0
cL10,LT36,2,1,1,0,38,16,22,0
cM17,Sm09,13,6,7,0,38,20,18,0
cM02b,Sm38,4,2,2,0,38,17,21,0
cM06,MTe41,2,1,1,0,38,11,27,0
LC24,Li12,16,7,9,0,38,17,21,0
MeMe_e08,LPT53,5,3,2,0,38,22,16,0
MeMe_e09,MTe03,13,6,7,0,38,18,20,0
cL21,cL21,4,2,2,0,38,20,18,0
LC10b,LTe36,13,1,12,0,38,2,36,0
mALD1,LTe59,4,2,2,0,38,13,25,0
LLPC3,TmY15,18,15,3,0,38,32,6,0
cLLP02,LMa1,17,8,9,0,38,19,19,0
LTe41,Tm31,12,6,6,0,38,20,18,0
cLLPM01,Li16,9,4,5,0,38,15,23,0
cLLPM01,LT52,10,4,6,0,38,13,25,0
MeTu4a,TmY16,16,12,4,0,38,27,11,0
LC37a,LTe12,6,3,3,0,38,16,22,0
LC33a,LC19,8,1,4,3,38,9,11,18
cM11,aMe5,9,0,9,0,38,0,38,0
cM11,Pm14,4,0,4,0,38,0,38,0
LPT48_vCal3,LPi11,12,9,3,0,38,31,7,0
LLPC1,Li33,15,12,3,0,38,32,6,0
LC39,LPLC4,15,10,5,0,38,26,12,0
HSS,T5a,17,9,8,0,38,22,16,0
HSS,cL18,4,2,2,0,38,15,23,0
cL12,LTe65,4,2,2,0,38,25,13,0
MeMe_e03,cM12,4,2,2,0,38,20,18,0
MTe47,Sm09,16,7,9,0,38,16,22,0
LPLC2,LPC2,17,14,3,0,38,32,6,0
LTe44,LC10f,4,2,2,0,38,11,27,0
mALC5,Dm8a,12,6,6,0,38,26,12,0
cM13,Sm10,14,7,7,0,38,16,22,0
OA-ASM1,MTe47,9,0,0,9,38,0,0,38
OA-ASM1,LPLC1,17,10,7,0,38,22,16,0
MTe37,LTe60,2,1,1,0,38,24,14,0
CB0472,LC10e,14,6,8,0,38,13,25,0
LC24,LC22,8,6,2,0,38,29,9,0
LT61b,LTe20,2,1,1,0,38,15,23,0
MTe52,TmY10,16,15,1,0,38,36,2,0
cM12,C2,14,10,4,0,38,28,10,0
CB0566,DmDRA2,11,9,2,0,38,31,7,0
LT84,LC16,10,2,8,0,38,4,34,0
LLPC2,LCe07,17,12,5,0,38,26,12,0
cM14,Tm31,13,7,6,0,38,21,17,0
MTe23,aMe1,2,1,1,0,38,20,18,0
LT80,LMa4,13,6,7,0,38,19,19,0
PLP032,cM16,4,1,1,2,38,10,8,20
DCH,Y4,13,9,4,0,38,27,11,0
aMe3,aMe20,2,1,1,0,38,13,25,0
cM04,Sm39,6,3,3,0,38,13,25,0
LPT57,cLP03,13,8,5,0,38,23,15,0
LT36,Li27,4,2,2,0,38,11,27,0
LPT21,LPLC4,16,11,5,0,38,27,11,0
cL09,DNp11,2,1,1,0,38,21,17,0
cML01,MTe47,4,2,2,0,38,24,14,0
cM10,Tm37,16,11,5,0,38,28,10,0
cM10,TmY5a,17,12,5,0,38,27,11,0
cL05,LTe54,4,2,2,0,38,15,23,0
cLLPM02,Pm14,3,1,2,0,38,24,14,0
cMLLP01,LPT49,2,1,1,0,38,24,14,0
cL13,LT65,2,1,1,0,38,18,20,0
cL22c,LT86,2,1,1,0,38,23,15,0
cL15,cLP03,4,2,2,0,38,19,19,0
LTe21,cM05,3,1,1,1,38,16,15,7
MTe01b,cM14,5,0,0,5,38,0,0,38
aMe8,aMe3,2,2,0,0,38,38,0,0
cMLLP01,CB0734,1,1,0,0,38,38,0,0
L1,Sm05,16,8,8,0,37,17,20,0
Mi2,Mi13,17,5,12,0,37,10,27,0
T5a,LPT23,13,4,9,0,37,8,29,0
Li08,cL05,11,4,7,0,37,14,23,0
T2a,Mi9,14,8,6,0,37,18,19,0
Tm2,MLt4,10,5,5,0,37,20,17,0
Tm35,LC20b,17,10,7,0,37,21,16,0
LPi06,Y12,18,10,8,0,37,20,17,0
Tm5f,LLPC2,17,7,10,0,37,15,22,0
Dm2,Pm14,7,0,7,0,37,0,37,0
Y4,Lawf2,16,6,10,0,37,13,24,0
T4d,Mi10,18,12,6,0,37,25,12,0
Tm5e,LTe38c,14,7,7,0,37,19,18,0
Tm5e,LMa2,11,3,8,0,37,6,31,0
Tlp1,LC39,8,6,2,0,37,32,5,0
Tlp4,LT65,14,5,9,0,37,18,19,0
Tm8b,Tm5a,11,5,6,0,37,14,23,0
TmY5a,LPT51,17,9,8,0,37,21,16,0
MLt5,MeMe_e05,14,6,8,0,37,18,19,0
TmY9q,LTe49f,16,11,5,0,37,26,11,0
Mi9,Sm42,14,6,8,0,37,20,17,0
Tm32,LTe11,14,7,7,0,37,18,19,0
Tm5d,LTe25,15,4,11,0,37,8,29,0
Tm5e,LLPC2,17,10,7,0,37,23,14,0
Li21,LC18,15,9,6,0,37,21,16,0
Tm5d,Sm13,14,5,9,0,37,13,24,0
TmY9q⊥,Tm21,17,5,12,0,37,10,27,0
Tm7,Li30,18,6,12,0,37,12,25,0
Pm05,LMt2,18,9,9,0,37,18,19,0
Sm05,Tm5b,14,8,6,0,37,22,15,0
MLt7,Tm8b,16,7,9,0,37,18,19,0
MLt7,cM09,18,7,11,0,37,15,22,0
Pm07,Tm35,16,4,12,0,37,9,28,0
TmY11,Tm31,14,4,10,0,37,10,27,0
Sm30,Sm07,17,11,6,0,37,24,13,0
TmY5a,OA-AL2b1,12,2,10,0,37,4,33,0
Tm32,LTe57,13,7,6,0,37,25,12,0
Sm04,MeTu4b,12,2,10,0,37,4,33,0
Li17,LC14a1,16,9,7,0,37,21,16,0
Li12,OA-AL2b1,14,6,8,0,37,15,22,0
Dm17,C3,18,9,9,0,37,18,19,0
LPi06,LPT22,11,4,7,0,37,10,27,0
Tm27,LTe29,14,6,8,0,37,17,20,0
Tlp1,LPT48_vCal3,15,7,8,0,37,17,20,0
Tm5c,Sm03,14,5,9,0,37,10,27,0
LMa5,LC11,17,11,6,0,37,25,12,0
Mi1,MTe08,15,10,5,0,37,23,14,0
Sm32,OA-AL2i1,15,9,6,0,37,21,16,0
Li02,LT76,14,6,8,0,37,15,22,0
TmY11,LC33a,12,1,11,0,37,2,35,0
L5,R8,11,5,6,0,37,14,23,0
Pm04,Sm04,14,10,4,0,37,28,9,0
LMa4,LT61a,13,8,5,0,37,23,14,0
Li10,Li21,17,10,7,0,37,22,15,0
TmY16,LPi15,8,2,6,0,37,8,29,0
TmY3,T4d,16,4,12,0,37,8,29,0
Li16,LT61a,12,6,6,0,37,22,15,0
TmY20,Li09,17,8,9,0,37,18,19,0
Tm36,Pm07,17,6,11,0,37,13,24,0
Tm34,LT79,13,5,8,0,37,13,24,0
Li12,Li29,11,3,8,0,37,10,27,0
LLPt,cLP02,16,12,4,0,37,28,9,0
Tm3,MLt1,14,11,3,0,37,30,7,0
LMa2,MTe53,12,5,7,0,37,19,18,0
Li12,LTe41,10,6,4,0,37,20,17,0
Pm10,cM16,14,8,6,0,37,20,17,0
Tlp5,LC31b,12,8,4,0,37,26,11,0
L5,Dm8b,15,4,11,0,37,8,29,0
Sm04,Sm12,17,7,10,0,37,14,23,0
Tm5a,LCe06,8,2,6,0,37,8,29,0
Y11,LPT23,16,5,11,0,37,10,27,0
Tm36,Li31,15,5,10,0,37,13,24,0
Li01,Li33,15,7,8,0,37,15,22,0
Y1,TmY31,12,2,10,0,37,7,30,0
T4b,Tm3,18,9,9,0,37,18,19,0
Li04,cLLP02,13,7,6,0,37,21,16,0
TmY20,Li01,15,4,11,0,37,11,26,0
Li07,Tm8a,18,8,10,0,37,17,20,0
Tm4,MTe39,15,9,6,0,37,23,14,0
Dm1,Mi2,17,7,10,0,37,15,22,0
T4a,LPi05,14,9,5,0,37,25,12,0
TmY3,Li33,14,5,9,0,37,10,27,0
LMt1,LLPC1,17,13,4,0,37,26,11,0
Dm14,cM05,11,6,5,0,37,21,16,0
Li19,Li21,12,5,7,0,37,15,22,0
Tm8a,LTe04,16,8,8,0,37,21,16,0
Pm11,Pm05,16,8,8,0,37,18,19,0
TmY31,Dm2,17,10,7,0,37,22,15,0
LLPt,LTe36,12,5,7,0,37,15,22,0
TmY15,Mi14,16,10,6,0,37,22,15,0
Li10,LTe42c,12,4,8,0,37,9,28,0
TmY16,Pm02,15,7,8,0,37,15,22,0
Dm9,Tm9,17,15,2,0,37,33,4,0
TmY3,Mi10,17,9,8,0,37,20,17,0
Sm41,Sm08,16,10,6,0,37,24,13,0
Sm41,MeMe_e05,2,1,1,0,37,24,13,0
Tm5e,Tm5b,17,7,10,0,37,14,23,0
LMa1,Pm04,13,9,4,0,37,24,13,0
LPi02,DCH,12,9,3,0,37,31,6,0
Tm5d,LMa2,11,3,8,0,37,9,28,0
TmY15,LTe21,16,8,8,0,37,19,18,0
Li09,Tm5a,12,1,11,0,37,2,35,0
Sm25,Sm22,15,9,6,0,37,22,15,0
T2a,Sm32,17,11,6,0,37,23,14,0
Pm10,LMt4,13,10,3,0,37,27,10,0
Tm27,Mi15,16,5,11,0,37,11,26,0
Mi4,MLt4,17,6,11,0,37,13,24,0
Sm11,MeMe_e09,8,5,3,0,37,27,10,0
Tm7,LCe07,15,5,10,0,37,14,23,0
Li09,LC31b,14,9,5,0,37,25,12,0
Dm8a,Tm5e,13,5,8,0,37,12,25,0
LPi05,T4c,12,3,9,0,37,7,30,0
Tm2,Dm8b,17,9,8,0,37,18,19,0
L5,Dm11,11,1,10,0,37,2,35,0
TmY10,Li07,16,7,9,0,37,17,20,0
Tm8a,LT73,11,4,7,0,37,13,24,0
Sm08,Sm36,10,2,8,0,37,4,33,0
L5,Dm19,16,9,7,0,37,20,17,0
Tm5c,Li26,17,9,8,0,37,19,18,0
LMt3,LMa1,15,7,8,0,37,16,21,0
LLPt,LPLC2,16,8,8,0,37,19,18,0
Y4,cL09,8,4,4,0,37,19,18,0
Tm21,LMa4,15,10,5,0,37,24,13,0
TmY20,LTe63,13,5,8,0,37,11,26,0
Li11,LPLC4,15,3,12,0,37,6,31,0
Y11,LT47,13,1,12,0,37,2,35,0
Y11,TmY9q⊥,18,9,9,0,37,19,18,0
LMa2,LT11,11,5,6,0,37,18,19,0
Li01,LTe38c,13,8,5,0,37,25,12,0
Sm13,MTe47,14,9,5,0,37,26,11,0
Tlp5,TmY20,15,8,7,0,37,21,16,0
T4d,LLPC1,17,14,3,0,37,31,6,0
L4,T2a,13,6,7,0,37,13,24,0
Tm5c,LC16,14,6,8,0,37,12,25,0
Tm5d,MeMe_e02,18,10,8,0,37,21,16,0
Li16,Li21,17,10,7,0,37,20,17,0
Pm05,Y12,13,9,4,0,37,20,17,0
Li28,T2a,13,8,5,0,37,22,15,0
Pm14,Tm7,15,6,9,0,37,15,22,0
Pm14,Sm12,13,10,3,0,37,30,7,0
Pm14,OA-AL2i2,8,4,4,0,37,17,20,0
Tm1,L3,14,7,7,0,37,20,17,0
Y3,T5d,13,4,9,0,37,9,28,0
Pm02,Mi14,13,7,6,0,37,15,22,0
Li31,cL09,2,1,1,0,37,21,16,0
Li08,TmY9q,15,6,9,0,37,19,18,0
Sm42,Sm21,12,8,4,0,37,28,9,0
Mi15,Tm16,5,1,4,0,37,2,35,0
Lawf2,Pm04,14,10,4,0,37,29,8,0
Mi10,CB0592,16,9,7,0,37,22,15,0
Li10,LT1d,14,12,2,0,37,32,5,0
Sm27,MTe01a,12,10,2,0,37,31,6,0
Sm05,C2,7,0,7,0,37,0,37,0
TmY31,LT80,9,6,3,0,37,20,17,0
MLt5,MLt6,11,3,8,0,37,10,27,0
Am1,Pm11,14,7,7,0,37,19,18,0
Am1,TmY16,13,5,8,0,37,12,25,0
Am1,HSE,2,1,1,0,37,29,8,0
Sm08,MTe52,11,10,1,0,37,35,2,0
Li12,LTe48,7,3,4,0,37,16,21,0
Li30,LC10c,15,11,4,0,37,28,9,0
Li30,cLLP02,4,2,2,0,37,22,15,0
Sm37,DmDRA1,8,5,3,0,37,30,7,0
LPi13,LPT58,2,1,1,0,37,21,16,0
LPi13,Nod3,2,1,1,0,37,12,25,0
Dm16,Tm20,18,17,1,0,37,35,2,0
LCe06,LT51,10,4,3,3,37,14,6,17
LCe06,LTe65,9,3,6,0,37,21,16,0
LC10d,TmY31,15,6,9,0,37,12,25,0
LT55,Li12,8,4,4,0,37,20,17,0
MTe02,Tm5b,11,4,7,0,37,12,25,0
MeLp1,LPT26,4,2,2,0,37,19,18,0
LT11,Tm25,17,5,12,0,37,12,25,0
LT34,LT63,4,2,2,0,37,23,14,0
VSm,cM02b,4,2,2,0,37,17,20,0
VSm,OA-AL2i4,4,2,2,0,37,17,20,0
aMe4,R8,14,5,9,0,37,11,26,0
LPLC1,T2a,17,10,7,0,37,20,17,0
LT42,LC10a,12,6,6,0,37,24,13,0
LC13,LMa2,15,7,8,0,37,17,20,0
LT60,Li24,5,2,3,0,37,22,15,0
LC14a2,Li26,6,1,5,0,37,14,23,0
LC14a2,Li27,9,6,3,0,37,21,16,0
LT43,PLP251,4,2,2,0,37,20,17,0
MTe01b,Tm5c,16,8,8,0,37,19,18,0
LC4,TmY15,17,7,10,0,37,15,22,0
LC40,LTe42b,6,2,4,0,37,6,31,0
LC14b,MTe52,9,7,2,0,37,26,11,0
MeMe_e08,Dm10,12,10,2,0,37,30,7,0
LC14a2,LTe54,11,5,6,0,37,19,18,0
cM18,Tm34,15,9,6,0,37,22,15,0
MeTu4a,Sm15,15,8,7,0,37,17,20,0
LC9,Li32,15,6,9,0,37,17,20,0
LC11,Li19,15,10,5,0,37,25,12,0
cM08c,Sm12,16,8,8,0,37,18,19,0
LPLC4,Y1,17,7,10,0,37,14,23,0
LPLC4,LC14b,16,8,8,0,37,17,20,0
LPLC4,LC39,13,7,6,0,37,19,18,0
LC41,LC37a,13,5,8,0,37,12,25,0
cL08,Tm27,15,9,6,0,37,22,15,0
cL08,LTe20,2,1,1,0,37,10,27,0
LLPC3,T5d,14,5,9,0,37,10,27,0
cLP03,LPT30,9,3,6,0,37,13,24,0
LPLC2,Y11,17,8,9,0,37,18,19,0
cM17,Sm05,14,3,11,0,37,6,31,0
DN1a,aMe13,3,1,2,0,37,16,21,0
MeTu4a,LTe49a,13,9,4,0,37,28,9,0
LC9,Li09,17,13,4,0,37,29,8,0
LT37,LC43,6,3,3,0,37,21,16,0
LT37,Li10,10,7,3,0,37,30,7,0
5-HTPMPV03,Tm35,4,4,0,0,37,37,0,0
LT57,LC13,16,11,5,0,37,26,11,0
LC19,LC10b,14,5,9,0,37,12,25,0
cM07,L2,16,6,10,0,37,14,23,0
LT63,Li17,4,0,4,0,37,0,37,0
LT63,LC14b,14,6,8,0,37,18,19,0
LT63,LTe66,8,3,5,0,37,15,22,0
LC27,TmY5a,15,5,10,0,37,13,24,0
LT38,Li32,4,2,2,0,37,16,21,0
LT38,Li31,3,1,2,0,37,10,27,0
cL17,LC10b,13,5,8,0,37,17,20,0
MTe01b,Mi15,17,11,6,0,37,23,14,0
cLLPM01,LT80,6,3,3,0,37,28,9,0
LTe35,LTe36,2,1,1,0,37,16,21,0
LTe42a,LT42,2,1,1,0,37,24,13,0
cM11,Tm5f,13,0,13,0,37,0,37,0
LC20a,LTe27,7,6,1,0,37,32,5,0
cL12,PLP021,1,0,1,0,37,0,37,0
MeMe_e03,Sm37,2,1,1,0,37,16,21,0
cLP05,AOTU065,2,1,0,1,37,23,0,14
MTe47,cMLLP01,6,3,3,0,37,19,18,0
cML02,Li14,6,3,3,0,37,20,17,0
LPT26,LPLC4,13,11,2,0,37,30,7,0
MTe01b,MTe30,13,6,7,0,37,13,24,0
aMe19b,Sm41,4,2,2,0,37,16,21,0
mALC5,LC40,10,6,4,0,37,18,19,0
LPT22,LPT42_Nod4,2,1,1,0,37,31,6,0
LPT22,Y12,11,5,6,0,37,15,22,0
MTe37,MeTu1,15,6,9,0,37,12,25,0
MC65,LT68,6,3,3,0,37,16,21,0
cL06,TmY31,15,8,7,0,37,20,17,0
cL06,LTe38b,5,2,3,0,37,23,14,0
VCH,LLPC3,16,10,6,0,37,21,16,0
LT84,LC36,7,2,5,0,37,20,17,0
LT85,mALD2,2,1,1,0,37,24,13,0
LCe01b,LT58,12,11,1,0,37,33,4,0
cM14,Sm14,12,5,7,0,37,14,23,0
MeTu4c,LTe71,11,9,2,0,37,27,10,0
MTe40,Tm8a,16,11,5,0,37,24,13,0
OA-AL2i1,LMa5,13,9,4,0,37,26,11,0
OA-AL2i1,TmY20,16,12,4,0,37,29,8,0
OA-AL2i4,Sm06,14,7,7,0,37,18,19,0
MTe32,LC44,4,2,2,0,37,19,18,0
cM04,Tm5c,15,9,6,0,37,21,16,0
cL04,LTe38b,8,4,4,0,37,20,17,0
cL04,cL04,4,2,2,0,37,15,22,0
cML01,Tm3,17,11,6,0,37,23,14,0
cML01,Pm11,13,6,7,0,37,16,21,0
aMe5,cL16,5,4,1,0,37,28,9,0
cL13,cL11,4,1,1,2,37,9,9,19
aMe17a1,Lat,3,2,1,0,37,18,19,0
LC31c,OA-AL2b2,4,2,2,0,37,22,15,0
LTe49b,LTe49a,2,0,2,0,37,0,37,0
LTe13,CB0143,1,1,0,0,37,37,0,0
TmY3,Am1,18,8,10,0,36,16,20,0
Sm18,MeTu3a,16,11,5,0,36,23,13,0
Li20,LT1d,5,2,3,0,36,17,19,0
Tm5f,Li30,14,6,8,0,36,15,21,0
LPi05,LPLC2,18,12,6,0,36,24,12,0
Tm5e,Li02,14,6,8,0,36,17,19,0
TmY9q,Li11,17,9,8,0,36,19,17,0
Sm34,MeTu1,10,1,9,0,36,2,34,0
Sm19,MTe23,14,5,9,0,36,13,23,0
Pm11,LMa3,15,11,4,0,36,25,11,0
TmY14,Y1,17,6,11,0,36,13,23,0
Pm03,Tm5f,17,7,10,0,36,14,22,0
Tm4,Tm36,14,4,10,0,36,8,28,0
Tm3,LT11,9,2,7,0,36,4,32,0
Tm3,LC15,15,2,13,0,36,4,32,0
Pm04,LMa1,14,11,3,0,36,28,8,0
Li08,LTe21,12,3,9,0,36,9,27,0
Sm05,cM08b,14,10,4,0,36,26,10,0
DmDRA2,Mi15,16,7,9,0,36,17,19,0
Tm35,LTe58,16,6,10,0,36,16,20,0
Sm07,MTe30,16,8,8,0,36,16,20,0
Sm07,MTe46,15,9,6,0,36,19,17,0
Sm12,Sm32,17,6,11,0,36,12,24,0
Tm5e,PLP051,15,8,7,0,36,18,18,0
MLt4,Li01,17,9,8,0,36,19,17,0
C2,Mi14,17,7,10,0,36,14,22,0
Tm5b,LC19,13,6,7,0,36,19,17,0
Pm04,TmY11,18,8,10,0,36,16,20,0
Li12,Li06,15,7,8,0,36,19,17,0
Li02,LC27,16,3,13,0,36,7,29,0
Sm40,MTe14,7,3,4,0,36,16,20,0
Sm40,MTe40,4,2,2,0,36,19,17,0
TmY5a,LMt3,17,5,12,0,36,10,26,0
Tm5e,Li30,13,5,8,0,36,19,17,0
Tm8a,OA-AL2b1,15,5,10,0,36,11,25,0
Tm5e,Mi10,17,13,4,0,36,27,9,0
TmY20,LTe05,15,0,15,0,36,0,36,0
Tm35,Li02,14,6,8,0,36,19,17,0
Sm07,Tm4,15,9,6,0,36,22,14,0
Pm05,Tm3,15,5,10,0,36,10,26,0
TmY9q,Tm20,17,6,11,0,36,12,24,0
Li21,LT33,10,6,4,0,36,22,14,0
Tm5f,Tm1,15,11,4,0,36,24,12,0
Tm5f,Li27,15,8,7,0,36,22,14,0
Y1,Tm5f,17,8,9,0,36,17,19,0
Tm5e,TmY20,17,8,9,0,36,17,19,0
TmY10,Tm4,16,3,13,0,36,6,30,0
Tm27,Li16,15,9,6,0,36,20,16,0
Sm21,CB0566,16,7,9,0,36,17,19,0
Mi2,LMa1,18,11,7,0,36,22,14,0
LMa2,OA-AL2i2,16,9,7,0,36,22,14,0
Sm09,MTe52,15,9,6,0,36,21,15,0
Tm5d,Sm27,17,10,7,0,36,21,15,0
Tm3,Pm13,10,4,6,0,36,19,17,0
TmY4,LLPC3,16,9,7,0,36,19,17,0
Li17,LT83,14,7,7,0,36,16,20,0
Sm17,Sm18,14,2,12,0,36,4,32,0
Pm10,Pm01,15,10,5,0,36,22,14,0
T4c,C2,16,12,4,0,36,28,8,0
LMt1,Pm09,16,9,7,0,36,20,16,0
Tm5f,cM10,16,11,5,0,36,25,11,0
Tm33,Li09,12,1,11,0,36,2,34,0
Tm5e,LPT29,17,9,8,0,36,19,17,0
R1-6,Mi1,8,0,8,0,36,0,36,0
Pm01,LC17,3,0,3,0,36,0,36,0
MLt8,LC39,12,8,4,0,36,24,12,0
Li15,LMa3,15,9,6,0,36,22,14,0
Li15,Li20,15,9,6,0,36,23,13,0
Sm41,Sm36,6,3,3,0,36,20,16,0
Sm41,MTe01a,14,12,2,0,36,29,7,0
TmY16,LC14a1,10,3,7,0,36,7,29,0
Sm09,MTe03,16,10,6,0,36,21,15,0
TmY20,LTe46,13,6,7,0,36,17,19,0
LPi08,LPC2,16,9,7,0,36,18,18,0
Tm5e,Dm10,17,3,14,0,36,6,30,0
Mi1,R7,11,7,4,0,36,22,14,0
Tm8a,LTe46,16,5,11,0,36,12,24,0
LMa1,T3,14,7,7,0,36,22,14,0
Tm5f,Sm31,18,10,8,0,36,20,16,0
Sm02,MLt5,14,10,4,0,36,27,9,0
Pm04,Pm14,14,9,5,0,36,24,12,0
Y3,LC31c,16,8,8,0,36,18,18,0
Y3,MTe43,16,12,4,0,36,28,8,0
Li09,Tm33,13,0,13,0,36,0,36,0
TmY15,TmY9q⊥,15,9,6,0,36,18,18,0
MLt1,Dm20,15,10,5,0,36,26,10,0
Sm25,Sm41,12,6,6,0,36,16,20,0
T4c,Pm04,17,9,8,0,36,20,16,0
Tm3,Tm9,17,7,10,0,36,14,22,0
Tm5c,Sm35,16,10,6,0,36,22,14,0
Sm11,TmY10,15,7,8,0,36,16,20,0
TmY10,LMt2,17,10,7,0,36,22,14,0
TmY31,LC18,8,3,5,0,36,6,30,0
Tm5e,LT38,13,9,4,0,36,25,11,0
TmY4,LC17,12,3,9,0,36,8,28,0
DmDRA1,Mi1,11,5,6,0,36,16,20,0
Tm21,Tm2,13,6,7,0,36,17,19,0
LLPt,LC11,15,11,4,0,36,27,9,0
LMt1,LMt1,15,7,8,0,36,16,20,0
Tm16,Tm3,16,9,7,0,36,18,18,0
TmY3,Sm32,16,9,7,0,36,19,17,0
Sm14,Sm07,16,7,9,0,36,15,21,0
Sm29,cM10,5,2,3,0,36,25,11,0
TmY20,LT52,13,9,4,0,36,27,9,0
Y12,LC31a,16,9,7,0,36,21,15,0
LMa2,LT57,15,6,9,0,36,14,22,0
TmY31,LC27,16,4,12,0,36,9,27,0
Mi2,MLt3,16,10,6,0,36,21,15,0
Dm4,Tm20,13,10,3,0,36,25,11,0
Sm08,MLt2,17,12,5,0,36,26,10,0
Tm36,Li33,17,6,11,0,36,13,23,0
Li13,LMa3,16,10,6,0,36,22,14,0
TmY4,Tm33,16,11,5,0,36,23,13,0
MLt5,MTe38,10,5,5,0,36,21,15,0
TmY5a,C2,11,3,8,0,36,8,28,0
C3,R8,13,8,5,0,36,25,11,0
Sm06,MTe34,12,7,5,0,36,22,14,0
MLt4,Mi13,7,5,2,0,36,15,21,0
TmY11,Tm3,17,8,9,0,36,16,20,0
Pm14,LMa2,13,8,5,0,36,23,13,0
Y12,MTe39,15,8,7,0,36,19,17,0
TmY16,Li17,5,0,5,0,36,0,36,0
Pm06,LMa1,17,12,5,0,36,26,10,0
Li12,LC14a2,9,5,4,0,36,21,15,0
Sm18,MTe06,16,12,4,0,36,27,9,0
Sm19,Tm5d,13,7,6,0,36,18,18,0
Li24,LT1c,7,3,4,0,36,8,28,0
Tm5b,Li03,16,10,6,0,36,24,12,0
Tm21,MeMe_e08,17,11,6,0,36,23,13,0
Sm42,MTe35,2,1,1,0,36,24,12,0
Tm5e,Sm31,16,9,7,0,36,21,15,0
MLt7,LT64,11,9,2,0,36,29,7,0
Li11,TmY15,12,7,5,0,36,26,10,0
Li33,LT60,2,1,1,0,36,20,16,0
LMt1,LC14a2,10,7,3,0,36,26,10,0
Sm36,Sm36,9,3,6,0,36,9,27,0
Sm36,Sm01,15,7,8,0,36,18,18,0
Li11,LT78,11,8,3,0,36,28,8,0
Pm13,Sm12,11,5,6,0,36,16,20,0
Li32,LPLC1,16,10,6,0,36,20,16,0
MLt1,Tm27,16,12,4,0,36,28,8,0
LPi04,Tm36,14,12,2,0,36,29,7,0
LMa2,MeMe_e07,14,12,2,0,36,30,6,0
Li01,LTe65,10,7,3,0,36,27,9,0
Am1,CT1,2,1,1,0,36,11,25,0
Am1,LPi07,10,5,5,0,36,10,26,0
Tm2,Y12,4,1,3,0,36,2,34,0
LPi03,TmY5a,14,8,6,0,36,21,15,0
Li30,LC14b,13,8,5,0,36,22,14,0
Pm07,LC14b,11,8,3,0,36,28,8,0
Sm37,MTe01a,13,8,5,0,36,23,13,0
Sm36,MLt6,16,10,6,0,36,20,16,0
MeMe_e01,Sm33,6,4,2,0,36,23,13,0
LTe58,PLP004,4,0,4,0,36,0,36,0
LC27,LTe30,10,5,5,0,36,18,18,0
MTe45,MTe46,3,1,2,0,36,13,23,0
LT52,LTe61,7,3,4,0,36,17,19,0
LC4,LT66,15,9,6,0,36,22,14,0
LT1d,Li16,13,2,11,0,36,5,31,0
LC18,LC31a,16,8,8,0,36,20,16,0
cL01,LTe08,8,3,5,0,36,16,20,0
LT11,LMt1,15,3,12,0,36,7,29,0
cLPL01,LTe15,2,1,1,0,36,25,11,0
cLPL01,TmY9q,14,6,8,0,36,13,23,0
LC11,Li13,14,7,7,0,36,14,22,0
VSm,LPi13,4,2,2,0,36,24,12,0
LC22,LT66,14,7,7,0,36,19,17,0
LC21,LT1c,16,4,12,0,36,8,28,0
aMe5,MeMe_e06,14,5,9,0,36,13,23,0
MeTu4a,LTe25,9,5,4,0,36,20,16,0
LC14b,LTe58,10,5,5,0,36,17,19,0
MeTu4c,Tm5c,14,4,10,0,36,8,28,0
LPLC1,Li21,16,9,7,0,36,20,16,0
MTe41,LPT54,2,1,1,0,36,21,15,0
MTe01b,MeMe_e07,13,6,7,0,36,17,19,0
MTe01b,Mi4,18,12,6,0,36,24,12,0
cL14,LC10e,12,5,7,0,36,16,20,0
cL14,LT76,2,1,1,0,36,13,23,0
LT52,Tm5c,14,5,9,0,36,12,24,0
LT52,Li09,14,10,4,0,36,25,11,0
LT52,LTe54,13,5,8,0,36,12,24,0
LCe01a,LC26,16,13,3,0,36,29,7,0
MTe09,Tm35,15,7,8,0,36,16,20,0
MeTu3c,Sm15,16,5,11,0,36,13,23,0
LPLC4,LPLC1,9,3,6,0,36,9,27,0
LC31b,cL21,5,2,3,0,36,10,26,0
LPT54,LPi08,12,6,6,0,36,19,17,0
LPT54,LPi04,14,9,5,0,36,23,13,0
aMe9,aMe9,4,0,0,4,36,0,0,36
LPC2,T5c,18,13,5,0,36,26,10,0
LT57,TmY10,15,7,8,0,36,17,19,0
MTe15,LC33a,5,4,1,0,36,28,8,0
LPLC1,LC16,13,4,9,0,36,13,23,0
MTe25,Pm13,3,1,2,0,36,17,19,0
MeTu4c,LT52,9,5,4,0,36,23,13,0
LLPC2,LC14a2,14,6,8,0,36,13,23,0
MeTu4c,LC28a,16,9,7,0,36,20,16,0
cM17,5-HTPMPV03,3,2,1,0,36,15,21,0
cM17,Sm12,8,3,5,0,36,13,23,0
cM17,MTe27,2,1,1,0,36,14,22,0
cLP03,Y11,8,5,3,0,36,27,9,0
aMe10,aMe24,5,3,2,0,36,16,20,0
MeTu4a,LT69,4,2,2,0,36,22,14,0
5-HTPMPV03,Sm32,9,3,6,0,36,20,16,0
cL21,T5b,17,9,8,0,36,20,16,0
LTe30,LT58,2,1,1,0,36,31,5,0
LTe11,LC14b,10,5,5,0,36,21,15,0
LC10c,Li01,16,8,8,0,36,16,20,0
LT52,Li32,7,4,3,0,36,16,20,0
aMe1,aMe10,5,2,3,0,36,13,23,0
LTe20,LC35,3,2,1,0,36,25,11,0
LTe20,Li06,15,5,10,0,36,12,24,0
cM02a,Tm8b,12,5,7,0,36,17,19,0
LC37a,Li05,13,5,8,0,36,12,24,0
LC20b,LT76,11,5,6,0,36,16,20,0
MeMe_e05,aMe5,10,5,5,0,36,20,16,0
cLM01,Pm05,15,7,8,0,36,17,19,0
LC22,Li30,11,2,9,0,36,4,32,0
cM11,MTe17,3,0,3,0,36,0,36,0
OA-AL2i2,Li24,13,6,7,0,36,15,21,0
MeMe_e03,Sm22,10,5,5,0,36,17,19,0
MTe47,T5c,16,11,5,0,36,23,13,0
LPT26,cLP02,6,5,1,0,36,31,5,0
LC16,LT61b,9,6,3,0,36,13,23,0
aMe19b,MeTu1,13,7,6,0,36,23,13,0
aMe19b,Pm07,10,4,6,0,36,10,26,0
LT40,LT56,2,1,1,0,36,23,13,0
LT40,LT60,2,1,1,0,36,20,16,0
aMe17a2,aMe4,8,4,4,0,36,20,16,0
mALC3,T3,13,7,6,0,36,19,17,0
AVLP151,cML01,2,1,1,0,36,22,14,0
mALC5,Mi14,12,6,6,0,36,16,20,0
LPT22,LPT50,2,1,1,0,36,27,9,0
PLP051,LTe42b,2,0,0,2,36,0,0,36
OA-AL2b2,Dm1,16,11,5,0,36,23,13,0
Nod1,LLPC1,15,3,12,0,36,6,30,0
LT73,Li18,13,9,4,0,36,25,11,0
CB0592,OA-AL2i2,5,2,3,0,36,18,18,0
cL06,LC20a,12,10,2,0,36,32,4,0
cM12,MeTu4a,9,3,6,0,36,10,26,0
cM12,Sm14,10,4,6,0,36,12,24,0
VCH,LLPC2,12,5,7,0,36,14,22,0
LT84,LC39,2,0,2,0,36,0,36,0
LT84,Li24,4,2,2,0,36,20,16,0
LT84,LC14a1,9,3,6,0,36,15,21,0
HSE,VCH,2,1,1,0,36,21,15,0
mALC4,LT1c,2,1,1,0,36,15,21,0
LT74,cM10,3,2,1,0,36,34,2,0
DCH,Y12,13,8,5,0,36,25,11,0
LTe17,LTe19,2,1,1,0,36,15,21,0
LTe46,LC28a,9,5,4,0,36,23,13,0
LT61a,LC21,14,6,8,0,36,17,19,0
cM05,MLt1,13,8,5,0,36,21,15,0
LT77,Tm5c,16,6,10,0,36,15,21,0
cL04,LTe67,7,3,4,0,36,16,20,0
LT58,Sm27,8,3,5,0,36,15,21,0
LT58,LCe01a,10,8,2,0,36,30,6,0
VS8,cLP03,5,2,3,0,36,12,24,0
cML01,MeMe_e08,8,3,5,0,36,11,25,0
MTe30,LTe48,2,1,1,0,36,22,14,0
cL05,Li11,9,5,4,0,36,14,22,0
cMLLP01,Li10,14,6,8,0,36,14,22,0
DNpe053,DNp27,2,1,1,0,36,12,24,0
DNpe053,OA-AL2i4,3,1,1,1,36,19,9,8
LTe25,LC10b,12,6,6,0,36,21,15,0
LT41,LC16,11,4,7,0,36,13,23,0
LT41,Tm5f,16,12,4,0,36,28,8,0
cM16,Sm22,14,7,7,0,36,21,15,0
aMe24,aMe19a,2,1,1,0,36,19,17,0
LPT53,LPi14,4,2,2,0,36,9,27,0
Pm09,MTe31,7,7,0,0,36,36,0,0
Sm33,Sm33,6,6,0,0,36,36,0,0
TmY11,MeTu1,4,4,0,0,36,36,0,0
LT78,PLP249,2,2,0,0,36,36,0,0
DN1-l,s-LNva,1,1,0,0,36,36,0,0
Li01,TmY31,16,8,8,0,35,18,17,0
Tm5f,LMt1,16,6,10,0,35,13,22,0
C3,TmY5a,15,5,10,0,35,10,25,0
Li13,LTe38c,12,4,8,0,35,10,25,0
Tm8a,TmY11,16,7,9,0,35,16,19,0
Tm2,Li31,17,4,13,0,35,8,27,0
Li17,Li27,13,6,7,0,35,16,19,0
LMt2,LT61a,14,6,8,0,35,17,18,0
LMt2,LC21,16,6,10,0,35,12,23,0
TmY11,Tlp14,7,1,6,0,35,2,33,0
Tm4,Tm5d,12,1,11,0,35,2,33,0
Pm03,C2,8,4,4,0,35,12,23,0
L5,Lawf1,16,7,9,0,35,16,19,0
Tm3,Li29,10,4,6,0,35,13,22,0
Sm34,Sm37,8,4,4,0,35,25,10,0
Dm15,TmY10,16,9,7,0,35,20,15,0
Li21,Li10,16,8,8,0,35,17,18,0
T2a,LT78,13,6,7,0,35,16,19,0
Pm12,Tm3,15,9,6,0,35,21,14,0
Tm5a,LCe01,11,4,7,0,35,14,21,0
LLPt,LTe23,8,3,5,0,35,13,22,0
Tlp5,T5a,16,6,10,0,35,14,21,0
Tlp5,Y12,16,2,14,0,35,4,31,0
Tm5e,MLt8,16,12,4,0,35,27,8,0
Tm5a,MTe02,12,7,5,0,35,25,10,0
MLt7,Sm04,15,10,5,0,35,25,10,0
T2,Dm3q,16,8,8,0,35,18,17,0
Tm5b,LT69,16,6,10,0,35,12,23,0
Tm33,Tm34,16,9,7,0,35,19,16,0
Tm4,TmY10,15,5,10,0,35,11,24,0
TmY9q⊥,Tm35,12,7,5,0,35,18,17,0
Tm20,Tm8b,11,4,7,0,35,8,27,0
TmY9q,Sm05,16,8,8,0,35,17,18,0
Li05,Li03,17,9,8,0,35,18,17,0
Tlp4,Y12,17,10,7,0,35,21,14,0
TmY5a,Pm13,16,9,7,0,35,20,15,0
Sm22,Sm27,15,7,8,0,35,17,18,0
LMt3,LT60,5,2,3,0,35,25,10,0
T2,Tm5f,16,7,9,0,35,15,20,0
Mi10,aMe10,15,8,7,0,35,18,17,0
Tm16,Pm03,16,10,6,0,35,21,14,0
Tm16,LTe30,14,5,9,0,35,10,25,0
TmY5a,LPi03,16,9,7,0,35,20,15,0
Tm5c,LLPC4,15,9,6,0,35,20,15,0
Li03,Li11,14,3,11,0,35,6,29,0
Li10,LC46,15,9,6,0,35,23,12,0
TmY5a,LC26,12,5,7,0,35,16,19,0
Pm03,Pm11,15,6,9,0,35,14,21,0
Dm8a,TmY4,17,10,7,0,35,20,15,0
LPi05,LPi07,15,6,9,0,35,13,22,0
TmY10,MLt8,13,10,3,0,35,25,10,0
TmY10,cM08b,14,5,9,0,35,13,22,0
Mi14,Dm18,17,10,7,0,35,21,14,0
TmY5a,MLt2,15,5,10,0,35,10,25,0
Tm8a,MeTu4a,14,12,2,0,35,30,5,0
Tm8b,LC10c,13,5,8,0,35,19,16,0
Tm8b,Tm5f,15,5,10,0,35,12,23,0
Y1,Tm20,15,7,8,0,35,16,19,0
Tm5d,LC13,12,7,5,0,35,19,16,0
MLt6,LTe26,8,3,5,0,35,16,19,0
Li03,LC31a,11,9,2,0,35,31,4,0
Tm5c,LC21,16,3,13,0,35,6,29,0
Sm31,Tm8b,12,6,6,0,35,15,20,0
LMt4,Mi13,17,10,7,0,35,20,15,0
Pm10,Mi9,13,8,5,0,35,25,10,0
Sm10,Tm37,15,10,5,0,35,23,12,0
LPi06,LPi04,15,4,11,0,35,11,24,0
LPi06,LPi13,13,8,5,0,35,18,17,0
TmY10,LPi02,14,10,4,0,35,26,9,0
TmY20,MTe18,16,7,9,0,35,16,19,0
T2a,Sm04,15,10,5,0,35,23,12,0
Y12,Tm27,17,8,9,0,35,17,18,0
Y1,LPi05,16,7,9,0,35,15,20,0
Sm31,Dm2,16,10,6,0,35,22,13,0
TmY10,MTe42,15,8,7,0,35,20,15,0
Mi4,Am1,14,4,10,0,35,9,26,0
Tm7,MeTu1,15,3,12,0,35,8,27,0
Li19,LC15,16,10,6,0,35,23,12,0
LPi04,T4c,16,11,5,0,35,22,13,0
Tm31,Sm09,15,7,8,0,35,19,16,0
LMt4,Li15,14,8,6,0,35,22,13,0
Tm5d,Y4,15,7,8,0,35,14,21,0
R1-6,TmY3,11,0,11,0,35,0,35,0
R1-6,Tm2,12,0,12,0,35,0,35,0
MLt5,Dm2,16,3,13,0,35,7,28,0
Dm9,MTe01b,16,14,2,0,35,30,5,0
Sm41,MTe06,10,6,4,0,35,21,14,0
TmY11,Dm12,17,10,7,0,35,21,14,0
Tm3,Li24,14,7,7,0,35,17,18,0
Y1,LC18,16,8,8,0,35,18,17,0
Dm9,TmY5a,16,11,5,0,35,25,10,0
Tm5e,LCe07,12,4,8,0,35,8,27,0
Tm5c,C3,16,8,8,0,35,18,17,0
Y4,T4c,15,6,9,0,35,15,20,0
Dm2,aMe5,17,12,5,0,35,25,10,0
Sm25,MTe04,13,8,5,0,35,22,13,0
TmY15,LMt3,16,8,8,0,35,16,19,0
Tm8b,LTe54,13,8,5,0,35,22,13,0
Sm32,Tm7,15,8,7,0,35,19,16,0
Tm20,LTe33,11,4,7,0,35,15,20,0
Tm7,Dm8a,15,9,6,0,35,22,13,0
Li01,LT52,17,11,6,0,35,23,12,0
Mi10,LTe71,6,3,3,0,35,15,20,0
Y11,VS7,10,7,3,0,35,26,9,0
Sm03,MeTu3a,16,13,3,0,35,27,8,0
LMt1,Li25,15,9,6,0,35,23,12,0
LMa4,C2,11,4,7,0,35,10,25,0
Tm34,LMa2,15,9,6,0,35,21,14,0
LPi06,TmY9q⊥,17,8,9,0,35,16,19,0
Lawf1,Tm8b,14,7,7,0,35,17,18,0
TmY20,LTe26,13,9,4,0,35,22,13,0
Dm8b,Sm31,8,2,6,0,35,4,31,0
Tm25,Li26,16,4,12,0,35,10,25,0
Tm8a,Pm14,13,7,6,0,35,19,16,0
Li15,Tm25,17,11,6,0,35,23,12,0
LMt3,LMt1,15,9,6,0,35,21,14,0
MLt1,Sm01,14,11,3,0,35,28,7,0
TmY11,MeMe_e08,14,6,8,0,35,12,23,0
Y3,LT64,10,6,4,0,35,19,16,0
TmY4,Tm7,12,11,1,0,35,33,2,0
Tm34,LC15,15,8,7,0,35,17,18,0
Lawf2,Pm09,13,6,7,0,35,14,21,0
Tlp1,LT65,14,4,10,0,35,11,24,0
TmY4,LC9,14,8,6,0,35,21,14,0
TmY14,Tlp14,9,2,7,0,35,4,31,0
Tm5d,Y3,15,10,5,0,35,23,12,0
Tm36,Li04,13,5,8,0,35,15,20,0
Tm27,Y1,12,9,3,0,35,29,6,0
TmY10,LTe13,14,6,8,0,35,14,21,0
LMa1,LC10a,16,10,6,0,35,22,13,0
LPi15,LPT22,2,1,1,0,35,23,12,0
TmY11,Li21,16,9,7,0,35,18,17,0
Y1,VS5,8,7,1,0,35,33,2,0
Tm25,Tm35,15,8,7,0,35,18,17,0
Dm11,Tm5a,13,6,7,0,35,13,22,0
Li28,LC28a,14,8,6,0,35,22,13,0
Li28,Li11,15,7,8,0,35,16,19,0
Y1,T4b,16,7,9,0,35,17,18,0
LMa2,Mi13,11,8,3,0,35,27,8,0
Tm1,Sm42,7,6,1,0,35,13,22,0
TmY31,Tm27,13,8,5,0,35,19,16,0
Dm4,Sm04,14,11,3,0,35,26,9,0
Tm5a,cL16,14,10,4,0,35,24,11,0
Li07,Li08,16,12,4,0,35,27,8,0
Sm42,Tm36,14,4,10,0,35,9,26,0
Li25,LT1b,4,2,2,0,35,10,25,0
Tlp1,Li06,14,6,8,0,35,18,17,0
Y12,VS3,16,9,7,0,35,18,17,0
T4c,LPT49,15,13,2,0,35,30,5,0
Dm2,Tm33,6,2,4,0,35,4,31,0
Sm03,Sm08,13,9,4,0,35,22,13,0
Li33,LPT31,7,3,4,0,35,15,20,0
Sm35,CB0566,9,3,6,0,35,12,23,0
Tm31,LC31a,14,12,2,0,35,31,4,0
LPi08,TmY16,6,1,5,0,35,2,33,0
Li32,LC37a,6,3,3,0,35,21,14,0
Li32,LT73,4,2,2,0,35,23,12,0
Am1,LPi06,9,7,2,0,35,29,6,0
R8,aMe5,9,8,1,0,35,32,3,0
Li30,LC16,10,5,5,0,35,11,24,0
Li29,LC39,5,3,2,0,35,18,17,0
Sm37,Tm35,9,5,4,0,35,19,16,0
LPi13,LPT29,2,1,1,0,35,27,8,0
LT55,LTe38a,4,2,2,0,35,12,23,0
LLPC1,LTe12,12,6,6,0,35,15,20,0
LC10e,LT51,13,5,8,0,35,17,18,0
cM09,TmY5a,15,7,8,0,35,16,19,0
cM09,Tm8a,13,4,9,0,35,11,24,0
MeTu1,Tm31,15,9,6,0,35,19,16,0
LC18,LC10a,16,8,8,0,35,17,18,0
cL01,OA-AL2b1,12,7,5,0,35,17,18,0
LT11,LC21,15,10,5,0,35,22,13,0
LT11,LT60,2,1,1,0,35,17,18,0
cL22a,CB3866,2,1,1,0,35,23,12,0
MTe46,CB1791,5,3,2,0,35,22,13,0
LT34,LC37a,7,4,3,0,35,16,19,0
LC9,LMt1,17,8,9,0,35,16,19,0
LTe15,TmY11,15,8,7,0,35,17,18,0
LT60,LT83,2,1,1,0,35,22,13,0
aMe12,MeMe_e05,5,3,2,0,35,24,11,0
LC46,Li10,12,6,6,0,35,17,18,0
LT82a,LC10a,15,6,9,0,35,12,23,0
LC12,Li17,14,3,11,0,35,8,27,0
LC4,LC11,17,7,10,0,35,14,21,0
LC34,LT52,11,4,7,0,35,11,24,0
LC14b,Dm20,14,11,3,0,35,28,7,0
LC14b,Dm16,10,7,3,0,35,21,14,0
LPLC2,LLPC3,15,8,7,0,35,18,17,0
MTe01b,MeMe_e05,7,3,4,0,35,12,23,0
LC14b,LC9,9,5,4,0,35,22,13,0
LCe01a,LPLC1,14,8,6,0,35,21,14,0
aMe17b,MeMe_e02,10,6,4,0,35,16,19,0
cM18,Lawf1,9,4,5,0,35,19,16,0
H1,Tm27,15,13,2,0,35,31,4,0
LC20b,LTe21,12,7,5,0,35,20,15,0
LC14a2,LMt2,9,7,2,0,35,29,6,0
LT82a,LC11,16,8,8,0,35,17,18,0
DNc01,LT33,1,0,1,0,35,0,35,0
LC16,Li10,13,4,9,0,35,8,27,0
LC16,Li21,6,0,6,0,35,0,35,0
cL07,LC31b,5,3,2,0,35,25,10,0
cM17,Tm27,15,12,3,0,35,29,6,0
LPT30,Y12,14,3,11,0,35,7,28,0
l-LNv,Sm39,11,6,5,0,35,23,12,0
LC11,LT41,13,7,6,0,35,19,16,0
cM02b,MLt8,5,3,2,0,35,18,17,0
cM06,Pm12,4,2,2,0,35,29,6,0
MTe52,Tm8b,14,8,6,0,35,21,14,0
5-HTPMPV03,Li10,11,4,7,0,35,10,25,0
LTe22,LC37a,4,2,2,0,35,25,10,0
LTe22,LTe74,2,1,1,0,35,26,9,0
aMe17c,MLt2,15,11,4,0,35,27,8,0
aMe17c,Tm4,11,1,10,0,35,5,30,0
aMe17c,5-HTPMPV03,5,3,2,0,35,22,13,0
aMe17c,Sm05,11,5,6,0,35,16,19,0
LTe30,Li33,2,1,1,0,35,13,22,0
LTe30,cM09,5,3,2,0,35,20,15,0
LTe19,LTe27,2,0,0,2,35,0,0,35
LC14a1,T3,14,5,9,0,35,13,22,0
LTe50,LTe21,4,2,2,0,35,16,19,0
MeTu4c,MeTu4b,10,5,5,0,35,11,24,0
LT1a,LMt2,14,9,5,0,35,24,11,0
LTe41,Li01,15,7,8,0,35,17,18,0
LTe04,LTe69,2,1,1,0,35,15,20,0
LC37a,Li24,8,6,2,0,35,28,7,0
LLPC2,LPLC1,17,9,8,0,35,19,16,0
LTe35,LPLC4,8,4,4,0,35,22,13,0
mALD2,LTe31,2,1,1,0,35,14,21,0
aMe4,MLt1,12,5,7,0,35,13,22,0
cM11,Sm18,6,0,6,0,35,0,35,0
LPT48_vCal3,PLP036,2,1,0,1,35,16,0,19
HSS,Y1,16,10,6,0,35,23,12,0
OA-AL2i2,Y3,16,4,12,0,35,9,26,0
OA-AL2i2,Pm03,15,4,11,0,35,10,25,0
OA-AL2i2,Mi14,16,11,5,0,35,25,10,0
cL01,LTe49a,10,8,2,0,35,26,9,0
MTe05,Sm14,14,6,8,0,35,15,20,0
MeTu3c,Sm08,15,8,7,0,35,20,15,0
MTe47,Tm25,15,8,7,0,35,19,16,0
aMe19b,MTe17,4,2,2,0,35,23,12,0
VST2,LPT58,3,0,0,3,35,0,0,35
MTe52,Mi4,17,7,10,0,35,14,21,0
LTe61,cL13,4,1,1,2,35,15,6,14
mALC3,LC31a,6,3,3,0,35,17,18,0
mALC5,MTe29,2,1,1,0,35,19,16,0
cM13,MLt6,12,6,6,0,35,15,20,0
MTe01b,cM05,3,2,1,0,35,21,14,0
LTe60,LC45,4,3,1,0,35,23,12,0
CB0472,LTe46,2,1,1,0,35,23,12,0
LT61b,Tm31,12,7,5,0,35,18,17,0
cL06,Li10,14,6,8,0,35,17,18,0
cM12,MLt7,5,3,2,0,35,19,16,0
LT84,LT52,7,5,2,0,35,25,10,0
cM08b,l-LNv,8,4,4,0,35,19,16,0
cM08b,Sm07,14,6,8,0,35,18,17,0
cM14,Tm33,13,4,9,0,35,8,27,0
LT53,LC39,10,7,3,0,35,24,11,0
PLP021,LC36,3,0,3,0,35,0,35,0
HSE,Y1,14,10,4,0,35,25,10,0
DCH,HSN,2,1,1,0,35,19,16,0
OA-AL2i1,T4a,17,12,5,0,35,25,10,0
cM15,Pm10,10,5,5,0,35,15,20,0
LTe17,LC33a,7,3,4,0,35,15,20,0
LT33,Tm3,16,6,10,0,35,12,23,0
cM05,Pm13,3,1,2,0,35,15,20,0
cL04,PLP215,4,2,2,0,35,9,26,0
LT58,MTe01a,7,6,1,0,35,27,8,0
LPT21,LPi05,15,9,6,0,35,21,14,0
cML01,LPLC4,13,6,7,0,35,14,21,0
cLP02,TmY15,12,10,2,0,35,31,4,0
MTe30,PLP069,1,0,1,0,35,0,35,0
MTe26,LTe58,2,1,1,0,35,7,28,0
MTe26,Sm08,15,9,6,0,35,23,12,0
aMe17a1,Sm31,9,5,4,0,35,19,16,0
aMe17a1,aMe12,6,4,2,0,35,19,16,0
cL22c,LC10a,12,8,4,0,35,20,15,0
cL15,LC13,13,6,7,0,35,16,19,0
LT39,TmY5a,16,8,8,0,35,17,18,0
LT39,cL02a,2,1,1,0,35,30,5,0
LT41,LLPC2,12,8,4,0,35,21,14,0
LT41,LT57,2,1,1,0,35,19,16,0
MTe04,OA-AL2i4,12,12,0,0,35,35,0,0
LTe09,PLP252,5,5,0,0,35,35,0,0
LTe38b,PLP036,2,2,0,0,35,35,0,0
VS3,T5d,15,15,0,0,35,35,0,0
Tm3,LC29,14,6,8,0,34,14,20,0
TmY31,LC12,13,6,7,0,34,15,19,0
Dm8a,MLt7,13,8,5,0,34,23,11,0
Tm8a,LCe07,6,1,5,0,34,3,31,0
Tm32,Tm16,13,8,5,0,34,24,10,0
Li06,LT1b,13,5,8,0,34,17,17,0
T4a,TmY5a,15,6,9,0,34,13,21,0
Tm25,LC6,13,6,7,0,34,14,20,0
MLt2,MLt2,15,7,8,0,34,16,18,0
Li09,LC10d,15,8,7,0,34,16,18,0
Sm19,Sm35,13,6,7,0,34,13,21,0
Sm19,Dm2,16,6,10,0,34,12,22,0
LPi02,T4a,16,9,7,0,34,19,15,0
TmY14,Y12,16,9,7,0,34,18,16,0
Pm05,Y1,13,5,8,0,34,12,22,0
Tm5e,Tm5e,13,5,8,0,34,11,23,0
Tlp14,LT61b,14,7,7,0,34,20,14,0
Li21,Li15,14,5,9,0,34,12,22,0
Pm12,Tm1,12,6,6,0,34,16,18,0
Pm12,MTe52,15,9,6,0,34,22,12,0
Y3,TmY3,15,10,5,0,34,22,12,0
Y3,T4c,14,5,9,0,34,13,21,0
Tm5f,Sm03,17,9,8,0,34,18,16,0
T3,LC4,13,2,11,0,34,4,30,0
Dm2,Sm31,11,1,10,0,34,2,32,0
MLt2,Li03,15,7,8,0,34,15,19,0
Li11,Li27,14,8,6,0,34,19,15,0
TmY20,LT43,14,7,7,0,34,18,16,0
Sm12,OA-ASM1,15,7,8,0,34,15,19,0
Tm5e,LC26,11,1,10,0,34,3,31,0
MLt5,TmY11,14,5,9,0,34,11,23,0
Tm20,Sm36,17,7,10,0,34,14,20,0
TmY10,Sm40,11,3,8,0,34,7,27,0
TmY15,MLt2,16,7,9,0,34,15,19,0
Li12,Li27,14,5,9,0,34,10,24,0
Li02,LTe51,12,6,6,0,34,16,18,0
Sm40,Sm22,13,6,7,0,34,13,21,0
Sm40,MeTu4a,10,2,8,0,34,5,29,0
Y3,OA-AL2b1,13,3,10,0,34,9,25,0
Tm35,LC22,14,5,9,0,34,10,24,0
LMt3,Li21,11,5,6,0,34,17,17,0
LMt3,Li10,13,7,6,0,34,19,15,0
Tm9,Dm12,16,7,9,0,34,15,19,0
T4b,Pm09,16,11,5,0,34,23,11,0
TmY5a,aMe20,12,6,6,0,34,15,19,0
Li13,LT47,13,4,9,0,34,9,25,0
Tm5e,Li11,13,5,8,0,34,14,20,0
Pm01,Pm11,16,7,9,0,34,15,19,0
TmY3,T5b,13,4,9,0,34,8,26,0
Sm08,Sm27,11,7,4,0,34,16,18,0
Tm36,Tm35,15,9,6,0,34,21,13,0
Pm07,OA-AL2i2,13,8,5,0,34,23,11,0
Pm10,MLt5,13,8,5,0,34,20,14,0
Tm32,Tm25,16,11,5,0,34,23,11,0
Tlp5,LC31a,12,4,8,0,34,10,24,0
Dm8b,Sm21,15,10,5,0,34,22,12,0
Sm31,Sm01,14,9,5,0,34,24,10,0
Sm31,Sm42,9,4,5,0,34,14,20,0
Tm7,LT64,15,11,4,0,34,25,9,0
LMt4,LMt3,15,6,9,0,34,15,19,0
TmY14,T5c,16,10,6,0,34,22,12,0
Dm18,Dm3q,16,11,5,0,34,23,11,0
Tm5b,MTe01b,15,11,4,0,34,25,9,0
TmY16,LPLC2,16,7,9,0,34,14,20,0
TmY5a,LTe02,13,6,7,0,34,16,18,0
TmY4,T2a,15,1,14,0,34,2,32,0
Y12,T2a,12,4,8,0,34,9,25,0
TmY11,MTe42,16,10,6,0,34,21,13,0
Tlp4,DCH,12,7,5,0,34,22,12,0
Pm11,Tm27,16,10,6,0,34,21,13,0
MLt4,LMa3,11,7,4,0,34,22,12,0
T4c,TmY9q⊥,12,3,9,0,34,7,27,0
Tm8a,cL22b,13,4,9,0,34,11,23,0
Y3,T4d,15,6,9,0,34,12,22,0
Dm20,TmY11,16,7,9,0,34,15,19,0
Tm20,Tm4,14,4,10,0,34,8,26,0
MLt4,LTe42c,12,5,7,0,34,15,19,0
Sm41,Sm35,6,3,3,0,34,18,16,0
Sm41,Tm5e,15,6,9,0,34,13,21,0
Sm41,MTe25,2,1,1,0,34,21,13,0
Sm41,MTe31,2,1,1,0,34,21,13,0
LMt3,C3,16,10,6,0,34,22,12,0
LMa3,Li25,12,5,7,0,34,15,19,0
Pm05,LMa1,15,6,9,0,34,14,20,0
Mi2,Mi9,15,5,10,0,34,11,23,0
LMa1,Tm21,14,5,9,0,34,12,22,0
MLt1,TmY5a,14,8,6,0,34,17,17,0
Dm2,MTe35,16,11,5,0,34,23,11,0
Li16,TmY3,16,8,8,0,34,16,18,0
T2a,Tm5c,16,8,8,0,34,17,17,0
Y3,Li15,15,10,5,0,34,24,10,0
L3,Tm25,13,8,5,0,34,21,13,0
Dm13,Mi9,16,8,8,0,34,17,17,0
Pm02,LMa4,13,7,6,0,34,18,16,0
Mi15,Tm8a,11,5,6,0,34,13,21,0
Tm5a,Tm25,14,6,8,0,34,14,20,0
Dm18,Dm3p,17,7,10,0,34,14,20,0
R8,Tm5e,15,7,8,0,34,16,18,0
Tm37,Li28,15,7,8,0,34,16,18,0
Tm8a,Sm41,14,7,7,0,34,15,19,0
Li05,LC39,7,5,2,0,34,30,4,0
Dm20,Sm32,15,8,7,0,34,20,14,0
TmY10,LTe11,14,9,5,0,34,22,12,0
Tm16,Tm7,15,10,5,0,34,22,12,0
Sm32,Dm2,13,9,4,0,34,24,10,0
T5c,LPT49,15,13,2,0,34,30,4,0
Dm9,Mi14,14,9,5,0,34,23,11,0
Dm15,Mi2,16,9,7,0,34,20,14,0
Tm8b,Sm15,6,1,5,0,34,2,32,0
Dm8b,Mi2,16,10,6,0,34,22,12,0
LMa3,LT61a,10,5,5,0,34,15,19,0
Dm18,Mi14,16,10,6,0,34,20,14,0
Tm35,LCe05,13,6,7,0,34,15,19,0
Li05,Tm31,11,3,8,0,34,9,25,0
MLt4,Mi1,10,6,4,0,34,21,13,0
Dm3p,Tm4,14,8,6,0,34,18,16,0
LMt4,MTe52,15,13,2,0,34,30,4,0
TmY9q,LT69,14,7,7,0,34,17,17,0
Tm5b,LT77,13,6,7,0,34,16,18,0
Tm5d,LCe08,14,11,3,0,34,25,9,0
Sm14,Tm5c,15,6,9,0,34,15,19,0
Li08,LC22,15,8,7,0,34,17,17,0
TmY11,T5c,11,4,7,0,34,12,22,0
MLt5,Lawf1,13,9,4,0,34,23,11,0
Dm2,MTe37,15,10,5,0,34,24,10,0
Y4,LMa1,15,10,5,0,34,23,11,0
TmY10,Sm32,16,10,6,0,34,22,12,0
Pm14,TmY11,13,9,4,0,34,24,10,0
Pm14,Mi2,16,10,6,0,34,21,13,0
MLt1,Lawf1,15,13,2,0,34,30,4,0
Li12,LTe05,8,2,6,0,34,5,29,0
TmY15,LPT42_Nod4,14,9,5,0,34,24,10,0
Li16,LMa5,15,12,3,0,34,28,6,0
Mi4,MeTu3c,9,4,5,0,34,12,22,0
TmY9q⊥,Mi9,15,8,7,0,34,16,18,0
Li05,Y3,15,9,6,0,34,22,12,0
LMa1,LT51,11,8,3,0,34,28,6,0
Tm4,LC28a,15,9,6,0,34,20,14,0
Li27,Tm37,15,8,7,0,34,20,14,0
Sm33,MeTu1,13,7,6,0,34,17,17,0
Tm8b,Tm20,10,6,4,0,34,21,13,0
LPi12,LPLC4,11,10,1,0,34,32,2,0
TmY31,Mi13,11,8,3,0,34,28,6,0
LPi06,cMLLP02,12,9,3,0,34,26,8,0
Li33,LT68,4,2,2,0,34,17,17,0
Li33,LMa1,13,8,5,0,34,22,12,0
Li33,cM08a,5,2,3,0,34,23,11,0
Pm13,LMa4,11,4,7,0,34,14,20,0
Sm35,MeTu1,12,11,1,0,34,32,2,0
LMt3,MTe52,16,11,5,0,34,24,10,0
Li32,Y1,16,10,6,0,34,21,13,0
Li24,LT73,6,4,2,0,34,22,12,0
LPi07,H2,14,13,1,0,34,32,2,0
Sm34,MTe01b,14,9,5,0,34,24,10,0
Li30,LCe07,2,1,1,0,34,10,24,0
Sm16,MeTu4b,11,9,2,0,34,26,8,0
Sm37,MTe19,2,1,1,0,34,23,11,0
LCe06,LPLC4,12,7,5,0,34,20,14,0
LC9,LC22,13,6,7,0,34,19,15,0
cM09,LT64,5,3,2,0,34,25,9,0
MeTu1,Sm37,12,10,2,0,34,25,9,0
LT34,LC40,9,4,5,0,34,14,20,0
LT34,LTe01,5,2,3,0,34,22,12,0
LC17,LMt1,14,2,12,0,34,4,30,0
LC17,Li06,16,6,10,0,34,13,21,0
MeTu3a,MTe04,16,10,6,0,34,22,12,0
LTe15,LTe47,4,2,2,0,34,18,16,0
LT43,LPLC4,11,10,1,0,34,32,2,0
LT43,LTe25,4,2,2,0,34,20,14,0
LC10d,Tm36,15,6,9,0,34,13,21,0
cL02d,Tlp4,9,2,7,0,34,4,30,0
LLPC2,LTe42b,9,3,6,0,34,8,26,0
LTe03,LT69,4,2,2,0,34,27,7,0
MTe51,LCe05,6,3,3,0,34,19,15,0
cLP01,T5c,14,9,5,0,34,21,13,0
LC10b,LT69,10,4,6,0,34,14,20,0
H1,LPT51,2,1,1,0,34,20,14,0
LPLC2,LT79,16,4,12,0,34,8,26,0
CB0816,OA-AL2b2,9,0,0,9,34,0,0,34
LLPC3,Tm5a,16,12,4,0,34,25,9,0
LC13,LC14b,16,3,13,0,34,6,28,0
LPT54,MTe42,2,1,1,0,34,18,16,0
LPT54,LPi01,10,4,6,0,34,12,22,0
LT52,LT57,13,9,4,0,34,24,10,0
LC14b,LC45,11,4,7,0,34,14,20,0
LPT45_dCal1,T4a,16,10,6,0,34,22,12,0
LPT23,Nod5,5,3,2,0,34,27,7,0
cLP01,LPT52,11,9,2,0,34,30,4,0
LT70,cL17,12,6,6,0,34,15,19,0
LT52,LT63,13,9,4,0,34,25,9,0
MeTu4a,LC10a,14,7,7,0,34,14,20,0
cM08a,TmY10,15,4,11,0,34,8,26,0
LPT30,Am1,2,1,1,0,34,18,16,0
MTe02,MTe02,12,7,5,0,34,23,11,0
MTe54,OA-AL2i1,2,0,2,0,34,0,34,0
LC15,TmY5a,15,6,9,0,34,12,22,0
cL20,LC39,5,3,2,0,34,20,14,0
LT37,LLPC3,11,6,5,0,34,15,19,0
5-HTPMPV03,Pm14,5,3,2,0,34,27,7,0
cLP02,T5c,16,11,5,0,34,23,11,0
LTe22,LTe09,5,3,2,0,34,15,19,0
LC35,LTe64,9,5,4,0,34,24,10,0
LC18,Li24,15,10,5,0,34,23,11,0
MeMe_e06,LT58,2,1,1,0,34,17,17,0
MeMe_e06,MTe30,2,1,1,0,34,22,12,0
cM07,Tm25,17,10,7,0,34,20,14,0
cM07,Li33,2,1,1,0,34,21,13,0
LT52,TmY4,15,8,7,0,34,18,16,0
MTe02,Sm06,13,5,8,0,34,15,19,0
LC4,Li31,13,7,6,0,34,19,15,0
LC18,T2a,15,7,8,0,34,16,18,0
LTe50,LTe35,3,1,2,0,34,5,29,0
cLLP02,Li12,14,8,6,0,34,21,13,0
LT63,LTe61,3,1,2,0,34,9,25,0
MTe01b,Tm34,10,7,3,0,34,26,8,0
cLLPM01,Tm27,14,9,5,0,34,22,12,0
cLLPM01,TmY15,12,8,4,0,34,24,10,0
LT57,Li31,10,6,4,0,34,20,14,0
mALD2,Li02,11,8,3,0,34,24,10,0
mALD2,cM14,2,0,0,2,34,0,0,34
mALD2,LTe06,2,1,1,0,34,11,23,0
MeMe_e05,Tm5e,15,5,10,0,34,12,22,0
cM01c,Sm16,11,4,7,0,34,12,22,0
cM01c,Sm23,12,5,7,0,34,16,18,0
OA-AL2i2,Tm4,17,7,10,0,34,14,20,0
cL12,LT69,2,1,1,0,34,22,12,0
LC10f,LC10f,4,2,2,0,34,15,19,0
cM03,MC65,10,5,5,0,34,14,20,0
cM03,MTe28,6,3,3,0,34,19,15,0
aMe19b,Sm07,13,6,7,0,34,14,20,0
LT40,Tm7,15,7,8,0,34,18,16,0
MeMe_e04,Tm32,10,5,5,0,34,18,16,0
MeMe_e04,cL10,6,3,3,0,34,17,17,0
aMe17a2,MeTu1,16,10,6,0,34,21,13,0
aMe17a2,TmY14,13,7,6,0,34,20,14,0
aMe17a2,Sm35,5,3,2,0,34,24,10,0
LTe38a,LT72,7,3,4,0,34,17,17,0
mALC5,Li23,2,1,1,0,34,17,17,0
mALC5,cL05,2,1,1,0,34,20,14,0
OA-ASM1,Li11,15,9,6,0,34,21,13,0
LT1b,LTe26,1,0,1,0,34,0,34,0
MTe37,MeTu4a,11,6,5,0,34,19,15,0
OA-AL2b2,Tm5c,15,5,10,0,34,14,20,0
LTe60,LTe56,2,1,1,0,34,15,19,0
LTe13,LPT51,2,1,1,0,34,17,17,0
cL06,LTe68,6,3,3,0,34,17,17,0
LT53,LT86,8,4,4,0,34,20,14,0
LT53,LT47,6,3,3,0,34,12,22,0
VCH,LMa4,13,8,5,0,34,22,12,0
LT84,Li31,2,1,1,0,34,11,23,0
HSN,TmY20,14,8,6,0,34,20,14,0
LT85,aMe17a2,2,1,1,0,34,18,16,0
LLPC3,LPi04,14,13,1,0,34,32,2,0
LPT49,cL15,3,0,1,2,34,0,17,17
MTe40,LTe48,2,1,1,0,34,23,11,0
OA-AL2i1,LLPC1,16,10,6,0,34,21,13,0
cM15,aMe12,5,3,2,0,34,27,7,0
LT33,LMa4,12,4,8,0,34,12,22,0
LPT57,TmY9q⊥,5,2,3,0,34,7,27,0
LPT57,LPi05,12,5,7,0,34,17,17,0
LTe43,LC10d,10,4,6,0,34,14,20,0
LTe43,LT51,8,4,4,0,34,19,15,0
LT36,cL18,6,3,3,0,34,11,23,0
MTe28,Pm13,3,1,2,0,34,20,14,0
LT58,TmY4,12,5,7,0,34,11,23,0
cML01,LPLC1,11,5,6,0,34,12,22,0
cM10,MTe47,4,2,2,0,34,15,19,0
cMLLP01,LTe10,2,1,1,0,34,18,16,0
cMLLP01,Tm5c,15,10,5,0,34,23,11,0
DNpe053,LatB,5,3,2,0,34,23,11,0
aMe19a,LTe20,2,1,1,0,34,19,15,0
LTe49b,LLPt,7,0,7,0,34,0,34,0
cM16,OA-ASM1,8,4,4,0,34,18,16,0
cM16,MTe01a,11,7,4,0,34,19,15,0
LPT53,LLPt,14,7,7,0,34,16,18,0
Tm20,LCe05,14,14,0,0,34,34,0,0
cM05,LPLC2,2,2,0,0,34,34,0,0
LHPV2i2a,LTe63,3,3,0,0,34,34,0,0
LHPV2i2a,AOTU065,1,1,0,0,34,34,0,0
cM08c,Tm25,15,15,0,0,34,34,0,0
MeTu3a,AOTU053,5,5,0,0,34,34,0,0
MTe43,CB0734,1,1,0,0,34,34,0,0
PLP023,LPT30,1,1,0,0,34,34,0,0
LT68,PLP252,2,2,0,0,34,34,0,0
PLP022,PLP252,1,1,0,0,34,34,0,0
AVLP534,TmY5a,10,10,0,0,34,34,0,0
VS5,T4d,16,16,0,0,34,34,0,0
cMLLP01,PLP252,1,1,0,0,34,34,0,0
T2,TmY11,15,5,10,0,33,12,21,0
T4d,C2,15,7,8,0,33,17,16,0
Li08,Li12,12,1,11,0,33,2,31,0
Li08,Y3,15,9,6,0,33,21,12,0
Tm31,LC37a,14,5,9,0,33,11,22,0
TmY9q,Tm33,13,5,8,0,33,13,20,0
Dm8b,Sm27,13,6,7,0,33,19,14,0
Sm24,Sm42,7,4,3,0,33,14,19,0
T4c,Y1,11,1,10,0,33,2,31,0
Sm18,Sm30,14,11,3,0,33,25,8,0
Dm11,Tm7,14,5,9,0,33,10,23,0
Tm5c,LTe38c,12,2,10,0,33,6,27,0
Tm32,LT72,13,1,12,0,33,2,31,0
T4d,cLP02,16,8,8,0,33,16,17,0
Tm5f,Li32,15,6,9,0,33,13,20,0
Sm34,Sm08,15,8,7,0,33,18,15,0
Tm32,Li31,12,7,5,0,33,20,13,0
Li02,LC14a1,13,6,7,0,33,16,17,0
Li02,Y4,14,7,7,0,33,15,18,0
TmY15,LC17,12,2,10,0,33,4,29,0
Tm5e,LC20b,13,4,9,0,33,8,25,0
Sm09,Tm5e,14,6,8,0,33,16,17,0
TmY9q⊥,LTe43,12,2,10,0,33,7,26,0
Tm35,LTe57,14,7,7,0,33,18,15,0
T2a,LC43,11,4,7,0,33,11,22,0
LPi07,LPT42_Nod4,13,8,5,0,33,17,16,0
LPi10,TmY9q⊥,15,9,6,0,33,19,14,0
Mi9,Sm07,9,4,5,0,33,9,24,0
Tm32,Tm5b,8,5,3,0,33,24,9,0
L3,R1-6,13,5,8,0,33,10,23,0
Sm40,Sm08,13,6,7,0,33,13,20,0
Sm40,aMe17b,8,4,4,0,33,15,18,0
Tm5f,Dm8b,15,4,11,0,33,9,24,0
Li02,LC6,13,4,9,0,33,14,19,0
Tm20,L5,13,5,8,0,33,12,21,0
TmY4,Li11,13,6,7,0,33,17,16,0
Sm32,TmY3,16,7,9,0,33,14,19,0
Sm32,Mi9,13,9,4,0,33,23,10,0
Mi10,Sm27,14,7,7,0,33,17,16,0
Tm34,MLt2,15,7,8,0,33,15,18,0
LMa4,LPT23,13,8,5,0,33,22,11,0
TmY5a,Tm5c,15,3,12,0,33,6,27,0
MLt2,Tm27,16,14,2,0,33,29,4,0
Tm5a,Li04,13,5,8,0,33,12,21,0
LLPt,LT65,12,8,4,0,33,20,13,0
TmY10,Mi10,15,8,7,0,33,18,15,0
TmY16,T2,15,8,7,0,33,19,14,0
Li12,LTe45,9,6,3,0,33,22,11,0
Y3,cL16,14,11,3,0,33,27,6,0
Mi13,Pm09,11,7,4,0,33,22,11,0
TmY3,Lawf1,15,6,9,0,33,13,20,0
R7,Sm02,12,6,6,0,33,18,15,0
Li01,Li27,11,5,6,0,33,11,22,0
C3,Lawf1,13,5,8,0,33,15,18,0
T4d,Tm3,13,8,5,0,33,20,13,0
Sm18,l-LNv,8,4,4,0,33,11,22,0
Dm12,Sm32,16,6,10,0,33,13,20,0
TmY10,aMe25,14,7,7,0,33,15,18,0
T4b,Y3,14,2,12,0,33,5,28,0
TmY5a,T4b,15,8,7,0,33,17,16,0
Tm34,LC12,16,6,10,0,33,12,21,0
Tm33,LC16,15,9,6,0,33,21,12,0
Tm7,LCe08,14,10,4,0,33,24,9,0
Tm8a,Sm06,14,7,7,0,33,17,16,0
Tm8a,TmY9q,14,11,3,0,33,27,6,0
Pm11,MTe39,8,6,2,0,33,29,4,0
MLt4,LTe56,9,3,6,0,33,13,20,0
TmY9q⊥,LTe52,13,5,8,0,33,13,20,0
MLt1,LTe53,12,6,6,0,33,18,15,0
Tm3,Dm18,14,8,6,0,33,17,16,0
Tm36,LT11,14,4,10,0,33,9,24,0
Li26,Li17,13,4,9,0,33,12,21,0
Tm16,cM10,14,11,3,0,33,26,7,0
Dm9,Tm5b,16,12,4,0,33,25,8,0
Tm4,Li25,13,6,7,0,33,13,20,0
Sm41,Sm27,8,4,4,0,33,14,19,0
Sm41,MTe38,2,1,1,0,33,18,15,0
Sm08,TmY14,12,6,6,0,33,15,18,0
LMt3,TmY14,13,5,8,0,33,11,22,0
Dm11,R7,14,8,6,0,33,17,16,0
TmY20,T4a,16,9,7,0,33,18,15,0
MLt5,cLM01,8,4,4,0,33,12,21,0
Tm31,LT78,12,3,9,0,33,7,26,0
LMa1,LC4,13,5,8,0,33,10,23,0
Li13,TmY5a,14,3,11,0,33,6,27,0
Dm11,Tm5e,8,4,4,0,33,15,18,0
L4,Sm32,14,3,11,0,33,6,27,0
Sm07,MTe42,12,5,7,0,33,18,15,0
Tm4,Tm31,13,10,3,0,33,27,6,0
Dm2,CB0592,15,9,6,0,33,19,14,0
Tm1,Mi10,11,8,3,0,33,26,7,0
Y4,TmY31,14,8,6,0,33,18,15,0
TmY4,Sm36,15,8,7,0,33,18,15,0
Y1,VS7,11,10,1,0,33,27,6,0
Li06,LPLC2,15,8,7,0,33,18,15,0
Tm5c,Mi1,14,7,7,0,33,18,15,0
Sm10,MeTu1,12,9,3,0,33,24,9,0
MLt1,MTe27,11,5,6,0,33,15,18,0
Sm11,Sm11,10,5,5,0,33,17,16,0
LPi14,LPT26,4,2,2,0,33,18,15,0
Mi9,Dm8a,12,7,5,0,33,14,19,0
Y12,Tlp5,15,10,5,0,33,23,10,0
LMt4,Li14,8,1,7,0,33,2,31,0
Pm08,TmY11,16,8,8,0,33,17,16,0
Tm2,Tm5f,16,7,9,0,33,14,19,0
Li10,LTe06,11,4,7,0,33,13,20,0
Tm9,L3,13,8,5,0,33,23,10,0
Tm3,cL14,7,0,7,0,33,0,33,0
LMt3,Pm09,15,10,5,0,33,22,11,0
Sm12,MLt5,15,7,8,0,33,15,18,0
Mi10,Sm11,14,9,5,0,33,20,13,0
Tm5e,Sm02,16,10,6,0,33,21,12,0
LMa2,Li14,12,8,4,0,33,21,12,0
LLPt,cL10,8,5,3,0,33,19,14,0
Sm14,MTe37,10,6,4,0,33,21,12,0
Tm32,LC22,13,9,4,0,33,24,9,0
LMa2,TmY11,16,8,8,0,33,17,16,0
Tlp4,T5d,16,8,8,0,33,16,17,0
Tm5b,LT67,7,4,3,0,33,16,17,0
TmY3,Pm14,13,10,3,0,33,26,7,0
Li28,Li10,14,5,9,0,33,12,21,0
Li28,LT77,9,5,4,0,33,20,13,0
Tm21,LCe07,9,4,5,0,33,12,21,0
Pm14,Sm08,13,8,5,0,33,18,15,0
Tm25,TmY15,12,6,6,0,33,17,16,0
Tm31,LC24,16,7,9,0,33,14,19,0
LPi10,LPT30,8,5,3,0,33,22,11,0
LMt2,LC10a,16,10,6,0,33,21,12,0
Li12,LC17,13,8,5,0,33,22,11,0
LMa4,Mi9,15,9,6,0,33,21,12,0
TmY14,cM15,14,9,5,0,33,23,10,0
Dm19,TmY3,16,6,10,0,33,12,21,0
Sm07,Sm42,12,4,8,0,33,11,22,0
TmY9q,LC14a1,13,11,2,0,33,28,5,0
Li31,LC22,14,6,8,0,33,14,19,0
Li31,Li29,2,1,1,0,33,20,13,0
TmY11,Tm5a,16,9,7,0,33,18,15,0
Li24,Y4,13,6,7,0,33,15,18,0
Sm05,Mi13,4,0,4,0,33,0,33,0
Sm15,MeTu4d,12,8,4,0,33,21,12,0
Sm42,Sm36,6,3,3,0,33,14,19,0
Sm42,Sm03,14,8,6,0,33,17,16,0
Li25,LT1d,4,2,2,0,33,16,17,0
C3,MLt1,11,9,2,0,33,27,6,0
Li27,LTe26,4,2,2,0,33,16,17,0
Li04,LT1a,6,3,3,0,33,13,20,0
LPi12,TmY14,14,10,4,0,33,25,8,0
TmY15,Pm12,13,8,5,0,33,16,17,0
Li33,LC10e,12,4,8,0,33,9,24,0
Li33,LTe56,2,1,1,0,33,12,21,0
Li33,cM07,2,1,1,0,33,15,18,0
Pm13,Pm03,10,3,7,0,33,13,20,0
Pm13,MTe18,5,1,4,0,33,10,23,0
TmY11,LTe44,9,4,5,0,33,13,20,0
Li32,TmY4,8,3,5,0,33,8,25,0
CT1,Pm09,14,7,7,0,33,18,15,0
Am1,Tm1,10,2,8,0,33,10,23,0
Am1,TmY20,14,9,5,0,33,21,12,0
Am1,LLPC2,14,6,8,0,33,15,18,0
C2,TmY5a,14,10,4,0,33,24,9,0
Li12,LTe14,10,7,3,0,33,20,13,0
Li30,LT77,6,3,3,0,33,22,11,0
Sm37,MeMe_e02,8,4,4,0,33,20,13,0
LMa5,MeMe_e07,14,10,4,0,33,25,8,0
LPi13,LPi05,13,8,5,0,33,21,12,0
LPi13,LPT30,2,1,1,0,33,18,15,0
MeMe_e01,MeMe_e02,13,0,0,13,33,0,0,33
LC11,Li15,16,7,9,0,33,15,18,0
LC11,AVLP151,6,2,4,0,33,11,22,0
LC15,LT73,12,5,7,0,33,13,20,0
LC10d,Li05,15,5,10,0,33,10,23,0
LT52,PLP241,5,0,5,0,33,0,33,0
LC10e,Li13,13,7,6,0,33,16,17,0
LC10e,LT78,12,8,4,0,33,23,10,0
cM09,Tm25,13,7,6,0,33,17,16,0
LC15,Li28,15,6,9,0,33,14,19,0
LCe03,CB0472,11,7,4,0,33,20,13,0
LPLC1,Tlp4,15,8,7,0,33,19,14,0
LC14a2,MeTu4a,10,5,5,0,33,17,16,0
LC14a2,LPLC1,8,2,6,0,33,6,27,0
LC40,LC14b,8,3,5,0,33,16,17,0
MeTu3c,MTe06,13,8,5,0,33,20,13,0
LCe05,Tm5d,15,11,4,0,33,25,8,0
MeMe_e08,LT42,5,4,1,0,33,28,5,0
MeMe_e08,OA-AL2i1,12,6,6,0,33,17,16,0
cM18,MTe04,8,5,3,0,33,20,13,0
H1,Y1,15,8,7,0,33,17,16,0
CB0816,Lawf2,12,10,2,0,33,25,8,0
cM08c,aMe8,6,3,3,0,33,20,13,0
LPLC1,LCe07,11,4,7,0,33,12,21,0
LC14b,Y12,9,5,4,0,33,11,22,0
MeMe_e02,MeTu4b,10,7,3,0,33,26,7,0
LC14a2,LC31a,9,4,5,0,33,19,14,0
LT69,LC16,12,5,7,0,33,15,18,0
LT69,TmY31,14,6,8,0,33,13,20,0
MeMe_e08,LPLC1,14,7,7,0,33,15,18,0
MTe25,Tm8b,14,9,5,0,33,22,11,0
LLPC1,LC14b,15,9,6,0,33,20,13,0
MeTu4a,LTe37,12,2,10,0,33,4,29,0
LC17,Tm35,8,6,2,0,33,27,6,0
LLPC1,Li06,16,7,9,0,33,15,18,0
LLPC2,cLP03,6,4,2,0,33,21,12,0
OA-AL2i3,Sm39,4,2,2,0,33,20,13,0
LTe06,Li09,4,1,3,0,33,3,30,0
aMe1,aMe4,11,1,10,0,33,2,31,0
aMe1,aMe12,9,5,4,0,33,16,17,0
MTe54,Tm36,13,8,5,0,33,19,14,0
MeTu3c,Tm5a,13,2,11,0,33,8,25,0
LT37,LC4,13,5,8,0,33,14,19,0
aMe17c,MeMe_e07,12,7,5,0,33,19,14,0
LT83,OA-AL2i2,3,1,2,0,33,2,31,0
LT83,Li24,8,4,4,0,33,12,21,0
LCe03,LC36,14,8,6,0,33,19,14,0
mALD1,cL16,3,2,1,0,33,27,6,0
mALD1,LC19,6,4,2,0,33,16,17,0
LTe11,LTe17,2,1,1,0,33,21,12,0
LC14a2,LTe65,6,3,3,0,33,22,11,0
LTe26,MTe35,2,1,1,0,33,17,16,0
MeTu4c,LC13,12,10,2,0,33,29,4,0
MTe51,LC34,6,5,1,0,33,31,2,0
DNp30,Tm21,15,6,9,0,33,13,20,0
MeTu1,Dm8b,7,1,6,0,33,2,31,0
LPLC4,LLPC3,15,10,5,0,33,21,12,0
cLLPM01,Y11,11,8,3,0,33,19,14,0
LC20b,LC20a,15,10,5,0,33,23,10,0
VST1,LPT47_vCal2,3,2,1,0,33,28,5,0
LPT48_vCal3,LPi03,8,4,4,0,33,10,23,0
OA-AL2i2,MTe52,13,10,3,0,33,25,8,0
LTe50,cL04,3,2,1,0,33,24,9,0
MTe47,Sm42,4,2,2,0,33,17,16,0
aMe19b,Tm5c,14,6,8,0,33,14,19,0
aMe19b,MLt8,6,3,3,0,33,18,15,0
VST2,VSm,7,3,4,0,33,22,11,0
AN_multi_125,Tm1,9,8,1,0,33,31,2,0
aMe17a2,MTe12,5,2,3,0,33,9,24,0
aMe17a2,Lawf2,14,9,5,0,33,23,10,0
LC39,Li05,12,11,1,0,33,31,2,0
mALC5,cL16,3,2,1,0,33,24,9,0
OA-ASM1,CB0592,7,0,0,7,33,0,0,33
LT56,LT82a,5,3,2,0,33,18,15,0
MTe37,Sm08,10,6,4,0,33,19,14,0
LPT58,Y11,14,12,2,0,33,28,5,0
MC65,Sm29,11,8,3,0,33,26,7,0
MC65,Pm14,11,5,6,0,33,18,15,0
LT61b,LMa2,12,7,5,0,33,15,18,0
CB0592,Pm09,14,7,7,0,33,15,18,0
CB0592,LMa2,11,4,7,0,33,11,22,0
CB0592,T3,16,9,7,0,33,19,14,0
CB0592,TmY14,15,9,6,0,33,19,14,0
cM12,MeTu3b,7,3,4,0,33,13,20,0
LTe62,TmY10,14,9,5,0,33,21,12,0
VCH,Y4,13,9,4,0,33,22,11,0
LTe64,LC6,9,6,3,0,33,19,14,0
LT84,LPLC4,11,5,6,0,33,10,23,0
LT84,LC13,7,2,5,0,33,9,24,0
LT84,LMa2,7,2,5,0,33,5,28,0
LT84,Li13,5,1,4,0,33,3,30,0
cM08b,MTe22,4,2,2,0,33,18,15,0
cM14,cM12,2,1,1,0,33,17,16,0
MTe23,LTe48,2,1,1,0,33,18,15,0
LPT49,LPT51,2,1,1,0,33,26,7,0
aMe9,LTe25,3,3,0,0,33,33,0,0
DCH,TmY9q,16,12,4,0,33,25,8,0
OA-AL2i1,T4c,16,14,2,0,33,29,4,0
cM15,OA-AL2i4,2,1,1,0,33,16,17,0
LTe17,LC22,12,4,8,0,33,13,20,0
OA-AL2i4,Sm21,11,7,4,0,33,18,15,0
LPT27,LPi13,2,1,1,0,33,16,17,0
LTe46,LT75,2,1,1,0,33,13,20,0
cM05,Lawf2,14,5,9,0,33,12,21,0
LPT57,H1,3,2,0,1,33,19,0,14
LC18,Li10,10,9,1,0,33,31,2,0
MTe28,cM10,2,1,1,0,33,18,15,0
LT58,Sm06,10,5,5,0,33,14,19,0
LC16,Tm31,15,13,2,0,33,29,4,0
aMe25,LC33a,2,1,1,0,33,20,13,0
cML01,Li16,12,3,9,0,33,9,24,0
cML01,Li32,2,1,1,0,33,14,19,0
LC45,Li33,3,2,1,0,33,28,5,0
cL05,LT52,9,6,3,0,33,20,13,0
cL05,LT58,2,1,1,0,33,22,11,0
cLLPM02,LC10d,11,7,4,0,33,20,13,0
cMLLP01,LPT31,5,2,3,0,33,17,16,0
cMLLP01,LT42,2,1,1,0,33,16,17,0
VS2,Y12,14,6,8,0,33,17,16,0
LTe49b,LTe65,2,0,2,0,33,0,33,0
cL15,Li29,2,1,1,0,33,7,26,0
cL15,Li32,2,1,1,0,33,18,15,0
T4c,MeMe_e07,15,15,0,0,33,33,0,0
LC39,LMt1,5,5,0,0,33,33,0,0
LHPV2i2a,PLP051,1,1,0,0,33,33,0,0
CB0734,DNp31,1,1,0,0,33,33,0,0
PLP035,cLP03,3,3,0,0,33,33,0,0
TmY11,CT1,7,3,4,0,32,6,26,0
Pm11,MeMe_e07,11,8,3,0,32,25,7,0
TmY14,Tlp1,15,8,7,0,32,17,15,0
Tm27,Li25,15,9,6,0,32,18,14,0
Tlp4,Tlp5,14,7,7,0,32,17,15,0
Tm8a,Tm5f,12,4,8,0,32,15,17,0
Sm16,MeMe_e01,12,5,7,0,32,15,17,0
Dm2,Dm12,12,5,7,0,32,17,15,0
Tm4,Sm11,14,8,6,0,32,19,13,0
Tm5c,MTe51,14,6,8,0,32,13,19,0
MLt2,5-HTPMPV03,14,5,9,0,32,10,22,0
Li09,Li05,14,5,9,0,32,10,22,0
Li14,Tm2,14,5,9,0,32,11,21,0
Sm19,Sm01,14,7,7,0,32,15,17,0
MLt6,MTe53,11,7,4,0,32,21,11,0
Mi2,Pm10,12,5,7,0,32,16,16,0
TmY15,LC22,13,4,9,0,32,11,21,0
Sm06,TmY11,15,8,7,0,32,16,16,0
T3,cL21,15,3,12,0,32,6,26,0
Pm12,Pm01,14,8,6,0,32,18,14,0
Tm5d,TmY16,15,11,4,0,32,23,9,0
Tlp5,T4a,16,8,8,0,32,16,16,0
Tm7,LMa5,13,9,4,0,32,24,8,0
Tm25,TmY16,15,6,9,0,32,12,20,0
Sm30,OA-ASM1,13,9,4,0,32,20,12,0
Tm7,LMa2,13,7,6,0,32,16,16,0
Tm1,Dm1,8,5,3,0,32,21,11,0
C3,Dm18,10,3,7,0,32,12,20,0
TmY15,OA-AL2i1,14,8,6,0,32,19,13,0
Li12,LTe26,13,9,4,0,32,21,11,0
Sm40,MTe30,4,2,2,0,32,10,22,0
Sm40,T2,14,8,6,0,32,19,13,0
Sm40,CB0566,7,3,4,0,32,16,16,0
Sm20,Mi1,16,5,11,0,32,10,22,0
Tm25,LMt1,14,5,9,0,32,14,18,0
Sm08,Sm21,15,7,8,0,32,15,17,0
Sm08,Sm22,15,8,7,0,32,17,15,0
TmY9q,LPLC1,11,6,5,0,32,22,10,0
Tm5d,LC10e,11,1,10,0,32,2,30,0
Tm4,MTe43,15,10,5,0,32,21,11,0
T4b,LC4,11,6,5,0,32,17,15,0
T4c,TmY20,12,10,2,0,32,26,6,0
TmY15,Pm10,13,10,3,0,32,24,8,0
TmY10,LC21,12,4,8,0,32,9,23,0
Tm5e,LTe62,13,7,6,0,32,17,15,0
T5c,LPi02,12,0,12,0,32,0,32,0
LMa4,Tm8a,13,6,7,0,32,15,17,0
Li03,Li02,11,6,5,0,32,14,18,0
Sm28,aMe19a,5,3,2,0,32,27,5,0
Li10,LC25,15,3,12,0,32,7,25,0
Tm21,Mi13,14,5,9,0,32,13,19,0
Y4,Tm5c,16,6,10,0,32,12,20,0
Y4,LLPC3,14,7,7,0,32,18,14,0
TmY16,LC14b,12,6,6,0,32,15,17,0
Tm8b,LC24,13,7,6,0,32,19,13,0
TmY11,Tm20,14,6,8,0,32,12,20,0
LPi05,Li28,2,0,2,0,32,0,32,0
Dm10,Tm5c,14,3,11,0,32,6,26,0
C2,MLt3,14,9,5,0,32,20,12,0
R8,C3,16,7,9,0,32,14,18,0
LLPt,T4b,15,7,8,0,32,14,18,0
Li06,Li32,13,7,6,0,32,17,15,0
Li03,Tm5f,14,5,9,0,32,13,19,0
TmY15,LC12,15,4,11,0,32,8,24,0
T2,Li05,11,7,4,0,32,19,13,0
Dm8a,aMe5,14,8,6,0,32,19,13,0
T2,Pm06,14,4,10,0,32,8,24,0
MLt1,LC36,9,5,4,0,32,15,17,0
Tm34,LC39,10,7,3,0,32,24,8,0
Li04,LTe75,11,5,6,0,32,13,19,0
MLt6,Tm8b,10,3,7,0,32,7,25,0
TmY5a,OA-AL2i2,15,7,8,0,32,14,18,0
C2,Lawf1,12,7,5,0,32,19,13,0
LMa3,MTe44,6,4,2,0,32,26,6,0
Pm11,Tm25,14,8,6,0,32,19,13,0
MLt4,Mi2,15,8,7,0,32,16,16,0
MLt4,LT52,11,3,8,0,32,7,25,0
Dm11,Tm5c,12,4,8,0,32,15,17,0
Y1,Tm37,14,6,8,0,32,15,17,0
Tm35,Li25,12,5,7,0,32,13,19,0
Tm16,Mi1,9,4,5,0,32,14,18,0
Tm16,LTe49f,11,7,4,0,32,24,8,0
PDt,Mi14,14,10,4,0,32,21,11,0
LMt4,Pm11,12,8,4,0,32,24,8,0
Sm01,TmY10,14,11,3,0,32,26,6,0
R7,Dm4,15,8,7,0,32,16,16,0
Sm07,Sm16,15,8,7,0,32,18,14,0
Li12,Tm5c,14,6,8,0,32,13,19,0
Sm41,Dm20,7,4,3,0,32,22,10,0
Mi10,Sm09,14,9,5,0,32,22,10,0
LMt3,LLPC2,14,11,3,0,32,26,6,0
Tm5d,LT76,14,8,6,0,32,17,15,0
TmY9q,LT78,14,8,6,0,32,19,13,0
Tm7,LCe01,11,2,9,0,32,9,23,0
Tm7,LC41,11,2,9,0,32,5,27,0
Tm25,LC4,16,7,9,0,32,14,18,0
Tm4,Dm17,16,9,7,0,32,18,14,0
Sm07,Sm36,13,8,5,0,32,22,10,0
MLt3,LTe65,9,5,4,0,32,18,14,0
MLt3,Tm8b,13,6,7,0,32,15,17,0
MLt1,Dm9,14,11,3,0,32,26,6,0
Tm3,Pm14,13,9,4,0,32,19,13,0
Mi10,MLt1,9,4,5,0,32,21,11,0
Mi10,aMe17c,14,8,6,0,32,16,16,0
Sm11,TmY11,13,7,6,0,32,16,16,0
Tm4,Li32,14,6,8,0,32,13,19,0
Dm3v,Mi2,9,1,8,0,32,2,30,0
C2,T4b,13,7,6,0,32,16,16,0
Tm4,LC19,10,0,10,0,32,0,32,0
Sm06,Tm33,14,12,2,0,32,28,4,0
Tm35,LT53,14,6,8,0,32,15,17,0
LPi06,LLPC1,13,6,7,0,32,16,16,0
Sm32,Tm8a,14,6,8,0,32,12,20,0
Tm5d,Sm02,14,7,7,0,32,15,17,0
LMt1,Li21,15,9,6,0,32,20,12,0
Tm7,Y4,12,5,7,0,32,12,20,0
Sm15,Tm5d,13,5,8,0,32,12,20,0
Pm09,TmY9q,15,10,5,0,32,22,10,0
Mi15,Sm01,9,7,2,0,32,26,6,0
Tm32,Y4,13,6,7,0,32,12,20,0
Tm31,LTe76,11,6,5,0,32,14,18,0
Tm32,LTe38c,11,3,8,0,32,9,23,0
Sm22,Tm37,16,7,9,0,32,14,18,0
T5c,LPi14,13,9,4,0,32,23,9,0
LPi05,T5b,14,4,10,0,32,9,23,0
Li02,LTe52,10,6,4,0,32,21,11,0
LMa2,LT63,14,8,6,0,32,20,12,0
Mi2,Dm10,14,9,5,0,32,22,10,0
Tm2,MeLp2,13,7,6,0,32,15,17,0
LMa4,TmY16,14,9,5,0,32,21,11,0
TmY11,LMt2,14,5,9,0,32,12,20,0
Tm2,Tm16,15,7,8,0,32,16,16,0
TmY9q,Tm8b,11,2,9,0,32,8,24,0
Dm8b,Dm20,7,2,5,0,32,5,27,0
TmY9q,LC28a,11,5,6,0,32,19,13,0
LPi15,LPT42_Nod4,2,1,1,0,32,23,9,0
LPi15,VS3,2,1,1,0,32,19,13,0
Tm5e,LC39,13,9,4,0,32,20,12,0
TmY20,Y4,13,6,7,0,32,16,16,0
TmY5a,cL07,14,9,5,0,32,19,13,0
Tm32,Pm14,14,8,6,0,32,17,15,0
Tlp14,LPT31,11,10,1,0,32,30,2,0
Lawf2,T3,11,4,7,0,32,9,23,0
Li28,OA-ASM1,13,6,7,0,32,13,19,0
Li28,LT51,9,5,4,0,32,17,15,0
TmY9q,LC16,11,3,8,0,32,11,21,0
Pm14,CB0592,6,3,3,0,32,17,15,0
Pm14,MLt2,15,8,7,0,32,17,15,0
Sm09,MTe35,14,9,5,0,32,20,12,0
Sm07,Sm18,14,5,9,0,32,14,18,0
LMt2,Pm14,14,9,5,0,32,20,12,0
TmY15,Li17,11,4,7,0,32,14,18,0
Sm27,Tm8a,14,7,7,0,32,18,14,0
Sm08,Sm35,12,8,4,0,32,17,15,0
Li31,LC24,11,6,5,0,32,16,16,0
Li31,T2a,14,4,10,0,32,12,20,0
Tm31,Pm10,11,5,6,0,32,12,20,0
LPi01,LPi14,11,8,3,0,32,26,6,0
Dm2,MTe32,13,11,2,0,32,28,4,0
Li24,T2,16,5,11,0,32,10,22,0
Li24,Tm36,13,4,9,0,32,8,24,0
Li01,LC21,8,5,3,0,32,26,6,0
Y1,Li28,11,7,4,0,32,22,10,0
MLt6,LTe64,10,6,4,0,32,20,12,0
TmY3,Li15,13,8,5,0,32,20,12,0
Sm42,Sm27,9,4,5,0,32,15,17,0
Tm9,Dm9,13,10,3,0,32,25,7,0
LPi12,T2,12,9,3,0,32,23,9,0
Tm5d,Sm21,15,12,3,0,32,26,6,0
Li33,Li08,12,5,7,0,32,14,18,0
Li33,LTe49b,2,0,2,0,32,0,32,0
Li33,LC31c,2,1,1,0,32,23,9,0
LMa2,LC31c,12,7,5,0,32,17,15,0
LMa2,LTe76,7,2,5,0,32,5,27,0
TmY31,LPTe02,11,6,5,0,32,18,14,0
Sm35,Sm26,13,7,6,0,32,17,15,0
Sm35,MTe51,12,10,2,0,32,27,5,0
TmY11,T5a,9,1,8,0,32,2,30,0
Li32,Li31,2,1,1,0,32,12,20,0
Li24,Tm5f,15,9,6,0,32,19,13,0
CT1,Mi4,14,5,9,0,32,10,22,0
TmY15,LPi07,16,13,3,0,32,26,6,0
Am1,LPi09,11,1,10,0,32,2,30,0
Li30,LC15,13,8,5,0,32,22,10,0
Li30,LTe58,11,5,6,0,32,13,19,0
Li30,LTe05,2,1,1,0,32,24,8,0
TmY9q⊥,Sm05,12,10,2,0,32,26,6,0
Li29,Tm25,16,9,7,0,32,18,14,0
Sm43,Sm30,13,8,5,0,32,22,10,0
C2,R1-6,10,9,1,0,32,27,5,0
Li23,Li10,15,6,9,0,32,13,19,0
MeTu3a,MeTu3b,13,8,5,0,32,16,16,0
cLP02,LC28a,7,0,7,0,32,0,32,0
LT55,LTe74,2,1,1,0,32,15,17,0
aMe5,Sm12,13,4,9,0,32,12,20,0
MeTu4c,LTe60,9,4,5,0,32,15,17,0
MTe01b,Sm40,13,8,5,0,32,21,11,0
LC25,LT11,14,6,8,0,32,13,19,0
LC14b,MeTu4a,7,1,6,0,32,4,28,0
LC14b,LC39,13,5,8,0,32,11,21,0
LLPC3,Li33,13,4,9,0,32,9,23,0
MeLp1,VSm,6,4,2,0,32,24,8,0
MeLp1,MTe44,2,1,1,0,32,17,15,0
LC21,LMa1,13,3,10,0,32,7,25,0
LLPC1,LLPt,14,10,4,0,32,24,8,0
MTe02,Sm02,15,7,8,0,32,14,18,0
LC14a1,TmY20,11,7,4,0,32,19,13,0
LC16,LC11,14,4,10,0,32,8,24,0
LCe03,Li30,13,9,4,0,32,21,11,0
MTe07,MLt5,16,5,11,0,32,10,22,0
LPLC1,LT1b,13,5,8,0,32,14,18,0
LC14a1,LC10d,10,7,3,0,32,22,10,0
MeMe_e02,Dm2,15,8,7,0,32,17,15,0
MTe52,Sm05,14,10,4,0,32,21,11,0
MeTu1,MeTu3b,14,6,8,0,32,14,18,0
LT43,LTe33,8,3,5,0,32,17,15,0
LC13,cL13,6,0,6,0,32,0,32,0
MeTu4c,LTe30,11,6,5,0,32,16,16,0
MTe01a,Tm5b,10,6,4,0,32,22,10,0
LT82a,LC18,15,6,9,0,32,12,20,0
MeTu4c,TmY5a,16,9,7,0,32,18,14,0
LC24,Li27,13,8,5,0,32,21,11,0
LPLC2,TmY5a,14,11,3,0,32,26,6,0
LC6,LT77,11,4,7,0,32,10,22,0
cL14,LC10b,12,8,4,0,32,23,9,0
cL14,Li27,4,2,2,0,32,20,12,0
LT52,LMt4,10,4,6,0,32,15,17,0
MeTu4a,LTe11,11,5,6,0,32,14,18,0
LCe01b,Tm5c,15,10,5,0,32,22,10,0
LCe01b,Tm37,14,9,5,0,32,22,10,0
LTe64,LT51,4,2,2,0,32,16,16,0
LC20a,Li32,13,11,2,0,32,27,5,0
MTe05,MTe06,13,8,5,0,32,21,11,0
LT79,LTe31,2,1,1,0,32,18,14,0
MTe01a,Sm41,13,9,4,0,32,23,9,0
LT57,LTe38b,11,6,5,0,32,18,14,0
LC26,Tm20,11,0,11,0,32,0,32,0
CB0816,cM08c,8,3,5,0,32,8,24,0
LT70,LPLC2,13,7,6,0,32,18,14,0
LT70,LTe21,7,3,4,0,32,11,21,0
cM08a,Sm36,9,4,5,0,32,13,19,0
OA-AL2i3,Mi14,15,12,3,0,32,26,6,0
LTe06,Tm16,11,4,7,0,32,11,21,0
l-LNv,Dm9,15,7,8,0,32,14,18,0
LC27,LC37a,11,3,8,0,32,8,24,0
cL20,LC19,5,1,4,0,32,8,24,0
LT37,LC41,7,4,3,0,32,19,13,0
LC20b,LC10c,12,5,7,0,32,11,21,0
5-HTPMPV03,Lawf1,14,7,7,0,32,14,18,0
MeMe_e09,Sm40,6,3,3,0,32,20,12,0
LC21,LTe29,9,5,4,0,32,17,15,0
MTe50,Pm13,8,5,3,0,32,22,10,0
MTe04,Sm41,10,6,4,0,32,20,12,0
LTe22,Tm32,12,5,7,0,32,10,22,0
MTe42,aMe17c,3,1,2,0,32,20,12,0
LC29,Li01,13,8,5,0,32,22,10,0
LC24,LT64,9,5,4,0,32,19,13,0
cL01,cL04,5,1,4,0,32,9,23,0
mALD1,LC37a,7,4,3,0,32,11,21,0
mALD1,LTe46,2,1,1,0,32,14,18,0
LPLC4,TmY20,13,10,3,0,32,26,6,0
LC17,LMt2,14,7,7,0,32,14,18,0
LC20a,LC10e,12,8,4,0,32,22,10,0
LT63,LTe42a,4,2,2,0,32,19,13,0
LPLC1,LT56,8,4,4,0,32,24,8,0
LC28a,LTe60,8,5,3,0,32,23,9,0
aMe5,MeTu3c,13,6,7,0,32,14,18,0
MeMe_e07,Tm25,15,7,8,0,32,15,17,0
MeMe_e07,MTe43,7,4,3,0,32,16,16,0
MeMe_e07,T2,15,8,7,0,32,17,15,0
MeMe_e07,Tm2,14,10,4,0,32,23,9,0
LT38,LT51,6,4,2,0,32,27,5,0
cL17,Li02,8,0,8,0,32,0,32,0
LT59,Li10,12,8,4,0,32,19,13,0
cM02a,Sm14,7,3,4,0,32,21,11,0
cM02a,Sm04,13,8,5,0,32,22,10,0
LC22,LT63,10,5,5,0,32,15,17,0
LT64,LC39,9,6,3,0,32,25,7,0
LC39,Li29,4,2,2,0,32,18,14,0
OA-AL2i2,LC31a,15,9,6,0,32,19,13,0
LTe02,cM08c,8,5,3,0,32,25,7,0
cLP05,PLP163,2,1,0,1,32,27,0,5
cM03,Sm09,15,9,6,0,32,19,13,0
LT40,LCe06,5,3,2,0,32,27,5,0
aMe17a2,Sm02,14,7,7,0,32,16,16,0
mALC5,OA-AL2i4,2,1,1,0,32,16,16,0
LC39,Li06,12,6,6,0,32,17,15,0
cM08c,MLt1,11,7,4,0,32,20,12,0
s-LNva,LNda,2,1,1,0,32,24,8,0
LT56,LMt1,9,5,4,0,32,18,14,0
LCe01a,Li09,14,9,5,0,32,22,10,0
OA-AL2b2,L4,13,8,5,0,32,20,12,0
LTe38b,LTe75,4,1,3,0,32,8,24,0
MTe47,Li20,7,5,2,0,32,24,8,0
LT70,LC14b,11,7,4,0,32,22,10,0
MTe02,MTe01a,13,10,3,0,32,26,6,0
CB0592,MTe01b,9,7,2,0,32,24,8,0
LTe52,PLP051,3,1,2,0,32,19,13,0
LT53,Li06,11,7,4,0,32,22,10,0
cM12,Lawf2,11,6,5,0,32,17,15,0
cL22b,PLP051,2,1,1,0,32,19,13,0
LTe27,LTe63,5,2,3,0,32,10,22,0
LT38,Tlp14,7,5,2,0,32,12,20,0
DCH,LPT50,2,1,1,0,32,25,7,0
OA-AL2i1,MLt2,14,11,3,0,32,25,7,0
cM15,MTe47,4,2,2,0,32,21,11,0
LLPC3,LPT23,14,11,3,0,32,25,7,0
MC65,LC35,4,3,1,0,32,21,11,0
OA-AL2i4,Sm36,6,3,3,0,32,22,10,0
LPT57,LPi07,12,3,9,0,32,6,26,0
LT36,cL11,2,1,1,0,32,9,23,0
cL04,LT43,7,3,4,0,32,15,17,0
LT58,TmY31,13,7,6,0,32,17,15,0
LT58,TmY10,13,8,5,0,32,20,12,0
cL09,LMa3,5,3,2,0,32,25,7,0
LNda,s-LNva,2,1,1,0,32,27,5,0
cML01,T4c,14,8,6,0,32,19,13,0
cL05,LTe42a,2,1,1,0,32,10,22,0
cL05,Li28,4,2,2,0,32,7,25,0
MTe26,LTe48,2,1,1,0,32,18,14,0
cMLLP01,cL14,2,1,1,0,32,17,15,0
cMLLP01,TmY11,14,7,7,0,32,16,16,0
aMe17a1,MLt8,9,4,5,0,32,15,17,0
aMe17a1,TmY9q,11,8,3,0,32,21,11,0
LTe49b,LT51,4,0,4,0,32,0,32,0
cL15,PLP051,2,1,1,0,32,10,22,0
LT39,Li28,4,2,2,0,32,18,14,0
LT41,LC10c,12,6,6,0,32,16,16,0
LT41,Li16,7,5,2,0,32,27,5,0
Tm5a,LC19,5,5,0,0,32,32,0,0
Mi15,aMe3,13,13,0,0,32,32,0,0
LC40,PLP239,3,3,0,0,32,32,0,0
LTe17,PLP023,1,1,0,0,32,32,0,0
cM01b,Sm33,2,2,0,0,32,32,0,0
LTe21,PLP037b,1,1,0,0,32,32,0,0
PLP037b,LPT51,1,1,0,0,32,32,0,0
Dm3p,Tm5c,13,3,10,0,31,7,24,0
Y3,MeMe_e08,15,7,8,0,31,14,17,0
Tm3,LT61a,8,0,8,0,31,0,31,0
TmY11,LT76,15,6,9,0,31,12,19,0
Tm2,MTe52,11,5,6,0,31,10,21,0
LMt2,Tm25,15,5,10,0,31,10,21,0
LPi06,T5d,14,11,3,0,31,24,7,0
Dm11,Sm21,14,10,4,0,31,22,9,0
Sm18,Tm27,14,5,9,0,31,10,21,0
Tm7,MTe02,14,7,7,0,31,15,16,0
Tm25,Li10,10,7,3,0,31,24,7,0
Tm25,Tm4,13,6,7,0,31,14,17,0
Mi9,MLt4,10,8,2,0,31,26,5,0
Y3,LMt1,14,10,4,0,31,22,9,0
Tlp5,LPi07,14,5,9,0,31,11,20,0
TmY9q⊥,Li29,14,9,5,0,31,18,13,0
Pm07,Tm32,14,4,10,0,31,9,22,0
TmY9q,Sm36,13,4,9,0,31,9,22,0
T2,LT33,13,3,10,0,31,6,25,0
Sm07,MeMe_e03,11,6,5,0,31,17,14,0
TmY9q⊥,LC17,11,6,5,0,31,19,12,0
Mi15,Tm37,8,1,7,0,31,2,29,0
TmY15,Tm7,14,7,7,0,31,15,16,0
Tm32,LC39,12,6,6,0,31,17,14,0
LLPt,LCe01a,15,8,7,0,31,16,15,0
TmY9q,LTe49a,12,8,4,0,31,21,10,0
T5d,LLPt,14,8,6,0,31,16,15,0
TmY5a,T4a,15,8,7,0,31,17,14,0
T2,Y4,12,3,9,0,31,6,25,0
TmY14,MeMe_e08,14,5,9,0,31,10,21,0
TmY15,LC10b,10,4,6,0,31,9,22,0
Mi13,Dm1,12,7,5,0,31,18,13,0
Sm07,MeTu3b,14,7,7,0,31,14,17,0
Li17,LT1c,11,2,9,0,31,6,25,0
Tm16,LTe03,13,8,5,0,31,20,11,0
Sm05,Mi15,14,6,8,0,31,15,16,0
MLt6,Sm06,10,1,9,0,31,2,29,0
Tm37,LCe07,10,3,7,0,31,7,24,0
Tm8b,LTe24,12,6,6,0,31,14,17,0
Mi9,Tm35,15,8,7,0,31,17,14,0
Li02,cM08a,11,5,6,0,31,13,18,0
Mi13,Sm32,14,8,6,0,31,17,14,0
Tm7,LTe08,12,5,7,0,31,13,18,0
Sm07,Tm37,13,8,5,0,31,19,12,0
Sm07,Sm31,12,5,7,0,31,13,18,0
LPi05,TmY9q,11,4,7,0,31,11,20,0
TmY10,LTe49a,12,8,4,0,31,19,12,0
Tm5b,Y4,15,7,8,0,31,14,17,0
Mi4,MTe51,12,5,7,0,31,11,20,0
Sm10,MTe15,12,8,4,0,31,19,12,0
Tm8a,Li32,13,8,5,0,31,19,12,0
Tm8b,LT79,13,4,9,0,31,11,20,0
TmY20,LC6,13,3,10,0,31,7,24,0
LMa2,Li28,12,9,3,0,31,25,6,0
Dm3q,Tm5c,13,8,5,0,31,20,11,0
Tlp4,LC21,12,5,7,0,31,15,16,0
Tm5a,Sm06,14,10,4,0,31,22,9,0
Tm16,MLt5,14,5,9,0,31,11,20,0
Li06,Li09,13,8,5,0,31,19,12,0
Tm16,LTe67,12,5,7,0,31,17,14,0
Tm16,LT47,11,4,7,0,31,12,19,0
MLt6,Tm32,13,5,8,0,31,12,19,0
Sm27,MTe33,9,4,5,0,31,16,15,0
LMt1,LT66,12,6,6,0,31,16,15,0
Li19,LC29,13,5,8,0,31,13,18,0
Sm08,Sm03,14,9,5,0,31,19,12,0
Sm18,Sm06,12,3,9,0,31,7,24,0
Dm11,Tm5d,13,7,6,0,31,16,15,0
MLt2,Tm5b,7,4,3,0,31,24,7,0
Dm2,OA-AL2i4,15,4,11,0,31,8,23,0
MLt1,Li21,9,4,5,0,31,11,20,0
Dm9,MTe50,10,5,5,0,31,14,17,0
TmY11,Y12,13,5,8,0,31,12,19,0
Tm5a,Dm20,13,4,9,0,31,9,22,0
Tm25,MTe14,12,5,7,0,31,15,16,0
Li11,LC37a,12,7,5,0,31,18,13,0
TmY9q⊥,Tm7,12,6,6,0,31,17,14,0
Sm41,DmDRA1,12,10,2,0,31,27,4,0
Sm41,MeMe_e04,4,2,2,0,31,20,11,0
Sm08,Tm32,12,8,4,0,31,20,11,0
Li21,LT61b,12,8,4,0,31,19,12,0
Sm13,MLt2,13,8,5,0,31,18,13,0
Li06,T2,13,5,8,0,31,14,17,0
Dm15,MTe43,14,10,4,0,31,20,11,0
MLt1,Dm6,14,9,5,0,31,21,10,0
Tm5f,LC43,14,10,4,0,31,23,8,0
Tm5c,MeTu1,14,8,6,0,31,18,13,0
Tlp14,LT51,12,6,6,0,31,16,15,0
Dm13,T2a,11,3,8,0,31,7,24,0
Li10,TmY9q⊥,15,9,6,0,31,19,12,0
MLt1,Tm5e,11,4,7,0,31,14,17,0
LLPt,Tm8a,15,6,9,0,31,13,18,0
LMt1,MTe54,10,0,10,0,31,0,31,0
TmY4,Tm8a,14,7,7,0,31,14,17,0
Li22,Li17,12,7,5,0,31,20,11,0
Y3,Am1,12,6,6,0,31,14,17,0
T3,Mi9,12,7,5,0,31,19,12,0
Sm11,MTe51,5,1,4,0,31,2,29,0
Li09,LC29,11,8,3,0,31,23,8,0
Li01,Li18,11,2,9,0,31,4,27,0
R7,MTe25,10,7,3,0,31,25,6,0
T5a,TmY4,14,7,7,0,31,16,15,0
TmY5a,Dm2,13,5,8,0,31,12,19,0
MLt1,LC10a,13,7,6,0,31,18,13,0
Tm21,Mi4,13,10,3,0,31,23,8,0
LLPt,LTe45,8,5,3,0,31,12,19,0
Li11,LC28a,14,11,3,0,31,24,7,0
Sm08,Sm08,12,2,10,0,31,4,27,0
Sm26,Sm07,15,7,8,0,31,14,17,0
Pm03,MTe43,10,8,2,0,31,27,4,0
Y1,LPi09,9,4,5,0,31,9,22,0
Lawf1,L5,8,5,3,0,31,18,13,0
Li03,LT58,13,8,5,0,31,20,11,0
MLt7,MTe04,13,8,5,0,31,16,15,0
Li10,TmY14,13,9,4,0,31,21,10,0
TmY31,Mi2,14,10,4,0,31,23,8,0
Sm03,aMe17b,12,7,5,0,31,15,16,0
LMa2,Tm5b,12,3,9,0,31,11,20,0
LPi15,VS1,2,1,1,0,31,16,15,0
TmY15,Li10,14,8,6,0,31,17,14,0
Tm35,LC15,13,8,5,0,31,21,10,0
Tm37,LTe47,9,2,7,0,31,5,26,0
Tm4,Dm20,14,10,4,0,31,22,9,0
Mi2,LMa2,14,6,8,0,31,13,18,0
Pm07,MLt4,13,7,6,0,31,18,13,0
Li13,LLPt,10,6,4,0,31,12,19,0
Tm5e,LC43,15,10,5,0,31,20,11,0
Tm9,Dm20,14,7,7,0,31,15,16,0
Li28,Li01,13,6,7,0,31,16,15,0
Li28,Li05,12,6,6,0,31,16,15,0
Tlp14,LPi13,10,8,2,0,31,25,6,0
Pm14,MTe41,4,2,2,0,31,21,10,0
Sm27,MLt6,12,7,5,0,31,19,12,0
Li04,LT55,9,7,2,0,31,27,4,0
Mi2,LMa4,11,2,9,0,31,4,27,0
Li19,LC4,12,7,5,0,31,19,12,0
Tm2,Li21,11,5,6,0,31,18,13,0
Li31,LT11,2,1,1,0,31,17,14,0
Li31,LT74,5,2,3,0,31,16,15,0
LMt1,Tm3,15,4,11,0,31,8,23,0
Sm10,Sm03,14,9,5,0,31,20,11,0
Tm9,Dm10,11,10,1,0,31,29,2,0
Tm5e,Li08,14,9,5,0,31,19,12,0
Sm42,OA-ASM1,7,3,4,0,31,18,13,0
Sm42,MTe18,3,1,2,0,31,12,19,0
Tm36,Sm04,14,9,5,0,31,19,12,0
Tm5c,LTe32,11,4,7,0,31,13,18,0
TmY20,MTe54,12,9,3,0,31,23,8,0
Sm10,cM12,10,4,6,0,31,13,18,0
Tm5d,MTe16,13,10,3,0,31,24,7,0
Li27,LTe18,4,2,2,0,31,14,17,0
Li27,LLPt,10,4,6,0,31,15,16,0
DmDRA2,MTe29,8,3,5,0,31,14,17,0
Sm33,Sm18,7,3,4,0,31,20,11,0
LPi12,LPT26,2,1,1,0,31,19,12,0
Tm16,Li08,15,11,4,0,31,23,8,0
Dm17,MTe43,7,4,3,0,31,23,8,0
Tm16,LT68,12,8,4,0,31,18,13,0
Li33,Tm5d,10,4,6,0,31,10,21,0
Li33,LTe12,2,1,1,0,31,22,9,0
LMt2,Li21,12,5,7,0,31,10,21,0
Sm36,Dm9,13,7,6,0,31,17,14,0
Sm36,CB0566,6,4,2,0,31,18,13,0
Sm38,MeTu2a,9,5,4,0,31,21,10,0
Li24,LCe06,7,4,3,0,31,16,15,0
Li24,LC14a2,9,6,3,0,31,23,8,0
Sm35,Tm5c,12,11,1,0,31,28,3,0
Li01,LTe05,12,10,2,0,31,24,7,0
Am1,Li26,7,4,3,0,31,17,14,0
Am1,CB0592,2,1,1,0,31,11,20,0
Am1,LT33,2,1,1,0,31,10,21,0
Li29,LC29,11,4,7,0,31,12,19,0
Tm25,Sm09,15,13,2,0,31,27,4,0
Li27,LT84,3,2,1,0,31,15,16,0
LT55,LC37a,7,4,3,0,31,15,16,0
aMe5,MeTu3b,15,8,7,0,31,17,14,0
LPLC2,LPi14,14,8,6,0,31,19,12,0
MeLp1,LPT51,4,2,2,0,31,24,7,0
cM09,aMe1,5,3,2,0,31,8,23,0
LLPC2,cL20,6,1,5,0,31,5,26,0
LPT51,Tm32,8,1,7,0,31,3,28,0
MTe07,Sm13,12,2,10,0,31,4,27,0
LPC2,LLPt,14,8,6,0,31,18,13,0
MeTu4c,LCe04,14,7,7,0,31,15,16,0
MTe01b,Sm31,11,9,2,0,31,26,5,0
MTe01a,MeTu4b,9,7,2,0,31,22,9,0
LT52,Tm5d,5,1,4,0,31,2,29,0
MeTu4a,LC10f,10,6,4,0,31,20,11,0
aMe17b,Mi4,14,7,7,0,31,17,14,0
MeTu4a,TmY20,11,4,7,0,31,11,20,0
LC10d,Li02,14,9,5,0,31,19,12,0
CB0816,MLt2,12,7,5,0,31,19,12,0
LT79,LPLC2,15,2,13,0,31,5,26,0
LT79,Li06,15,9,6,0,31,18,13,0
LPT54,Y4,12,7,5,0,31,18,13,0
MeMe_e02,Sm37,5,3,2,0,31,13,18,0
MeMe_e02,MLt6,10,3,7,0,31,8,23,0
LLPC1,LLPC2,14,8,6,0,31,16,15,0
LPLC1,LPLC2,12,7,5,0,31,15,16,0
LPT23,LPT22,5,3,2,0,31,19,12,0
cL08,LMa5,13,8,5,0,31,21,10,0
cL08,LMt1,8,3,5,0,31,6,25,0
LC37a,LTe22,5,3,2,0,31,15,16,0
LLPC1,T5a,15,5,10,0,31,10,21,0
MeTu4a,LTe72,9,3,6,0,31,17,14,0
cL07,Li25,4,2,2,0,31,5,26,0
cM17,MTe28,2,1,1,0,31,20,11,0
OA-AL2i3,cM09,8,5,3,0,31,17,14,0
OA-AL2i3,Sm42,4,2,2,0,31,16,15,0
cM06,T4b,13,5,8,0,31,13,18,0
aMe1,cL10,4,2,2,0,31,15,16,0
LT37,Tm16,6,2,4,0,31,21,10,0
LTe49b,cL13,3,0,1,2,31,0,13,18
MTe20,aMe22,2,1,1,0,31,14,17,0
LC10c,Li10,12,5,7,0,31,14,17,0
MTe42,LTe13,2,1,1,0,31,13,18,0
LC35,LTe20,6,4,2,0,31,23,8,0
LPT50,Y3,13,11,2,0,31,26,5,0
MeTu3b,DmDRA1,14,8,6,0,31,17,14,0
LT83,cM11,2,0,2,0,31,0,31,0
mALD1,LT51,6,3,3,0,31,18,13,0
LC24,OA-ASM1,11,7,4,0,31,22,9,0
cLLP02,LC40,14,6,8,0,31,13,18,0
LC20a,LTe49b,9,4,5,0,31,14,17,0
LTe41,Li13,9,4,5,0,31,14,17,0
LT52,LTe55,6,2,4,0,31,18,13,0
cL17,LT57,7,1,6,0,31,6,25,0
LTe20,aMe17a2,2,1,1,0,31,26,5,0
LC10a,Li06,11,3,8,0,31,6,25,0
LC37a,LT59,7,4,3,0,31,9,22,0
mALD2,LTe47,4,2,2,0,31,13,18,0
MeMe_e05,Tm37,9,5,4,0,31,15,16,0
LC10b,LC10c,10,4,6,0,31,12,19,0
cMLLP02,Y12,13,11,2,0,31,27,4,0
LTe64,LMt3,9,3,6,0,31,13,18,0
cL01,LTe58,11,4,7,0,31,11,20,0
cM03,MLt8,14,10,4,0,31,23,8,0
LPLC1,T3,9,1,8,0,31,2,29,0
VST2,LPT49,6,3,3,0,31,22,9,0
aMe17a2,Tm7,14,5,9,0,31,11,20,0
mALC5,Li03,7,3,4,0,31,15,16,0
mALC5,Tm5c,12,7,5,0,31,18,13,0
LPT22,LPi14,4,2,2,0,31,21,10,0
OA-ASM1,Tm8a,13,9,4,0,31,22,9,0
OA-ASM1,Tm35,15,7,8,0,31,15,16,0
OA-ASM1,Li12,14,6,8,0,31,12,19,0
LT86,aMe25,2,1,1,0,31,17,14,0
MTe04,LTe56,4,2,2,0,31,14,17,0
LLPC2,Li05,13,7,6,0,31,14,17,0
s-LNva,aMe22,2,1,1,0,31,29,2,0
LAL047,LT51,4,2,2,0,31,19,12,0
Nod1,cLP03,5,0,0,5,31,0,0,31
LPT42_Nod4,LPi15,2,1,1,0,31,21,10,0
MC65,LTe23,4,2,2,0,31,17,14,0
MC65,Sm08,10,7,3,0,31,24,7,0
LT61b,LTe59,2,1,1,0,31,24,7,0
CB0592,Mi10,10,7,3,0,31,21,10,0
LTe13,aMe17c,3,1,2,0,31,13,18,0
LTe13,cMLLP01,3,1,1,1,31,14,12,5
LT84,LTe03,2,0,2,0,31,0,31,0
LT84,LTe65,3,0,3,0,31,0,31,0
cM08b,MTe02,12,5,7,0,31,10,21,0
LC20b,Tm21,8,6,2,0,31,27,4,0
LC20b,Tm8a,10,7,3,0,31,15,16,0
MTe40,MeLp1,2,1,1,0,31,17,14,0
MTe40,aMe19b,2,1,1,0,31,11,20,0
cL11,LTe49d,5,2,1,2,31,12,7,12
DCH,T2,15,13,2,0,31,27,4,0
OA-AL2i1,Pm03,14,6,8,0,31,14,17,0
cM15,MeMe_e08,9,5,4,0,31,17,14,0
cM15,MeTu4c,10,7,3,0,31,24,7,0
OA-AL2i4,Sm16,14,5,9,0,31,12,19,0
OA-AL2i4,MLt7,12,8,4,0,31,21,10,0
cM05,TmY16,12,5,7,0,31,13,18,0
cL04,LTe48,4,2,2,0,31,26,5,0
LT58,MTe09,8,3,5,0,31,13,18,0
aMe25,LT43,4,2,2,0,31,19,12,0
cML01,Pm03,13,8,5,0,31,19,12,0
LTe53,cL16,3,2,1,0,31,25,6,0
cM10,Sm31,11,5,6,0,31,17,14,0
cLLPM02,LMa1,8,4,4,0,31,19,12,0
cMLLP01,Tm27,13,4,9,0,31,11,20,0
cMLLP01,Sm07,10,4,6,0,31,13,18,0
cMLLP01,LC19,6,2,4,0,31,7,24,0
aMe17a1,MeTu3c,11,7,4,0,31,19,12,0
cL22c,LC10c,10,5,5,0,31,14,17,0
cL15,LTe42a,2,1,1,0,31,7,24,0
cM16,CB0816,4,2,2,0,31,20,11,0
LPT53,Y12,10,5,5,0,31,16,15,0
LPT53,TmY14,6,3,3,0,31,7,24,0
LPT53,cLP04,2,1,1,0,31,17,14,0
Pm08,MLt1,6,6,0,0,31,31,0,0
Sm35,MLt2,8,8,0,0,31,31,0,0
LC22,DNp31,4,4,0,0,31,31,0,0
MTe42,CB0734,1,1,0,0,31,31,0,0
aMe3,CB1770,1,1,0,0,31,31,0,0
cL02a,Li13,6,6,0,0,31,31,0,0
Mi1,L4,12,5,7,0,30,11,19,0
Tm5c,Tlp4,13,5,8,0,30,11,19,0
Tm5c,LTe52,10,6,4,0,30,17,13,0
Tm25,MeTu4a,14,9,5,0,30,20,10,0
Sm06,MTe47,12,6,6,0,30,14,16,0
Li08,LT86,9,2,7,0,30,8,22,0
Tm2,LMt3,13,5,8,0,30,11,19,0
Y4,T4a,15,8,7,0,30,16,14,0
Li20,LT33,6,3,3,0,30,19,11,0
Li20,Li21,9,7,2,0,30,26,4,0
Tm32,Sm12,14,6,8,0,30,14,16,0
Tm16,Pm09,14,7,7,0,30,15,15,0
DmDRA2,MTe04,11,3,8,0,30,14,16,0
T5d,Tm4,15,7,8,0,30,14,16,0
MLt2,Li02,7,1,6,0,30,2,28,0
Pm11,MTe52,13,8,5,0,30,18,12,0
TmY14,LPLC2,11,1,10,0,30,2,28,0
Dm20,Dm2,11,5,6,0,30,10,20,0
Tlp14,LC17,12,6,6,0,30,16,14,0
Tm27,L2,4,1,3,0,30,2,28,0
TmY14,LPLC1,14,5,9,0,30,10,20,0
Tm5d,Tm5c,12,3,9,0,30,7,23,0
Tlp5,HSS,12,5,7,0,30,10,20,0
MLt7,LTe33,13,7,6,0,30,17,13,0
TmY20,LC13,13,10,3,0,30,23,7,0
Tm27,LMt2,12,7,5,0,30,17,13,0
Sm09,Sm11,12,4,8,0,30,9,21,0
T2,T5c,14,4,10,0,30,8,22,0
Tm5a,LC20a,10,9,1,0,30,27,3,0
TmY9q⊥,cL11,11,1,10,0,30,2,28,0
Tm35,LC29,11,4,7,0,30,11,19,0
TmY14,Mi10,13,10,3,0,30,24,6,0
Dm16,Mi2,14,8,6,0,30,18,12,0
Li05,Li29,14,7,7,0,30,15,15,0
Li05,LC21,13,4,9,0,30,8,22,0
Mi10,MTe12,13,5,8,0,30,10,20,0
Dm17,cM05,8,4,4,0,30,17,13,0
LPi06,LPC2,11,6,5,0,30,17,13,0
Y3,LTe66,10,4,6,0,30,11,19,0
Li02,LPLC2,13,5,8,0,30,13,17,0
Y4,Y12,13,6,7,0,30,14,16,0
Sm15,MeTu4c,12,6,6,0,30,15,15,0
Dm16,MLt3,14,10,4,0,30,20,10,0
Tm25,TmY31,13,8,5,0,30,18,12,0
Sm32,T2a,10,4,6,0,30,9,21,0
Li02,Li06,13,8,5,0,30,18,12,0
Li02,LC10a,14,3,11,0,30,6,24,0
Tm1,Li06,11,2,9,0,30,4,26,0
Li10,LTe12,11,7,4,0,30,21,9,0
Tm9,Tm5c,13,4,9,0,30,8,22,0
Li13,LCe03,12,10,2,0,30,23,7,0
MLt2,TmY31,11,6,5,0,30,17,13,0
Tm16,Tm5b,13,6,7,0,30,14,16,0
Tm21,Mi9,13,5,8,0,30,12,18,0
Li03,Li33,8,1,7,0,30,4,26,0
LLPt,Li07,12,3,9,0,30,7,23,0
Sm13,Sm06,12,1,11,0,30,2,28,0
Pm07,CB0592,12,6,6,0,30,16,14,0
LMa2,LC10d,10,4,6,0,30,11,19,0
MLt2,Mi9,14,7,7,0,30,15,15,0
Tm7,cLM01,13,7,6,0,30,17,13,0
Y3,LT65,9,5,4,0,30,10,20,0
Tm16,L4,14,7,7,0,30,15,15,0
MLt3,Tm5e,11,2,9,0,30,4,26,0
Y4,LC12,13,5,8,0,30,10,20,0
TmY5a,LC4,14,4,10,0,30,10,20,0
Tm5c,Dm11,9,1,8,0,30,2,28,0
Tm34,LT85,12,8,4,0,30,21,9,0
MLt7,MTe05,13,8,5,0,30,20,10,0
Dm10,Tm2,11,4,7,0,30,9,21,0
TmY20,LCe08,12,10,2,0,30,26,4,0
TmY4,Tm8b,8,7,1,0,30,28,2,0
Tm8b,MeTu4a,13,4,9,0,30,8,22,0
Li16,DNp11,10,3,7,0,30,7,23,0
Sm09,TmY9q,13,7,6,0,30,16,14,0
Y12,TmY5a,12,6,6,0,30,13,17,0
MLt1,LPLC4,8,1,7,0,30,2,28,0
Sm10,Tm3,14,8,6,0,30,17,13,0
Dm3p,Tm5e,15,5,10,0,30,10,20,0
Mi1,Sm04,13,7,6,0,30,15,15,0
TmY9q⊥,LLPC1,11,6,5,0,30,13,17,0
LMa3,LPLC4,14,4,10,0,30,9,21,0
Dm2,Dm20,12,4,8,0,30,9,21,0
TmY31,TmY15,10,4,6,0,30,9,21,0
T5a,Tm3,13,8,5,0,30,20,10,0
Pm02,Tm2,12,5,7,0,30,13,17,0
Tm33,LTe35,11,7,4,0,30,21,9,0
LMt4,MTe44,6,3,3,0,30,20,10,0
Tm5e,Sm40,14,4,10,0,30,8,22,0
Li26,cL09,5,3,2,0,30,20,10,0
Dm15,T2a,14,7,7,0,30,15,15,0
Tm3,MTe43,13,7,6,0,30,16,14,0
Tlp5,LPT31,13,9,4,0,30,22,8,0
Sm08,aMe26,14,9,5,0,30,19,11,0
T5b,LPi09,10,0,10,0,30,0,30,0
TmY11,LC39,10,6,4,0,30,18,12,0
Sm19,Sm26,13,7,6,0,30,15,15,0
TmY5a,LT58,12,8,4,0,30,18,12,0
Tm5e,LC17,14,10,4,0,30,22,8,0
T3,LC24,11,0,11,0,30,0,30,0
Sm12,MeMe_e02,13,9,4,0,30,19,11,0
LMa1,Tm1,11,8,3,0,30,24,6,0
Sm05,Sm27,11,8,3,0,30,23,7,0
MLt1,Li10,12,3,9,0,30,7,23,0
T5c,Li14,15,10,5,0,30,20,10,0
MLt1,LC27,13,6,7,0,30,15,15,0
LMa5,CB0592,11,7,4,0,30,21,9,0
Tm5d,LT57,12,6,6,0,30,15,15,0
Tlp14,LPT49,12,9,3,0,30,20,10,0
LPi09,LPLC4,10,3,7,0,30,6,24,0
Sm25,TmY4,11,6,5,0,30,14,16,0
Li11,Li10,13,7,6,0,30,16,14,0
Dm8a,Mi10,10,3,7,0,30,6,24,0
Sm07,MTe36,10,6,4,0,30,19,11,0
TmY9q,LC27,13,8,5,0,30,20,10,0
Li22,LMa3,12,3,9,0,30,7,23,0
Tm3,cML01,15,9,6,0,30,18,12,0
Sm03,Tm27,12,5,7,0,30,14,16,0
TmY5a,LPT48_vCal3,10,5,5,0,30,13,17,0
T4b,Y1,12,8,4,0,30,20,10,0
TmY10,TmY16,13,8,5,0,30,19,11,0
Li05,LC46,9,5,4,0,30,13,17,0
Sm30,aMe17c,12,5,7,0,30,14,16,0
Y12,MTe41,12,6,6,0,30,17,13,0
TmY5a,Li03,12,3,9,0,30,6,24,0
TmY3,Li17,14,8,6,0,30,18,12,0
Y1,MTe44,11,5,6,0,30,16,14,0
Y1,LPT30,10,4,6,0,30,12,18,0
Y4,LC31c,11,6,5,0,30,16,14,0
Li03,LC10a,12,6,6,0,30,15,15,0
Dm10,L1,12,7,5,0,30,14,16,0
TmY11,LTe47,7,0,7,0,30,0,30,0
Li06,Li16,13,4,9,0,30,9,21,0
Tm8b,LTe60,8,2,6,0,30,8,22,0
Mi14,Dm19,14,10,4,0,30,22,8,0
LMa5,T4c,7,5,2,0,30,21,9,0
LMa3,LC9,13,5,8,0,30,12,18,0
LMa4,Pm13,13,9,4,0,30,20,10,0
LMt1,LC4,12,5,7,0,30,12,18,0
LPi05,LPi05,13,10,3,0,30,24,6,0
Tm4,LT65,12,5,7,0,30,14,16,0
Li01,Tm8b,13,8,5,0,30,18,12,0
T1,TmY3,13,8,5,0,30,20,10,0
Li03,LCe07,9,5,4,0,30,16,14,0
Tm5c,OA-AL2i3,12,4,8,0,30,8,22,0
Y11,Li05,10,6,4,0,30,22,8,0
Mi1,Tm5d,12,8,4,0,30,19,11,0
Tlp5,TmY11,11,7,4,0,30,22,8,0
TmY9q,LPLC2,12,4,8,0,30,10,20,0
Li10,Li24,14,12,2,0,30,26,4,0
LPi10,LPi01,9,3,6,0,30,7,23,0
Tm25,LC22,12,2,10,0,30,5,25,0
Li09,Tm5b,14,8,6,0,30,18,12,0
TmY31,C2,12,9,3,0,30,22,8,0
Tm7,Tm16,13,4,9,0,30,8,22,0
LMt2,LMa1,14,10,4,0,30,22,8,0
Li13,LC37a,13,6,7,0,30,14,16,0
Pm07,Pm13,10,6,4,0,30,21,9,0
MLt3,LC22,13,10,3,0,30,24,6,0
TmY9q,LC22,5,0,5,0,30,0,30,0
MLt4,LC14b,11,4,7,0,30,10,20,0
MLt4,Pm04,6,4,2,0,30,12,18,0
Tm21,Li27,6,2,4,0,30,5,25,0
Y3,cL05,13,9,4,0,30,21,9,0
Pm14,Tm4,10,4,6,0,30,9,21,0
Dm12,MTe43,13,5,8,0,30,11,19,0
TmY9q,LCe03,12,6,6,0,30,14,16,0
Li04,Li05,13,9,4,0,30,20,10,0
Li12,LT81,11,7,4,0,30,20,10,0
Tlp1,Li02,9,7,2,0,30,23,7,0
Li31,LT61b,2,1,1,0,30,6,24,0
Tm27,VSm,10,5,5,0,30,13,17,0
Sm39,OA-AL2i3,4,2,2,0,30,16,14,0
Li13,LLPC4,10,5,5,0,30,14,16,0
Li05,LC28a,15,10,5,0,30,20,10,0
Li24,Li09,11,6,5,0,30,19,11,0
MLt8,Tm8a,12,9,3,0,30,22,8,0
Y1,Pm08,10,6,4,0,30,13,17,0
Tm16,LC17,10,2,8,0,30,4,26,0
Sm16,Tm5e,13,6,7,0,30,14,16,0
Tm5b,Sm08,12,10,2,0,30,25,5,0
LPi08,LPC1,13,11,2,0,30,26,4,0
Li33,LCe09,8,4,4,0,30,12,18,0
Tm9,L2,5,2,3,0,30,4,26,0
Sm36,TmY10,14,7,7,0,30,15,15,0
Pm13,LMt4,13,5,8,0,30,12,18,0
Li32,LPLC2,10,6,4,0,30,15,15,0
Li32,LC10b,10,7,3,0,30,18,12,0
Sm35,Dm8a,12,3,9,0,30,7,23,0
Li02,LC9,13,12,1,0,30,27,3,0
PDt,Dm10,11,10,1,0,30,28,2,0
Am1,LPT51,2,1,1,0,30,22,8,0
Dm17,MLt1,12,9,3,0,30,24,6,0
Lawf2,TmY14,9,6,3,0,30,20,10,0
Li30,Tm5e,14,13,1,0,30,28,2,0
Li30,Li31,2,1,1,0,30,12,18,0
Tm1,Li21,8,7,1,0,30,28,2,0
LPi13,LPT45_dCal1,3,2,1,0,30,27,3,0
LTe66,cL22b,5,0,4,1,30,0,25,5
MeMe_e01,OA-AL2i4,8,5,3,0,30,22,8,0
aMe5,CB0816,13,5,8,0,30,13,17,0
LC27,LT68,10,6,4,0,30,20,10,0
MTe45,OA-AL2b1,3,2,1,0,30,16,14,0
LC40,Li23,8,1,7,0,30,5,25,0
LT1d,LMa2,10,2,8,0,30,5,25,0
LC14b,LPTe01,9,8,1,0,30,22,8,0
MeMe_e01,Dm2,14,8,6,0,30,17,13,0
LT34,LC14a2,6,2,4,0,30,9,21,0
MeTu4a,LC13,10,2,8,0,30,5,25,0
MTe01a,aMe9,14,8,6,0,30,18,12,0
LC21,LC18,15,7,8,0,30,14,16,0
LTe15,LC36,4,2,2,0,30,17,13,0
LTe15,cLP03,4,3,1,0,30,25,5,0
MTe07,Sm20,13,5,8,0,30,12,18,0
cLP03,LPT28,9,5,4,0,30,17,13,0
LLPC1,LPLC1,13,6,7,0,30,15,15,0
LC16,LC21,14,4,10,0,30,8,22,0
MeTu4a,Li33,8,3,5,0,30,6,24,0
LC4,LPLC4,12,8,4,0,30,22,8,0
LC21,Tm27,14,9,5,0,30,19,11,0
LC34,LTe36,5,3,2,0,30,17,13,0
LC24,Li32,14,4,10,0,30,8,22,0
LC22,LT61b,12,8,4,0,30,18,12,0
MeMe_e01,Sm41,7,5,2,0,30,18,12,0
cL16,Tm35,11,10,1,0,30,28,2,0
MTe01b,MTe10,9,5,4,0,30,17,13,0
cL14,LC40,8,3,5,0,30,14,16,0
LC4,LC4,13,10,3,0,30,23,7,0
LPLC2,TmY31,13,8,5,0,30,18,12,0
LPLC1,LC19,13,4,9,0,30,8,22,0
LC21,LC14b,11,8,3,0,30,24,6,0
MTe01a,Sm16,13,9,4,0,30,22,8,0
LC25,Tm5f,12,2,10,0,30,4,26,0
LC11,T2a,15,6,9,0,30,12,18,0
aMe9,MeMe_e01,10,0,0,10,30,0,0,30
cL03,Li31,5,3,2,0,30,17,13,0
MeTu3b,MeTu1,14,5,9,0,30,11,19,0
LPT23,LPi12,6,3,3,0,30,15,15,0
LC22,LT73,11,7,4,0,30,18,12,0
LC10c,LT39,4,0,4,0,30,0,30,0
cL08,TmY16,11,8,3,0,30,23,7,0
LC11,TmY5a,13,2,11,0,30,4,26,0
cL10,aMe9,3,1,2,0,30,15,15,0
LLPC1,Li01,12,9,3,0,30,21,9,0
cM17,MTe46,3,1,2,0,30,8,22,0
cM17,Tm37,11,8,3,0,30,24,6,0
LC9,TmY5a,10,4,6,0,30,11,19,0
OA-AL2i3,MeTu3c,4,0,4,0,30,0,30,0
OA-AL2i3,Mi10,14,11,3,0,30,23,7,0
aMe1,MTe48,3,2,1,0,30,21,9,0
MeTu4a,MLt5,14,9,5,0,30,18,12,0
LT72,PLP155,2,1,1,0,30,9,21,0
LC9,LMt2,13,7,6,0,30,14,16,0
LLPC2,LPi02,14,13,1,0,30,28,2,0
LT37,LC6,10,5,5,0,30,19,11,0
LT37,Tm7,11,7,4,0,30,20,10,0
LT37,LT51,6,3,3,0,30,9,21,0
cL21,Tm36,14,6,8,0,30,12,18,0
cL21,LT82a,8,4,4,0,30,15,15,0
cL21,LC14b,11,6,5,0,30,19,11,0
LC10b,LTe19,12,6,6,0,30,15,15,0
LPLC4,Li32,12,6,6,0,30,15,15,0
MTe42,PLP231,4,1,1,2,30,6,6,18
LC24,LTe55,9,4,5,0,30,14,16,0
LT83,LT82a,5,3,2,0,30,13,17,0
MeTu4a,Y11,9,7,2,0,30,26,4,0
LTe11,LC39,4,2,2,0,30,18,12,0
cLLP02,LC46,11,6,5,0,30,12,18,0
LT63,Li32,2,1,1,0,30,4,26,0
LTe26,LC16,5,1,4,0,30,8,22,0
DNp11,LPLC4,8,3,5,0,30,14,16,0
MTe53,aMe19a,5,1,4,0,30,5,25,0
LT38,LT52,7,5,2,0,30,19,11,0
cL17,cM08c,4,3,1,0,30,16,14,0
LC37a,LC20a,9,4,5,0,30,10,20,0
LTe35,Tm31,8,4,4,0,30,19,11,0
LC18,LC16,11,8,3,0,30,23,7,0
cM11,Mi14,7,0,7,0,30,0,30,0
LC39,Li09,7,4,3,0,30,17,13,0
HSS,Tlp5,10,9,1,0,30,28,2,0
OA-AL2i2,Pm11,12,6,6,0,30,14,16,0
LTe33,LC28a,10,4,6,0,30,12,18,0
LTe33,LC10a,13,6,7,0,30,13,17,0
MeTu1,MeMe_e09,13,9,4,0,30,22,8,0
cM03,aMe17a1,5,2,3,0,30,10,20,0
aMe19b,Tm32,9,5,4,0,30,17,13,0
aMe19b,MeTu3c,12,5,7,0,30,12,18,0
LT40,LTe20,2,1,1,0,30,7,23,0
LT40,LT78,7,4,3,0,30,17,13,0
MeMe_e04,aMe5,4,1,3,0,30,2,28,0
aMe17a2,Tm20,14,7,7,0,30,14,16,0
OA-ASM1,Tm7,14,7,7,0,30,16,14,0
OA-ASM1,LT58,7,4,3,0,30,16,14,0
LCe01b,LTe76,6,2,4,0,30,7,23,0
LT1b,LMt2,11,7,4,0,30,21,9,0
cLP02,LPT45_dCal1,11,9,2,0,30,26,4,0
LAL047,LT53,4,2,2,0,30,17,13,0
OA-AL2b2,Dm20,10,4,6,0,30,13,17,0
LLPC1,LPi05,15,11,4,0,30,22,8,0
LPT58,TmY4,11,4,7,0,30,12,18,0
LTe60,LT36,2,1,1,0,30,7,23,0
CB0472,LT52,8,3,5,0,30,18,12,0
LT61b,LC31a,9,4,5,0,30,15,15,0
CB0592,TmY11,12,5,7,0,30,11,19,0
CB0592,TmY16,12,8,4,0,30,21,9,0
cM12,Tm32,4,1,3,0,30,11,19,0
VCH,Y11,14,5,9,0,30,11,19,0
VCH,TmY9q,13,5,8,0,30,12,18,0
VCH,LPi13,2,1,1,0,30,21,9,0
LT84,Li09,5,3,2,0,30,19,11,0
LT84,TmY31,5,3,2,0,30,25,5,0
cL22b,LC31c,2,1,1,0,30,13,17,0
cL22b,LC40,6,4,2,0,30,14,16,0
cM08b,Sm41,4,2,2,0,30,17,13,0
LT53,LMt3,10,4,6,0,30,10,20,0
DNp27,LT53,6,4,2,0,30,25,5,0
MTe22,MTe02,11,4,7,0,30,8,22,0
cL11,Li23,2,1,1,0,30,10,20,0
OA-AL2i1,CT1,2,1,1,0,30,15,15,0
OA-AL2i1,LPT23,6,3,3,0,30,21,9,0
cM15,MLt6,12,6,6,0,30,17,13,0
cM15,CT1,2,1,1,0,30,18,12,0
cM15,Dm8b,13,8,5,0,30,19,11,0
aMe6a,LTe13,2,1,1,0,30,22,8,0
OA-AL2i4,Sm13,13,8,5,0,30,19,11,0
OA-AL2i4,Sm40,4,2,2,0,30,15,15,0
LPT27,TmY20,11,8,3,0,30,24,6,0
cL04,LTe35,4,2,2,0,30,20,10,0
cL04,LTe65,8,6,2,0,30,23,7,0
MTe43,AVLP151,2,1,1,0,30,12,18,0
aMe25,LC34,3,2,1,0,30,18,12,0
cML01,LLPC1,13,7,6,0,30,18,12,0
cML01,OA-AL2i2,4,2,2,0,30,19,11,0
cM10,Pm14,4,2,2,0,30,21,9,0
cM10,Tm33,13,7,6,0,30,17,13,0
MTe30,Tm37,12,4,8,0,30,9,21,0
LTe42b,LTe29,2,1,1,0,30,10,20,0
cL05,LC31a,8,4,4,0,30,9,21,0
cL18,LT78,6,4,2,0,30,19,11,0
cMLLP01,LTe24,2,1,1,0,30,15,15,0
cMLLP01,Li30,2,1,1,0,30,16,14,0
cMLLP01,LTe03,3,2,1,0,30,19,11,0
cL13,Li32,2,1,1,0,30,14,16,0
LTe49b,cL04,4,1,1,2,30,11,8,11
cL22c,cL22c,2,0,0,2,30,0,0,30
cL15,LTe16,2,1,1,0,30,20,10,0
LT39,LT62,2,1,1,0,30,12,18,0
LTe25,LTe53,2,1,1,0,30,14,16,0
mALB5,LTe37,2,0,2,0,30,0,30,0
LT41,DNp11,2,1,1,0,30,11,19,0
cM16,MTe53,8,1,7,0,30,2,28,0
LT77,Li05,8,2,6,0,30,5,25,0
Pm05,LPLC2,7,7,0,0,30,30,0,0
Dm9,Tm2,14,14,0,0,30,30,0,0
Tm16,Lat,10,10,0,0,30,30,0,0
Sm25,Sm38,8,8,0,0,30,30,0,0
Sm33,Pm14,4,4,0,0,30,30,0,0
LTe38a,CB0143,2,2,0,0,30,30,0,0
LC39,PLP163,3,3,0,0,30,30,0,0
LC45,Li09,5,5,0,0,30,30,0,0
PLP023,LPC1,5,5,0,0,30,30,0,0
Tm37,LC10d,10,6,4,0,29,19,10,0
Tm7,LTe40,12,6,6,0,29,15,14,0
Y12,LC10d,12,7,5,0,29,18,11,0
Y4,Li18,12,5,7,0,29,12,17,0
Tlp14,LMt3,11,6,5,0,29,18,11,0
Tm5e,Li24,11,4,7,0,29,10,19,0
Mi4,cM05,13,7,6,0,29,15,14,0
TmY9q,Tm5d,13,3,10,0,29,6,23,0
Sm19,Dm20,13,6,7,0,29,13,16,0
TmY4,LTe06,11,4,7,0,29,9,20,0
Dm8a,aMe26,10,6,4,0,29,15,14,0
Y3,LPi02,14,6,8,0,29,12,17,0
Tm8b,LT73,11,5,6,0,29,13,16,0
Sm09,Sm19,13,8,5,0,29,19,10,0
Pm12,Pm07,13,4,9,0,29,10,19,0
LLPt,T4a,12,6,6,0,29,17,12,0
C3,TmY14,13,7,6,0,29,16,13,0
Mi4,MTe03,12,8,4,0,29,18,11,0
Sm05,Sm41,10,6,4,0,29,13,16,0
Tm5c,LTe15,11,5,6,0,29,15,14,0
MLt7,cM08a,13,6,7,0,29,13,16,0
Sm12,Y4,12,7,5,0,29,17,12,0
Tm35,Li05,13,9,4,0,29,19,10,0
Pm01,PDt,14,10,4,0,29,21,8,0
Pm08,Tm8a,12,6,6,0,29,14,15,0
TmY11,Li15,13,5,8,0,29,12,17,0
TmY15,Pm08,14,10,4,0,29,21,8,0
LPi06,LPLC1,12,5,7,0,29,11,18,0
Sm40,TmY31,12,6,6,0,29,15,14,0
Sm40,MeTu3b,13,11,2,0,29,25,4,0
Sm05,Dm12,8,2,6,0,29,4,25,0
Tm7,MTe51,13,3,10,0,29,6,23,0
TmY14,C2,13,6,7,0,29,13,16,0
TmY14,T5a,14,4,10,0,29,8,21,0
Mi2,Mi4,13,7,6,0,29,14,15,0
Mi1,Dm12,11,5,6,0,29,14,15,0
T5c,LPi15,14,4,10,0,29,8,21,0
Tm21,Tm5c,14,4,10,0,29,8,21,0
Mi2,MLt4,11,6,5,0,29,14,15,0
TmY16,T5c,13,5,8,0,29,12,17,0
Mi4,Tm36,14,8,6,0,29,17,12,0
TmY11,MLt4,13,6,7,0,29,15,14,0
Tm5c,Pm09,14,7,7,0,29,14,15,0
Sm32,MLt3,9,0,9,0,29,0,29,0
Sm32,MTe50,11,5,6,0,29,13,16,0
L3,Sm04,7,0,7,0,29,0,29,0
Tm33,OA-ASM1,12,5,7,0,29,12,17,0
TmY5a,LTe17,11,5,6,0,29,11,18,0
Y3,LC18,4,0,4,0,29,0,29,0
Pm05,TmY10,9,4,5,0,29,14,15,0
Dm8a,MTe04,13,10,3,0,29,22,7,0
Dm16,TmY4,13,6,7,0,29,13,16,0
Dm16,Dm3q,14,11,3,0,29,23,6,0
Y1,LC12,14,4,10,0,29,8,21,0
Li03,LT77,13,3,10,0,29,6,23,0
Y3,LT53,13,8,5,0,29,19,10,0
Tm8a,MTe54,14,5,9,0,29,10,19,0
TmY31,LT62,11,8,3,0,29,23,6,0
Sm13,Sm09,14,10,4,0,29,20,9,0
Tlp1,LTe42b,11,5,6,0,29,15,14,0
Pm07,Tm25,12,5,7,0,29,10,19,0
Dm2,Sm32,13,6,7,0,29,13,16,0
T3,Tm20,13,7,6,0,29,14,15,0
Dm11,R8,12,8,4,0,29,16,13,0
Sm19,Sm27,12,8,4,0,29,19,10,0
Tm32,LTe35,8,2,6,0,29,9,20,0
Tm4,Pm13,11,4,7,0,29,12,17,0
Y4,Tm2,10,4,6,0,29,15,14,0
Li01,LT76,9,4,5,0,29,13,16,0
Tm3,Li12,8,0,8,0,29,0,29,0
LPi06,TmY15,12,3,9,0,29,7,22,0
Li07,LC24,12,4,8,0,29,10,19,0
Tm5f,LTe31,12,8,4,0,29,19,10,0
Tm8b,LCe04,9,4,5,0,29,14,15,0
Dm8a,MTe51,13,7,6,0,29,14,15,0
MLt2,LC6,13,1,12,0,29,2,27,0
TmY9q⊥,Tm4,11,2,9,0,29,5,24,0
Sm31,Sm32,12,7,5,0,29,18,11,0
Pm11,Mi13,14,8,6,0,29,16,13,0
Tm5b,LTe55,13,8,5,0,29,17,12,0
Pm01,LMa3,11,5,6,0,29,10,19,0
Sm20,Sm19,13,4,9,0,29,9,20,0
Mi14,Pm14,12,4,8,0,29,10,19,0
PDt,Dm16,13,8,5,0,29,19,10,0
R7,MeTu1,11,8,3,0,29,20,9,0
LMt4,Pm12,4,3,1,0,29,21,8,0
T5b,TmY20,10,2,8,0,29,6,23,0
TmY15,TmY16,13,9,4,0,29,20,9,0
Tm8a,Pm05,12,5,7,0,29,10,19,0
Li26,Li20,11,5,6,0,29,12,17,0
Tm16,LTe68,12,4,8,0,29,9,20,0
Pm10,Tm7,10,2,8,0,29,5,24,0
Tm5c,LC22,14,8,6,0,29,17,12,0
TmY3,LMa1,14,8,6,0,29,17,12,0
Sm04,Tm8a,13,9,4,0,29,20,9,0
Sm20,aMe5,12,5,7,0,29,13,16,0
Tm8a,LC15,10,1,9,0,29,3,26,0
Sm07,aMe4,13,9,4,0,29,19,10,0
Mi15,MLt6,10,6,4,0,29,19,10,0
Tm36,TmY4,14,7,7,0,29,14,15,0
Li10,MLt4,13,5,8,0,29,10,19,0
Y4,TmY11,11,6,5,0,29,17,12,0
Sm12,MTe15,11,7,4,0,29,17,12,0
T4d,T2a,8,3,5,0,29,8,21,0
TmY9q,LLPt,12,7,5,0,29,16,13,0
Sm12,TmY9q⊥,12,4,8,0,29,11,18,0
L5,Lawf2,12,5,7,0,29,15,14,0
T5c,cLP03,14,10,4,0,29,21,8,0
TmY15,Li16,14,8,6,0,29,16,13,0
Tm5f,Mi9,12,5,7,0,29,11,18,0
T4a,Tm3,14,6,8,0,29,13,16,0
Tm8a,MTe01a,12,8,4,0,29,20,9,0
TmY4,LC37a,8,3,5,0,29,7,22,0
Tm4,Sm42,7,5,2,0,29,21,8,0
Sm11,Sm13,11,6,5,0,29,16,13,0
Tm16,MeLp1,12,7,5,0,29,17,12,0
Sm15,MTe10,10,2,8,0,29,8,21,0
Tm37,LC40,13,6,7,0,29,12,17,0
Tlp4,DNp11,7,2,5,0,29,10,19,0
Tm20,MLt4,12,5,7,0,29,13,16,0
R7,T2,10,5,5,0,29,12,17,0
Tm3,TmY9q,12,4,8,0,29,11,18,0
TmY14,T5d,13,4,9,0,29,10,19,0
Sm07,Tm5a,11,5,6,0,29,14,15,0
TmY9q⊥,LC37a,7,2,5,0,29,5,24,0
TmY9q⊥,LPT30,10,5,5,0,29,17,12,0
Tm7,aMe9,14,12,2,0,29,24,5,0
Tm21,Lawf2,14,9,5,0,29,19,10,0
T2,LT82a,14,8,6,0,29,17,12,0
TmY10,LTe17,13,7,6,0,29,16,13,0
Tm21,LT74,12,3,9,0,29,9,20,0
Y11,Tm27,14,8,6,0,29,16,13,0
LLPt,LC21,10,3,7,0,29,10,19,0
Sm15,Sm21,14,9,5,0,29,19,10,0
Y11,H2,12,7,5,0,29,17,12,0
LMa2,Li16,12,5,7,0,29,13,16,0
TmY31,LTe18,9,6,3,0,29,19,10,0
Tm5c,LTe10,12,5,7,0,29,15,14,0
TmY15,Nod2,12,8,4,0,29,20,9,0
Tm31,cM07,13,11,2,0,29,25,4,0
Sm07,Sm20,12,7,5,0,29,19,10,0
Sm11,Sm08,7,6,1,0,29,27,2,0
Tm31,Sm35,13,6,7,0,29,12,17,0
L2,Dm18,6,1,5,0,29,3,26,0
Li08,LC33a,10,5,5,0,29,15,14,0
Mi15,TmY3,12,3,9,0,29,6,23,0
MLt2,Sm40,11,5,6,0,29,12,17,0
MLt3,LTe20,10,7,3,0,29,17,12,0
Tlp14,TmY4,14,10,4,0,29,20,9,0
Li28,TmY5a,13,8,5,0,29,19,10,0
Li28,LMa1,12,9,3,0,29,21,8,0
L2,MTe43,10,8,2,0,29,24,5,0
Pm14,MTe47,7,3,4,0,29,18,11,0
TmY31,Tm34,8,4,4,0,29,9,20,0
Tm8b,LTe59,9,5,4,0,29,16,13,0
Dm1,Lawf1,13,9,4,0,29,21,8,0
Li02,LTe57,10,7,3,0,29,19,10,0
Tm20,MTe02,9,6,3,0,29,21,8,0
Li11,LC25,12,5,7,0,29,10,19,0
Sm42,MTe32,2,1,1,0,29,14,15,0
Tm32,LT58,10,6,4,0,29,20,9,0
Tm7,LC22,12,7,5,0,29,16,13,0
Li27,LCe05,5,3,2,0,29,23,6,0
Li27,LTe76,4,2,2,0,29,14,15,0
Li09,LLPC4,8,3,5,0,29,9,20,0
MLt7,Sm16,13,5,8,0,29,11,18,0
Tm7,TmY16,11,10,1,0,29,27,2,0
Li33,LTe74,2,1,1,0,29,17,12,0
Li33,cL16,3,2,1,0,29,18,11,0
LPi07,cLLP02,12,7,5,0,29,17,12,0
Li16,Tm4,14,8,6,0,29,16,13,0
Li10,Tm7,10,6,4,0,29,13,16,0
Sm36,Sm34,11,6,5,0,29,14,15,0
MLt2,Li30,12,5,7,0,29,12,17,0
MLt3,L2,8,4,4,0,29,11,18,0
Sm35,Tm31,14,10,4,0,29,21,8,0
Dm1,Mi14,12,5,7,0,29,13,16,0
Sm38,cM08c,4,0,4,0,29,0,29,0
Li32,LT82a,4,1,3,0,29,5,24,0
Sm34,Sm31,12,5,7,0,29,13,16,0
MLt5,MeMe_e08,10,6,4,0,29,15,14,0
Tm16,Li30,11,8,3,0,29,23,6,0
LPi10,LC31a,5,2,3,0,29,12,17,0
Sm18,Sm37,7,5,2,0,29,18,11,0
Li30,LTe17,2,1,1,0,29,18,11,0
Pm09,cLLPM01,9,7,2,0,29,24,5,0
Li29,LC17,12,4,8,0,29,11,18,0
Li29,Li31,2,1,1,0,29,14,15,0
LPi13,VS3,2,1,1,0,29,20,9,0
Li27,Li02,12,8,4,0,29,19,10,0
Tm8a,LMt3,9,8,1,0,29,27,2,0
MeMe_e01,MeMe_e01,11,0,0,11,29,0,0,29
LC9,LC12,13,2,11,0,29,4,25,0
LC28a,cL02d,7,2,5,0,29,7,22,0
LC18,Li15,14,3,11,0,29,6,23,0
LLPC3,LPC2,13,8,5,0,29,18,11,0
LC10b,Li05,13,8,5,0,29,17,12,0
LC4,LC18,13,2,11,0,29,5,24,0
LCe01b,Li12,12,6,6,0,29,15,14,0
LC10e,TmY10,14,5,9,0,29,10,19,0
LT87,AVLP151,2,1,1,0,29,11,18,0
LC11,LMa1,13,5,8,0,29,12,17,0
cL01,LTe49f,8,2,6,0,29,5,24,0
LC25,Li09,12,9,3,0,29,22,7,0
LT11,Li26,6,2,4,0,29,5,24,0
LT11,LT79,2,1,1,0,29,8,21,0
MTe21,Sm30,7,5,2,0,29,24,5,0
LT34,LC15,12,7,5,0,29,17,12,0
LPT51,MTe46,5,2,3,0,29,11,18,0
LC20a,LT63,10,8,2,0,29,24,5,0
LC14a2,LMa4,8,1,7,0,29,3,26,0
MeTu4c,Sm15,12,9,3,0,29,23,6,0
MTe01b,MTe12,12,3,9,0,29,7,22,0
LC4,cL08,12,6,6,0,29,15,14,0
LC20b,cL05,2,0,2,0,29,0,29,0
LC20b,Li29,4,0,4,0,29,0,29,0
LC24,LC16,10,6,4,0,29,18,11,0
cL16,LLPt,10,6,4,0,29,18,11,0
MTe02,Sm15,13,4,9,0,29,10,19,0
LT52,LTe01,9,7,2,0,29,25,4,0
LCe01b,Li02,11,5,6,0,29,12,17,0
H1,LPi10,12,6,6,0,29,13,16,0
LC20b,Li27,11,6,5,0,29,18,11,0
cM08c,cL10,5,2,3,0,29,9,20,0
cM08c,aMe24,4,2,2,0,29,22,7,0
MTe01a,Pm14,13,12,1,0,29,27,2,0
LPLC4,LT86,12,5,7,0,29,10,19,0
LPT54,LPi07,6,0,6,0,29,0,29,0
LPT54,LLPt,10,5,5,0,29,13,16,0
LPT54,LPT47_vCal2,2,1,1,0,29,18,11,0
MeMe_e02,MTe01a,13,9,4,0,29,20,9,0
LT52,LTe69,9,5,4,0,29,13,16,0
LC14b,TmY3,5,3,2,0,29,21,8,0
MTe02,Sm20,12,8,4,0,29,21,8,0
cL08,LC17,14,7,7,0,29,14,15,0
LC37a,LTe24,5,2,3,0,29,19,10,0
LC37a,Tm32,12,4,8,0,29,13,16,0
LC14a2,MLt6,9,4,5,0,29,12,17,0
cL10,cM08a,5,2,3,0,29,14,15,0
LPLC1,Am1,13,8,5,0,29,19,10,0
aMe26,aMe4,4,2,2,0,29,17,12,0
cM17,aMe5,11,7,4,0,29,20,9,0
cM02b,Sm06,6,0,6,0,29,0,29,0
aMe1,cM09,7,4,3,0,29,18,11,0
MeLp2,LPLC4,10,4,6,0,29,12,17,0
LC15,LC22,12,7,5,0,29,18,11,0
LT37,LTe74,2,1,1,0,29,15,14,0
LT57,LT64,7,4,3,0,29,19,10,0
MTe20,MTe06,5,3,2,0,29,18,11,0
MeMe_e09,Pm05,9,6,3,0,29,20,9,0
LTe19,LTe24,2,1,1,0,29,21,8,0
LT83,LT61b,2,1,1,0,29,14,15,0
LC25,LC10c,9,6,3,0,29,19,10,0
LT38,LTe49a,6,4,2,0,29,25,4,0
cLLPM01,Pm13,4,2,2,0,29,22,7,0
cM02a,Sm05,5,3,2,0,29,24,5,0
LC14a1,LT87,10,7,3,0,29,20,9,0
LC20b,LC24,11,3,8,0,29,9,20,0
cL18,LCe07,3,0,3,0,29,0,29,0
MeMe_e05,MeTu4c,12,7,5,0,29,17,12,0
MeMe_e05,Sm12,11,7,4,0,29,20,9,0
LT57,mALD2,4,1,3,0,29,8,21,0
MTe09,MTe28,4,1,3,0,29,8,21,0
LPT48_vCal3,Y3,14,8,6,0,29,16,13,0
OA-AL2i2,MeMe_e08,11,5,6,0,29,14,15,0
MTe52,TmY16,14,8,6,0,29,17,12,0
aMe17c,Dm2,8,3,5,0,29,8,21,0
LTe50,PLP185,3,2,1,0,29,22,7,0
cLP05,LPT22,2,1,1,0,29,23,6,0
MTe33,Sm02,14,4,10,0,29,9,20,0
cML02,LT33,2,1,1,0,29,2,27,0
aMe19b,cM04,4,1,3,0,29,6,23,0
aMe19b,Sm10,12,8,4,0,29,19,10,0
CB3866,cL11,3,1,1,1,29,10,9,10
MeMe_e10,Sm34,7,3,4,0,29,17,12,0
aMe17a2,Sm16,10,2,8,0,29,6,23,0
LTe38a,Li10,13,7,6,0,29,16,13,0
PLP231,aMe17c,4,1,0,3,29,5,0,24
mALC5,Li28,4,2,2,0,29,22,7,0
mALC5,LCe07,4,2,2,0,29,13,16,0
LTe38c,LC46,6,3,3,0,29,9,20,0
OA-ASM1,LLPt,14,9,5,0,29,18,11,0
LTe60,cL19,2,1,1,0,29,21,8,0
LT65,LC34,6,3,3,0,29,16,13,0
LPLC2,Li21,13,10,3,0,29,23,6,0
CB0592,MTe47,5,0,0,5,29,0,0,29
VS1,T5b,13,12,1,0,29,27,2,0
LC44,LT57,6,4,2,0,29,17,12,0
LC24,LPLC2,11,8,3,0,29,23,6,0
LPT29,VSm,4,2,2,0,29,18,11,0
LLPC3,LMa5,14,10,4,0,29,21,8,0
cL02a,LTe49f,5,3,2,0,29,21,8,0
MTe51,T2a,12,0,12,0,29,0,29,0
cL22b,LTe61,2,1,1,0,29,14,15,0
cL22b,LTe19,2,1,1,0,29,9,20,0
cM08b,Sm40,8,4,4,0,29,17,12,0
MeTu4c,MLt8,10,8,2,0,29,25,4,0
LTe37,LTe37,4,2,2,0,29,13,16,0
MTe22,aMe12,4,2,2,0,29,19,10,0
mALC4,TmY14,11,6,5,0,29,14,15,0
DCH,LPC1,14,7,7,0,29,14,15,0
cM15,LMt2,8,6,2,0,29,25,4,0
LTe17,LC10d,12,7,5,0,29,19,10,0
LTe17,LTe38a,5,2,3,0,29,10,19,0
LT33,Am1,2,1,1,0,29,8,21,0
MC65,Tm32,12,6,6,0,29,13,16,0
OA-AL2i4,TmY31,14,9,5,0,29,19,10,0
cL17,LPLC4,2,0,2,0,29,0,29,0
LPT57,LPi14,4,2,2,0,29,11,18,0
LC9,LTe49c,5,4,1,0,29,20,9,0
MTe35,Tm5c,11,3,8,0,29,10,19,0
cL04,LC19,8,2,6,0,29,4,25,0
cL04,LTe51,4,2,2,0,29,11,18,0
LT58,LC6,12,10,2,0,29,24,5,0
LPT21,LPT22,2,1,1,0,29,12,17,0
cML01,C2,9,4,5,0,29,11,18,0
cML01,LC12,13,5,8,0,29,10,19,0
cML01,CT1,2,1,1,0,29,13,16,0
MTe30,MeTu1,11,6,5,0,29,15,14,0
cL05,LC10b,8,6,2,0,29,22,7,0
cL02c,LT80,3,1,2,0,29,14,15,0
LLPC1,LPT57,5,4,0,1,29,22,0,7
cMLLP01,LCe03,9,5,4,0,29,15,14,0
cL15,LC12,13,3,10,0,29,6,23,0
cL15,LC19,6,3,3,0,29,11,18,0
cL15,Li23,2,1,1,0,29,10,19,0
LT39,Tm8a,12,8,4,0,29,19,10,0
LT39,Li13,7,3,4,0,29,10,19,0
MTe44,LTe52,4,2,2,0,29,12,17,0
LPT53,TmY20,11,6,5,0,29,18,11,0
Tm1,PDt,9,9,0,0,29,29,0,0
TmY4,LTe05,13,13,0,0,29,29,0,0
Sm02,AVLP534,11,11,0,0,29,29,0,0
Tm36,Sm09,12,12,0,0,29,29,0,0
Dm6,MLt1,5,5,0,0,29,29,0,0
LPi11,LPi06,5,5,0,0,29,29,0,0
Sm35,MTe50,8,8,0,0,29,29,0,0
PLP020,PLP104,1,1,0,0,29,29,0,0
PLP023,LTe15,1,1,0,0,29,29,0,0
Mi15,MeMe_e02,10,5,5,0,28,15,13,0
Y3,Pm12,14,9,5,0,28,18,10,0
TmY20,Li24,12,4,8,0,28,9,19,0
Tlp4,LPT22,12,7,5,0,28,15,13,0
Tm35,Li28,12,7,5,0,28,14,14,0
Mi9,MLt1,12,7,5,0,28,15,13,0
LPi04,LLPC1,11,9,2,0,28,23,5,0
Sm18,aMe25,10,6,4,0,28,15,13,0
Dm2,Tm9,12,6,6,0,28,15,13,0
MLt4,Tm27,13,5,8,0,28,10,18,0
Pm03,Tm16,10,7,3,0,28,18,10,0
TmY10,LTe28,11,3,8,0,28,7,21,0
Li20,cL21,8,3,5,0,28,10,18,0
Tm8b,LC10a,13,5,8,0,28,10,18,0
Y4,T4b,13,7,6,0,28,16,12,0
Tm5e,LCe01,10,4,6,0,28,13,15,0
T5a,Tm21,11,4,7,0,28,10,18,0
TmY10,Tlp5,13,10,3,0,28,21,7,0
Tm4,TmY9q,11,6,5,0,28,15,13,0
Pm05,Pm12,12,5,7,0,28,11,17,0
L2,Dm3q,8,6,2,0,28,19,9,0
Tm3,LT62,10,7,3,0,28,16,12,0
Li08,Li11,11,6,5,0,28,13,15,0
TmY15,Li31,14,8,6,0,28,16,12,0
T5d,Li14,13,6,7,0,28,13,15,0
Sm30,MTe35,6,2,4,0,28,10,18,0
Dm16,Dm14,13,9,4,0,28,20,8,0
LMa5,L1,2,0,2,0,28,0,28,0
Pm07,Mi2,13,6,7,0,28,12,16,0
Tm5c,LTe60,11,4,7,0,28,12,16,0
Dm8b,MLt6,12,2,10,0,28,6,22,0
Tm36,LLPC2,12,7,5,0,28,15,13,0
Tm20,Li03,12,3,9,0,28,8,20,0
Tm35,MTe51,12,3,9,0,28,7,21,0
T2,Pm11,13,4,9,0,28,8,20,0
T5c,Y12,8,0,8,0,28,0,28,0
LMt3,TmY4,13,8,5,0,28,17,11,0
Sm12,Dm4,13,3,10,0,28,6,22,0
Sm32,Tm8b,12,9,3,0,28,19,9,0
Tm25,Dm8b,12,4,8,0,28,9,19,0
Li02,LT62,12,9,3,0,28,22,6,0
Y3,LTe76,11,6,5,0,28,16,12,0
LPi02,VS1,8,4,4,0,28,18,10,0
Pm07,Mi13,13,7,6,0,28,16,12,0
Li05,TmY4,12,2,10,0,28,4,24,0
Tm5f,LT65,6,0,6,0,28,0,28,0
TmY16,TmY15,13,2,11,0,28,4,24,0
Li13,LC21,10,3,7,0,28,6,22,0
Li13,LTe23,10,4,6,0,28,9,19,0
Tm3,Dm12,13,8,5,0,28,17,11,0
Sm02,MTe32,14,8,6,0,28,16,12,0
Li18,Tm16,13,7,6,0,28,14,14,0
Tm16,LMt3,12,5,7,0,28,10,18,0
TmY4,LTe47,9,1,8,0,28,2,26,0
Tlp5,T4d,13,7,6,0,28,14,14,0
Tm20,TmY14,6,0,6,0,28,0,28,0
Tm32,LTe32,9,1,8,0,28,2,26,0
Tm5f,mALC4,14,4,10,0,28,8,20,0
TmY20,LC45,12,7,5,0,28,16,12,0
Li07,LT11,9,6,3,0,28,21,7,0
Mi14,L5,10,5,5,0,28,13,15,0
Li16,Li31,10,6,4,0,28,17,11,0
Y12,Tlp14,10,2,8,0,28,4,24,0
Sm09,Sm24,11,5,6,0,28,14,14,0
MLt4,TmY14,11,7,4,0,28,16,12,0
LMt1,LMa4,12,5,7,0,28,13,15,0
R8,L5,11,5,6,0,28,15,13,0
Tlp4,Li05,11,6,5,0,28,17,11,0
Sm18,Dm12,11,7,4,0,28,18,10,0
LMa4,Mi2,12,8,4,0,28,17,11,0
LLPt,LPi03,13,6,7,0,28,13,15,0
Mi10,L1,13,8,5,0,28,18,10,0
Li05,LC24,11,6,5,0,28,13,15,0
Sm21,Sm02,12,5,7,0,28,14,14,0
Tlp5,TmY16,14,11,3,0,28,22,6,0
Sm41,Tm5c,12,4,8,0,28,10,18,0
Sm41,MTe12,6,3,3,0,28,12,16,0
Sm41,Sm16,12,5,7,0,28,11,17,0
Sm41,aMe10,3,1,2,0,28,12,16,0
LMa5,Y12,12,7,5,0,28,17,11,0
LMa5,Li16,12,7,5,0,28,16,12,0
Tm20,Sm11,11,8,3,0,28,18,10,0
Tm7,MTe50,13,7,6,0,28,15,13,0
Tm27,MC65,13,5,8,0,28,11,17,0
Tm3,OA-AL2i3,14,8,6,0,28,16,12,0
TmY9q⊥,Tm5c,12,4,8,0,28,8,20,0
T3,LT1a,10,6,4,0,28,18,10,0
Li13,TmY10,9,6,3,0,28,19,9,0
R8,Dm8b,11,1,10,0,28,2,26,0
TmY3,VCH,12,6,6,0,28,13,15,0
TmY11,LTe08,11,8,3,0,28,22,6,0
Tm3,L4,14,6,8,0,28,12,16,0
Y1,Li02,13,10,3,0,28,22,6,0
LMa4,LC13,13,11,2,0,28,24,4,0
TmY15,LT53,11,6,5,0,28,18,10,0
TmY16,LPC2,11,8,3,0,28,22,6,0
LMa1,Li19,9,5,4,0,28,16,12,0
Li10,Li03,12,5,7,0,28,11,17,0
Sm25,MeTu3b,11,7,4,0,28,19,9,0
LLPt,LPi14,12,4,8,0,28,10,18,0
Sm25,Sm36,10,6,4,0,28,15,13,0
Sm25,MTe26,8,4,4,0,28,11,17,0
Dm3q,Tm25,13,6,7,0,28,12,16,0
Tm5e,LT36,11,3,8,0,28,6,22,0
Tm5b,Tm32,9,5,4,0,28,13,15,0
LMt3,LTe52,5,2,3,0,28,12,16,0
Sm05,Dm2,13,7,6,0,28,15,13,0
Dm2,Tm5f,12,7,5,0,28,16,12,0
DmDRA1,Tm8a,11,8,3,0,28,21,7,0
Mi10,Sm29,13,5,8,0,28,11,17,0
LPi14,cLPL01,3,1,2,0,28,7,21,0
MLt3,LT73,13,9,4,0,28,20,8,0
Sm30,Tm27,13,6,7,0,28,13,15,0
Dm6,Dm18,10,6,4,0,28,16,12,0
Li09,Li18,11,3,8,0,28,6,22,0
TmY10,LC15,12,1,11,0,28,2,26,0
Li15,LC21,13,3,10,0,28,6,22,0
Tm5a,MeTu4a,12,7,5,0,28,18,10,0
LMt2,LPLC2,14,7,7,0,28,14,14,0
Tm36,LC21,12,3,9,0,28,6,22,0
Tm21,Tm35,11,6,5,0,28,17,11,0
Pm10,cLLPM02,8,4,4,0,28,10,18,0
Tm8b,MTe27,12,8,4,0,28,19,9,0
Y1,MLt4,9,6,3,0,28,13,15,0
T2,LC15,12,7,5,0,28,18,10,0
Tm20,LTe24,8,0,8,0,28,0,28,0
Tm8a,LC10a,10,5,5,0,28,16,12,0
Y1,LT66,11,7,4,0,28,17,11,0
Mi15,T2,10,4,6,0,28,10,18,0
T5b,MTe47,13,8,5,0,28,17,11,0
LLPt,Li09,10,8,2,0,28,24,4,0
MLt3,Tm1,12,6,6,0,28,12,16,0
Tlp1,VS7,10,8,2,0,28,22,6,0
TmY4,LC39,10,5,5,0,28,14,14,0
TmY14,LPi13,11,9,2,0,28,23,5,0
L3,Sm35,9,8,1,0,28,24,4,0
LMa1,LMt3,10,4,6,0,28,12,16,0
Mi15,T2a,9,3,6,0,28,8,20,0
Li09,LTe65,8,4,4,0,28,12,16,0
Tm5e,LC31b,13,9,4,0,28,19,9,0
Tm36,Sm42,11,5,6,0,28,12,16,0
LPi02,vCal1,6,4,2,0,28,23,5,0
Tm5c,MeMe_e09,14,9,5,0,28,18,10,0
T2a,Sm11,12,10,2,0,28,23,5,0
LPi02,Tm27,13,9,4,0,28,19,9,0
Tlp14,T5a,14,11,3,0,28,22,6,0
Pm04,TmY20,13,7,6,0,28,15,13,0
Li28,Tm32,12,7,5,0,28,18,10,0
Li28,LT58,4,2,2,0,28,22,6,0
Pm14,Tm8a,12,11,1,0,28,22,6,0
Dm20,Dm4,13,5,8,0,28,10,18,0
LMt2,LC29,12,7,5,0,28,17,11,0
MLt1,LTe65,9,7,2,0,28,22,6,0
Tm3,cL16,12,7,5,0,28,17,11,0
Tm27,Li31,12,3,9,0,28,7,21,0
Tm33,Li05,7,4,3,0,28,22,6,0
Li31,LCe05,6,5,1,0,28,20,8,0
Mi14,L4,14,10,4,0,28,20,8,0
LMa3,Tm5f,13,6,7,0,28,14,14,0
TmY10,LC14a1,10,8,2,0,28,22,6,0
Tm25,TmY4,12,4,8,0,28,9,19,0
Tm33,TmY10,11,6,5,0,28,15,13,0
Sm42,Sm02,8,1,7,0,28,8,20,0
Sm42,MeMe_e03,2,1,1,0,28,16,12,0
Sm42,5-HTPMPV03,3,2,1,0,28,20,8,0
Li25,DNp11,4,2,2,0,28,9,19,0
Li10,cLLP02,12,6,6,0,28,15,13,0
Mi4,LMa2,9,8,1,0,28,26,2,0
Tm31,Li10,12,8,4,0,28,18,10,0
Pm01,C3,10,7,3,0,28,19,9,0
MLt5,MLt5,14,10,4,0,28,20,8,0
Li27,Tm7,11,6,5,0,28,15,13,0
Li27,LC11,10,4,6,0,28,9,19,0
Dm2,Sm23,13,11,2,0,28,24,4,0
Tm36,Mi10,13,6,7,0,28,13,15,0
Mi10,MTe10,10,3,7,0,28,10,18,0
Tm8b,LC31b,7,5,2,0,28,19,9,0
LPi12,LPT50,2,1,1,0,28,16,12,0
LMa3,TmY4,13,9,4,0,28,19,9,0
Dm9,MeTu3c,12,11,1,0,28,26,2,0
Li33,LT81,6,3,3,0,28,11,17,0
Li33,Li03,11,4,7,0,28,13,15,0
LMt4,Li05,10,7,3,0,28,21,7,0
Pm13,Mi10,13,7,6,0,28,15,13,0
Sm35,MTe12,9,6,3,0,28,18,10,0
Sm38,Sm41,4,2,2,0,28,11,17,0
MLt2,Tm34,10,3,7,0,28,10,18,0
Tm7,Sm05,12,9,3,0,28,19,9,0
Li24,LC36,9,5,4,0,28,14,14,0
Li15,T2a,11,8,3,0,28,22,6,0
CT1,cMLLP02,2,1,1,0,28,17,11,0
Am1,LT66,3,2,1,0,28,12,16,0
TmY15,LPLC2,13,12,1,0,28,26,2,0
Y12,VS2,11,5,6,0,28,15,13,0
LMa1,T5d,12,11,1,0,28,26,2,0
Sm43,aMe19b,4,3,1,0,28,26,2,0
Li23,LC20b,9,5,4,0,28,18,10,0
Li23,LTe76,2,1,1,0,28,15,13,0
LC21,LC20b,12,7,5,0,28,17,11,0
LC17,Tm5f,14,4,10,0,28,8,20,0
LC9,LT78,8,5,3,0,28,20,8,0
LC15,LC35,8,6,2,0,28,24,4,0
MeTu4c,LTe36,10,4,6,0,28,9,19,0
LC40,LT55,6,1,5,0,28,10,18,0
LC9,Li33,7,3,4,0,28,19,9,0
LC28a,PLP251,9,4,5,0,28,13,15,0
cM09,Li05,8,5,3,0,28,19,9,0
cL01,LT43,9,5,4,0,28,14,14,0
LC25,Li12,11,6,5,0,28,15,13,0
LT11,AVLP151,2,1,1,0,28,15,13,0
LT11,LC25,12,5,7,0,28,10,18,0
MTe21,MTe45,2,1,1,0,28,24,4,0
LT34,LTe03,4,2,2,0,28,15,13,0
aMe4,Pm07,8,1,7,0,28,2,26,0
LT42,Li29,2,1,1,0,28,14,14,0
LTe15,LC29,6,2,4,0,28,9,19,0
LC13,LC11,13,5,8,0,28,10,18,0
aMe12,aMe10,5,2,3,0,28,11,17,0
LC14a2,Li03,8,4,4,0,28,19,9,0
LPC1,TmY9q,7,0,7,0,28,0,28,0
MeTu4a,LC37a,10,4,6,0,28,11,17,0
LC14b,LTe42b,7,5,2,0,28,20,8,0
LC13,Li24,11,8,3,0,28,22,6,0
cL02d,LC6,9,3,6,0,28,9,19,0
LPLC1,Li25,12,3,9,0,28,9,19,0
MeTu3c,Sm40,12,6,6,0,28,14,14,0
MTe01a,Sm14,10,7,3,0,28,22,6,0
LC22,Y3,8,0,8,0,28,0,28,0
LC14b,Li19,7,4,3,0,28,14,14,0
LPLC2,TmY15,12,7,5,0,28,16,12,0
cL14,Li33,2,1,1,0,28,9,19,0
LT52,LC15,9,3,6,0,28,12,16,0
LPLC2,LPi09,12,7,5,0,28,14,14,0
cM01a,Sm37,2,1,1,0,28,16,12,0
aMe17b,MTe05,11,5,6,0,28,14,14,0
aMe26,MTe07,11,5,6,0,28,12,16,0
LC20b,LT73,8,5,3,0,28,14,14,0
LCe01a,LC21,13,10,3,0,28,22,6,0
LC22,LC13,12,7,5,0,28,18,10,0
MTe51,Tm34,11,6,5,0,28,17,11,0
OA-AL2b1,Li02,12,5,7,0,28,12,16,0
OA-AL2b1,Li30,3,2,1,0,28,14,14,0
LC22,cL14,9,7,2,0,28,21,7,0
MeTu4c,LTe58,12,6,6,0,28,16,12,0
cLP02,LLPC4,10,8,2,0,28,22,6,0
cL07,LT11,2,1,1,0,28,10,18,0
LPT30,LLPC3,12,9,3,0,28,22,6,0
cM02b,Sm10,11,6,5,0,28,14,14,0
LC18,LMt2,14,9,5,0,28,18,10,0
cL20,Li03,12,6,6,0,28,15,13,0
cL21,T5c,13,6,7,0,28,14,14,0
cL21,cL09,4,2,2,0,28,13,15,0
aMe17c,Tm8a,11,4,7,0,28,8,20,0
aMe17c,Tm7,7,1,6,0,28,12,16,0
cM07,Tm5f,13,6,7,0,28,13,15,0
LTe19,LTe17,2,1,1,0,28,15,13,0
LT63,LT52,10,9,1,0,28,26,2,0
LT1a,LT62,2,1,1,0,28,12,16,0
LC22,LTe64,7,5,2,0,28,20,8,0
LTe41,LTe33,5,2,3,0,28,10,18,0
LTe41,Li10,11,7,4,0,28,17,11,0
LTe04,LTe37,4,2,2,0,28,9,19,0
cL17,LC27,9,4,5,0,28,12,16,0
DN1-l,LNda,2,1,1,0,28,14,14,0
mALD2,aMe6a,2,1,1,0,28,14,14,0
cL18,Tm7,11,2,9,0,28,5,23,0
cMLLP02,Li15,5,3,2,0,28,13,15,0
LC16,Li27,6,1,5,0,28,2,26,0
LTe02,LTe69,4,2,2,0,28,18,10,0
MTe47,LC16,8,4,4,0,28,13,15,0
cM03,MLt7,12,5,7,0,28,12,16,0
LPLC4,vCal1,9,6,3,0,28,17,11,0
aMe19b,MTe40,2,1,1,0,28,8,20,0
LC25,LC21,11,7,4,0,28,19,9,0
aMe17a2,Dm2,12,6,6,0,28,16,12,0
aMe17a2,Sm38,4,2,2,0,28,20,8,0
PLP231,OA-AL2b1,4,3,1,0,28,22,6,0
VS4,T5d,12,11,1,0,28,26,2,0
LC39,cL22b,4,0,0,4,28,0,0,28
LPT22,LPLC4,10,7,3,0,28,18,10,0
LC36,LTe64,9,7,2,0,28,22,6,0
cM08c,MeTu4a,10,4,6,0,28,11,17,0
PLP051,LT51,3,1,0,2,28,2,0,26
MTe37,aMe24,2,1,1,0,28,23,5,0
MeTu4c,Pm05,7,6,1,0,28,25,3,0
LT84,LC14b,9,2,7,0,28,6,22,0
LT85,LC34,6,3,3,0,28,10,18,0
cM08b,Sm30,12,6,6,0,28,14,14,0
MeMe_e07,LMa1,9,1,8,0,28,2,26,0
MTe23,LTe50,4,2,2,0,28,16,12,0
LT77,Li32,5,3,2,0,28,13,15,0
MTe16,MeTu4a,11,10,1,0,28,26,2,0
cLP02,cLP03,6,1,5,0,28,2,26,0
DCH,LPT26,2,1,1,0,28,23,5,0
OA-AL2i1,MLt3,13,7,6,0,28,16,12,0
cM15,Mi13,10,4,6,0,28,13,15,0
OA-AL2i4,Dm2,12,5,7,0,28,10,18,0
OA-AL2i4,MTe50,10,6,4,0,28,17,11,0
OA-AL2i4,MeMe_e02,12,5,7,0,28,11,17,0
cM05,aMe17a2,2,1,1,0,28,14,14,0
H2,cLP03,5,1,0,4,28,3,0,25
MTe35,Sm40,4,2,2,0,28,10,18,0
LT36,LT69,2,1,1,0,28,5,23,0
cL04,Li02,12,8,4,0,28,16,12,0
LT58,LC40,8,4,4,0,28,13,15,0
LT58,LC26,14,8,6,0,28,16,12,0
LT58,Tm8b,11,1,10,0,28,3,25,0
LTe32,OA-ASM1,3,2,1,0,28,22,6,0
cML01,LMt4,9,6,3,0,28,21,7,0
cML01,Pm08,10,5,5,0,28,12,16,0
LTe53,TmY31,11,5,6,0,28,15,13,0
cL02c,Li13,8,4,4,0,28,13,15,0
cL13,LT34,3,1,1,1,28,11,11,6
LPT47_vCal2,CB0734,2,1,0,1,28,15,0,13
aMe17a1,MTe23,2,1,1,0,28,11,17,0
aMe19a,MTe46,3,0,0,3,28,0,0,28
LT39,Y3,11,5,6,0,28,13,15,0
LT39,MeTu4c,10,6,4,0,28,17,11,0
MTe44,PLP217,1,0,1,0,28,0,28,0
LTe10,LC39,3,2,1,0,28,13,15,0
VS6,T5a,14,12,2,0,28,24,4,0
LT41,cL16,3,2,1,0,28,15,13,0
cM16,5-HTPMPV03,4,2,2,0,28,12,16,0
aMe19a,LatB,3,3,0,0,28,28,0,0
Mi14,LMa2,10,10,0,0,28,28,0,0
LMa4,LTe05,8,8,0,0,28,28,0,0
Li10,cL02b,12,12,0,0,28,28,0,0
VS1,T4b,13,13,0,0,28,28,0,0
Dm3p,Tm16,12,8,4,0,27,18,9,0
Mi4,Tm37,11,1,10,0,27,3,24,0
LPi06,LPT52,10,4,6,0,27,11,16,0
TmY9q,Li15,11,5,6,0,27,13,14,0
Li17,Li25,13,5,8,0,27,11,16,0
Tm8a,LTe36,11,5,6,0,27,11,16,0
Tm31,Sm13,11,7,4,0,27,17,10,0
Tm1,Y12,5,0,5,0,27,0,27,0
TmY11,Tlp4,10,4,6,0,27,10,17,0
Y3,LTe30,11,6,5,0,27,14,13,0
Y1,LLPC2,13,7,6,0,27,14,13,0
Pm03,Tm36,12,5,7,0,27,11,16,0
TmY10,Tm31,5,0,5,0,27,0,27,0
Tm8b,Li27,11,7,4,0,27,16,11,0
MLt6,Li06,11,5,6,0,27,14,13,0
TmY14,T5b,13,5,8,0,27,11,16,0
Li02,LC16,8,2,6,0,27,4,23,0
TmY14,LLPC1,12,5,7,0,27,10,17,0
Tlp14,LTe20,10,4,6,0,27,12,15,0
Sm16,MLt6,11,7,4,0,27,18,9,0
Pm12,MeMe_e07,8,4,4,0,27,17,10,0
Pm12,LMa3,10,5,5,0,27,12,15,0
DmDRA2,Mi10,10,6,4,0,27,13,14,0
Tm35,LTe41,11,5,6,0,27,13,14,0
TmY9q⊥,Tlp4,11,5,6,0,27,13,14,0
MLt2,LC10b,11,6,5,0,27,16,11,0
Sm09,MTe49,9,5,4,0,27,18,9,0
Dm15,Dm3v,13,6,7,0,27,13,14,0
Mi9,Am1,11,9,2,0,27,22,5,0
Sm05,Li33,2,0,2,0,27,0,27,0
MLt4,Li16,10,5,5,0,27,14,13,0
Pm08,MLt5,12,6,6,0,27,13,14,0
Sm04,Sm14,10,2,8,0,27,5,22,0
Tm1,CB0592,9,3,6,0,27,6,21,0
Dm17,PDt,12,7,5,0,27,16,11,0
Tm7,CB0816,12,7,5,0,27,16,11,0
C2,Tm21,12,4,8,0,27,9,18,0
Tm36,Tm27,13,4,9,0,27,8,19,0
Tm20,Y4,11,0,11,0,27,0,27,0
T3,Pm12,12,4,8,0,27,8,19,0
TmY20,Sm42,13,7,6,0,27,14,13,0
Y1,DNp11,10,3,7,0,27,8,19,0
Sm12,Sm40,12,7,5,0,27,15,12,0
Tm36,Li09,10,4,6,0,27,8,19,0
Tm5c,Sm21,12,10,2,0,27,21,6,0
Sm32,Tm25,12,4,8,0,27,9,18,0
Li17,LLPC2,13,8,5,0,27,17,10,0
Li21,LT61a,9,5,4,0,27,10,17,0
Tm16,LMa1,11,2,9,0,27,4,23,0
Li14,Li31,10,7,3,0,27,18,9,0
T2a,L5,11,2,9,0,27,4,23,0
LMa4,LT1d,8,3,5,0,27,8,19,0
Li03,LTe37,8,3,5,0,27,14,13,0
Li03,LTe57,8,4,4,0,27,10,17,0
Sm21,Sm07,13,7,6,0,27,15,12,0
Sm03,MLt7,8,1,7,0,27,2,25,0
Mi14,MLt1,13,9,4,0,27,19,8,0
Mi1,Tm36,6,2,4,0,27,7,20,0
TmY10,T2,12,2,10,0,27,4,23,0
L2,TmY5a,9,4,5,0,27,9,18,0
Tm5d,Dm15,12,5,7,0,27,12,15,0
Dm16,Mi4,13,5,8,0,27,11,16,0
LPi05,Li27,2,0,2,0,27,0,27,0
Y3,LC29,13,7,6,0,27,15,12,0
Li17,Li12,10,8,2,0,27,19,8,0
Li01,LT53,10,6,4,0,27,18,9,0
Dm10,TmY11,11,6,5,0,27,15,12,0
TmY4,LTe08,9,4,5,0,27,15,12,0
Sm09,Sm09,11,6,5,0,27,17,10,0
Sm13,Sm41,9,4,5,0,27,8,19,0
Sm13,Tm5e,13,7,6,0,27,14,13,0
Tlp4,LC29,13,6,7,0,27,13,14,0
Li06,Tm27,10,1,9,0,27,2,25,0
Li06,TmY5a,12,3,9,0,27,6,21,0
Y11,LPT49,12,9,3,0,27,19,8,0
MLt3,MLt1,10,4,6,0,27,12,15,0
MLt7,MTe23,10,5,5,0,27,13,14,0
TmY10,cLLP02,10,8,2,0,27,23,4,0
Sm27,Sm06,12,3,9,0,27,7,20,0
Sm09,MTe05,12,9,3,0,27,21,6,0
Tm36,LTe44,9,4,5,0,27,11,16,0
TmY16,Pm01,10,5,5,0,27,17,10,0
MLt1,MTe50,11,4,7,0,27,11,16,0
Tm5f,cM07,10,8,2,0,27,21,6,0
Y3,LMt4,13,10,3,0,27,20,7,0
Li11,LT57,12,7,5,0,27,16,11,0
Tm5c,MeTu3b,10,5,5,0,27,11,16,0
Li14,LT11,9,7,2,0,27,23,4,0
Tm7,LTe48,9,1,8,0,27,4,23,0
Li12,LC10d,11,5,6,0,27,12,15,0
Sm41,MTe33,2,1,1,0,27,15,12,0
C3,MTe41,13,8,5,0,27,17,10,0
Tm5e,LC11,13,8,5,0,27,16,11,0
TmY16,T4b,12,9,3,0,27,20,7,0
TmY16,T4c,10,5,5,0,27,12,15,0
Tm36,Li11,12,5,7,0,27,11,16,0
Li10,LTe24,12,5,7,0,27,12,15,0
Mi15,MTe13,11,8,3,0,27,18,9,0
MLt1,Dm10,11,6,5,0,27,14,13,0
Sm31,MTe54,10,5,5,0,27,15,12,0
LMa3,LC13,11,7,4,0,27,17,10,0
LMa4,Tm20,12,5,7,0,27,12,15,0
Tm27,MTe03,12,8,4,0,27,18,9,0
TmY11,Dm3p,12,3,9,0,27,7,20,0
Sm25,Tm5a,13,7,6,0,27,14,13,0
Mi4,Sm07,6,4,2,0,27,23,4,0
Dm12,Tm7,8,6,2,0,27,19,8,0
Tm34,LC14a1,10,6,4,0,27,16,11,0
MLt6,Sm42,9,3,6,0,27,11,16,0
TmY16,LPLC1,11,4,7,0,27,12,15,0
TmY9q,LC39,7,0,7,0,27,0,27,0
LMt2,LT56,9,3,6,0,27,9,18,0
LPi04,Y12,12,5,7,0,27,10,17,0
Tm16,OA-AL2i1,11,7,4,0,27,15,12,0
Dm9,Tm5a,11,10,1,0,27,25,2,0
Tm37,LTe25,11,2,9,0,27,4,23,0
TmY31,MTe03,8,4,4,0,27,13,14,0
Tm5d,Tm8b,11,4,7,0,27,9,18,0
Li22,T5b,13,8,5,0,27,17,10,0
Tm8a,LTe45,6,3,3,0,27,11,16,0
Tm9,T3,12,6,6,0,27,14,13,0
Li10,Tlp14,11,3,8,0,27,8,19,0
LPi02,VCH,12,8,4,0,27,17,10,0
Tm5c,MTe02,12,6,6,0,27,14,13,0
Tm21,MLt2,11,5,6,0,27,13,14,0
Sm02,TmY10,13,8,5,0,27,17,10,0
MLt1,LTe76,6,4,2,0,27,15,12,0
LLPt,LC36,10,6,4,0,27,16,11,0
LPi10,Tlp14,9,1,8,0,27,2,25,0
Tm8a,LC10f,11,5,6,0,27,13,14,0
LPi05,Li06,10,8,2,0,27,21,6,0
Mi4,LC14b,11,6,5,0,27,14,13,0
Dm20,cM09,12,7,5,0,27,17,10,0
TmY5a,cL21,13,5,8,0,27,11,16,0
Li11,LT51,8,4,4,0,27,10,17,0
TmY3,Dm2,12,5,7,0,27,10,17,0
LLPt,LT85,8,5,3,0,27,13,14,0
LLPt,LC16,6,3,3,0,27,8,19,0
TmY3,Tm5e,12,6,6,0,27,14,13,0
Tm32,LTe38a,11,5,6,0,27,10,17,0
MLt5,TmY31,6,1,5,0,27,2,25,0
LMa5,T4d,5,2,3,0,27,8,19,0
Dm14,Dm1,12,6,6,0,27,13,14,0
TmY15,LMa1,12,7,5,0,27,14,13,0
LMa2,TmY31,11,5,6,0,27,14,13,0
Sm14,Tm8a,11,6,5,0,27,16,11,0
Dm3v,T5c,4,0,4,0,27,0,27,0
TmY9q⊥,Tm5d,9,0,9,0,27,0,27,0
L3,TmY15,12,9,3,0,27,21,6,0
LMt3,Mi14,12,5,7,0,27,11,16,0
Tlp5,LPTe01,11,10,1,0,27,24,3,0
LPi02,LPi07,12,5,7,0,27,10,17,0
Y11,Li30,11,7,4,0,27,18,9,0
Tm32,LC19,9,4,5,0,27,16,11,0
TmY9q,LCe05,11,7,4,0,27,17,10,0
Li13,Li17,10,1,9,0,27,2,25,0
LLPt,Tlp14,11,1,10,0,27,2,25,0
Tm25,LC10d,11,6,5,0,27,15,12,0
Li09,Tm5f,11,3,8,0,27,8,19,0
Tm37,TmY31,11,8,3,0,27,20,7,0
Li28,Tm31,13,6,7,0,27,12,15,0
Li28,TmY31,9,7,2,0,27,23,4,0
Tm27,LC10d,12,7,5,0,27,14,13,0
Sm07,MTe24,9,6,3,0,27,19,8,0
Li08,LTe14,10,4,6,0,27,8,19,0
Pm14,PDt,9,6,3,0,27,20,7,0
TmY11,Y4,13,6,7,0,27,12,15,0
Mi15,DmDRA1,13,8,5,0,27,17,10,0
Li03,LTe20,10,7,3,0,27,18,9,0
Mi1,Pm13,4,1,3,0,27,5,22,0
Li12,Tm31,12,6,6,0,27,15,12,0
Li16,LMa2,12,5,7,0,27,10,17,0
T2,Pm10,12,2,10,0,27,4,23,0
Mi9,MeMe_e03,11,8,3,0,27,21,6,0
Li31,LTe12,2,1,1,0,27,11,16,0
Li24,LT1a,5,3,2,0,27,12,15,0
Sm32,Sm13,10,2,8,0,27,4,23,0
Li11,LC13,11,5,6,0,27,12,15,0
Tm5b,LC21,11,7,4,0,27,18,9,0
Dm16,Dm17,13,6,7,0,27,12,15,0
T3,Pm14,10,5,5,0,27,16,11,0
Tm8a,Li06,11,6,5,0,27,14,13,0
Li09,LC15,11,6,5,0,27,12,15,0
Li09,Tm36,12,5,7,0,27,10,17,0
Sm33,MLt8,9,8,1,0,27,25,2,0
LPi12,Nod5,2,1,1,0,27,22,5,0
LPi12,VS7,2,1,1,0,27,21,6,0
Dm19,Tm20,13,8,5,0,27,17,10,0
Pm01,Mi9,8,6,2,0,27,22,5,0
Li33,PLP215,2,1,1,0,27,13,14,0
Li33,LTe72,2,1,1,0,27,22,5,0
Li33,LT84,2,1,1,0,27,17,10,0
TmY4,Lawf2,11,5,6,0,27,14,13,0
Dm8a,Sm27,6,2,4,0,27,5,22,0
Sm16,Sm12,10,5,5,0,27,15,12,0
Tlp1,LC31a,9,4,5,0,27,12,15,0
LMa2,LC10b,8,3,5,0,27,12,15,0
Sm35,Sm15,11,9,2,0,27,22,5,0
LLPt,cM07,11,8,3,0,27,20,7,0
MLt2,LC24,11,5,6,0,27,14,13,0
Li15,DNp11,5,3,2,0,27,20,7,0
CT1,TmY5a,8,3,5,0,27,13,14,0
MLt3,TmY5a,11,7,4,0,27,18,9,0
T3,C2,8,4,4,0,27,11,16,0
Am1,LC31a,8,5,3,0,27,16,11,0
Am1,OA-AL2i1,2,1,1,0,27,20,7,0
Li30,Y1,11,3,8,0,27,7,20,0
Li30,Li09,12,7,5,0,27,16,11,0
LPi13,VS1,2,1,1,0,27,10,17,0
Li27,Li03,11,7,4,0,27,17,10,0
LC16,cL16,6,1,5,0,27,5,22,0
MeMe_e01,MLt5,11,6,5,0,27,17,10,0
cLP02,LPi02,9,7,2,0,27,18,9,0
LCe01b,LC17,12,6,6,0,27,14,13,0
MTe02,Tm37,12,4,8,0,27,8,19,0
LC25,LC9,13,10,3,0,27,20,7,0
cL01,cM10,4,3,1,0,27,24,3,0
MeMe_e01,Sm04,10,5,5,0,27,12,15,0
cLP02,LPi10,12,10,2,0,27,23,4,0
LT34,LTe23,2,1,1,0,27,16,11,0
aMe4,Mi15,11,2,9,0,27,5,22,0
LPLC4,VSm,11,7,4,0,27,15,12,0
LTe15,OA-AL2b1,2,1,1,0,27,13,14,0
LC14a2,LTe08,6,3,3,0,27,14,13,0
LC46,LC33a,7,4,3,0,27,18,9,0
LC22,LT38,6,2,4,0,27,5,22,0
LPC2,LPi02,9,5,4,0,27,16,11,0
LC10a,LPLC4,8,4,4,0,27,15,12,0
LTe64,cL13,2,1,1,0,27,19,8,0
cM01a,MLt5,9,6,3,0,27,15,12,0
aMe17b,MTe29,4,2,2,0,27,16,11,0
MTe14,MTe26,4,2,2,0,27,10,17,0
H1,Y4,9,3,6,0,27,7,20,0
LC20b,LTe36,10,3,7,0,27,7,20,0
MeTu4a,Sm06,11,6,5,0,27,14,13,0
MeTu4a,LTe53,10,3,7,0,27,10,17,0
CB0816,TmY9q⊥,5,0,5,0,27,0,27,0
CB0816,Dm2,11,7,4,0,27,19,8,0
LPLC2,Li32,10,3,7,0,27,6,21,0
LC15,Li33,8,2,6,0,27,9,18,0
MeMe_e02,Sm09,9,7,2,0,27,22,5,0
LT69,LT36,1,0,1,0,27,0,27,0
LT69,Li12,4,2,2,0,27,10,17,0
LC4,Li10,12,7,5,0,27,16,11,0
LPT45_dCal1,LPi11,8,6,2,0,27,19,8,0
LPT23,T4b,13,6,7,0,27,12,15,0
LPT23,LPi11,10,6,4,0,27,17,10,0
LPT23,LLPC2,11,7,4,0,27,17,10,0
MTe02,Sm05,10,5,5,0,27,12,15,0
MeMe_e08,Pm08,12,8,4,0,27,18,9,0
LC37a,PLP215,4,2,2,0,27,12,15,0
LT70,LC33a,7,2,5,0,27,7,20,0
MeTu4c,Tm7,12,7,5,0,27,17,10,0
LLPC1,Tm5a,11,2,9,0,27,5,22,0
LPLC1,LC14b,10,8,2,0,27,23,4,0
cL07,LT1c,2,1,1,0,27,10,17,0
LLPC4,LTe12,4,2,2,0,27,17,10,0
cM08a,Sm22,12,1,11,0,27,3,24,0
cM17,TmY5a,10,2,8,0,27,4,23,0
cM17,Sm06,10,3,7,0,27,8,19,0
MeTu3c,aMe17a2,12,5,7,0,27,11,16,0
LCe01b,LC14a1,9,3,6,0,27,10,17,0
OA-AL2i3,Tm5b,13,6,7,0,27,12,15,0
cM06,MeMe_e07,6,3,3,0,27,19,8,0
MTe01a,Dm2,12,8,4,0,27,17,10,0
LC25,LC16,11,7,4,0,27,16,11,0
cL20,Li02,9,8,1,0,27,25,2,0
LT37,LC9,8,5,3,0,27,19,8,0
LT37,LTe43,2,1,1,0,27,12,15,0
LC20b,LC15,8,2,6,0,27,4,23,0
5-HTPMPV03,Tm8a,10,8,2,0,27,23,4,0
5-HTPMPV03,Sm42,3,2,1,0,27,15,12,0
5-HTPMPV03,MTe01a,4,3,1,0,27,25,2,0
LC46,LT59,6,3,3,0,27,15,12,0
cLP02,Tlp4,11,7,4,0,27,19,8,0
LC35,LMa2,10,6,4,0,27,17,10,0
cM07,Dm15,12,8,4,0,27,19,8,0
LCe03,LT53,10,6,4,0,27,16,11,0
mALD1,LT73,2,1,1,0,27,20,7,0
MTe48,APDN3,4,2,2,0,27,17,10,0
aMe8,DN1a,4,3,1,0,27,17,10,0
LC15,Li27,12,8,4,0,27,19,8,0
cLLP02,LC10c,13,4,9,0,27,8,19,0
cLLP02,Li08,12,7,5,0,27,15,12,0
cLLP02,LTe58,9,4,5,0,27,12,15,0
cLLP02,Li28,6,4,2,0,27,13,14,0
LT63,LC21,4,0,4,0,27,0,27,0
MeTu1,aMe5,10,4,6,0,27,11,16,0
LC28a,LTe49b,8,2,6,0,27,6,21,0
MTe51,LTe75,5,0,5,0,27,0,27,0
LC14a1,LLPC3,9,3,6,0,27,8,19,0
aMe1,cM11,1,0,1,0,27,0,27,0
MeMe_e07,LPT53,4,1,3,0,27,7,20,0
CB0230,LTe52,2,0,1,1,27,0,19,8
LC37a,LC10d,11,4,7,0,27,9,18,0
LT64,LTe64,7,4,3,0,27,15,12,0
mALD2,LTe02,4,2,2,0,27,9,18,0
aMe4,Tm16,11,4,7,0,27,11,16,0
MeTu4a,LTe70,9,7,2,0,27,21,6,0
cM11,Tm8b,8,0,8,0,27,0,27,0
LPT48_vCal3,cLLPM02,2,0,0,2,27,0,0,27
MTe04,MTe01b,9,7,2,0,27,23,4,0
LC39,LTe09,9,3,6,0,27,9,18,0
OA-AL2i2,Li26,11,4,7,0,27,9,18,0
cM03,cM18,6,3,3,0,27,14,13,0
MeMe_e04,MLt8,6,3,3,0,27,16,11,0
aMe17a2,Sm32,9,2,7,0,27,4,23,0
PLP231,OA-AL2i1,4,1,1,2,27,5,7,15
cLLPM01,LPi10,9,3,6,0,27,7,20,0
LPT22,LPi15,2,1,1,0,27,20,7,0
OA-ASM1,LT11,6,3,3,0,27,16,11,0
OA-ASM1,Sm31,11,6,5,0,27,15,12,0
MTe51,Sm42,10,7,3,0,27,21,6,0
LT86,cL16,3,2,1,0,27,21,6,0
s-LNva,APDN3,3,2,1,0,27,19,8,0
LT56,Tm5b,12,4,8,0,27,9,18,0
LTe58,LTe75,4,3,1,0,27,19,8,0
OA-AL2b2,Sm03,12,4,8,0,27,9,18,0
LC24,LLPt,10,7,3,0,27,18,9,0
CB0592,Li01,11,7,4,0,27,18,9,0
CB0592,Li20,5,2,3,0,27,8,19,0
VS5,LPi11,10,7,3,0,27,21,6,0
VS1,T4d,13,10,3,0,27,21,6,0
MTe01b,Sm21,12,7,5,0,27,15,12,0
LLPC2,Li02,10,7,3,0,27,17,10,0
cL06,Li05,10,6,4,0,27,15,12,0
LT53,Li01,11,5,6,0,27,11,16,0
LT53,LTe54,6,2,4,0,27,5,22,0
LC28a,Li29,7,5,2,0,27,18,9,0
LC28a,LC29,11,7,4,0,27,19,8,0
VCH,TmY9q⊥,12,6,6,0,27,14,13,0
LT84,LTe57,1,0,1,0,27,0,27,0
cL02a,LPLC2,10,5,5,0,27,17,10,0
HSN,Y11,11,9,2,0,27,23,4,0
cLP04,Tlp4,8,3,5,0,27,6,21,0
MTe01a,aMe26,12,9,3,0,27,21,6,0
LC25,LT77,10,6,4,0,27,15,12,0
DNp27,LPLC1,11,5,6,0,27,10,17,0
LC35,LMa5,10,8,2,0,27,23,4,0
CB2197,LC36,2,0,2,0,27,0,27,0
MTe23,LTe56,2,1,1,0,27,11,16,0
LPT31,LMt3,8,5,3,0,27,21,6,0
MTe03,Tm8b,9,1,8,0,27,2,25,0
LT80,LPLC1,10,3,7,0,27,7,20,0
LPT49,vCal1,3,1,1,1,27,9,9,9
CB3238,LC10b,7,4,3,0,27,13,14,0
MeTu3b,MTe24,6,3,3,0,27,15,12,0
MTe01a,MTe01a,10,9,1,0,27,24,3,0
PLP032,OA-AL2b1,3,2,1,0,27,19,8,0
cL03,Tlp5,7,4,3,0,27,18,9,0
DCH,LPT23,6,3,3,0,27,20,7,0
cM15,TmY14,12,6,6,0,27,14,13,0
cM15,TmY31,11,3,8,0,27,7,20,0
LTe17,TmY10,13,10,3,0,27,21,6,0
LT61a,Tm27,13,3,10,0,27,7,20,0
LPT57,LPLC4,10,5,5,0,27,16,11,0
LTe43,PLP051,3,1,2,0,27,11,16,0
MTe35,MTe38,2,1,1,0,27,11,16,0
LT36,LC10c,12,3,9,0,27,8,19,0
MTe28,MLt7,9,5,4,0,27,16,11,0
MTe28,LTe51,2,1,1,0,27,11,16,0
MTe43,LTe52,3,1,2,0,27,10,17,0
LCe06,LTe24,4,3,1,0,27,23,4,0
cML01,Tm5c,11,4,7,0,27,8,19,0
LTe53,LC28a,7,3,4,0,27,12,15,0
PLP251,aMe20,2,1,1,0,27,8,19,0
cL02d,LMt3,7,2,5,0,27,7,20,0
LTe28,LT52,7,2,5,0,27,7,20,0
aMe19b,CB0802,1,0,1,0,27,0,27,0
cL13,LTe14,2,1,1,0,27,18,9,0
VS2,LLPC3,10,7,3,0,27,20,7,0
aMe17a1,Sm40,4,2,2,0,27,13,14,0
aMe17a1,MTe01b,8,3,5,0,27,11,16,0
cL15,LCe03,9,6,3,0,27,21,6,0
LTe21,LTe63,4,3,1,0,27,24,3,0
MTe44,cL08,2,1,1,0,27,14,13,0
LT41,Tm5c,11,9,2,0,27,23,4,0
cL01,cL02a,5,4,1,0,27,24,3,0
cM16,Pm05,12,6,6,0,27,12,15,0
cM16,MTe12,4,3,1,0,27,22,5,0
LPT53,Tlp14,6,2,4,0,27,11,16,0
Pm13,Tm20,8,8,0,0,27,27,0,0
MLt2,cL17,8,8,0,0,27,27,0,0
Tm3,AVLP534,6,6,0,0,27,27,0,0
PLP023,cL05,1,1,0,0,27,27,0,0
LTe38b,PLP022,2,2,0,0,27,27,0,0
LTe05,CB0734,1,1,0,0,27,27,0,0
LPT28,DNp31,1,1,0,0,27,27,0,0
T2a,Tm9,10,5,5,0,26,13,13,0
Tm5f,LT1a,13,9,4,0,26,18,8,0
Mi13,Pm04,13,4,9,0,26,8,18,0
L5,Li06,6,0,6,0,26,0,26,0
Tm8a,Mi10,10,2,8,0,26,4,22,0
TmY11,LPi11,13,9,4,0,26,18,8,0
Tm33,LC13,12,7,5,0,26,16,10,0
Y4,Mi13,12,3,9,0,26,6,20,0
Tm27,Tm5b,12,6,6,0,26,13,13,0
TmY14,Mi9,12,2,10,0,26,4,22,0
Tm7,LC15,10,2,8,0,26,5,21,0
Dm20,Sm01,10,3,7,0,26,7,19,0
TmY4,Tm5d,10,2,8,0,26,4,22,0
MLt3,LLPt,11,7,4,0,26,16,10,0
Sm15,Tm7,12,8,4,0,26,18,8,0
TmY5a,HSN,12,3,9,0,26,6,20,0
TmY5a,LPT30,13,8,5,0,26,16,10,0
Tm3,LPT30,12,3,9,0,26,6,20,0
Tm8b,Li30,9,6,3,0,26,20,6,0
Li05,Tm16,13,7,6,0,26,14,12,0
Lawf2,Mi4,8,3,5,0,26,7,19,0
Pm07,Tm2,10,3,7,0,26,9,17,0
Sm03,Lawf1,7,4,3,0,26,16,10,0
Sm22,Tm5f,13,4,9,0,26,8,18,0
Tm32,LTe33,9,7,2,0,26,20,6,0
Tm21,Dm3p,12,5,7,0,26,10,16,0
Sm08,Dm4,10,7,3,0,26,20,6,0
TmY5a,Sm07,11,5,6,0,26,13,13,0
Tm8a,Sm08,9,3,6,0,26,10,16,0
Tm8a,Tm5b,10,1,9,0,26,2,24,0
Dm19,Mi14,13,6,7,0,26,12,14,0
Tm35,TmY11,11,7,4,0,26,17,9,0
Tm16,cL04,11,4,7,0,26,9,17,0
Dm3q,Sm35,12,9,3,0,26,20,6,0
Li21,LTe13,6,4,2,0,26,17,9,0
Y3,LTe26,5,1,4,0,26,2,24,0
Pm07,TmY16,10,3,7,0,26,12,14,0
Pm07,Tm20,11,4,7,0,26,8,18,0
Tm5f,T3,9,5,4,0,26,17,9,0
Y3,CB0472,9,2,7,0,26,8,18,0
MLt5,LC11,12,7,5,0,26,15,11,0
Tm4,Dm6,13,5,8,0,26,10,16,0
Dm8a,Sm12,11,5,6,0,26,11,15,0
Tlp5,MLt3,10,4,6,0,26,10,16,0
Li13,Tm5a,10,2,8,0,26,4,22,0
Li13,LT72,8,5,3,0,26,17,9,0
Sm09,MLt8,9,4,5,0,26,14,12,0
Y3,MLt6,9,4,5,0,26,10,16,0
Dm10,CB0592,11,5,6,0,26,10,16,0
TmY5a,LCe01a,13,7,6,0,26,14,12,0
Li01,LLPt,9,5,4,0,26,15,11,0
Tm8b,Tm37,12,4,8,0,26,8,18,0
Li12,cM07,11,8,3,0,26,19,7,0
TmY9q,LTe65,10,4,6,0,26,8,18,0
Sm21,Sm40,10,7,3,0,26,16,10,0
Sm13,MTe40,10,4,6,0,26,10,16,0
TmY20,DCH,12,8,4,0,26,18,8,0
Pm10,Y12,12,5,7,0,26,11,15,0
TmY4,LPi03,11,3,8,0,26,6,20,0
TmY11,MTe01a,8,3,5,0,26,11,15,0
Dm20,Tm5c,13,10,3,0,26,20,6,0
Tm5f,Sm01,12,8,4,0,26,18,8,0
Mi9,Sm02,10,5,5,0,26,13,13,0
Tm3,Tm33,8,1,7,0,26,3,23,0
LPi06,LPi11,11,4,7,0,26,9,17,0
MLt6,Tm5d,12,5,7,0,26,11,15,0
MLt6,Tm33,12,8,4,0,26,18,8,0
Sm27,Sm09,10,4,6,0,26,9,17,0
MLt4,Mi14,12,7,5,0,26,16,10,0
Tm5f,LT57,12,6,6,0,26,12,14,0
Mi15,Tm1,9,1,8,0,26,2,24,0
Sm16,MTe29,11,7,4,0,26,18,8,0
TmY15,Mi13,11,6,5,0,26,14,12,0
Tm35,Li18,12,4,8,0,26,8,18,0
MLt5,Tm8b,10,5,5,0,26,10,16,0
TmY3,T4a,10,5,5,0,26,12,14,0
Li10,LMa1,12,6,6,0,26,13,13,0
Li10,TmY9q,12,4,8,0,26,8,18,0
Tm5e,LC20a,11,7,4,0,26,18,8,0
Li02,Li11,12,8,4,0,26,18,8,0
LMa4,LMt3,12,8,4,0,26,18,8,0
Li12,Tm32,9,4,5,0,26,10,16,0
Sm41,aMe9,4,2,2,0,26,10,16,0
Sm41,MeMe_e10,3,2,1,0,26,12,14,0
Sm41,MTe40,2,1,1,0,26,20,6,0
Li01,LTe08,11,5,6,0,26,11,15,0
LMt3,MTe53,11,3,8,0,26,6,20,0
Tm31,LTe10,10,7,3,0,26,18,8,0
Tm5c,Y3,11,2,9,0,26,8,18,0
Tm25,Li28,13,7,6,0,26,14,12,0
Sm31,Tm27,12,7,5,0,26,16,10,0
Dm3v,Tm5a,13,10,3,0,26,20,6,0
TmY31,LTe38c,11,6,5,0,26,16,10,0
Sm25,Sm31,10,4,6,0,26,9,17,0
Sm25,MeMe_e05,9,5,4,0,26,13,13,0
MLt3,LTe18,10,5,5,0,26,15,11,0
Li01,Li30,11,4,7,0,26,10,16,0
Li22,TmY15,12,7,5,0,26,14,12,0
L4,Dm3p,8,1,7,0,26,2,24,0
MLt1,Pm08,10,5,5,0,26,15,11,0
TmY14,MTe41,12,8,4,0,26,17,9,0
Tm5e,LTe44,12,4,8,0,26,9,17,0
Tm37,Li02,10,3,7,0,26,6,20,0
Mi2,C3,12,6,6,0,26,13,13,0
Tm8b,LTe64,7,3,4,0,26,13,13,0
Tm7,MTe01b,10,4,6,0,26,13,13,0
Dm8b,TmY9q,8,3,5,0,26,6,20,0
Tm8a,cL19,10,5,5,0,26,13,13,0
Li03,Li21,7,4,3,0,26,15,11,0
TmY9q,Li21,10,4,6,0,26,8,18,0
Dm19,Mi1,10,3,7,0,26,8,18,0
Sm05,Sm03,10,8,2,0,26,17,9,0
Mi2,TmY4,9,3,6,0,26,7,19,0
Tm25,Y4,11,5,6,0,26,13,13,0
Sm15,Sm02,10,4,6,0,26,8,18,0
Tm5e,LTe03,11,7,4,0,26,17,9,0
T4c,Pm09,10,5,5,0,26,13,13,0
Tm36,Dm8a,12,3,9,0,26,6,20,0
Tm32,MTe51,11,3,8,0,26,7,19,0
Sm15,Sm40,11,4,7,0,26,8,18,0
Sm32,Tm5e,9,7,2,0,26,21,5,0
Pm02,C3,11,5,6,0,26,12,14,0
Tm20,Tm3,10,6,4,0,26,17,9,0
T4a,T2,11,6,5,0,26,16,10,0
Y3,cL09,7,6,1,0,26,22,4,0
Li02,TmY5a,12,7,5,0,26,16,10,0
TmY20,LMt3,13,9,4,0,26,18,8,0
Y1,MTe08,11,6,5,0,26,14,12,0
Li05,Tm5b,9,2,7,0,26,4,22,0
Mi15,Dm3q,12,8,4,0,26,17,9,0
LMa3,TmY3,13,6,7,0,26,12,14,0
Tm8b,LTe47,9,4,5,0,26,10,16,0
Sm06,MLt8,10,8,2,0,26,20,6,0
Tm16,LC43,10,2,8,0,26,4,22,0
Tm5c,LC33a,10,4,6,0,26,9,17,0
Mi2,Pm14,9,6,3,0,26,17,9,0
TmY9q,LC21,12,4,8,0,26,9,17,0
LMa2,LC37a,9,0,9,0,26,0,26,0
Tm27,Tm2,13,7,6,0,26,14,12,0
Mi1,Y1,10,6,4,0,26,13,13,0
Tm3,MLt3,10,3,7,0,26,6,20,0
Dm2,C3,12,4,8,0,26,8,18,0
Li06,LT62,11,5,6,0,26,14,12,0
Dm18,Dm20,12,7,5,0,26,16,10,0
Mi10,Tm1,11,6,5,0,26,12,14,0
Li05,LC17,11,5,6,0,26,12,14,0
LMt3,DNp11,5,2,3,0,26,16,10,0
T4d,T5c,12,2,10,0,26,6,20,0
Y12,Y4,12,10,2,0,26,22,4,0
Li09,LC26,9,2,7,0,26,4,22,0
L4,Pm05,9,3,6,0,26,7,19,0
Tlp4,LLPC4,7,4,3,0,26,17,9,0
MLt1,LTe43,10,4,6,0,26,10,16,0
Li11,Li13,11,5,6,0,26,12,14,0
LLPt,LT75,11,5,6,0,26,11,15,0
Pm14,Sm13,11,7,4,0,26,18,8,0
TmY3,Dm12,10,8,2,0,26,22,4,0
Tm33,LMa5,11,8,3,0,26,19,7,0
Tm4,Li13,7,4,3,0,26,12,14,0
Li03,LC11,12,6,6,0,26,12,14,0
Li12,Li28,11,5,6,0,26,12,14,0
Li04,LT85,8,5,3,0,26,18,8,0
Tm34,Li24,7,3,4,0,26,7,19,0
Sm23,TmY4,9,5,4,0,26,14,12,0
Li10,LTe64,9,6,3,0,26,17,9,0
Sm22,cM10,10,4,6,0,26,9,17,0
Sm22,Tm35,12,5,7,0,26,12,14,0
T2,LMt2,11,5,6,0,26,12,14,0
Sm10,MeTu4c,12,6,6,0,26,13,13,0
Tm20,LC11,12,7,5,0,26,16,10,0
Tm2,Dm2,11,6,5,0,26,13,13,0
Li31,Li18,8,4,4,0,26,13,13,0
Li26,Li06,8,0,8,0,26,0,26,0
Sm30,MeTu2b,11,4,7,0,26,9,17,0
Tm31,LC10e,9,4,5,0,26,11,15,0
MLt2,LTe15,8,5,3,0,26,14,12,0
Sm30,MTe19,8,4,4,0,26,12,14,0
Li01,Li17,4,0,4,0,26,0,26,0
Tm34,Tm31,10,3,7,0,26,9,17,0
Sm02,Tm8a,12,9,3,0,26,19,7,0
Tm1,T4c,9,4,5,0,26,12,14,0
Sm42,Sm15,9,4,5,0,26,8,18,0
Sm42,cM15,2,1,1,0,26,14,12,0
Tm5b,Y3,7,2,5,0,26,4,22,0
TmY5a,LTe27,11,8,3,0,26,17,9,0
Sm01,MTe49,11,8,3,0,26,17,9,0
MLt1,MeLp2,8,4,4,0,26,13,13,0
Tm27,LLPC1,12,9,3,0,26,20,6,0
Li09,LC31c,8,5,3,0,26,14,12,0
Tm36,Tm8a,12,6,6,0,26,13,13,0
T2,PDt,12,8,4,0,26,17,9,0
Sm10,MTe19,10,6,4,0,26,18,8,0
LMa2,Tm37,11,6,5,0,26,14,12,0
Sm40,MTe29,3,2,1,0,26,21,5,0
Li33,LT47,2,1,1,0,26,8,18,0
LMa2,Pm12,10,7,3,0,26,20,6,0
Sm14,Sm08,10,4,6,0,26,11,15,0
PDt,LMa5,11,8,3,0,26,19,7,0
Li32,LTe09,6,2,4,0,26,10,16,0
Li32,Tm20,11,4,7,0,26,12,14,0
Li32,LT74,4,2,2,0,26,11,15,0
Li24,LT84,4,2,2,0,26,13,13,0
DmDRA1,CB0816,7,6,1,0,26,24,2,0
Am1,LPTe02,7,4,3,0,26,13,13,0
Am1,vCal1,2,1,1,0,26,16,10,0
Tm16,Li09,8,6,2,0,26,13,13,0
Dm20,MTe02,11,6,5,0,26,16,10,0
Li30,LC33a,4,2,2,0,26,13,13,0
Li29,LC13,12,7,5,0,26,16,10,0
Sm38,Sm18,9,8,1,0,26,21,5,0
Dm20,Pm14,3,2,1,0,26,24,2,0
T2,MeMe_e07,7,6,1,0,26,23,3,0
LC21,Li25,12,6,6,0,26,14,12,0
LC21,TmY15,11,4,7,0,26,9,17,0
LC24,TmY5a,12,4,8,0,26,10,16,0
LC24,LC14b,12,2,10,0,26,4,22,0
LT55,LC10b,9,4,5,0,26,9,17,0
LC40,LT57,10,6,4,0,26,17,9,0
LC14b,LC14a1,11,0,0,11,26,0,0,26
MeLp1,H1,4,0,0,4,26,0,0,26
LC18,Tm21,12,3,9,0,26,7,19,0
LT11,Li25,4,2,2,0,26,12,14,0
cL22a,CB3790,2,1,1,0,26,15,11,0
LC16,Li01,12,8,4,0,26,16,10,0
LT34,Li01,8,6,2,0,26,22,4,0
LC13,LC21,10,6,4,0,26,17,9,0
MTe07,Dm2,8,2,6,0,26,11,15,0
LC14a2,LTe38a,8,3,5,0,26,6,20,0
LC20a,LTe05,7,5,2,0,26,19,7,0
LT43,LLPt,10,8,2,0,26,21,5,0
LPLC1,Li16,12,8,4,0,26,16,10,0
cL16,LC13,11,7,4,0,26,18,8,0
cLP01,T5b,12,4,8,0,26,9,17,0
LC6,LTe47,9,3,6,0,26,14,12,0
LC24,LC21,11,8,3,0,26,18,8,0
LT52,Li13,11,5,6,0,26,11,15,0
LT52,Li05,12,5,7,0,26,11,15,0
MTe14,Pm13,6,2,4,0,26,11,15,0
MTe14,TmY5a,13,10,3,0,26,20,6,0
H1,LPC1,11,6,5,0,26,14,12,0
aMe8,aMe17c,6,4,2,0,26,14,12,0
LC29,LCe06,7,4,3,0,26,16,10,0
LC14a2,LT53,7,5,2,0,26,14,12,0
cM08c,Tm32,10,9,1,0,26,23,3,0
aMe26,Tm5e,12,6,6,0,26,14,12,0
aMe26,aMe26,5,2,3,0,26,10,16,0
MTe01a,Tm8b,11,9,2,0,26,21,5,0
LPLC4,Y4,10,3,7,0,26,7,19,0
LPLC1,Y4,9,4,5,0,26,11,15,0
LPT54,DNp27,2,1,1,0,26,6,20,0
LC10b,LC14b,10,5,5,0,26,14,12,0
aMe9,MTe01b,4,1,3,0,26,3,23,0
LT52,LC28a,13,10,3,0,26,20,6,0
LC4,LC31c,12,6,6,0,26,14,12,0
cL08,LMa3,7,4,3,0,26,16,10,0
LLPC3,LPi02,12,8,4,0,26,16,10,0
LC4,Tm5f,12,4,8,0,26,8,18,0
MTe25,aMe17a2,2,1,1,0,26,10,16,0
MeTu4c,Li12,8,4,4,0,26,9,17,0
LC24,LT53,11,5,6,0,26,13,13,0
cLP03,LPT47_vCal2,6,5,1,0,26,22,4,0
cM08a,MTe34,5,2,3,0,26,9,17,0
aMe10,Sm15,9,5,4,0,26,15,11,0
LTe69,mALD1,2,1,1,0,26,17,9,0
LPTe01,LPT28,10,8,2,0,26,21,5,0
MeMe_e08,Tm21,12,5,7,0,26,11,15,0
LPLC4,LPLC2,12,7,5,0,26,15,11,0
cL18,LTe61,4,1,3,0,26,6,20,0
cL18,LC17,12,9,3,0,26,20,6,0
MeTu2a,MeTu3a,11,9,2,0,26,22,4,0
LPT50,Am1,3,1,2,0,26,14,12,0
cM07,cM05,2,1,1,0,26,16,10,0
LT81,cL11,4,0,0,4,26,0,0,26
LC14a1,LPT30,4,2,2,0,26,6,20,0
LC14a2,LCe06,7,5,2,0,26,22,4,0
LT51,LC19,8,2,5,1,26,8,10,8
cLLP02,LTe17,4,2,2,0,26,13,13,0
cLLP02,LC22,11,5,6,0,26,12,14,0
cLLP02,LTe08,4,2,2,0,26,13,13,0
DNp11,LMa1,7,4,3,0,26,18,8,0
MeMe_e07,Mi10,12,7,5,0,26,16,10,0
MeMe_e07,Pm12,11,7,4,0,26,16,10,0
LC28a,LT77,10,7,3,0,26,17,9,0
LT38,cLPL01,3,1,2,0,26,9,17,0
cL17,cL17,2,0,0,2,26,0,0,26
cLLPM01,Tlp1,9,3,6,0,26,6,20,0
LC10a,Li05,5,0,5,0,26,0,26,0
LPC2,LLPC3,13,9,4,0,26,18,8,0
mALD2,LTe36,2,1,1,0,26,19,7,0
MeMe_e05,MeTu4d,8,4,4,0,26,11,15,0
MeMe_e05,LT58,2,1,1,0,26,16,10,0
MeMe_e05,MTe19,2,1,1,0,26,12,14,0
OA-AL2b1,LC16,11,4,7,0,26,9,17,0
OA-AL2b1,LC40,6,3,3,0,26,10,16,0
cM11,Pm13,3,0,3,0,26,0,26,0
MTe04,aMe5,9,5,4,0,26,17,9,0
LC16,LLPt,8,3,5,0,26,6,20,0
LT68,LCe04,4,1,3,0,26,4,22,0
OA-AL2i2,Tm27,11,4,7,0,26,8,18,0
OA-AL2i2,Pm12,5,2,3,0,26,12,14,0
LTe33,LCe01b,9,4,5,0,26,13,13,0
LPC1,PLP248,4,1,3,0,26,5,21,0
LC40,LC19,10,4,6,0,26,14,12,0
LC20b,LT69,7,6,1,0,26,23,3,0
aMe19b,LTe71,2,1,1,0,26,19,7,0
LLPC2,Tlp5,10,6,4,0,26,17,9,0
mALC3,Li17,5,2,3,0,26,6,20,0
AVLP151,cM05,4,1,1,2,26,6,6,14
VS4,T4d,12,11,1,0,26,24,2,0
mALC5,Sm38,4,2,2,0,26,7,19,0
mALC5,LTe47,4,2,2,0,26,7,19,0
mALC5,cL02d,3,1,2,0,26,11,15,0
mALC5,Sm06,2,0,2,0,26,0,26,0
cM13,aMe9,4,2,2,0,26,18,8,0
OA-ASM1,Tm34,13,7,6,0,26,14,12,0
OA-ASM1,LT77,9,6,3,0,26,18,8,0
LTe45,Li10,11,6,5,0,26,13,13,0
LT56,MTe47,6,2,4,0,26,5,21,0
MTe37,OA-AL2i4,2,1,1,0,26,13,13,0
OA-AL2b2,R8,8,1,7,0,26,2,24,0
OA-AL2b2,Sm39,6,4,2,0,26,19,7,0
LC21,LC14a2,8,3,5,0,26,11,15,0
MC65,MTe27,5,3,2,0,26,15,11,0
LC18,LC13,12,9,3,0,26,20,6,0
cM12,Sm42,2,1,1,0,26,10,16,0
LC28a,LC4,7,1,6,0,26,2,24,0
HSN,LPLC2,12,8,4,0,26,18,8,0
LT85,LCe06,7,3,4,0,26,11,15,0
MTe17,Sm12,11,5,6,0,26,13,13,0
MTe17,Sm38,5,1,4,0,26,4,22,0
MTe22,TmY5a,10,1,9,0,26,2,24,0
MTe22,MTe51,8,4,4,0,26,14,12,0
LT76,cL15,2,1,1,0,26,5,21,0
MeMe_e07,LT33,1,0,1,0,26,0,26,0
LC18,LMa4,8,6,2,0,26,22,4,0
cM15,Tm3,12,4,8,0,26,8,18,0
cM15,Tm8b,12,8,4,0,26,17,9,0
LC28a,LT83,3,2,1,0,26,24,2,0
aMe6a,cM08c,3,1,2,0,26,5,21,0
LTe46,LC14a2,6,3,3,0,26,13,13,0
LTe23,PLP004,1,0,1,0,26,0,26,0
cM05,TmY4,11,4,7,0,26,11,15,0
cM05,Mi9,9,3,6,0,26,7,19,0
LC19,cL06,3,0,0,3,26,0,0,26
MTe28,cM08a,3,2,1,0,26,17,9,0
cL04,cL06,4,2,2,0,26,14,12,0
cL04,Li05,13,8,5,0,26,16,10,0
LTe14,LT36,1,0,1,0,26,0,26,0
LPT21,Y11,10,3,7,0,26,10,16,0
cML01,LMa1,10,6,4,0,26,14,12,0
cML01,OA-AL2i1,2,1,1,0,26,14,12,0
LTe53,Tm16,10,3,7,0,26,8,18,0
cM10,Tm5a,9,7,2,0,26,22,4,0
MTe04,PLP231,5,4,1,0,26,21,5,0
LTe42b,LTe48,2,1,1,0,26,17,9,0
cL05,LCe07,3,1,2,0,26,7,19,0
cL05,LTe28,2,1,1,0,26,16,10,0
cLLPM02,LPT49,2,1,1,0,26,18,8,0
cMLLP01,Sm42,2,1,1,0,26,13,13,0
cMLLP01,MTe27,2,1,1,0,26,10,16,0
VS2,VSm,4,2,2,0,26,19,7,0
aMe19a,aMe5,8,4,4,0,26,10,16,0
cL22c,LTe07,2,1,1,0,26,13,13,0
LT39,LC17,12,5,7,0,26,12,14,0
LT43,LC10c,11,8,3,0,26,20,6,0
MTe44,LT39,2,1,1,0,26,10,16,0
DmDRA1,Dm9,12,12,0,0,26,26,0,0
Pm14,Tlp5,5,5,0,0,26,26,0,0
Dm16,LC4,4,4,0,0,26,26,0,0
cL16,Li11,7,7,0,0,26,26,0,0
LTe08,LC10c,4,4,0,0,26,26,0,0
LPT29,LLPC3,9,9,0,0,26,26,0,0
Y3,Tm2,9,1,8,0,25,2,23,0
Tm20,MTe18,11,2,9,0,25,5,20,0
Tm20,LC17,8,3,5,0,25,13,12,0
Sm06,Tm5e,12,4,8,0,25,9,16,0
Tm8a,LTe68,10,5,5,0,25,13,12,0
Tm31,LT57,11,4,7,0,25,10,15,0
Mi9,aMe17c,12,5,7,0,25,10,15,0
Li20,Tm5f,11,3,8,0,25,7,18,0
Tm25,Dm8a,11,3,8,0,25,7,18,0
C2,C2,10,4,6,0,25,8,17,0
Sm19,MTe01b,10,2,8,0,25,4,21,0
Tm5d,TmY4,11,5,6,0,25,11,14,0
R8,Lawf1,8,0,8,0,25,0,25,0
Dm20,Dm3p,10,8,2,0,25,20,5,0
TmY4,LT78,12,4,8,0,25,8,17,0
Sm16,MTe17,8,4,4,0,25,9,16,0
Tm7,MTe03,12,8,4,0,25,17,8,0
TmY20,PLP032,8,2,6,0,25,6,19,0
TmY9q⊥,LT58,7,5,2,0,25,21,4,0
Sm30,cM04,7,3,4,0,25,8,17,0
MLt5,aMe25,9,1,8,0,25,2,23,0
TmY15,LC14a2,12,8,4,0,25,17,8,0
Li17,T5c,10,6,4,0,25,17,8,0
TmY10,LTe32,10,3,7,0,25,7,18,0
TmY10,MLt1,10,7,3,0,25,19,6,0
Li12,Tm36,12,5,7,0,25,11,14,0
Li12,Li05,12,4,8,0,25,9,16,0
Sm40,MTe25,4,2,2,0,25,9,16,0
TmY3,Tm20,12,2,10,0,25,4,21,0
TmY10,LTe65,11,6,5,0,25,13,12,0
Tm5e,Mi1,11,4,7,0,25,10,15,0
Tlp4,VCH,8,5,3,0,25,15,10,0
Tm27,Tm5c,11,6,5,0,25,14,11,0
Tm25,LC14a2,9,6,3,0,25,17,8,0
Tm27,cLPL01,11,6,5,0,25,14,11,0
Sm32,Tm2,10,4,6,0,25,9,16,0
Sm32,Sm15,5,4,1,0,25,23,2,0
Mi9,Pm11,11,5,6,0,25,11,14,0
T2a,Dm20,12,5,7,0,25,10,15,0
Li21,LCe06,8,3,5,0,25,8,17,0
Tm33,Tm27,11,4,7,0,25,8,17,0
Tm32,CB0472,9,4,5,0,25,9,16,0
Sm28,Sm10,11,9,2,0,25,19,6,0
Li10,LTe52,9,5,4,0,25,15,10,0
Mi14,TmY15,11,4,7,0,25,10,15,0
T5c,LPTe02,10,2,8,0,25,4,21,0
Tm16,LTe48,10,7,3,0,25,19,6,0
Tm8b,Sm05,12,6,6,0,25,13,12,0
Tm5c,Li02,11,4,7,0,25,11,14,0
Li13,Tm34,12,4,8,0,25,8,17,0
TmY20,LTe27,9,3,6,0,25,6,19,0
Tm16,cLLP02,11,6,5,0,25,14,11,0
Li06,Li28,11,3,8,0,25,6,19,0
Li03,LT67,11,6,5,0,25,13,12,0
TmY31,Sm22,9,4,5,0,25,8,17,0
Li18,LC10c,12,4,8,0,25,8,17,0
T2a,Li19,10,6,4,0,25,15,10,0
Sm01,Y3,8,4,4,0,25,16,9,0
Mi15,Sm27,9,5,4,0,25,10,15,0
Mi13,Dm10,10,3,7,0,25,7,18,0
Tm5b,Sm19,11,4,7,0,25,8,17,0
Tm5d,Sm30,10,7,3,0,25,16,9,0
TmY16,Mi1,9,4,5,0,25,11,14,0
TmY16,Pm04,10,6,4,0,25,14,11,0
Tm5c,LTe44,11,5,6,0,25,13,12,0
Tlp5,LPi15,11,6,5,0,25,13,12,0
Mi10,MTe43,11,4,7,0,25,8,17,0
Tlp1,Nod5,10,6,4,0,25,15,10,0
Y11,Pm08,12,3,9,0,25,6,19,0
Tm20,LMa1,11,1,10,0,25,3,22,0
TmY31,LC20a,10,5,5,0,25,14,11,0
Li04,LT72,5,2,3,0,25,13,12,0
Li05,TmY15,9,2,7,0,25,7,18,0
Tm31,Li05,12,6,6,0,25,13,12,0
Sm09,Sm05,8,5,3,0,25,15,10,0
Y12,Mi1,6,1,5,0,25,2,23,0
Tm25,TmY3,12,2,10,0,25,4,21,0
TmY9q⊥,LLPC2,12,6,6,0,25,13,12,0
Li19,LTe12,4,2,2,0,25,16,9,0
Tm33,Tm32,10,5,5,0,25,14,11,0
Lai,L4,12,8,4,0,25,17,8,0
Tm5a,LC31b,11,4,7,0,25,9,16,0
TmY9q⊥,Li21,6,2,4,0,25,7,18,0
Tm16,TmY20,12,8,4,0,25,17,8,0
Tm5e,T5c,12,8,4,0,25,16,9,0
Pm01,LPLC2,3,0,3,0,25,0,25,0
Mi2,MLt1,12,6,6,0,25,13,12,0
Mi2,T1,6,4,2,0,25,8,17,0
LMa1,LC15,9,2,7,0,25,6,19,0
Tm20,Li32,6,2,4,0,25,10,15,0
MLt8,Li09,6,2,4,0,25,12,13,0
Sm07,Sm04,11,7,4,0,25,15,10,0
Sm08,Tm9,12,5,7,0,25,10,15,0
Li04,TmY20,11,9,2,0,25,21,4,0
LPi11,LPTe01,9,7,2,0,25,21,4,0
Li12,LC20a,9,8,1,0,25,23,2,0
Mi10,cM15,9,3,6,0,25,6,19,0
LMt3,Tm9,10,8,2,0,25,21,4,0
MLt5,Sm10,12,9,3,0,25,18,7,0
T4d,T5b,8,2,6,0,25,4,21,0
Tm31,cM08a,10,4,6,0,25,9,16,0
Pm06,Mi1,10,4,6,0,25,8,17,0
Dm9,MeLp1,11,8,3,0,25,18,7,0
Sm12,cM08c,12,5,7,0,25,11,14,0
Tm5c,Sm30,9,3,6,0,25,8,17,0
LMa1,LTe13,8,4,4,0,25,13,12,0
LMa1,Li26,10,5,5,0,25,11,14,0
Sm20,Dm4,10,3,7,0,25,7,18,0
Tm5b,LC14a1,8,5,3,0,25,18,7,0
Sm03,Sm15,12,8,4,0,25,17,8,0
T2,L4,12,4,8,0,25,8,17,0
Pm04,MeMe_e07,11,6,5,0,25,15,10,0
Pm04,MTe39,9,7,2,0,25,20,5,0
Pm04,Y11,9,6,3,0,25,16,9,0
Tm4,Nod3,6,3,3,0,25,7,18,0
Li09,Y3,12,6,6,0,25,13,12,0
Tm27,LC12,11,6,5,0,25,13,12,0
LMa1,Pm07,11,5,6,0,25,12,13,0
Sm25,MeTu1,11,3,8,0,25,6,19,0
TmY9q,Lawf1,9,4,5,0,25,8,17,0
Sm22,LMa5,11,5,6,0,25,12,13,0
Sm10,MLt2,12,7,5,0,25,15,10,0
Tm5e,Li29,12,5,7,0,25,10,15,0
LMt2,T2,12,5,7,0,25,11,14,0
LMt2,Y3,12,6,6,0,25,13,12,0
LPi01,TmY20,9,1,8,0,25,2,23,0
MLt1,Pm04,9,6,3,0,25,19,6,0
Sm11,cM11,8,0,8,0,25,0,25,0
Sm11,TmY31,10,5,5,0,25,11,14,0
Li01,LTe42c,8,5,3,0,25,15,10,0
TmY20,LC46,11,7,4,0,25,15,10,0
Li05,LC14a1,11,7,4,0,25,16,9,0
Mi2,MeMe_e08,12,5,7,0,25,10,15,0
Tm5f,Tm4,9,4,5,0,25,15,10,0
TmY4,Am1,12,5,7,0,25,10,15,0
Tm37,Li05,11,4,7,0,25,10,15,0
TmY10,LTe42c,10,6,4,0,25,16,9,0
Dm2,MeTu4c,11,5,6,0,25,13,12,0
LMa4,Lawf2,10,8,2,0,25,21,4,0
Tm27,LMt3,11,6,5,0,25,14,11,0
Li03,LTe40,4,2,2,0,25,11,14,0
Li03,LC13,12,6,6,0,25,13,12,0
Li06,LLPt,5,4,1,0,25,23,2,0
Dm3v,Tm4,12,7,5,0,25,15,10,0
Tm25,Tm3,11,2,9,0,25,4,21,0
TmY9q⊥,LPi14,11,2,9,0,25,4,21,0
TmY3,Mi13,11,3,8,0,25,6,19,0
Tm5e,LTe49b,10,2,8,0,25,4,21,0
TmY4,Tm25,11,2,9,0,25,4,21,0
Dm4,C2,3,0,3,0,25,0,25,0
Sm15,Sm14,10,5,5,0,25,11,14,0
DmDRA1,MeTu1,11,6,5,0,25,13,12,0
LMa3,MeMe_e07,10,6,4,0,25,12,13,0
Dm13,Tm5e,11,6,5,0,25,12,13,0
TmY14,LPC2,8,4,4,0,25,8,17,0
Sm08,Tm5f,11,6,5,0,25,12,13,0
Lawf1,Tm5e,11,8,3,0,25,19,6,0
LPi01,vCal1,9,6,3,0,25,18,7,0
MLt4,Li03,10,2,8,0,25,5,20,0
LMa2,Tlp4,7,2,5,0,25,14,11,0
T5b,LC31a,7,4,3,0,25,13,12,0
Tm32,Li03,10,4,6,0,25,11,14,0
Tm3,Dm13,12,3,9,0,25,6,19,0
Y3,LTe08,9,6,3,0,25,18,7,0
Dm6,Lawf1,11,8,3,0,25,16,9,0
TmY14,TmY3,12,10,2,0,25,21,4,0
TmY15,LPi02,12,8,4,0,25,16,9,0
LPi05,H1,11,7,4,0,25,17,8,0
Tm25,Mi14,11,3,8,0,25,6,19,0
T4c,TmY16,10,6,4,0,25,15,10,0
Sm04,Tm16,11,6,5,0,25,12,13,0
Tm3,Tm5b,12,6,6,0,25,12,13,0
Li08,LC37a,12,9,3,0,25,19,6,0
Dm4,Mi1,7,6,1,0,25,22,3,0
R1-6,Tm1,9,0,9,0,25,0,25,0
Tm21,TmY16,8,7,1,0,25,23,2,0
Sm01,Tm31,11,7,4,0,25,15,10,0
Tm20,Dm2,8,3,5,0,25,6,19,0
Tm20,LT78,10,4,6,0,25,10,15,0
Dm2,MTe04,10,3,7,0,25,6,19,0
TmY14,LLPC2,6,2,4,0,25,4,21,0
Tm2,Mi15,11,7,4,0,25,15,10,0
Li05,TmY11,11,7,4,0,25,17,8,0
Li09,LTe26,9,6,3,0,25,17,8,0
Tm8b,cL14,11,7,4,0,25,15,10,0
MLt5,MTe01a,11,8,3,0,25,19,6,0
Tm5e,MTe32,12,9,3,0,25,19,6,0
Li05,TmY20,11,7,4,0,25,16,9,0
TmY15,Dm10,11,7,4,0,25,15,10,0
Li15,LPLC4,11,7,4,0,25,16,9,0
Tm16,MTe36,9,5,4,0,25,13,12,0
Sm19,Tm31,11,5,6,0,25,11,14,0
Tlp5,VS7,6,4,2,0,25,17,8,0
Li26,LMa1,6,5,1,0,25,22,3,0
Sm30,MeMe_e05,8,5,3,0,25,14,11,0
T5a,VS3,10,4,6,0,25,9,16,0
Tm36,LC37a,10,4,6,0,25,8,17,0
Li24,Li16,10,5,5,0,25,12,13,0
LPi11,TmY31,10,4,6,0,25,9,16,0
Pm12,Pm14,6,4,2,0,25,16,9,0
Lawf1,C3,11,9,2,0,25,21,4,0
Dm1,PDt,11,7,4,0,25,15,10,0
Li13,cL15,9,4,5,0,25,13,12,0
Tm33,Sm05,12,7,5,0,25,15,10,0
TmY9q⊥,LT47,10,1,9,0,25,3,22,0
Sm42,aMe9,4,2,2,0,25,11,14,0
Sm42,LMa2,9,5,4,0,25,14,11,0
Sm42,CB0816,4,2,2,0,25,16,9,0
Sm42,Tm16,8,5,3,0,25,12,13,0
Sm42,MTe23,2,1,1,0,25,14,11,0
Sm42,MTe41,2,1,1,0,25,20,5,0
Sm42,MTe34,2,1,1,0,25,19,6,0
Sm42,Lat,3,2,1,0,25,18,7,0
Sm42,CB0592,2,1,1,0,25,18,7,0
Li25,Li21,9,2,7,0,25,7,18,0
Li25,Li24,8,4,4,0,25,12,13,0
Li25,LC15,12,7,5,0,25,14,11,0
Sm13,Sm31,11,6,5,0,25,12,13,0
Tm5b,Li15,9,8,1,0,25,23,2,0
Li12,LTe04,9,6,3,0,25,19,6,0
Li27,TmY4,11,5,6,0,25,11,14,0
Li27,OA-ASM1,9,4,5,0,25,13,12,0
Li27,Li30,4,2,2,0,25,12,13,0
Li27,LT58,4,2,2,0,25,18,7,0
Tm4,Tm34,12,9,3,0,25,19,6,0
Y4,Tm1,10,6,4,0,25,15,10,0
Li13,LCe04,10,5,5,0,25,14,11,0
C2,Dm6,11,7,4,0,25,14,11,0
Li33,TmY11,11,7,4,0,25,17,8,0
Li33,LMt3,10,6,4,0,25,15,10,0
Li33,TmY20,10,5,5,0,25,13,12,0
Li33,LTe23,2,1,1,0,25,10,15,0
MLt2,LT51,9,3,6,0,25,7,18,0
Tm36,LC4,12,6,6,0,25,12,13,0
Sm36,MTe01b,11,7,4,0,25,15,10,0
Sm36,MTe47,6,3,3,0,25,15,10,0
TmY11,LC37a,10,8,2,0,25,19,6,0
Sm32,MTe01b,7,2,5,0,25,11,14,0
Dm1,L4,11,5,6,0,25,11,14,0
Pm13,LMt2,11,5,6,0,25,12,13,0
Pm13,Mi4,7,2,5,0,25,6,19,0
Pm13,LMa2,10,6,4,0,25,15,10,0
Pm13,Y4,11,5,6,0,25,12,13,0
Mi9,LPLC4,10,8,2,0,25,21,4,0
Li32,LMt3,9,2,7,0,25,5,20,0
Li21,Li02,9,8,1,0,25,23,2,0
Li24,Li26,9,5,4,0,25,16,9,0
Sm09,Sm03,12,8,4,0,25,16,9,0
Li03,LC14a1,8,6,2,0,25,20,5,0
Li01,LMa2,5,1,4,0,25,2,23,0
Sm09,aMe4,9,7,2,0,25,21,4,0
Am1,Pm02,10,4,6,0,25,8,17,0
Am1,LPT21,2,1,1,0,25,12,13,0
Am1,Li31,2,1,1,0,25,13,12,0
Li10,LTe43,11,10,1,0,25,23,2,0
TmY3,Tm5c,11,8,3,0,25,19,6,0
LPi02,H2,10,5,5,0,25,13,12,0
Dm1,Mi13,12,8,4,0,25,17,8,0
Tm16,LCe03,11,10,1,0,25,23,2,0
Tlp5,LTe46,7,4,3,0,25,12,13,0
Li05,cLPL01,7,5,2,0,25,21,4,0
Li10,Sm40,2,0,2,0,25,0,25,0
Sm12,Mi15,9,1,8,0,25,2,23,0
Li30,LTe01,4,2,2,0,25,17,8,0
Li29,LC10a,11,2,9,0,25,6,19,0
Li29,LMa3,10,5,5,0,25,11,14,0
Li29,LT52,7,3,4,0,25,13,12,0
Sm37,Sm15,9,2,7,0,25,4,21,0
Li23,LTe42b,2,1,1,0,25,11,14,0
LC24,LTe42a,10,4,6,0,25,10,15,0
LC22,LC10d,12,6,6,0,25,12,13,0
LC10a,LC31b,11,7,4,0,25,15,10,0
LLPC3,LTe10,8,6,2,0,25,18,7,0
LT55,Tm32,11,6,5,0,25,14,11,0
LT55,LTe06,2,1,1,0,25,16,9,0
MTe45,CB2216,1,0,1,0,25,0,25,0
LC40,LTe19,7,4,3,0,25,10,15,0
LC40,PLP051,7,1,6,0,25,6,19,0
LPLC2,LPT22,11,7,4,0,25,16,9,0
LC27,LTe27,5,2,3,0,25,13,12,0
cM09,LTe21,3,2,1,0,25,6,19,0
LLPC1,LPT22,10,6,4,0,25,14,11,0
cLPL01,LPi10,11,4,7,0,25,8,17,0
LC14a1,LT62,6,3,3,0,25,14,11,0
MeTu4a,MeTu4c,11,7,4,0,25,17,8,0
LPT51,PLP004,1,0,1,0,25,0,25,0
LPLC1,Li10,10,4,6,0,25,8,17,0
LC12,LC11,12,4,8,0,25,8,17,0
LC20a,cL19,10,7,3,0,25,18,7,0
LC22,Li06,11,5,6,0,25,11,14,0
LT82a,LPLC1,12,4,8,0,25,8,17,0
LT82a,LT1b,5,3,2,0,25,13,12,0
LTe03,LPLC4,10,5,5,0,25,11,14,0
LC22,LC16,10,4,6,0,25,11,14,0
LT78,LTe42a,5,3,2,0,25,11,14,0
LC21,LC22,10,6,4,0,25,16,9,0
cL16,Li27,6,4,2,0,25,13,12,0
LC14b,Dm2,12,8,4,0,25,16,9,0
MTe02,MTe33,10,7,3,0,25,19,6,0
cL14,OA-ASM1,5,4,1,0,25,21,4,0
LPC2,LPi05,11,8,3,0,25,18,7,0
MeTu4a,Tm8a,10,1,9,0,25,2,23,0
cM01a,MTe40,2,1,1,0,25,14,11,0
MTe14,LTe50,4,1,3,0,25,6,19,0
LPLC2,Tm36,11,9,2,0,25,21,4,0
LC25,Li01,12,4,8,0,25,9,16,0
CB0816,R8,9,3,6,0,25,10,15,0
LC14a2,LTe31,6,3,3,0,25,10,15,0
aMe26,Sm08,11,8,3,0,25,19,6,0
MTe54,Sm11,8,5,3,0,25,16,9,0
LC29,LT82a,9,4,5,0,25,12,13,0
LT52,LTe59,6,3,3,0,25,11,14,0
cL03,AVLP151,7,4,3,0,25,14,11,0
cL19,cL04,6,3,3,0,25,7,18,0
aMe20,PLP069,1,0,1,0,25,0,25,0
MeMe_e08,MTe31,6,5,1,0,25,23,2,0
LT52,LTe49b,4,0,4,0,25,0,25,0
LT52,LTe49d,6,5,1,0,25,18,7,0
MTe06,aMe4,11,6,5,0,25,14,11,0
MTe51,Sm31,12,7,5,0,25,15,10,0
MeTu4c,Sm30,6,0,6,0,25,0,25,0
LPTe01,cM01b,4,2,2,0,25,15,10,0
LPLC1,T2,12,8,4,0,25,17,8,0
LC21,LT60,10,6,4,0,25,14,11,0
MeTu3c,Sm03,12,6,6,0,25,13,12,0
cM17,Sm08,8,3,5,0,25,9,16,0
cM17,Tm36,8,5,3,0,25,12,13,0
cLP03,LPT49,8,6,2,0,25,20,5,0
aMe10,aMe15,3,2,1,0,25,12,13,0
OA-AL2i3,Dm9,12,8,4,0,25,17,8,0
LC14b,LPi08,9,7,2,0,25,18,7,0
LTe06,LPLC4,7,2,5,0,25,7,18,0
LTe06,Li33,2,1,1,0,25,13,12,0
cM06,Tm4,11,3,8,0,25,8,17,0
aMe1,MTe46,9,4,5,0,25,14,11,0
MeTu4a,LTe33,6,3,3,0,25,7,18,0
MeTu4a,LCe06,8,6,2,0,25,20,5,0
LC18,LC12,11,5,6,0,25,11,14,0
LPC1,TmY20,11,5,6,0,25,11,14,0
cL20,TmY31,8,2,6,0,25,10,15,0
cL20,LC28a,6,4,2,0,25,13,12,0
LT37,Tm5f,12,5,7,0,25,11,14,0
LT37,LC19,5,3,2,0,25,10,15,0
MeMe_e09,Sm07,11,4,7,0,25,10,15,0
cL21,cML01,4,2,2,0,25,14,11,0
MTe42,MTe44,2,1,1,0,25,16,9,0
LC35,LC28a,9,8,1,0,25,23,2,0
cL18,Li09,10,6,4,0,25,15,10,0
LPT50,LPTe01,10,8,2,0,25,20,5,0
LC17,LT62,8,2,6,0,25,5,20,0
LC13,LC6,10,5,5,0,25,15,10,0
mALD1,OA-AL2b1,3,2,1,0,25,20,5,0
cLLP02,LC19,11,6,5,0,25,14,11,0
LC20a,aMe20,9,6,3,0,25,18,7,0
LT63,Li01,12,9,3,0,25,19,6,0
LTe26,Li12,4,0,4,0,25,0,25,0
MeTu1,Tm5a,9,4,5,0,25,8,17,0
MTe05,aMe19b,9,4,5,0,25,9,16,0
LC14a1,Li33,5,3,2,0,25,16,9,0
MeTu4c,Li08,10,6,4,0,25,14,11,0
LC37a,Li06,8,3,5,0,25,9,16,0
LC10d,Li06,11,5,6,0,25,11,14,0
LC10a,LTe18,9,7,2,0,25,19,6,0
LC28a,Li03,10,3,7,0,25,7,18,0
mALD2,LTe38a,4,3,1,0,25,14,11,0
cL18,Tlp4,8,7,1,0,25,23,2,0
aMe4,Tm9,10,3,7,0,25,7,18,0
cM11,Tm5c,9,0,9,0,25,0,25,0
LPT48_vCal3,cL20,2,0,0,2,25,0,0,25
cM03,MTe01a,12,7,5,0,25,14,11,0
LC10b,Li30,10,9,1,0,25,23,2,0
LT40,LPLC1,7,2,5,0,25,6,19,0
aMe17a2,Dm9,8,7,1,0,25,23,2,0
mALC3,LMt2,8,3,5,0,25,7,18,0
mALC5,Tm20,8,4,4,0,25,11,14,0
mALC5,LPi10,7,2,5,0,25,8,17,0
mALC5,LT78,4,3,1,0,25,23,2,0
cM13,Sm09,11,3,8,0,25,7,18,0
LPT22,H1,2,1,1,0,25,18,7,0
cLP01,T4c,11,8,3,0,25,19,6,0
MTe03,MTe02,11,3,8,0,25,6,19,0
OA-ASM1,Tm27,11,10,1,0,25,23,2,0
LT1b,Li17,11,5,6,0,25,12,13,0
cM08c,5-HTPMPV03,6,5,1,0,25,22,3,0
MTe01b,Tm7,11,3,8,0,25,9,16,0
LTe45,LTe23,2,1,1,0,25,13,12,0
LT56,LC14a1,9,6,3,0,25,18,7,0
LCe01a,Tm5f,12,6,6,0,25,12,13,0
LTe60,Tm35,10,5,5,0,25,12,13,0
LT65,LTe64,4,2,2,0,25,14,11,0
MC65,LTe43,4,1,3,0,25,11,14,0
VS5,LPi14,4,2,2,0,25,19,6,0
cL01,LTe01,9,6,3,0,25,17,8,0
cM12,aMe17a1,2,1,1,0,25,13,12,0
CB0566,TmY10,10,6,4,0,25,15,10,0
LT74,LC16,10,4,6,0,25,10,15,0
LT84,LT57,5,1,4,0,25,6,19,0
LT84,Li04,7,4,3,0,25,10,15,0
LT84,LT34,2,1,1,0,25,17,8,0
cL02a,LC28a,7,5,2,0,25,21,4,0
cL22b,Li02,8,3,5,0,25,14,11,0
LT53,TmY5a,8,1,7,0,25,2,23,0
LC35,Li33,5,2,3,0,25,13,12,0
LT77,LT36,2,0,2,0,25,0,25,0
LT77,LMa2,8,6,2,0,25,19,6,0
cLP02,T4a,11,8,3,0,25,19,6,0
MTe16,MTe05,8,6,2,0,25,19,6,0
LTe02,cM09,5,3,2,0,25,8,17,0
MTe40,OA-ASM1,3,1,2,0,25,8,17,0
OA-AL2i1,Li26,7,4,3,0,25,12,13,0
OA-AL2i1,LPT54,2,1,1,0,25,15,10,0
LTe17,LC46,7,4,3,0,25,12,13,0
LTe17,LT52,9,3,6,0,25,11,14,0
LTe17,LT86,2,1,1,0,25,10,15,0
LT33,Tm4,12,6,6,0,25,12,13,0
LTe74,Li10,7,4,3,0,25,16,9,0
cM04,aMe12,10,4,6,0,25,9,16,0
cM05,Y4,10,3,7,0,25,7,18,0
cM05,Sm05,10,6,4,0,25,12,13,0
LPT57,Tlp5,10,6,4,0,25,16,9,0
H2,Y11,12,11,1,0,25,23,2,0
H2,Tlp4,12,8,4,0,25,17,8,0
LT77,LTe64,6,1,5,0,25,5,20,0
LT36,LC18,10,3,7,0,25,6,19,0
cL04,cL02a,7,4,3,0,25,12,13,0
cL04,LC20b,9,4,5,0,25,14,11,0
cL04,LTe63,7,5,2,0,25,15,10,0
LT58,Tm31,9,6,3,0,25,17,8,0
LT58,Sm22,9,5,4,0,25,11,14,0
LT58,LT67,2,1,1,0,25,18,7,0
LT58,LTe26,2,1,1,0,25,19,6,0
LT58,MTe34,2,1,1,0,25,7,18,0
LTe38b,LTe42a,3,1,2,0,25,12,13,0
Nod5,LPLC1,10,9,1,0,25,23,2,0
APDN3,aMe10,3,1,2,0,25,15,10,0
cML01,Li19,4,2,2,0,25,10,15,0
LTe53,LTe56,2,1,1,0,25,15,10,0
cL05,LT70,5,3,2,0,25,9,16,0
PLP185,aMe20,2,1,1,0,25,14,11,0
aMe17a1,Tm27,9,4,5,0,25,9,16,0
aMe17a1,Sm18,8,5,3,0,25,18,7,0
aMe17a1,cM03,5,2,3,0,25,9,16,0
aMe19a,Sm42,2,1,1,0,25,11,14,0
cL22c,LTe42c,2,1,1,0,25,10,15,0
mALB5,LC28a,5,0,5,0,25,0,25,0
cM16,Pm10,8,3,5,0,25,8,17,0
cM16,TmY16,9,7,2,0,25,18,7,0
LPT53,LPi15,2,1,1,0,25,12,13,0
Mi1,AVLP534,6,6,0,0,25,25,0,0
Sm30,Sm02,3,3,0,0,25,25,0,0
TmY15,LPTe01,11,11,0,0,25,25,0,0
LC39,LC18,4,4,0,0,25,25,0,0
LC10c,Tm5a,4,4,0,0,25,25,0,0
LC20a,LC10f,7,7,0,0,25,25,0,0
MTe42,AOTU065,1,1,0,0,25,25,0,0
LC45,LC12,9,9,0,0,25,25,0,0
AOTU065,PLP163,1,1,0,0,25,25,0,0
cLP04,LPT31,3,3,0,0,25,25,0,0
PLP035,LPT53,1,1,0,0,25,25,0,0
Tm5f,Tm8a,11,5,6,0,24,11,13,0
Tm5f,LT84,10,4,6,0,24,8,16,0
T4c,TmY11,7,3,4,0,24,10,14,0
Li13,LTe14,5,2,3,0,24,17,7,0
Tm8a,LTe24,10,2,8,0,24,4,20,0
Sm24,MTe07,8,2,6,0,24,6,18,0
Tm33,LTe12,8,3,5,0,24,7,17,0
Sm18,Sm08,11,3,8,0,24,8,16,0
TmY11,LPC2,10,5,5,0,24,11,13,0
TmY11,LC18,11,4,7,0,24,8,16,0
Tm5c,LTe11,8,4,4,0,24,14,10,0
TmY10,LTe50,11,5,6,0,24,10,14,0
L3,TmY5a,5,2,3,0,24,5,19,0
Tm5f,Sm08,9,2,7,0,24,4,20,0
R1-6,R8,6,1,5,0,24,2,22,0
MLt6,MTe54,10,5,5,0,24,11,13,0
Tm32,Tm35,8,1,7,0,24,2,22,0
Li02,LTe32,5,0,5,0,24,0,24,0
Dm20,Mi1,11,6,5,0,24,14,10,0
Li21,Y4,11,7,4,0,24,16,8,0
Tm5c,Pm14,9,6,3,0,24,18,6,0
Pm05,Y11,9,5,4,0,24,16,8,0
Y3,LPTe02,10,7,3,0,24,17,7,0
Sm07,LT57,4,0,4,0,24,0,24,0
Tlp5,LTe64,9,5,4,0,24,14,10,0
Tm7,LT53,10,8,2,0,24,19,5,0
Tm20,LTe38c,10,6,4,0,24,12,12,0
TmY20,LTe19,10,7,3,0,24,17,7,0
Tm16,LC14a2,11,3,8,0,24,6,18,0
Li10,MeTu1,12,7,5,0,24,14,10,0
C2,T4c,11,3,8,0,24,6,18,0
Sm01,Tm35,7,1,6,0,24,2,22,0
Sm40,aMe12,7,5,2,0,24,18,6,0
Mi14,MeLp2,10,4,6,0,24,10,14,0
Tm20,Li31,10,3,7,0,24,6,18,0
Tm35,Tm5c,11,4,7,0,24,9,15,0
Tm35,Tm36,10,4,6,0,24,8,16,0
Dm20,Mi2,11,7,4,0,24,16,8,0
LMt3,T3,10,2,8,0,24,4,20,0
LMt3,TmY11,10,4,6,0,24,10,14,0
L5,Sm15,5,0,5,0,24,0,24,0
Li02,LC40,10,3,7,0,24,6,18,0
LPi11,LPT23,7,2,5,0,24,4,20,0
Li17,LC14b,9,3,6,0,24,6,18,0
Li21,TmY3,12,6,6,0,24,12,12,0
Dm4,MLt2,8,7,1,0,24,21,3,0
T2a,MeMe_e08,11,7,4,0,24,14,10,0
LMa1,T5a,10,9,1,0,24,22,2,0
Tm37,LT78,8,0,8,0,24,0,24,0
Sm27,Sm13,9,4,5,0,24,10,14,0
LMa4,LPi07,11,5,6,0,24,11,13,0
Tm3,Li11,9,3,6,0,24,9,15,0
Y3,MLt4,11,7,4,0,24,14,10,0
Pm05,TmY4,12,4,8,0,24,8,16,0
Li03,LT86,8,4,4,0,24,11,13,0
Dm4,Tm5b,10,5,5,0,24,10,14,0
T2,LLPC2,11,6,5,0,24,12,12,0
MLt3,LMt1,9,3,6,0,24,8,16,0
TmY10,cL05,9,6,3,0,24,14,10,0
Li18,LC15,9,6,3,0,24,17,7,0
LLPt,T5d,11,8,3,0,24,17,7,0
L4,Mi15,7,0,7,0,24,0,24,0
Tm7,5-HTPMPV03,11,6,5,0,24,14,10,0
Sm13,Dm2,9,3,6,0,24,8,16,0
Dm2,Tm3,11,4,7,0,24,9,15,0
Li12,LTe32,10,6,4,0,24,15,9,0
Li12,Tm35,10,7,3,0,24,16,8,0
Li12,LC44,7,3,4,0,24,6,18,0
TmY11,Tm37,11,2,9,0,24,4,20,0
Tm5d,Li08,11,5,6,0,24,11,13,0
MLt2,Mi14,11,6,5,0,24,13,11,0
Tm34,LPLC4,9,2,7,0,24,9,15,0
LPi06,Li14,9,5,4,0,24,16,8,0
Li07,LT64,7,4,3,0,24,16,8,0
MLt6,Li04,9,5,4,0,24,12,12,0
Tm27,Y12,8,1,7,0,24,2,22,0
MLt1,MeTu4a,11,6,5,0,24,14,10,0
Y1,LPi10,11,5,6,0,24,10,14,0
Sm10,Lawf2,9,6,3,0,24,17,7,0
Sm31,LMa5,10,9,1,0,24,21,3,0
Mi2,Tm5b,12,9,3,0,24,18,6,0
Li19,LMt1,9,5,4,0,24,16,8,0
Tm34,LC10b,10,6,4,0,24,13,11,0
MLt4,mALB5,4,0,4,0,24,0,24,0
C2,T4d,11,6,5,0,24,12,12,0
TmY11,Tm5e,10,3,7,0,24,10,14,0
TmY4,LC10b,11,5,6,0,24,12,12,0
T5b,LPLC4,9,5,4,0,24,14,10,0
Li17,TmY9q,11,7,4,0,24,15,9,0
Dm6,Mi13,9,2,7,0,24,5,19,0
Tm16,LTe16,11,5,6,0,24,11,13,0
TmY15,Tm5c,12,10,2,0,24,20,4,0
TmY3,T4b,9,3,6,0,24,6,18,0
TmY16,Tlp14,9,3,6,0,24,6,18,0
Pm10,Tm8a,11,3,8,0,24,7,17,0
Tm31,Sm34,11,7,4,0,24,16,8,0
TmY20,Li12,7,2,5,0,24,4,20,0
L4,Tm5e,11,2,9,0,24,4,20,0
Li06,TmY15,11,3,8,0,24,7,17,0
Tm5c,Pm07,11,4,7,0,24,8,16,0
Tm5e,LTe32,9,3,6,0,24,9,15,0
Dm2,MTe13,9,4,5,0,24,11,13,0
T2a,Pm13,10,3,7,0,24,7,17,0
Y1,LMt3,11,5,6,0,24,10,14,0
Tm5c,L5,7,3,4,0,24,9,15,0
TmY9q⊥,Li09,9,4,5,0,24,9,15,0
TmY15,Sm42,11,5,6,0,24,10,14,0
TmY5a,LTe06,10,6,4,0,24,14,10,0
TmY15,LTe52,10,6,4,0,24,15,9,0
Li11,LLPC3,11,8,3,0,24,17,7,0
Tm34,Tm36,9,3,6,0,24,6,18,0
Tm36,LC22,11,3,8,0,24,7,17,0
Sm22,Sm07,11,5,6,0,24,10,14,0
Tm32,LT77,8,4,4,0,24,9,15,0
Tm8a,LLPC3,9,3,6,0,24,7,17,0
Sm10,LMa4,7,1,6,0,24,3,21,0
Tlp1,Li10,7,3,4,0,24,6,18,0
Tm27,Pm13,9,6,3,0,24,18,6,0
LPi14,LLPC3,9,6,3,0,24,14,10,0
Mi10,Tm37,10,4,6,0,24,9,15,0
Sm30,aMe5,12,7,5,0,24,14,10,0
Pm11,Mi1,11,6,5,0,24,12,12,0
Li10,LPLC2,11,4,7,0,24,9,15,0
Li10,LTe11,8,3,5,0,24,8,16,0
TmY4,Mi2,11,6,5,0,24,12,12,0
TmY4,LC29,8,3,5,0,24,10,14,0
TmY16,LC13,9,3,6,0,24,9,15,0
TmY5a,LPTe02,11,7,4,0,24,15,9,0
Sm32,Sm08,7,3,4,0,24,12,12,0
TmY9q,T2a,9,1,8,0,24,2,22,0
Tm4,Pm12,11,2,9,0,24,4,20,0
Li21,LT82a,8,5,3,0,24,14,10,0
Sm23,Sm15,9,2,7,0,24,4,20,0
Sm23,Sm08,10,3,7,0,24,8,16,0
Sm07,cM08b,10,3,7,0,24,6,18,0
Y1,Tm36,9,2,7,0,24,5,19,0
Y12,Pm08,9,5,4,0,24,13,11,0
Dm8b,Sm05,11,6,5,0,24,14,10,0
Y4,LPT52,11,6,5,0,24,12,12,0
Tm5d,Tm35,8,6,2,0,24,20,4,0
Sm07,TmY20,9,5,4,0,24,15,9,0
Tm34,Li28,12,6,6,0,24,12,12,0
Mi14,L3,6,5,1,0,24,20,4,0
Pm08,OA-AL2i2,10,4,6,0,24,9,15,0
TmY4,LT58,4,3,1,0,24,21,3,0
Mi2,TmY15,10,3,7,0,24,7,17,0
Li18,Li03,10,7,3,0,24,17,7,0
Pm06,Lawf2,10,7,3,0,24,17,7,0
LLPt,Li31,9,6,3,0,24,18,6,0
T5a,Tm1,12,3,9,0,24,6,18,0
LMt3,Pm04,10,7,3,0,24,15,9,0
T2a,C3,9,3,6,0,24,8,16,0
LLPt,LTe57,8,4,4,0,24,11,13,0
Sm22,Sm09,10,3,7,0,24,7,17,0
Tm20,Sm08,9,4,5,0,24,11,13,0
Li11,Li02,10,7,3,0,24,18,6,0
Li05,LC35,10,5,5,0,24,11,13,0
T3,MLt1,12,8,4,0,24,16,8,0
LPi11,LPT49,5,3,2,0,24,20,4,0
Tm32,Y1,11,6,5,0,24,13,11,0
Sm29,Sm03,10,7,3,0,24,18,6,0
Li18,LT11,8,5,3,0,24,12,12,0
Sm13,Dm11,9,6,3,0,24,17,7,0
T5c,TmY3,9,4,5,0,24,13,11,0
Sm08,Tm35,7,3,4,0,24,6,18,0
Tm5e,LTe76,9,3,6,0,24,8,16,0
L3,Sm01,9,8,1,0,24,22,2,0
Y12,Y12,12,9,3,0,24,18,6,0
Sm14,MeTu3c,9,4,5,0,24,9,15,0
Tlp1,Li24,10,8,2,0,24,18,6,0
Y4,Y11,10,6,4,0,24,14,10,0
LMt3,LMt4,10,7,3,0,24,18,6,0
LMt2,MeMe_e08,10,5,5,0,24,13,11,0
Dm4,MeTu1,5,2,3,0,24,5,19,0
Tlp5,Y4,10,7,3,0,24,18,6,0
LMt2,MLt4,8,5,3,0,24,11,13,0
Pm08,Sm11,10,6,4,0,24,14,10,0
L2,Lawf1,9,6,3,0,24,18,6,0
MLt4,Pm02,9,4,5,0,24,9,15,0
Tlp4,LC10a,10,8,2,0,24,17,7,0
MLt4,Tm3,10,5,5,0,24,13,11,0
Li28,TmY9q⊥,11,8,3,0,24,18,6,0
Tm27,Tm34,11,6,5,0,24,12,12,0
L1,Tm9,7,2,5,0,24,8,16,0
Pm14,Sm41,4,2,2,0,24,16,8,0
Pm14,MTe17,5,3,2,0,24,17,7,0
Tm25,LMt4,11,6,5,0,24,13,11,0
MLt5,aMe12,9,3,6,0,24,7,17,0
TmY14,cMLLP01,3,2,1,0,24,12,12,0
TmY4,LMa2,8,5,3,0,24,15,9,0
Tm16,MTe52,11,6,5,0,24,14,10,0
Sm08,Sm11,10,4,6,0,24,9,15,0
Tm20,MLt2,10,5,5,0,24,11,13,0
Tm20,Dm9,12,10,2,0,24,20,4,0
Tlp1,LC13,8,4,4,0,24,15,9,0
Li01,LT79,9,4,5,0,24,8,16,0
Y1,Tlp14,8,5,3,0,24,11,13,0
Li31,TmY5a,10,3,7,0,24,8,16,0
Li31,LMa1,10,4,6,0,24,9,15,0
Li31,LT62,2,1,1,0,24,9,15,0
Li31,LT53,2,1,1,0,24,2,22,0
TmY31,LTe40,9,6,3,0,24,14,10,0
LMt4,Y3,11,8,3,0,24,17,7,0
Sm32,MeTu3b,10,5,5,0,24,12,12,0
Li24,Li18,10,5,5,0,24,12,12,0
Tm31,Tm5c,9,6,3,0,24,17,7,0
Li01,LT81,8,4,4,0,24,12,12,0
Dm2,DmDRA2,7,1,6,0,24,2,22,0
Tm25,LPLC2,11,7,4,0,24,15,9,0
Tm21,Dm3q,12,7,5,0,24,14,10,0
Sm12,MTe04,12,8,4,0,24,16,8,0
LMa5,T1,5,0,5,0,24,0,24,0
Li25,LC17,10,1,9,0,24,2,22,0
Lawf2,Tm25,8,4,4,0,24,8,16,0
Tm8b,LTe55,10,7,3,0,24,16,8,0
Sm02,Dm9,9,7,2,0,24,20,4,0
L4,MTe43,11,7,4,0,24,16,8,0
T2a,Sm42,9,6,3,0,24,18,6,0
Li27,LTe41,4,2,2,0,24,14,10,0
Mi9,cML02,9,5,4,0,24,15,9,0
TmY9q⊥,LT65,12,8,4,0,24,16,8,0
Sm33,MeTu3b,8,6,2,0,24,19,5,0
Sm07,Sm05,10,9,1,0,24,21,3,0
LPi12,Tlp4,10,5,5,0,24,10,14,0
Dm10,Dm9,10,9,1,0,24,22,2,0
Dm1,Mi9,10,5,5,0,24,11,13,0
TmY3,Nod1,10,7,3,0,24,18,6,0
Li02,LT72,4,0,4,0,24,0,24,0
Sm43,MTe21,6,3,3,0,24,12,12,0
Li33,Li19,4,2,2,0,24,19,5,0
Li33,LT86,2,1,1,0,24,9,15,0
LMt1,LLPC3,10,9,1,0,24,20,4,0
Dm3q,Mi2,11,6,5,0,24,13,11,0
Tm5f,L3,6,1,5,0,24,2,22,0
Pm13,LPT54,3,1,2,0,24,10,14,0
Dm1,Dm19,9,2,7,0,24,4,20,0
TmY20,LCe06,10,5,5,0,24,12,12,0
Li03,LLPC4,5,3,2,0,24,18,6,0
Tm36,Li30,8,4,4,0,24,16,8,0
Li32,Li08,8,4,4,0,24,15,9,0
Li24,LT61a,8,5,3,0,24,16,8,0
LLPt,cLLP02,9,8,1,0,24,22,2,0
T2a,Lawf1,8,6,2,0,24,20,4,0
Am1,LPT22,2,1,1,0,24,17,7,0
Sm13,Tm32,11,9,2,0,24,20,4,0
DmDRA2,Sm10,8,7,1,0,24,22,2,0
T4a,TmY3,11,8,3,0,24,17,7,0
TmY31,5-HTPMPV03,11,9,2,0,24,20,4,0
Tlp1,LTe47,3,0,3,0,24,0,24,0
LLPt,LC6,7,4,3,0,24,17,7,0
Li30,LTe21,2,1,1,0,24,17,7,0
Li26,LMt1,10,9,1,0,24,22,2,0
LPi05,T5c,7,1,6,0,24,4,20,0
LPi13,LPi15,2,1,1,0,24,17,7,0
LPi06,Tm27,11,10,1,0,24,21,3,0
LC21,Li12,10,3,7,0,24,6,18,0
LC9,Tm5e,10,4,6,0,24,9,15,0
LC11,LTe12,8,5,3,0,24,16,8,0
LC10d,LTe27,8,5,3,0,24,12,12,0
LT55,LC10f,4,2,2,0,24,11,13,0
LC10d,LT77,9,4,5,0,24,10,14,0
MTe45,DNp27,1,0,1,0,24,0,24,0
LC40,TmY10,12,6,6,0,24,12,12,0
LC40,LC10b,10,5,5,0,24,13,11,0
LT1d,LC21,10,2,8,0,24,4,20,0
LT1d,Li15,9,3,6,0,24,7,17,0
MeLp1,cLP01,10,4,6,0,24,9,15,0
LC28a,LTe48,7,3,4,0,24,11,13,0
LPC1,TmY16,11,7,4,0,24,14,10,0
MeTu3b,LT58,7,5,2,0,24,17,7,0
LPTe01,Nod2,4,2,2,0,24,14,10,0
LT11,cL07,2,1,1,0,24,9,15,0
LC15,Li10,9,2,7,0,24,7,17,0
LPLC2,Li06,11,6,5,0,24,13,11,0
LC11,LC31c,9,4,5,0,24,10,14,0
LC14a1,cL08,9,4,5,0,24,12,12,0
LTe08,Li28,4,2,2,0,24,11,13,0
LPLC1,Li15,12,6,6,0,24,12,12,0
LPLC1,Li32,10,4,6,0,24,10,14,0
PLP248,PLP248,2,0,0,2,24,0,0,24
LT42,LC21,11,4,7,0,24,9,15,0
LT42,cL16,3,2,1,0,24,15,9,0
LTe15,LTe10,2,1,1,0,24,11,13,0
MTe07,MTe07,5,0,4,1,24,0,20,4
LC14a2,LC10a,8,2,6,0,24,5,19,0
LLPC1,LPC1,12,8,4,0,24,16,8,0
LT60,LT60,1,0,0,1,24,0,0,24
LT60,LT61b,2,1,1,0,24,11,13,0
LT43,LTe22,4,2,2,0,24,14,10,0
LC14b,LTe38c,6,2,4,0,24,6,18,0
LT82a,LC9,9,1,8,0,24,2,22,0
LT82a,LT83,5,2,3,0,24,5,19,0
LTe03,Li33,4,2,2,0,24,15,9,0
LLPC2,TmY15,11,7,4,0,24,14,10,0
LC34,cL11,4,1,3,0,24,6,18,0
LPC1,LPi04,7,4,3,0,24,14,10,0
LC22,LLPt,11,5,6,0,24,11,13,0
LCe05,LC24,6,4,2,0,24,19,5,0
LC21,Li30,10,6,4,0,24,16,8,0
MTe01b,Sm02,10,5,5,0,24,13,11,0
cL14,LC13,11,4,7,0,24,9,15,0
LC10d,LLPC1,11,4,7,0,24,8,16,0
cM01a,aMe26,6,3,3,0,24,14,10,0
cM01a,MTe01b,3,2,1,0,24,13,11,0
H1,T5a,9,4,5,0,24,9,15,0
LLPC1,TmY16,11,3,8,0,24,6,18,0
LC14a2,LLPC1,7,4,3,0,24,16,8,0
LC11,LC12,10,7,3,0,24,18,6,0
aMe26,CB0816,8,4,4,0,24,12,12,0
LC20b,LC9,11,9,2,0,24,20,4,0
LPLC1,TmY5a,12,7,5,0,24,14,10,0
LT52,Li29,9,4,5,0,24,8,16,0
LT69,Tm35,9,5,4,0,24,12,12,0
OA-AL2b1,Li11,11,7,4,0,24,15,9,0
aMe20,aMe17a1,2,1,1,0,24,9,15,0
cL08,cLLP02,4,2,2,0,24,5,19,0
MeTu3c,Dm2,12,4,8,0,24,8,16,0
LC10e,LC10b,8,1,7,0,24,2,22,0
LC37a,aMe20,4,3,1,0,24,12,12,0
MTe25,mALD2,2,1,1,0,24,14,10,0
MTe25,MLt7,7,4,3,0,24,10,14,0
LC16,LC10a,8,1,7,0,24,2,22,0
MTe06,Sm41,6,2,4,0,24,10,14,0
cL10,aMe24,2,1,1,0,24,7,17,0
LPLC1,Tlp1,8,6,2,0,24,20,4,0
cM17,OA-AL2i4,2,1,1,0,24,19,5,0
LPT30,LPT23,4,2,2,0,24,16,8,0
LPT30,cLP03,4,2,2,0,24,13,11,0
cM02b,Tm8b,7,3,4,0,24,9,15,0
LC14b,LTe46,5,2,3,0,24,9,15,0
LTe06,cM08c,4,3,1,0,24,19,5,0
cM06,TmY10,9,1,8,0,24,2,22,0
LTe03,Tm5e,10,8,2,0,24,20,4,0
MeLp2,LMa5,8,6,2,0,24,20,4,0
LT72,Li01,9,5,4,0,24,12,12,0
cL20,LC21,11,6,5,0,24,13,11,0
cL20,Tm5b,9,5,4,0,24,14,10,0
LT37,cL16,3,2,1,0,24,21,3,0
LT37,LT87,2,1,1,0,24,7,17,0
LC20b,Tm5d,8,2,6,0,24,6,18,0
LC28a,Tm5a,9,1,8,0,24,2,22,0
MeMe_e09,Sm11,8,4,4,0,24,11,13,0
MeMe_e09,Sm19,9,5,4,0,24,15,9,0
LC21,TmY5a,10,2,8,0,24,4,20,0
LC10b,Li13,10,6,4,0,24,14,10,0
LC35,Li31,6,3,3,0,24,16,8,0
LC35,LMt1,7,5,2,0,24,20,4,0
LC29,LC29,5,2,3,0,24,8,16,0
LPT50,Tlp5,3,3,0,0,24,24,0,0
cM07,LMa5,8,6,2,0,24,19,5,0
MeTu3b,Sm05,11,3,8,0,24,7,17,0
LT83,LT62,2,1,1,0,24,12,12,0
LC17,Li24,10,2,8,0,24,4,20,0
LPLC4,LC31a,11,5,6,0,24,11,13,0
LPLC4,LC31b,7,2,5,0,24,11,13,0
LC20a,LTe60,8,5,3,0,24,18,6,0
mALD1,LTe04,2,1,1,0,24,9,15,0
LTe11,Li33,2,1,1,0,24,8,16,0
LC25,Tm37,10,5,5,0,24,11,13,0
cLLP02,LC36,10,6,4,0,24,13,11,0
LC20a,LTe68,10,8,2,0,24,19,5,0
LT63,LC39,7,2,5,0,24,4,20,0
MTe51,LTe58,5,0,5,0,24,0,24,0
LC22,TmY31,7,2,5,0,24,5,19,0
DNp30,T2a,11,5,6,0,24,11,13,0
DNp30,TmY14,11,5,6,0,24,11,13,0
MeMe_e07,Sm42,2,0,2,0,24,0,24,0
LC28a,LTe05,10,4,6,0,24,8,16,0
LTe04,LC33a,9,5,4,0,24,13,11,0
LTe04,LT51,6,3,3,0,24,13,11,0
LT38,LMa3,11,6,5,0,24,13,11,0
LT38,LTe49f,5,4,1,0,24,20,4,0
cLLPM01,LMa5,6,4,2,0,24,20,4,0
cM02a,TmY10,8,5,3,0,24,14,10,0
cM02a,Sm10,8,4,4,0,24,10,14,0
LC37a,LT84,4,2,2,0,24,8,16,0
LC37a,Tm31,8,5,3,0,24,14,10,0
mALD2,LTe73,2,1,1,0,24,12,12,0
OA-AL2b1,LC14a2,7,0,0,7,24,0,0,24
LPLC4,Tm5e,10,1,9,0,24,4,20,0
LTe42a,cM12,3,0,1,2,24,0,6,18
LTe42a,LTe19,2,1,1,0,24,11,13,0
cLM01,Pm14,4,2,2,0,24,6,18,0
cM11,MTe26,2,0,2,0,24,0,24,0
cMLLP02,LPT26,3,2,1,0,24,19,5,0
cMLLP02,TmY20,11,8,3,0,24,18,6,0
LC20a,LCe01b,10,8,2,0,24,20,4,0
HSS,Y11,10,6,4,0,24,15,9,0
HSS,LPT53,2,1,1,0,24,7,17,0
OA-AL2i2,LC13,11,6,5,0,24,13,11,0
LC10c,LTe43,4,1,3,0,24,6,18,0
cL12,MeTu1,10,6,4,0,24,15,9,0
cLP05,LPi09,9,4,5,0,24,13,11,0
cLP05,LLPC2,10,6,4,0,24,15,9,0
Nod3,LPi15,2,1,1,0,24,12,12,0
aMe19b,cM08a,4,2,2,0,24,15,9,0
LPLC4,Y11,10,6,4,0,24,13,11,0
SIP017,LC36,3,0,3,0,24,0,24,0
cLLPM01,Li17,6,4,2,0,24,15,9,0
VS4,LPi13,2,1,1,0,24,9,15,0
mALC5,Tm35,6,2,4,0,24,10,14,0
mALC5,Tm5e,9,6,3,0,24,15,9,0
mALC5,Li08,4,3,1,0,24,22,2,0
LPT22,HSS,2,1,1,0,24,13,11,0
LTe38c,LTe42a,3,1,2,0,24,7,17,0
OA-ASM1,LMa5,12,9,3,0,24,18,6,0
OA-ASM1,LC15,11,8,3,0,24,18,6,0
OA-ASM1,cL16,8,5,3,0,24,16,8,0
cLP02,T5d,11,5,6,0,24,10,14,0
LT1b,LMa5,11,7,4,0,24,15,9,0
cM08c,cLM01,2,1,1,0,24,16,8,0
MTe37,LTe37,2,1,1,0,24,12,12,0
OA-AL2b2,Dm16,9,6,3,0,24,15,9,0
LPT58,DCH,2,1,1,0,24,19,5,0
LPT58,LPi14,4,2,2,0,24,12,12,0
LTe38b,cL05,4,2,2,0,24,12,12,0
CB0472,LC14b,8,0,0,8,24,0,0,24
CB0592,Pm06,9,4,5,0,24,10,14,0
CB0592,cML01,3,2,1,0,24,13,11,0
CB0592,T4b,11,8,3,0,24,18,6,0
LC21,LC39,6,5,1,0,24,21,3,0
LTe13,OA-AL2b2,3,1,2,0,24,7,17,0
cL06,LTe28,2,1,1,0,24,13,11,0
cM12,MTe02,8,3,5,0,24,9,15,0
CB0566,MLt6,6,3,3,0,24,8,16,0
VCH,LPLC2,11,5,6,0,24,12,12,0
aMe22,cM04,3,2,1,0,24,7,17,0
MeTu4c,LTe06,7,4,3,0,24,13,11,0
cL22b,LTe01,5,2,3,0,24,9,15,0
cM14,Lawf2,11,6,5,0,24,13,11,0
LC28a,LT53,8,6,2,0,24,18,6,0
DNp27,LTe21,2,0,2,0,24,0,24,0
MTe17,MTe17,4,2,2,0,24,17,7,0
LC17,LC13,7,6,1,0,24,22,2,0
cL11,LTe58,5,1,4,0,24,7,17,0
cL11,Tm8b,2,0,2,0,24,0,24,0
cM15,MTe07,8,3,5,0,24,8,16,0
cM15,Sm09,9,6,3,0,24,18,6,0
LT33,TmY14,11,3,8,0,24,7,17,0
OA-AL2i4,cLP03,3,2,1,0,24,13,11,0
OA-AL2i4,Sm05,10,6,4,0,24,13,11,0
LT52,LTe49a,6,3,3,0,24,15,9,0
LTe43,LT69,4,2,2,0,24,10,14,0
cL04,LC10f,6,2,4,0,24,11,13,0
LT58,Li13,10,7,3,0,24,17,7,0
LT58,Sm38,4,2,2,0,24,16,8,0
LPT21,LPLC2,10,5,5,0,24,13,11,0
cML01,cL16,3,2,1,0,24,13,11,0
LTe16,Li11,8,2,6,0,24,4,20,0
MTe30,APDN3,2,1,1,0,24,14,10,0
MTe13,cMLLP01,3,2,1,0,24,15,9,0
cLLPM02,Sm11,5,2,3,0,24,8,16,0
cM09,Sm21,7,3,4,0,24,12,12,0
cMLLP01,Tm35,10,4,6,0,24,10,14,0
aMe19a,CB0802,1,0,1,0,24,0,24,0
aMe19a,cL10,2,1,1,0,24,10,14,0
cL15,LLPC2,9,3,6,0,24,7,17,0
LT39,Tm8b,8,4,4,0,24,11,13,0
LT39,Tm27,10,6,4,0,24,15,9,0
LTe59,Li01,9,5,4,0,24,14,10,0
LT41,LLPC3,10,6,4,0,24,13,11,0
LT41,Tm5a,12,7,5,0,24,14,10,0
LT41,TmY15,8,6,2,0,24,18,6,0
cM04,DN1-l,4,3,1,0,24,19,5,0
cM16,Y3,8,2,6,0,24,4,20,0
cM16,LPT54,2,1,1,0,24,11,13,0
LC24,LC17,10,9,1,0,24,22,2,0
Mi15,MTe18,7,7,0,0,24,24,0,0
Tlp5,VSm,6,6,0,0,24,24,0,0
Pm03,LPLC2,8,8,0,0,24,24,0,0
TmY15,Nod5,10,10,0,0,24,24,0,0
Sm33,MeTu4d,5,5,0,0,24,24,0,0
aMe5,Sm26,9,9,0,0,24,24,0,0
PLP020,LTe52,1,1,0,0,24,24,0,0
mALC6,LC35,2,2,0,0,24,24,0,0
LC25,LTe54,4,4,0,0,24,24,0,0
LPC2,Tlp5,7,7,0,0,24,24,0,0
VS1,T5d,10,10,0,0,24,24,0,0
LTe38b,cM14,2,0,0,2,24,0,0,24
PLP022,cM14,1,0,0,1,24,0,0,24
LC13,TmY20,6,6,0,0,24,24,0,0
Y3,cL02d,11,3,8,0,23,6,17,0
Li06,Tm31,11,6,5,0,23,13,10,0
Tm27,Dm2,10,6,4,0,23,13,10,0
Tm27,LPT52,11,10,1,0,23,21,2,0
Pm01,Tm4,11,3,8,0,23,6,17,0
LPi04,LPi02,8,6,2,0,23,18,5,0
Y3,Sm31,9,1,8,0,23,2,21,0
Tm5f,Sm05,9,3,6,0,23,6,17,0
Tm27,LC10b,11,8,3,0,23,17,6,0
Sm34,Sm27,9,7,2,0,23,15,8,0
Sm34,aMe12,7,2,5,0,23,8,15,0
Tm16,C3,10,7,3,0,23,16,7,0
Tm8b,Sm42,10,5,5,0,23,12,11,0
MLt5,MTe28,10,5,5,0,23,10,13,0
MLt5,MeTu4c,9,2,7,0,23,4,19,0
Tm5a,aMe5,11,4,7,0,23,8,15,0
Li02,LT65,5,0,5,0,23,0,23,0
TmY14,DCH,8,2,6,0,23,4,19,0
TmY16,LC15,10,5,5,0,23,12,11,0
Li08,Tm5b,9,3,6,0,23,8,15,0
Tm35,PLP251,8,5,3,0,23,13,10,0
Tm5a,LC11,6,2,4,0,23,4,19,0
Li11,LTe24,9,3,6,0,23,7,16,0
Tm32,LT69,8,5,3,0,23,17,6,0
L2,TmY10,11,7,4,0,23,15,8,0
C2,T4a,10,4,6,0,23,8,15,0
Tm36,Y4,9,3,6,0,23,9,14,0
Dm8a,Sm06,8,3,5,0,23,8,15,0
Li02,Li28,10,6,4,0,23,14,9,0
Y3,OA-AL2i2,11,5,6,0,23,10,13,0
Sm16,MeMe_e03,10,4,6,0,23,10,13,0
T3,LT62,8,2,6,0,23,8,15,0
Tm5e,cLLP02,11,7,4,0,23,15,8,0
Li05,LMa4,8,5,3,0,23,15,8,0
Sm15,Sm38,7,1,6,0,23,2,21,0
Sm15,Tm5e,8,1,7,0,23,2,21,0
Li05,LC26,10,4,6,0,23,8,15,0
TmY15,MLt4,11,5,6,0,23,10,13,0
Sm04,Sm42,9,6,3,0,23,16,7,0
Li20,Tm1,9,4,5,0,23,12,11,0
Tm35,LMa2,9,3,6,0,23,8,15,0
Li17,Tm36,10,4,6,0,23,8,15,0
Li17,TmY5a,8,3,5,0,23,6,17,0
Tm16,LTe69,11,4,7,0,23,8,15,0
Li05,LAL047,6,3,3,0,23,14,9,0
Tm8b,LC11,11,7,4,0,23,15,8,0
T2,T5d,9,6,3,0,23,14,9,0
TmY16,Tm3,9,2,7,0,23,7,16,0
Tm20,LC14a1,10,7,3,0,23,17,6,0
Tm5e,Sm42,9,2,7,0,23,5,18,0
Tm5c,Li07,11,4,7,0,23,9,14,0
LPi05,TmY15,10,5,5,0,23,12,11,0
Mi9,LMa3,8,3,5,0,23,13,10,0
T5d,LPT48_vCal3,8,3,5,0,23,8,15,0
Tm21,PDt,11,6,5,0,23,13,10,0
Tm20,aMe5,10,3,7,0,23,7,16,0
TmY10,LTe15,10,4,6,0,23,9,14,0
MLt2,Li05,10,1,9,0,23,2,21,0
Pm09,Li22,9,4,5,0,23,11,12,0
Dm2,MeMe_e06,10,3,7,0,23,6,17,0
MLt2,LC29,9,4,5,0,23,11,12,0
Pm10,MTe03,11,6,5,0,23,13,10,0
Tm25,MTe07,11,1,10,0,23,2,21,0
TmY3,Mi2,11,5,6,0,23,10,13,0
Dm12,MTe50,11,4,7,0,23,8,15,0
T2a,Tm5d,11,4,7,0,23,8,15,0
LPi06,Tlp1,11,6,5,0,23,13,10,0
Dm8a,Sm35,10,8,2,0,23,18,5,0
Dm8a,Tm35,8,6,2,0,23,17,6,0
Tm2,LC18,8,2,6,0,23,6,17,0
Sm27,Sm26,10,6,4,0,23,13,10,0
Tm31,Sm41,10,4,6,0,23,8,15,0
Sm18,Mi15,10,2,8,0,23,5,18,0
Sm18,cM11,5,0,5,0,23,0,23,0
Dm12,Tm5b,11,4,7,0,23,8,15,0
Mi13,Pm03,8,0,8,0,23,0,23,0
Tm2,Tm5d,9,0,9,0,23,0,23,0
Sm15,MLt6,10,6,4,0,23,13,10,0
Tm33,Li18,11,5,6,0,23,10,13,0
Sm27,Sm42,7,3,4,0,23,13,10,0
TmY9q,Dm10,7,1,6,0,23,4,19,0
MLt1,MLt8,11,8,3,0,23,16,7,0
TmY4,LC22,10,6,4,0,23,14,9,0
TmY10,Sm13,11,5,6,0,23,10,13,0
T4a,T5c,10,2,8,0,23,4,19,0
Pm11,T2a,11,10,1,0,23,21,2,0
Sm16,MTe37,9,4,5,0,23,10,13,0
Tm35,LC31b,10,4,6,0,23,10,13,0
TmY4,LMa1,10,2,8,0,23,7,16,0
Tm31,LTe20,10,5,5,0,23,10,13,0
Tm33,Sm09,11,7,4,0,23,15,8,0
TmY3,OA-AL2i1,10,3,7,0,23,7,16,0
Tm16,Tm33,11,6,5,0,23,12,11,0
Li26,Li16,10,3,7,0,23,7,16,0
Tm3,LTe66,7,4,3,0,23,16,7,0
Tm33,MTe32,10,6,4,0,23,15,8,0
LMa5,Lawf1,2,1,1,0,23,16,7,0
LMa4,LT62,9,2,7,0,23,7,16,0
Dm3v,Dm12,11,2,9,0,23,5,18,0
R1-6,LC4,4,0,4,0,23,0,23,0
TmY5a,MTe01b,11,3,8,0,23,6,17,0
LMa1,LT61b,9,4,5,0,23,11,12,0
Y4,Pm01,11,6,5,0,23,13,10,0
Tm35,LC11,10,6,4,0,23,14,9,0
Tm8b,LTe09,9,7,2,0,23,19,4,0
Tm5f,LC14a2,7,2,5,0,23,5,18,0
LMa5,LC17,10,3,7,0,23,8,15,0
Tm4,MTe11,9,5,4,0,23,10,13,0
Tm8a,LTe22,10,6,4,0,23,14,9,0
MLt3,LCe07,6,0,6,0,23,0,23,0
TmY9q,LTe17,9,5,4,0,23,13,10,0
TmY3,Tm9,10,4,6,0,23,10,13,0
TmY11,Pm03,11,5,6,0,23,11,12,0
Tm5c,Dm13,9,6,3,0,23,16,7,0
C3,Dm3v,10,5,5,0,23,11,12,0
LMt2,Y4,11,7,4,0,23,15,8,0
Tm5c,Dm4,8,4,4,0,23,8,15,0
LPi03,LPT48_vCal3,7,5,2,0,23,13,10,0
LPi04,Tlp1,9,4,5,0,23,12,11,0
TmY14,LPi15,10,4,6,0,23,8,15,0
Tm5a,Sm24,9,7,2,0,23,19,4,0
Tm7,MeTu4b,9,6,3,0,23,16,7,0
Sm25,Sm23,10,7,3,0,23,16,7,0
Li03,LC15,9,5,4,0,23,14,9,0
Sm11,Sm19,7,2,5,0,23,8,15,0
Tlp14,vCal1,5,4,1,0,23,13,10,0
Li10,TmY15,9,5,4,0,23,14,9,0
Li01,LTe74,10,6,4,0,23,14,9,0
TmY11,Dm16,11,9,2,0,23,19,4,0
Tm1,Tm36,7,2,5,0,23,11,12,0
LPi05,T4d,9,4,5,0,23,8,15,0
MLt7,MeMe_e04,5,2,3,0,23,7,16,0
LLPt,LCe01b,6,1,5,0,23,4,19,0
Dm3v,Tm3,11,5,6,0,23,10,13,0
Y4,T4d,11,6,5,0,23,13,10,0
Pm04,MTe53,9,5,4,0,23,12,11,0
TmY3,Y1,11,5,6,0,23,11,12,0
Tm1,Li22,7,5,2,0,23,18,5,0
Y1,Tm32,9,4,5,0,23,11,12,0
Y4,Y1,11,6,5,0,23,13,10,0
Tm7,LC16,8,2,6,0,23,4,19,0
Tm8b,LC14a2,5,2,3,0,23,4,19,0
Y1,Li33,8,5,3,0,23,13,10,0
Sm15,Mi4,4,1,3,0,23,3,20,0
TmY5a,MeTu4a,9,0,9,0,23,0,23,0
MLt1,MTe54,11,5,6,0,23,11,12,0
LMa3,LT1b,8,5,3,0,23,12,11,0
MLt1,LC40,7,4,3,0,23,10,13,0
Li05,LC22,10,5,5,0,23,11,12,0
Mi14,Tm16,9,2,7,0,23,4,19,0
TmY4,LTe26,4,1,3,0,23,2,21,0
Tm37,Tm8b,10,4,6,0,23,9,14,0
Y4,MTe53,10,4,6,0,23,9,14,0
Sm26,Lawf1,8,6,2,0,23,18,5,0
Li02,Tm7,11,8,3,0,23,17,6,0
Y3,LPi11,11,5,6,0,23,10,13,0
Sm14,MeTu4c,10,5,5,0,23,12,11,0
TmY3,Tm8a,11,7,4,0,23,14,9,0
Y3,Sm22,11,2,9,0,23,4,19,0
Sm32,L2,8,5,3,0,23,17,6,0
Sm32,TmY11,11,4,7,0,23,9,14,0
Tlp1,LPT21,8,4,4,0,23,14,9,0
Dm2,Sm28,10,6,4,0,23,13,10,0
T4d,LLPC2,10,6,4,0,23,14,9,0
Tm5d,Dm8b,10,7,3,0,23,17,6,0
TmY31,MeTu4b,9,6,3,0,23,15,8,0
Mi1,MTe53,3,0,3,0,23,0,23,0
TmY11,cL02d,11,4,7,0,23,9,14,0
Li15,Li21,8,4,4,0,23,13,10,0
Li11,Li32,10,7,3,0,23,16,7,0
Li11,Li28,9,5,4,0,23,13,10,0
Li08,Tm33,8,0,8,0,23,0,23,0
Li14,Li22,10,7,3,0,23,17,6,0
Dm11,Sm19,8,5,3,0,23,11,12,0
LPi15,TmY5a,8,2,6,0,23,4,19,0
T2,TmY16,8,4,4,0,23,15,8,0
Tm8a,LC29,7,2,5,0,23,10,13,0
Tm5a,LCe08,10,5,5,0,23,12,11,0
MLt1,LMa2,10,4,6,0,23,8,15,0
T5a,T4c,10,2,8,0,23,6,17,0
Tm5d,MeTu4a,10,3,7,0,23,9,14,0
Tm20,Pm09,6,4,2,0,23,19,4,0
Y4,C2,5,2,3,0,23,5,18,0
Dm12,Tm2,5,1,4,0,23,6,17,0
Li05,Tm5f,10,2,8,0,23,4,19,0
Tm16,LTe28,11,8,3,0,23,17,6,0
TmY14,VCH,9,5,4,0,23,10,13,0
Li28,Li19,5,2,3,0,23,16,7,0
Li28,LT67,4,2,2,0,23,17,6,0
MLt1,TmY9q,11,7,4,0,23,15,8,0
Tm21,MTe44,10,7,3,0,23,17,6,0
Pm14,Tm20,10,8,2,0,23,19,4,0
Sm19,DmDRA1,9,7,2,0,23,18,5,0
Tm7,cL16,10,6,4,0,23,15,8,0
Y12,VS1,10,6,4,0,23,13,10,0
Li03,LMa4,6,3,3,0,23,12,11,0
Li12,Tm37,10,5,5,0,23,12,11,0
Tm31,LC20b,9,5,4,0,23,11,12,0
Sm10,Sm32,11,7,4,0,23,15,8,0
MLt6,Tm5e,9,3,6,0,23,8,15,0
LMa4,mALC3,9,4,5,0,23,9,14,0
Li10,cL22b,11,7,4,0,23,15,8,0
MLt6,Sm11,9,4,5,0,23,8,15,0
Tm25,Tm8a,9,6,3,0,23,15,8,0
Sm03,Dm8a,11,4,7,0,23,8,15,0
TmY16,LC10d,10,9,1,0,23,21,2,0
Li31,TmY11,10,7,3,0,23,17,6,0
Li31,LC13,9,5,4,0,23,13,10,0
Li31,Li25,4,2,2,0,23,9,14,0
Li24,TmY5a,10,4,6,0,23,8,15,0
TmY9q⊥,LTe54,10,4,6,0,23,8,15,0
Li05,Li11,9,6,3,0,23,15,8,0
Sm42,cM14,2,1,1,0,23,13,10,0
Sm42,cM13,2,1,1,0,23,18,5,0
Y4,T5c,10,6,4,0,23,13,10,0
Dm3q,Li06,9,2,7,0,23,4,19,0
Tm2,TmY10,7,3,4,0,23,9,14,0
Tm5e,LTe61,8,4,4,0,23,11,12,0
Tm3,Li28,6,1,5,0,23,4,19,0
Li27,LC29,10,8,2,0,23,19,4,0
Li27,LPLC1,8,3,5,0,23,7,16,0
Li27,Li01,10,7,3,0,23,17,6,0
Tm5f,Pm13,10,6,4,0,23,14,9,0
Tlp4,T2,10,9,1,0,23,20,3,0
Tm33,MLt6,10,7,3,0,23,15,8,0
Tm5f,Mi13,5,3,2,0,23,19,4,0
LPi12,Tlp1,11,6,5,0,23,12,11,0
Tm3,MTe41,10,4,6,0,23,9,14,0
Sm13,MTe14,9,6,3,0,23,14,9,0
Li33,LCe06,6,2,4,0,23,7,16,0
Li33,LC14b,8,3,5,0,23,8,15,0
Li33,LTe42a,2,1,1,0,23,9,14,0
Li33,DNp27,3,2,1,0,23,9,14,0
Li33,LT66,2,1,1,0,23,10,13,0
Sm36,MTe03,9,3,6,0,23,6,17,0
Sm36,Sm09,11,5,6,0,23,11,12,0
Sm32,Sm19,7,2,5,0,23,5,18,0
Li11,LLPC4,8,5,3,0,23,15,8,0
Y12,LPT31,10,8,2,0,23,19,4,0
MLt2,LT52,9,4,5,0,23,9,14,0
TmY3,LPTe01,11,8,3,0,23,17,6,0
Y3,LT58,8,6,2,0,23,19,4,0
Li32,MLt2,8,4,4,0,23,11,12,0
Sm09,MeTu4c,10,8,2,0,23,19,4,0
Li08,LTe23,10,6,4,0,23,13,10,0
Li11,LC31b,9,7,2,0,23,18,5,0
T4b,MeMe_e07,11,6,5,0,23,13,10,0
Li24,LT63,6,3,3,0,23,12,11,0
C2,Pm04,6,4,2,0,23,10,13,0
Am1,Li22,8,4,4,0,23,12,11,0
Sm09,Sm36,10,7,3,0,23,14,9,0
Tm5e,Li32,6,4,2,0,23,19,4,0
Li06,LC28a,9,7,2,0,23,17,6,0
LPi07,LPi13,9,6,3,0,23,12,11,0
LPi02,TmY10,10,7,3,0,23,15,8,0
Li05,LMt2,8,6,2,0,23,19,4,0
LMa5,Sm42,3,2,1,0,23,21,2,0
Sm32,LMa2,10,8,2,0,23,18,5,0
Li30,LC45,5,3,2,0,23,14,9,0
Li12,Tm5f,10,6,4,0,23,15,8,0
T1,Lai,7,6,1,0,23,21,2,0
LMa2,LTe59,7,6,1,0,23,20,3,0
Li29,LC20b,7,4,3,0,23,11,12,0
Sm37,MTe01b,7,2,5,0,23,9,14,0
Sm37,cM09,3,1,2,0,23,12,11,0
LPi13,TmY16,10,7,3,0,23,16,7,0
MLt3,T1,8,6,2,0,23,17,6,0
Li23,Li08,9,3,6,0,23,8,15,0
LC21,LC36,9,5,4,0,23,11,12,0
LC22,Li10,11,5,6,0,23,10,13,0
LC11,Li31,10,6,4,0,23,12,11,0
LC24,LTe08,9,5,4,0,23,14,9,0
LCe01b,LT87,9,6,3,0,23,17,6,0
LLPC3,T4d,10,3,7,0,23,6,17,0
LT66,cM17,4,2,2,0,23,12,11,0
LT66,cL08,3,2,1,0,23,21,2,0
LT66,cL16,4,2,2,0,23,13,10,0
LC25,LC13,11,5,6,0,23,10,13,0
cL22a,LTe61,2,1,1,0,23,11,12,0
cL22a,LTe06,2,1,1,0,23,7,16,0
MTe21,aMe19a,2,1,1,0,23,10,13,0
MTe46,LT36,3,0,3,0,23,0,23,0
LT34,Li33,2,1,1,0,23,5,18,0
VSm,LPi11,9,6,3,0,23,17,6,0
LC22,MLt6,9,4,5,0,23,11,12,0
LC14a2,LT65,7,3,4,0,23,10,13,0
LC20a,LC6,11,7,4,0,23,15,8,0
LC46,LC36,10,1,9,0,23,2,21,0
LT43,LTe16,4,2,2,0,23,17,6,0
LPLC2,LPi05,11,8,3,0,23,16,7,0
LTe01,LTe24,4,2,2,0,23,10,13,0
LLPC2,Tm5f,11,5,6,0,23,10,13,0
MTe41,Pm14,4,2,2,0,23,13,10,0
MTe51,Sm29,9,7,2,0,23,18,5,0
LC20b,LT65,5,2,3,0,23,4,19,0
LC14b,Dm15,9,7,2,0,23,18,5,0
MeMe_e08,LPT57,3,2,0,1,23,13,0,10
MeMe_e08,Lawf2,10,8,2,0,23,19,4,0
cL14,TmY10,11,6,5,0,23,13,10,0
LT52,mALC5,5,2,3,0,23,13,10,0
cM19,PDt,8,3,5,0,23,9,14,0
MTe01a,MTe24,6,2,4,0,23,9,14,0
MTe09,aMe5,9,4,5,0,23,10,13,0
LT62,LT1a,2,1,1,0,23,10,13,0
LCe03,Li28,9,5,4,0,23,13,10,0
LPLC4,LC28a,7,3,4,0,23,11,12,0
LC20b,LTe15,8,5,3,0,23,15,8,0
LC14a1,DNp11,3,0,3,0,23,0,23,0
LPT54,TmY11,11,6,5,0,23,13,10,0
LC34,cL12,5,1,2,2,23,2,5,16
LC14b,LC11,6,1,5,0,23,10,13,0
LT57,LPLC4,10,6,4,0,23,13,10,0
LT57,Li08,10,4,6,0,23,11,12,0
LLPC1,LPLC2,10,4,6,0,23,8,15,0
LC14a2,LC12,7,6,1,0,23,17,6,0
LT69,LC13,8,6,2,0,23,17,6,0
LCe01b,LC9,10,7,3,0,23,15,8,0
LPT23,LPi13,5,3,2,0,23,13,10,0
LC28a,LT57,10,5,5,0,23,11,12,0
LC37a,cM08c,7,4,3,0,23,15,8,0
LLPC1,TmY9q,9,2,7,0,23,5,18,0
cLP01,cLP01,9,5,4,0,23,11,12,0
cL10,Li33,2,1,1,0,23,15,8,0
LC9,LC18,9,5,4,0,23,14,9,0
MeTu4c,LC6,10,5,5,0,23,12,11,0
LC10c,LC16,11,6,5,0,23,13,10,0
cM08a,Sm30,9,7,2,0,23,18,5,0
LC4,Li22,11,5,6,0,23,10,13,0
LC14b,LPi06,7,5,2,0,23,18,5,0
LC4,Li17,11,3,8,0,23,6,17,0
cL20,LC17,8,4,4,0,23,15,8,0
cL20,Li20,3,2,1,0,23,12,11,0
LT37,LT73,4,2,2,0,23,7,16,0
LT37,LTe38c,3,2,1,0,23,19,4,0
LT37,LC44,4,2,2,0,23,9,14,0
LC20b,LC36,10,6,4,0,23,15,8,0
MeMe_e09,aMe5,9,5,4,0,23,12,11,0
MeMe_e09,Sm12,8,1,7,0,23,4,19,0
cL21,LT66,4,2,2,0,23,13,10,0
cL21,LPLC4,9,5,4,0,23,10,13,0
cL21,Li33,3,1,2,0,23,6,17,0
PLP177,mALD1,2,1,1,0,23,16,7,0
MTe04,Sm34,11,8,3,0,23,17,6,0
LTe22,LTe32,3,1,2,0,23,10,13,0
LTe22,5-HTPMPV01,1,0,1,0,23,0,23,0
LTe22,LC10f,4,2,2,0,23,10,13,0
aMe17c,Mi15,6,4,2,0,23,15,8,0
aMe17c,TmY5a,9,4,5,0,23,11,12,0
MeTu1,Sm28,11,7,4,0,23,14,9,0
LPLC4,TmY15,9,4,5,0,23,9,14,0
cL01,LC10f,10,3,7,0,23,7,16,0
cL01,LTe37,7,5,2,0,23,17,6,0
LTe11,LT51,4,2,2,0,23,7,16,0
LC15,Y4,9,4,5,0,23,13,10,0
cLLP02,cL14,4,2,2,0,23,10,13,0
cLLP02,Li29,4,2,2,0,23,13,10,0
LT63,LTe42c,4,2,2,0,23,16,7,0
LTe41,LC10e,9,3,6,0,23,9,14,0
MTe01a,cM14,6,3,1,2,23,8,2,13
LT52,LLPC3,11,4,7,0,23,8,15,0
LTe20,LPLC1,10,2,8,0,23,4,19,0
cM02a,Sm25,8,4,4,0,23,10,13,0
LC37a,LCe03,8,5,3,0,23,13,10,0
LLPC3,cL02c,8,4,4,0,23,10,13,0
LT64,LT34,4,2,2,0,23,12,11,0
LC20b,LC14a1,10,6,4,0,23,12,11,0
MeMe_e05,MLt4,5,2,3,0,23,6,17,0
OA-AL2b1,mALD2,2,1,1,0,23,8,15,0
MTe09,Tm8a,10,4,6,0,23,9,14,0
LPLC4,CB3866,5,4,1,0,23,18,5,0
LLPC3,LC14b,10,2,8,0,23,4,19,0
OA-AL2i2,Pm13,5,2,3,0,23,10,13,0
LTe33,LTe11,5,2,3,0,23,7,16,0
LTe33,LTe69,5,2,3,0,23,10,13,0
cL12,LC27,4,2,2,0,23,18,5,0
MeMe_e03,MeTu1,8,4,4,0,23,14,9,0
LC14b,LT80,4,2,2,0,23,10,13,0
LTe02,LTe75,3,2,1,0,23,21,2,0
LC10b,Li12,9,4,5,0,23,10,13,0
MTe47,Sm22,10,7,3,0,23,16,7,0
MeMe_e07,Lawf1,10,7,3,0,23,17,6,0
LC20b,LTe29,8,5,3,0,23,14,9,0
MeTu2a,Sm30,8,5,3,0,23,14,9,0
LC10b,Li02,10,3,7,0,23,8,15,0
LT40,OA-AL2i1,2,1,1,0,23,13,10,0
MeMe_e04,MeTu4c,7,6,1,0,23,19,4,0
aMe17a2,Tm8a,11,7,4,0,23,15,8,0
aMe17a2,MeTu3c,9,3,6,0,23,9,14,0
LTe75,LC33a,5,2,3,0,23,8,15,0
cLLPM01,LPi02,7,2,5,0,23,4,19,0
VS4,LPi11,8,7,1,0,23,17,6,0
mALC5,cLLP02,4,2,2,0,23,13,10,0
mALC5,LC22,6,5,1,0,23,20,3,0
PLP217,LTe20,1,0,1,0,23,0,23,0
LT86,CB3866,2,1,1,0,23,16,7,0
cM08c,MTe11,7,4,3,0,23,10,13,0
LTe38a,LT51,7,4,3,0,23,11,12,0
MTe01b,MLt6,11,6,5,0,23,12,11,0
LT56,LMa2,9,5,4,0,23,13,10,0
LT56,LT61b,2,1,1,0,23,10,13,0
aMe10,DN1-l,3,2,1,0,23,12,11,0
LTe60,LC33a,8,4,4,0,23,11,12,0
MC65,MTe11,9,6,3,0,23,16,7,0
CB0592,LPLC1,6,4,2,0,23,10,13,0
CB0592,Pm05,10,6,4,0,23,13,10,0
CB0592,T2a,11,7,4,0,23,15,8,0
MTe01b,Sm38,9,7,2,0,23,18,5,0
LC20a,LTe36,6,5,1,0,23,21,2,0
cL06,LT69,2,1,1,0,23,16,7,0
MeTu4c,cL19,10,7,3,0,23,16,7,0
LT74,Li18,10,1,9,0,23,2,21,0
LT84,LC33a,3,0,3,0,23,0,23,0
HSN,LLPC1,11,8,3,0,23,17,6,0
aMe22,cM08c,2,1,1,0,23,18,5,0
aMe22,cL10,2,1,1,0,23,13,10,0
LC13,LC20b,8,7,1,0,23,21,2,0
cL22b,LTe32,4,2,2,0,23,7,16,0
cL22b,TmY20,9,5,4,0,23,13,10,0
cL22b,LTe24,2,1,1,0,23,19,4,0
LT85,Tm35,10,4,6,0,23,11,12,0
cM14,Sm22,10,4,6,0,23,8,15,0
LT53,LC10a,6,4,2,0,23,18,5,0
HSE,LLPC1,9,6,3,0,23,16,7,0
LTe32,LC20b,7,4,3,0,23,12,11,0
LLPC3,LC11,7,2,5,0,23,8,15,0
MeMe_e02,cM14,2,0,2,0,23,0,23,0
cLP02,LPT52,5,4,1,0,23,21,2,0
LPTe01,Tlp14,4,1,3,0,23,4,19,0
PLP032,cL15,3,0,1,2,23,0,10,13
LC14b,AVLP151,1,1,0,0,23,23,0,0
OA-AL2i1,CB0592,3,1,2,0,23,11,12,0
OA-AL2i1,L3,10,6,4,0,23,15,8,0
cM15,Sm12,10,6,4,0,23,15,8,0
cM15,T2a,10,3,7,0,23,6,17,0
cM15,Am1,2,1,1,0,23,10,13,0
LPT27,LTe63,4,2,2,0,23,12,11,0
MTe32,LTe56,2,1,1,0,23,11,12,0
MTe54,Tm35,11,6,5,0,23,13,10,0
H2,CB0143,1,0,0,1,23,0,0,23
LTe43,Li10,8,3,5,0,23,7,16,0
MTe43,TmY5a,10,6,4,0,23,13,10,0
cL09,T5b,8,7,1,0,23,21,2,0
CB0592,cM08c,2,2,0,0,23,23,0,0
cL05,Li12,8,4,4,0,23,12,11,0
MTe26,Pm14,4,2,2,0,23,15,8,0
cL02c,Li07,9,4,5,0,23,11,12,0
LC36,LT57,8,6,2,0,23,17,6,0
LC10b,Li01,11,8,3,0,23,17,6,0
cMLLP01,cL02a,3,1,2,0,23,6,17,0
LC36,Tm5e,10,5,5,0,23,12,11,0
cL13,LC11,6,0,6,0,23,0,23,0
LPT52,PLP051,2,1,1,0,23,11,12,0
aMe17a1,Sm14,9,5,4,0,23,14,9,0
aMe17a1,cM08b,4,2,2,0,23,14,9,0
cL15,LT51,7,3,4,0,23,9,14,0
cL15,Li10,8,4,4,0,23,13,10,0
MTe27,cLP04,2,1,1,0,23,15,8,0
LT43,LTe48,3,2,1,0,23,17,6,0
MTe44,LT77,2,1,1,0,23,12,11,0
MTe44,LMa5,8,6,2,0,23,18,5,0
LPT53,Tlp5,5,1,4,0,23,2,21,0
Tm31,aMe5,10,10,0,0,23,23,0,0
TmY11,cL16,6,6,0,0,23,23,0,0
Tm3,LC13,11,11,0,0,23,23,0,0
Y3,Dm8a,2,2,0,0,23,23,0,0
Pm14,LPLC4,7,7,0,0,23,23,0,0
LT78,Li17,4,4,0,0,23,23,0,0
LPT23,T5b,11,11,0,0,23,23,0,0
LHPV2i2a,PLP022,1,1,0,0,23,23,0,0
cM08c,s-LNva,2,2,0,0,23,23,0,0
CB0734,CB0143,1,1,0,0,23,23,0,0
LPLC4,cLP03,4,4,0,0,23,23,0,0
VS1,LPT23,2,2,0,0,23,23,0,0
OA-AL2i1,Tlp1,8,8,0,0,23,23,0,0
cM01a,MeTu4b,1,1,0,0,23,23,0,0
PLP023,PLP252,1,1,0,0,23,23,0,0
PLP177,LTe53,1,1,0,0,23,23,0,0
MTe18,CB0143,1,1,0,0,23,23,0,0
Li01,LTe42a,9,1,8,0,22,3,19,0
Li01,Tm5d,11,5,6,0,22,10,12,0
TmY4,LTe49a,10,6,4,0,22,13,9,0
LPi06,T4b,11,5,6,0,22,10,12,0
Pm11,Pm13,8,2,6,0,22,4,18,0
Dm15,TmY5a,10,5,5,0,22,10,12,0
Tm8a,LTe75,8,5,3,0,22,11,11,0
TmY11,Li12,8,3,5,0,22,9,13,0
Sm24,Tm5f,10,4,6,0,22,10,12,0
LMt2,Mi14,9,5,4,0,22,13,9,0
LMt2,TmY14,10,6,4,0,22,13,9,0
L4,C2,11,9,2,0,22,18,4,0
Dm10,OA-AL2i1,11,7,4,0,22,14,8,0
TmY4,Tm21,10,5,5,0,22,11,11,0
MLt6,Sm32,10,5,5,0,22,10,12,0
Tm20,Li30,7,5,2,0,22,17,5,0
Mi2,MTe03,10,5,5,0,22,11,11,0
Tm32,aMe26,11,6,5,0,22,12,10,0
TmY11,LC31a,10,7,3,0,22,16,6,0
Li21,LC10a,9,5,4,0,22,13,9,0
Pm12,cML01,3,1,2,0,22,9,13,0
Pm05,Li06,8,1,7,0,22,2,20,0
Tm5c,LLPC3,10,6,4,0,22,13,9,0
TmY9q,LT53,9,4,5,0,22,12,10,0
Tm27,LC13,8,1,7,0,22,2,20,0
T2,MTe52,9,5,4,0,22,14,8,0
Tm35,TmY9q⊥,10,5,5,0,22,10,12,0
MLt5,LTe01,8,5,3,0,22,12,10,0
R7,C2,10,3,7,0,22,7,15,0
Li10,LTe23,10,6,4,0,22,13,9,0
Dm20,Tm35,11,6,5,0,22,12,10,0
TmY11,LC11,9,2,7,0,22,6,16,0
LPi08,LPT50,5,4,1,0,22,20,2,0
Tm32,TmY20,10,1,9,0,22,4,18,0
TmY15,LPi10,11,9,2,0,22,18,4,0
LPi06,LPT58,9,6,3,0,22,15,7,0
Sm40,aMe19b,4,2,2,0,22,14,8,0
Sm40,Tm20,10,4,6,0,22,9,13,0
L1,MTe01b,8,2,6,0,22,9,13,0
T2a,Tm33,11,5,6,0,22,10,12,0
Mi2,L2,10,3,7,0,22,7,15,0
TmY9q,T5a,10,3,7,0,22,7,15,0
Sm16,MTe23,10,7,3,0,22,15,7,0
TmY10,LT81,9,5,4,0,22,10,12,0
Y11,cL15,9,4,5,0,22,10,12,0
Tm21,MLt3,11,4,7,0,22,8,14,0
Y4,T5d,10,5,5,0,22,10,12,0
Tm27,Tm5f,10,6,4,0,22,14,8,0
TmY10,LTe42a,10,3,7,0,22,7,15,0
Tm25,LCe05,10,5,5,0,22,11,11,0
Dm3p,TmY31,11,1,10,0,22,2,20,0
Sm07,aMe5,8,5,3,0,22,13,9,0
Li02,Li01,10,4,6,0,22,10,12,0
Li21,Li21,8,5,3,0,22,15,7,0
Dm4,MTe01b,9,2,7,0,22,5,17,0
Y3,cL18,9,4,5,0,22,8,14,0
TmY9q,LCe01b,6,3,3,0,22,13,9,0
Mi13,MLt1,11,8,3,0,22,16,6,0
LMa1,TmY5a,10,5,5,0,22,11,11,0
TmY5a,MLt6,10,6,4,0,22,14,8,0
Li03,Tm5e,5,0,5,0,22,0,22,0
Y1,Tm8b,11,6,5,0,22,12,10,0
TmY16,LPi02,7,2,5,0,22,5,17,0
TmY10,LTe38a,10,3,7,0,22,8,14,0
Sm06,MLt2,10,4,6,0,22,8,14,0
TmY10,LCe06,9,8,1,0,22,20,2,0
Li17,Li10,10,6,4,0,22,13,9,0
MLt3,Li05,8,5,3,0,22,15,7,0
Tm34,Tm7,10,5,5,0,22,10,12,0
Sm21,Sm03,9,6,3,0,22,15,7,0
Sm13,Tm5c,10,6,4,0,22,14,8,0
Tlp4,LMa4,11,6,5,0,22,12,10,0
Tm16,LTe50,8,1,7,0,22,3,19,0
Pm09,T4c,10,4,6,0,22,9,13,0
TmY16,Pm09,8,5,3,0,22,16,6,0
T3,LT1c,9,0,9,0,22,0,22,0
Tm27,T4d,11,6,5,0,22,12,10,0
Tm20,LC22,11,5,6,0,22,10,12,0
Sm31,Sm13,10,4,6,0,22,10,12,0
Sm23,Sm16,11,5,6,0,22,10,12,0
MLt2,LT84,7,3,4,0,22,11,11,0
Tm2,OA-AL2i1,10,6,4,0,22,12,10,0
Sm19,Sm07,7,2,5,0,22,4,18,0
MLt3,Dm2,8,1,7,0,22,2,20,0
Mi15,Sm31,8,4,4,0,22,12,10,0
Dm20,Mi15,8,4,4,0,22,9,13,0
Dm8a,TmY31,7,5,2,0,22,18,4,0
Tm5f,OA-ASM1,10,3,7,0,22,6,16,0
TmY16,LPi10,9,4,5,0,22,11,11,0
Y11,MLt4,8,6,2,0,22,18,4,0
Y11,Li10,10,6,4,0,22,14,8,0
Dm16,Lawf1,11,7,4,0,22,14,8,0
Sm01,Tm5a,10,9,1,0,22,20,2,0
Mi14,TmY31,11,5,6,0,22,10,12,0
Sm09,Sm12,11,5,6,0,22,10,12,0
LMt1,LMt4,9,5,4,0,22,13,9,0
Tm7,Dm12,7,4,3,0,22,15,7,0
Y1,Pm01,8,5,3,0,22,16,6,0
Sm10,Tm5a,11,6,5,0,22,12,10,0
Tm3,Dm3v,10,5,5,0,22,11,11,0
Sm08,Sm25,10,3,7,0,22,6,16,0
Tm5f,Tm27,10,5,5,0,22,12,10,0
TmY9q,LT63,7,1,6,0,22,3,19,0
Sm18,Sm13,8,4,4,0,22,9,13,0
Dm9,Dm20,9,5,4,0,22,11,11,0
Tm31,MTe22,8,3,5,0,22,11,11,0
T1,Mi4,10,7,3,0,22,14,8,0
T2a,OA-AL2i1,8,6,2,0,22,17,5,0
Tm27,T4b,11,8,3,0,22,16,6,0
Tm8a,TmY20,9,3,6,0,22,8,14,0
Tm16,LT58,9,7,2,0,22,18,4,0
Tm31,Li01,11,5,6,0,22,10,12,0
Li12,LLPt,9,3,6,0,22,7,15,0
Sm05,Tm31,9,3,6,0,22,8,14,0
Sm41,aMe19a,2,1,1,0,22,14,8,0
Tm5b,LCe07,9,4,5,0,22,9,13,0
Tlp1,LC14a1,7,5,2,0,22,18,4,0
T5a,LMa3,5,4,1,0,22,20,2,0
Tm5d,Sm11,7,3,4,0,22,6,16,0
LPi02,TmY16,9,4,5,0,22,9,13,0
TmY16,Mi13,8,5,3,0,22,14,8,0
TmY31,LT58,8,2,6,0,22,4,18,0
T2a,Dm8b,11,4,7,0,22,8,14,0
LMa5,LC9,10,6,4,0,22,14,8,0
C3,Mi10,11,7,4,0,22,14,8,0
Tm20,MeLp2,10,1,9,0,22,2,20,0
Tm27,LT74,10,8,2,0,22,18,4,0
Li10,Tm31,5,2,3,0,22,6,16,0
MLt1,Tm5a,11,3,8,0,22,6,16,0
LLPt,Tm5f,11,5,6,0,22,10,12,0
LMt1,Li10,11,5,6,0,22,10,12,0
Mi14,TmY10,10,5,5,0,22,11,11,0
MLt3,LC10a,10,2,8,0,22,5,17,0
Li11,LC12,11,5,6,0,22,10,12,0
Y12,Sm11,8,4,4,0,22,11,11,0
T5b,OA-AL2i1,11,4,7,0,22,8,14,0
L1,Sm01,5,4,1,0,22,20,2,0
Y1,Pm12,8,4,4,0,22,11,11,0
LMt2,LC14a1,10,8,2,0,22,17,5,0
Dm20,C2,8,1,7,0,22,2,20,0
TmY14,Tm25,9,5,4,0,22,13,9,0
TmY3,Y4,10,3,7,0,22,8,14,0
C3,LMa4,10,7,3,0,22,15,7,0
Dm2,Tm4,10,6,4,0,22,14,8,0
T4c,T5b,9,2,7,0,22,6,16,0
Dm8a,MTe17,7,3,4,0,22,11,11,0
T3,TmY3,7,3,4,0,22,6,16,0
Dm4,Lawf2,9,4,5,0,22,8,14,0
LPi05,T5d,6,0,6,0,22,0,22,0
TmY20,Tlp4,8,5,3,0,22,15,7,0
Tm1,R7,4,0,4,0,22,0,22,0
TmY9q⊥,TmY11,10,5,5,0,22,10,12,0
Tm27,LTe24,9,4,5,0,22,10,12,0
Dm4,TmY3,6,2,4,0,22,6,16,0
Mi2,Tm16,10,5,5,0,22,11,11,0
Pm05,TmY9q⊥,8,4,4,0,22,13,9,0
TmY5a,Li20,11,5,6,0,22,10,12,0
Dm10,Pm04,4,2,2,0,22,8,14,0
Li22,LMt4,10,6,4,0,22,13,9,0
Tm5d,Sm32,7,3,4,0,22,6,16,0
TmY11,mALC5,10,7,3,0,22,14,8,0
T3,Li25,8,3,5,0,22,6,16,0
Dm2,L5,11,4,7,0,22,8,14,0
MLt3,Sm32,11,5,6,0,22,10,12,0
Li03,LT11,9,7,2,0,22,17,5,0
Li10,LT73,9,4,5,0,22,10,12,0
Li10,Tm5b,11,2,9,0,22,4,18,0
DmDRA1,L1,8,5,3,0,22,15,7,0
TmY10,LTe26,8,4,4,0,22,11,11,0
Dm16,Tm1,10,6,4,0,22,13,9,0
Tm8b,LC10d,10,5,5,0,22,12,10,0
Tm4,MTe08,8,1,7,0,22,2,20,0
TmY14,Pm13,10,5,5,0,22,11,11,0
TmY20,LC10f,8,6,2,0,22,18,4,0
Sm26,MeTu3c,10,5,5,0,22,12,10,0
Sm32,Tm21,10,8,2,0,22,16,6,0
Sm08,TmY10,6,3,3,0,22,8,14,0
Li11,TmY5a,11,6,5,0,22,12,10,0
Li03,LC14a2,10,6,4,0,22,13,9,0
LMa2,PDt,10,6,4,0,22,14,8,0
Dm16,PDt,10,2,8,0,22,5,17,0
Tm16,LC44,8,2,6,0,22,6,16,0
Tm36,Tm34,11,3,8,0,22,6,16,0
LMt1,Tm5f,11,4,7,0,22,8,14,0
Y4,LMt2,10,6,4,0,22,14,8,0
Tm31,LTe47,9,4,5,0,22,10,12,0
Sm31,Mi4,9,0,9,0,22,0,22,0
Y3,OA-ASM1,8,5,3,0,22,14,8,0
Tm20,LTe25,5,4,1,0,22,20,2,0
Li02,LC21,9,6,3,0,22,14,8,0
Li18,LC26,8,5,3,0,22,15,7,0
L3,Tm8a,9,7,2,0,22,15,7,0
LPi15,T4d,9,4,5,0,22,9,13,0
LPi15,VS2,2,1,1,0,22,19,3,0
LPi15,LPi13,2,1,1,0,22,14,8,0
Mi4,Dm8a,9,5,4,0,22,12,10,0
Li08,Li17,7,3,4,0,22,14,8,0
Tm16,MLt1,10,5,5,0,22,10,12,0
Tm5d,Sm20,10,6,4,0,22,14,8,0
Mi2,C2,7,3,4,0,22,9,13,0
TmY20,Tm4,10,5,5,0,22,11,11,0
Tm16,MLt2,10,9,1,0,22,20,2,0
Pm14,Sm03,10,7,3,0,22,15,7,0
Pm14,Pm09,9,2,7,0,22,5,17,0
Pm14,OA-ASM1,8,5,3,0,22,14,8,0
Li01,LC13,9,4,5,0,22,10,12,0
T4b,TmY11,8,5,3,0,22,16,6,0
TmY10,Dm10,9,3,6,0,22,9,13,0
Li05,LTe08,8,5,3,0,22,15,7,0
Li03,Li12,5,2,3,0,22,7,15,0
Pm10,Mi2,9,3,6,0,22,6,16,0
Tm5b,LC29,7,6,1,0,22,19,3,0
Tm5b,TmY3,7,6,1,0,22,20,2,0
Dm3v,Mi4,10,6,4,0,22,14,8,0
Sm23,MTe02,7,5,2,0,22,18,4,0
MLt8,LT69,7,6,1,0,22,20,2,0
Sm15,Sm10,9,6,3,0,22,15,7,0
LLPt,LTe74,7,4,3,0,22,12,10,0
Li31,Li03,8,5,3,0,22,15,7,0
Li31,LMa5,10,6,4,0,22,13,9,0
TmY11,Li27,9,5,4,0,22,11,11,0
LPi02,T5b,11,9,2,0,22,18,4,0
Sm30,MTe04,9,5,4,0,22,11,11,0
LMt1,MLt4,10,7,3,0,22,16,6,0
Sm16,Tm35,4,1,3,0,22,2,20,0
LMa3,DNp11,4,2,2,0,22,11,11,0
Sm06,Sm04,9,5,4,0,22,11,11,0
MLt7,LTe36,7,4,3,0,22,11,11,0
Tm9,LMa5,10,8,2,0,22,18,4,0
TmY9q⊥,Tm8b,7,2,5,0,22,11,11,0
LMa1,Tm31,8,5,3,0,22,16,6,0
Mi4,Sm12,7,2,5,0,22,12,10,0
TmY15,C3,10,4,6,0,22,8,14,0
LMa2,Tm20,11,3,8,0,22,6,16,0
TmY14,Li15,11,8,3,0,22,16,6,0
Li27,LC31c,4,2,2,0,22,9,13,0
L5,Dm8a,8,6,2,0,22,17,5,0
Li09,LC20a,9,8,1,0,22,20,2,0
Tm31,Sm01,11,8,3,0,22,16,6,0
Li09,LTe42a,7,5,2,0,22,16,6,0
LMa1,LT87,5,3,2,0,22,13,9,0
Li14,Li26,11,8,3,0,22,16,6,0
LMa4,Mi13,9,6,3,0,22,14,8,0
TmY31,LTe21,7,4,3,0,22,12,10,0
Li33,LMt2,10,7,3,0,22,16,6,0
Li33,LT82a,5,3,2,0,22,13,9,0
Tm8a,Dm2,8,5,3,0,22,16,6,0
Sm36,MTe01a,8,5,3,0,22,14,8,0
Mi14,TmY16,10,7,3,0,22,16,6,0
Sm35,Tm5b,10,6,4,0,22,12,10,0
Sm35,Dm2,9,6,3,0,22,14,8,0
LMa2,T5b,8,1,7,0,22,2,20,0
Li32,Tm25,7,3,4,0,22,7,15,0
Li32,LTe64,5,2,3,0,22,13,9,0
Li32,Li12,7,2,5,0,22,4,18,0
Tm5f,TmY15,7,4,3,0,22,14,8,0
LPi04,Tm27,9,8,1,0,22,19,3,0
LPi05,vCal1,5,3,2,0,22,10,12,0
LMa2,LC20a,8,6,2,0,22,17,5,0
Pm10,PDt,8,5,3,0,22,16,6,0
TmY15,LPT50,9,8,1,0,22,20,2,0
Li24,LT78,7,3,4,0,22,8,14,0
Li24,Li21,7,6,1,0,22,16,6,0
Pm02,LMa1,11,6,5,0,22,12,10,0
Am1,LPT27,2,1,1,0,22,5,17,0
TmY11,LC9,9,5,4,0,22,13,9,0
LMa4,Li25,6,4,2,0,22,16,6,0
MLt4,Li08,10,9,1,0,22,19,3,0
TmY9q,LT58,6,4,2,0,22,15,7,0
Tm5d,LTe15,8,6,2,0,22,16,6,0
LMa1,cM07,9,8,1,0,22,20,2,0
Dm8a,Sm22,8,4,4,0,22,10,12,0
LPi11,VS2,7,6,1,0,22,18,4,0
Li30,Li12,9,3,6,0,22,7,15,0
Li30,LTe24,2,1,1,0,22,7,15,0
Li30,LTe48,2,1,1,0,22,15,7,0
Li30,Tm36,9,5,4,0,22,14,8,0
Sm37,TmY10,9,6,3,0,22,14,8,0
Y1,LT51,7,5,2,0,22,18,4,0
Sm36,Sm06,9,1,8,0,22,2,20,0
Sm32,Sm21,6,1,5,0,22,2,20,0
LPi13,VS2,2,1,1,0,22,13,9,0
LPi13,Am1,2,1,1,0,22,12,10,0
Tm36,MTe34,9,8,1,0,22,20,2,0
Li23,Li04,7,5,2,0,22,15,7,0
Pm10,MTe53,9,6,3,0,22,15,7,0
Mi1,MTe11,7,6,1,0,22,20,2,0
Sm31,Dm11,4,0,4,0,22,0,22,0
MeMe_e01,MTe29,2,1,1,0,22,10,12,0
LC21,LTe12,10,6,4,0,22,14,8,0
LC24,LT77,9,5,4,0,22,12,10,0
LC24,Tm31,10,4,6,0,22,9,13,0
MTe45,aMe17a2,2,1,1,0,22,5,17,0
MTe45,MTe28,2,1,1,0,22,13,9,0
LC40,Li30,10,3,7,0,22,6,16,0
LC40,MLt6,9,5,4,0,22,13,9,0
MTe01b,MeMe_e09,10,7,3,0,22,14,8,0
LC14b,TmY14,8,3,5,0,22,11,11,0
MTe03,MTe51,7,0,7,0,22,0,22,0
MeLp1,TmY3,10,6,4,0,22,14,8,0
LC14b,LT84,7,6,1,0,22,20,2,0
LPC1,LLPC3,11,8,3,0,22,16,6,0
LC11,Tm5f,9,3,6,0,22,7,15,0
LT11,LC31a,7,3,4,0,22,10,12,0
cLPL01,Tlp4,8,5,3,0,22,15,7,0
cL22a,LT81,5,3,2,0,22,12,10,0
MTe21,aMe17b,3,2,1,0,22,16,6,0
MeMe_e01,MLt8,7,3,4,0,22,8,14,0
LC14a1,Li10,8,7,1,0,22,20,2,0
MTe07,Dm8b,10,3,7,0,22,7,15,0
LTe15,LC20a,7,5,2,0,22,15,7,0
LPC1,Tm36,10,5,5,0,22,11,11,0
LT60,LT82a,5,3,2,0,22,11,11,0
aMe12,CB0802,2,0,2,0,22,0,22,0
aMe12,APDN3,4,2,2,0,22,7,15,0
MTe52,Sm42,8,6,2,0,22,18,4,0
MeTu4a,LTe51,6,1,5,0,22,2,20,0
MeTu1,TmY5a,9,6,3,0,22,15,7,0
LPC2,LPT52,7,4,3,0,22,10,12,0
LT78,Li02,8,6,2,0,22,17,5,0
LC20b,LT59,1,0,1,0,22,0,22,0
LC20b,Li28,9,4,5,0,22,10,12,0
LC21,LT1d,9,3,6,0,22,9,13,0
cLP01,TmY10,10,7,3,0,22,16,6,0
cLP01,Li14,6,3,3,0,22,16,6,0
MTe50,Tm37,9,4,5,0,22,12,10,0
LC25,Tm25,11,4,7,0,22,8,14,0
LC14a1,LC20a,8,5,3,0,22,14,8,0
cL14,Li18,7,3,4,0,22,11,11,0
LT52,TmY10,10,5,5,0,22,11,11,0
LT52,MLt4,7,2,5,0,22,5,17,0
LC14a2,LCe02,5,3,2,0,22,12,10,0
LC14a2,TmY4,8,5,3,0,22,15,7,0
cM19,Sm42,8,4,4,0,22,13,9,0
aMe17b,Li06,9,4,5,0,22,9,13,0
MTe14,MTe47,7,4,3,0,22,14,8,0
cM18,Mi1,10,4,6,0,22,8,14,0
LLPC3,LC22,10,4,6,0,22,9,13,0
H1,H2,4,2,2,0,22,15,7,0
H1,LPT22,4,2,2,0,22,11,11,0
LPLC4,TmY16,10,5,5,0,22,11,11,0
LC14b,LC14b,9,0,0,9,22,0,0,22
MTe07,MeMe_e03,5,0,2,3,22,0,11,11
cM08c,LTe13,3,1,2,0,22,12,10,0
aMe26,MeTu4c,7,0,7,0,22,0,22,0
LC14a1,LC14a2,6,0,0,6,22,0,0,22
LC34,LC36,6,3,3,0,22,10,12,0
MTe15,LT68,4,2,2,0,22,10,12,0
LPT45_dCal1,LPi07,9,6,3,0,22,15,7,0
LC36,cL20,2,1,1,0,22,11,11,0
MTe53,aMe4,4,1,3,0,22,5,17,0
LPT23,Tm5f,10,3,7,0,22,6,16,0
LC22,LC28a,10,5,5,0,22,11,11,0
LC10c,LC10f,4,0,4,0,22,0,22,0
LC10b,Tm5e,9,5,4,0,22,13,9,0
cL08,DNp11,2,1,1,0,22,8,14,0
LPLC1,Tm5a,4,0,4,0,22,0,22,0
MeTu1,MeMe_e05,9,4,5,0,22,10,12,0
LLPC3,LT51,8,5,3,0,22,14,8,0
LC37a,LTe33,6,2,4,0,22,7,15,0
MTe25,Sm27,8,5,3,0,22,16,6,0
MeTu4c,MTe37,8,6,2,0,22,15,7,0
cL10,s-LNva,2,1,1,0,22,15,7,0
LPT30,LPT47_vCal2,2,1,1,0,22,14,8,0
MTe05,LT53,6,4,2,0,22,17,5,0
cM02b,MLt5,7,4,3,0,22,11,11,0
aMe1,l-LNv,8,4,4,0,22,10,12,0
MeLp2,Tlp14,7,4,3,0,22,15,7,0
MTe54,MeMe_e08,6,0,6,0,22,0,22,0
cL02b,Li29,3,1,2,0,22,3,19,0
LLPC2,LTe52,7,2,5,0,22,7,15,0
cL20,LLPC3,7,4,3,0,22,10,12,0
cL20,Li33,2,1,1,0,22,6,16,0
5-HTPMPV03,Dm10,10,6,4,0,22,13,9,0
cM08a,Y3,9,5,4,0,22,10,12,0
MeMe_e09,MeTu1,10,5,5,0,22,11,11,0
LLPC3,LPi09,9,4,5,0,22,8,14,0
LC10b,LC10e,9,3,6,0,22,8,14,0
LC35,TmY9q⊥,10,7,3,0,22,16,6,0
cL18,TmY31,4,0,4,0,22,0,22,0
MeTu1,Tm5c,8,1,7,0,22,2,20,0
LC24,LTe76,7,4,3,0,22,12,10,0
LPLC4,Li21,9,4,5,0,22,11,11,0
LPT50,Y12,8,4,4,0,22,14,8,0
LPT50,LPi07,9,4,5,0,22,10,12,0
LT52,LTe52,6,3,3,0,22,15,7,0
LCe03,LC10b,10,6,4,0,22,12,10,0
HBeyelet,aMe3,1,0,1,0,22,0,22,0
CB0802,CB0802,2,0,0,2,22,0,0,22
mALD1,LTe73,2,1,1,0,22,12,10,0
mALD1,Tm37,6,5,1,0,22,20,2,0
MeTu4a,MTe36,7,3,4,0,22,12,10,0
LT63,LTe36,4,2,2,0,22,12,10,0
LT63,LC20b,3,1,2,0,22,2,20,0
LC31a,DNp11,8,5,3,0,22,15,7,0
MTe02,Tm35,9,6,3,0,22,15,7,0
LTe54,LTe54,3,2,1,0,22,17,5,0
LT38,LC10e,6,2,4,0,22,8,14,0
aMe1,MLt3,7,3,4,0,22,7,15,0
LTe20,LT66,2,1,1,0,22,4,18,0
LC37a,LC13,10,5,5,0,22,11,11,0
LT64,LTe58,4,2,2,0,22,18,4,0
LT64,LT86,5,3,2,0,22,16,6,0
LC20b,LT52,9,5,4,0,22,14,8,0
LC18,T3,8,2,6,0,22,4,18,0
LPLC1,Tm27,10,5,5,0,22,12,10,0
mALD2,LC40,5,2,3,0,22,12,10,0
mALD2,cL19,2,1,1,0,22,14,8,0
MeMe_e05,Sm07,10,6,4,0,22,12,10,0
MTe09,Sm14,9,4,5,0,22,9,13,0
cLM01,Li12,8,5,3,0,22,13,9,0
cLM01,Li30,2,1,1,0,22,12,10,0
LC16,LTe14,2,0,2,0,22,0,22,0
LT68,Li33,4,2,2,0,22,12,10,0
LTe64,LLPt,9,5,4,0,22,14,8,0
LTe50,5-HTPMPV01,3,1,1,1,22,5,12,5
cL01,LT69,7,3,4,0,22,9,13,0
LPC1,TmY4,8,2,6,0,22,4,18,0
MTe05,Tm5e,10,4,6,0,22,9,13,0
MeMe_e08,LT39,3,2,1,0,22,11,11,0
LLPC1,LPi10,10,5,5,0,22,11,11,0
MTe47,Pm14,4,3,1,0,22,19,3,0
LC20b,LMa2,5,2,3,0,22,4,18,0
cM03,Sm14,8,1,7,0,22,2,20,0
cML02,Pm07,6,3,3,0,22,11,11,0
LPT26,LPi06,5,4,1,0,22,20,2,0
MTe01b,Tm8b,5,1,4,0,22,3,19,0
aMe19b,Sm29,5,3,2,0,22,14,8,0
aMe19b,MeMe_e07,5,0,0,5,22,0,0,22
aMe19b,aMe19a,2,0,0,2,22,0,0,22
LT40,LT53,8,4,4,0,22,12,10,0
LT40,LT82a,5,2,3,0,22,5,17,0
MeMe_e04,cM14,3,1,2,0,22,7,15,0
MeMe_e04,MeTu4d,7,3,4,0,22,13,9,0
aMe17a2,OA-AL2i3,4,2,2,0,22,8,14,0
aMe17a2,Dm3p,10,2,8,0,22,5,17,0
aMe17a2,Dm8a,9,3,6,0,22,8,14,0
aMe17a2,Tm31,8,4,4,0,22,8,14,0
LPLC4,LC15,6,1,5,0,22,2,20,0
mALC3,Tm27,11,1,10,0,22,2,20,0
LC24,cM10,8,7,1,0,22,20,2,0
mALC5,LPi08,7,3,4,0,22,11,11,0
cM13,C2,9,7,2,0,22,18,4,0
LTe38c,PLP155,3,1,2,0,22,9,13,0
MeMe_e07,TmY10,9,3,6,0,22,8,14,0
MTe52,MTe52,10,5,5,0,22,12,10,0
LT56,Li15,9,3,6,0,22,7,15,0
LT56,Tm21,8,4,4,0,22,14,8,0
LT56,LPT45_dCal1,2,1,1,0,22,20,2,0
LCe01a,LC22,9,7,2,0,22,18,4,0
PLP051,PLP032,2,0,0,2,22,0,0,22
LTe58,cL04,4,3,1,0,22,17,5,0
LC9,Li20,10,6,4,0,22,14,8,0
LAL047,PLP217,1,0,1,0,22,0,22,0
OA-AL2b2,Tm21,8,4,4,0,22,9,13,0
OA-AL2b2,Dm14,9,8,1,0,22,20,2,0
MTe01a,MTe04,10,7,3,0,22,16,6,0
MTe47,LPLC4,7,5,2,0,22,14,8,0
LT65,LC10f,4,2,2,0,22,7,15,0
MC65,MTe09,8,4,4,0,22,10,12,0
LT61b,LPLC4,8,3,5,0,22,9,13,0
LT61b,Li19,4,2,2,0,22,7,15,0
LC16,Li18,7,3,4,0,22,6,16,0
CB0592,MTe39,2,1,1,0,22,9,13,0
CB0592,LLPC1,10,6,4,0,22,14,8,0
CB0592,MLt7,8,5,3,0,22,15,7,0
CB0592,LMa1,9,5,4,0,22,12,10,0
LC22,LTe66,8,5,3,0,22,13,9,0
MeTu4b,Li12,9,3,6,0,22,6,16,0
LC10d,LC14a1,8,4,4,0,22,10,12,0
cL06,cLLP02,4,2,2,0,22,15,7,0
LT53,LT64,7,5,2,0,22,15,7,0
LPLC4,Li17,5,4,1,0,22,19,3,0
CB0566,Sm05,10,7,3,0,22,15,7,0
CB0566,Sm31,4,2,2,0,22,4,18,0
CB0566,Dm2,9,4,5,0,22,8,14,0
CB0566,Sm08,10,5,5,0,22,12,10,0
LPT29,LT52,5,2,3,0,22,4,18,0
VCH,T5d,11,7,4,0,22,14,8,0
cL22b,Li33,2,1,1,0,22,19,3,0
cL22b,LT59,2,1,1,0,22,13,9,0
cM14,Tm5b,6,4,2,0,22,17,5,0
cLP04,TmY16,8,4,4,0,22,13,9,0
LC28a,LMa2,9,6,3,0,22,14,8,0
VST2,Y12,10,6,4,0,22,14,8,0
LT51,LTe42b,1,0,1,0,22,0,22,0
MTe22,Sm02,9,4,5,0,22,12,10,0
LC35,Li21,8,5,3,0,22,16,6,0
aMe4,Tm3,9,7,2,0,22,16,6,0
CB3238,LC36,6,3,3,0,22,16,6,0
CB3238,cL11,2,1,1,0,22,13,9,0
LTe02,LTe02,2,1,1,0,22,12,10,0
LTe66,cL11,3,1,0,2,22,11,0,11
cL11,Tm5e,10,5,5,0,22,10,12,0
cL11,LT59,2,1,1,0,22,10,12,0
DCH,Tm2,10,8,2,0,22,18,4,0
DCH,LPi09,9,8,1,0,22,20,2,0
OA-AL2i1,MTe08,7,2,5,0,22,4,18,0
OA-AL2i1,Tm1,9,3,6,0,22,6,16,0
OA-AL2i1,MTe42,2,1,1,0,22,10,12,0
cM15,T3,8,5,3,0,22,15,7,0
cM15,T1,3,0,3,0,22,0,22,0
cM15,MTe51,5,3,2,0,22,7,15,0
LT64,LC14a2,6,3,3,0,22,10,12,0
OA-AL2i4,MeTu3c,10,5,5,0,22,12,10,0
LPT27,VS2,2,1,1,0,22,6,16,0
aMe3,DNpe053,2,1,1,0,22,14,8,0
LTe23,PLP069,1,0,1,0,22,0,22,0
LT52,LTe49f,4,3,1,0,22,17,5,0
cM05,MTe42,2,1,1,0,22,6,16,0
cM05,Dm16,10,6,4,0,22,12,10,0
LPT57,LPC2,8,6,2,0,22,18,4,0
H2,LPC2,9,7,2,0,22,17,5,0
LTe43,LTe45,5,2,3,0,22,14,8,0
MTe35,Tm25,11,3,8,0,22,6,16,0
LT36,Li03,9,4,5,0,22,9,13,0
MTe28,Sm15,6,2,4,0,22,9,13,0
cL04,LTe38c,6,4,2,0,22,11,11,0
cL04,cLLP02,7,3,4,0,22,10,12,0
LT58,LC25,8,2,6,0,22,5,17,0
LT58,LC20b,7,5,2,0,22,15,7,0
LT58,Li27,3,2,1,0,22,17,5,0
Nod5,Tlp4,10,7,3,0,22,16,6,0
Nod5,LPC1,9,6,3,0,22,14,8,0
VS8,LPi14,4,2,2,0,22,16,6,0
LC36,Tm16,8,5,3,0,22,15,7,0
cML01,LC14a1,9,4,5,0,22,10,12,0
cML01,MTe52,8,4,4,0,22,9,13,0
cL02a,Li05,8,7,1,0,22,19,3,0
cL01,LTe16,5,4,1,0,22,19,3,0
cL05,LC24,6,1,5,0,22,9,13,0
MTe26,MeTu4c,9,4,5,0,22,8,14,0
cL02c,Li21,4,2,2,0,22,7,15,0
cMLLP01,AVLP151,2,1,1,0,22,14,8,0
cMLLP01,Li33,2,1,1,0,22,14,8,0
cL13,LTe24,1,0,1,0,22,0,22,0
aMe17a1,aMe9,4,2,2,0,22,10,12,0
cL22c,PLP241,2,0,2,0,22,0,22,0
cL15,LT57,5,1,4,0,22,2,20,0
cL15,LTe52,2,1,1,0,22,11,11,0
LTe25,Li06,8,2,6,0,22,4,18,0
mALB5,cM08c,2,0,2,0,22,0,22,0
LTe59,Li10,7,6,1,0,22,19,3,0
LC28a,Tm7,8,7,1,0,22,20,2,0
VS6,T5d,10,9,1,0,22,20,2,0
LT41,LTe08,2,1,1,0,22,13,9,0
LT41,LT1d,2,1,1,0,22,6,16,0
T2a,Dm9,10,10,0,0,22,22,0,0
Mi13,TmY14,4,4,0,0,22,22,0,0
Tlp4,LPT28,8,8,0,0,22,22,0,0
Sm34,aMe19b,4,4,0,0,22,22,0,0
Tlp14,cMLLP02,8,8,0,0,22,22,0,0
Tm5f,AVLP534,7,7,0,0,22,22,0,0
Tm8a,LPT04_HST,9,9,0,0,22,22,0,0
TmY11,Sm21,7,7,0,0,22,22,0,0
Sm38,MeTu3a,7,7,0,0,22,22,0,0
MTe39,CB0143,1,1,0,0,22,22,0,0
LPT51,PLP252,1,1,0,0,22,22,0,0
cM08c,CB0566,3,3,0,0,22,22,0,0
LC21,LTe59,7,7,0,0,22,22,0,0
LTe08,Tm5a,5,5,0,0,22,22,0,0
MTe50,mALD1,3,3,0,0,22,22,0,0
VS1,LPT58,1,0,0,1,22,0,0,22
LC45,LC29,4,4,0,0,22,22,0,0
LC45,LC20a,6,6,0,0,22,22,0,0
MeTu4c,cL21,4,4,0,0,22,22,0,0
aMe17a2,Sm23,7,7,0,0,22,22,0,0
Li17,LC10a,10,6,4,0,21,13,8,0
LPi09,TmY11,6,0,6,0,21,0,21,0
Tm21,Li01,10,4,6,0,21,8,13,0
L5,Sm08,8,3,5,0,21,7,14,0
Tm25,Li31,8,3,5,0,21,7,14,0
TmY9q,LMt3,9,2,7,0,21,5,16,0
T5c,LPTe01,10,7,3,0,21,15,6,0
Tm5e,LT61b,9,5,4,0,21,13,8,0
Tlp4,Nod1,9,5,4,0,21,11,10,0
Tm21,TmY14,9,2,7,0,21,5,16,0
Tm2,Pm06,10,3,7,0,21,6,15,0
Tm31,MTe47,10,3,7,0,21,6,15,0
TmY11,LT74,9,4,5,0,21,11,10,0
LPi06,LPLC2,9,3,6,0,21,6,15,0
Sm18,Sm25,10,5,5,0,21,11,10,0
Sm18,MeMe_e03,7,3,4,0,21,10,11,0
TmY11,LPi09,8,4,4,0,21,9,12,0
TmY11,aMe19b,9,6,3,0,21,13,8,0
T2a,Sm31,10,5,5,0,21,11,10,0
Y4,Pm02,9,4,5,0,21,8,13,0
C3,Li11,8,0,8,0,21,0,21,0
Y3,LTe47,5,0,5,0,21,0,21,0
T4d,LPi02,10,3,7,0,21,6,15,0
Mi1,Sm03,10,5,5,0,21,10,11,0
Tm5a,LC45,7,0,7,0,21,0,21,0
MLt5,Pm07,9,6,3,0,21,15,6,0
TmY9q,Li31,9,2,7,0,21,5,16,0
Tm7,LTe28,8,3,5,0,21,8,13,0
Tlp14,Li21,8,5,3,0,21,12,9,0
Tm27,L5,3,0,3,0,21,0,21,0
Tm5e,Mi13,9,3,6,0,21,7,14,0
Li08,LC16,7,2,5,0,21,4,17,0
Tm20,MeMe_e08,10,6,4,0,21,13,8,0
Sm03,Sm31,8,5,3,0,21,15,6,0
Sm30,Sm38,9,6,3,0,21,13,8,0
Mi9,MTe42,9,7,2,0,21,16,5,0
Tm35,cL16,9,8,1,0,21,19,2,0
Pm08,MTe54,10,2,8,0,21,5,16,0
Li12,LT11,8,3,5,0,21,6,15,0
Sm40,Sm25,8,3,5,0,21,7,14,0
Tm4,LT52,9,5,4,0,21,12,9,0
LLPt,H1,7,4,3,0,21,11,10,0
Y3,T5a,10,4,6,0,21,8,13,0
Dm3p,Tm5b,9,7,2,0,21,17,4,0
TmY20,LT62,9,3,6,0,21,8,13,0
TmY4,Tm5b,9,5,4,0,21,13,8,0
Tm3,Sm42,7,3,4,0,21,7,14,0
T3,MTe52,8,2,6,0,21,4,17,0
Sm32,Dm1,9,6,3,0,21,14,7,0
Li17,Tm20,10,4,6,0,21,9,12,0
Dm8a,Tm20,7,4,3,0,21,8,13,0
Li21,LC14a1,9,4,5,0,21,11,10,0
Tm5c,LTe12,10,5,5,0,21,11,10,0
LMt2,Li10,9,7,2,0,21,17,4,0
Mi10,Tm21,10,4,6,0,21,8,13,0
MLt5,MeMe_e06,7,3,4,0,21,10,11,0
TmY10,MTe37,8,4,4,0,21,11,10,0
TmY10,MLt4,10,4,6,0,21,8,13,0
T4d,LPi10,9,0,9,0,21,0,21,0
LPi02,Nod2,9,2,7,0,21,6,15,0
MLt2,Sm09,9,4,5,0,21,10,11,0
Y4,MTe13,10,5,5,0,21,10,11,0
Sm08,Sm19,9,4,5,0,21,9,12,0
Tm36,aMe5,9,5,4,0,21,13,8,0
Tm7,MTe30,9,4,5,0,21,11,10,0
MLt3,Tlp14,9,3,6,0,21,9,12,0
T5d,Tm2,10,4,6,0,21,8,13,0
TmY31,MTe14,9,3,6,0,21,6,15,0
T2a,MTe52,10,5,5,0,21,10,11,0
TmY20,LTe30,9,2,7,0,21,4,17,0
Tlp5,T4c,10,6,4,0,21,12,9,0
TmY11,Tlp1,9,5,4,0,21,11,10,0
Tm20,Pm02,8,2,6,0,21,4,17,0
Y1,H2,9,3,6,0,21,6,15,0
Li04,LT47,8,3,5,0,21,6,15,0
Li07,Li28,6,4,2,0,21,13,8,0
Tm8b,LC10f,6,3,3,0,21,9,12,0
Li10,MLt6,8,2,6,0,21,4,17,0
Sm02,Mi10,8,3,5,0,21,6,15,0
LMt1,Pm07,9,2,7,0,21,5,16,0
Li20,LT80,3,2,1,0,21,6,15,0
TmY9q⊥,Tm27,9,6,3,0,21,13,8,0
Tlp4,Li10,9,5,4,0,21,12,9,0
TmY5a,aMe5,8,1,7,0,21,2,19,0
Dm11,Tm27,10,5,5,0,21,10,11,0
Pm02,TmY16,10,7,3,0,21,15,6,0
Pm01,LT79,1,0,1,0,21,0,21,0
Dm4,Mi2,7,2,5,0,21,4,17,0
LMt4,Tm4,9,5,4,0,21,13,8,0
LMa5,TmY3,8,4,4,0,21,10,11,0
Y3,cLPL01,8,3,5,0,21,7,14,0
Tm35,LLPt,10,7,3,0,21,15,6,0
T2,Am1,8,3,5,0,21,9,12,0
Tm21,MTe27,10,5,5,0,21,11,10,0
Tm8a,aMe5,7,0,7,0,21,0,21,0
Tm8a,cL05,6,3,3,0,21,6,15,0
Tm16,Li32,10,4,6,0,21,8,13,0
Tm8a,cL22a,9,3,6,0,21,7,14,0
Li02,LC36,10,5,5,0,21,10,11,0
Sm07,MTe22,10,6,4,0,21,12,9,0
Li12,LT65,7,4,3,0,21,13,8,0
Sm41,Sm39,2,1,1,0,21,13,8,0
Sm41,MLt7,8,4,4,0,21,10,11,0
Li05,LPLC1,8,6,2,0,21,17,4,0
TmY10,Sm14,10,5,5,0,21,11,10,0
Dm15,Tm20,9,4,5,0,21,8,13,0
TmY11,LT63,5,0,5,0,21,0,21,0
TmY5a,LPi10,10,1,9,0,21,2,19,0
LPi08,cLP02,9,7,2,0,21,17,4,0
Tm20,Dm12,10,5,5,0,21,10,11,0
Mi4,Pm11,10,5,5,0,21,11,10,0
TmY9q⊥,T2a,9,2,7,0,21,4,17,0
LPi08,LPT22,6,3,3,0,21,14,7,0
LPi08,LPi02,9,3,6,0,21,8,13,0
Mi10,TmY4,6,4,2,0,21,16,5,0
TmY16,Tm2,8,3,5,0,21,7,14,0
TmY9q,Y12,10,3,7,0,21,6,15,0
TmY31,LT67,9,2,7,0,21,5,16,0
MLt1,Tm8a,8,3,5,0,21,8,13,0
Dm2,MLt2,7,3,4,0,21,12,9,0
Tm21,L2,6,3,3,0,21,9,12,0
TmY4,Tm32,10,0,10,0,21,0,21,0
MLt1,Y4,7,3,4,0,21,6,15,0
MLt3,Li02,8,3,5,0,21,9,12,0
LMa3,LT80,8,4,4,0,21,12,9,0
Y4,LPT54,9,3,6,0,21,6,15,0
TmY11,Mi13,7,3,4,0,21,11,10,0
Mi15,Tm27,9,2,7,0,21,5,16,0
Li10,MLt3,9,4,5,0,21,8,13,0
Li10,LT62,10,6,4,0,21,13,8,0
Tm5c,Sm20,8,4,4,0,21,8,13,0
Y3,OA-AL2i1,10,3,7,0,21,6,15,0
Tm37,Li31,9,5,4,0,21,13,8,0
Tm3,MTe03,9,6,3,0,21,14,7,0
LPi14,LPT52,4,2,2,0,21,11,10,0
LPi14,LPi01,8,3,5,0,21,8,13,0
LPi14,LPT47_vCal2,4,2,2,0,21,11,10,0
Sm30,Dm4,7,4,3,0,21,14,7,0
Li10,LTe18,6,1,5,0,21,5,16,0
Tm8b,LTe48,5,1,4,0,21,3,18,0
TmY5a,MTe18,8,4,4,0,21,9,12,0
T4a,LLPC2,7,4,3,0,21,14,7,0
Tm35,LC21,8,3,5,0,21,7,14,0
Tm33,LTe26,8,5,3,0,21,11,10,0
Y11,Li17,8,6,2,0,21,14,7,0
Mi2,Sm11,10,7,3,0,21,14,7,0
Tm5b,LC22,8,2,6,0,21,7,14,0
Tm7,Sm19,9,1,8,0,21,2,19,0
Li10,LCe01b,9,3,6,0,21,8,13,0
LMa4,DNp11,9,6,3,0,21,15,6,0
Li21,Tm5e,10,5,5,0,21,10,11,0
Tm5d,LTe47,9,5,4,0,21,11,10,0
Mi2,Dm20,9,6,3,0,21,12,9,0
Y12,LPi10,7,4,3,0,21,9,12,0
TmY9q,DCH,7,6,1,0,21,19,2,0
Tm27,Sm06,9,5,4,0,21,12,9,0
Li10,LC44,8,5,3,0,21,10,11,0
Li06,LT60,7,4,3,0,21,14,7,0
Li06,LC22,9,6,3,0,21,12,9,0
Tm8a,LC46,10,5,5,0,21,11,10,0
Sm21,C2,10,8,2,0,21,17,4,0
Y3,Li23,6,2,4,0,21,4,17,0
LPi07,LPT22,7,2,5,0,21,4,17,0
Tm21,LC4,9,5,4,0,21,11,10,0
Y11,Tm34,8,6,2,0,21,16,5,0
T5d,LLPC2,7,1,6,0,21,2,19,0
Dm8a,Mi9,5,2,3,0,21,12,9,0
Mi1,LPi07,2,0,2,0,21,0,21,0
Sm26,Sm20,10,3,7,0,21,7,14,0
Sm26,MTe40,7,4,3,0,21,13,8,0
Li13,cL14,10,8,2,0,21,17,4,0
Tm37,LTe45,7,2,5,0,21,4,17,0
Sm26,Dm9,8,7,1,0,21,18,3,0
Li01,Tlp5,10,7,3,0,21,15,6,0
TmY9q,MTe08,9,7,2,0,21,15,6,0
Li03,LCe05,9,3,6,0,21,6,15,0
Li03,LTe47,7,3,4,0,21,7,14,0
Mi15,C2,10,5,5,0,21,11,10,0
LLPt,LC33a,9,7,2,0,21,16,5,0
Mi15,Sm32,10,4,6,0,21,8,13,0
Lawf1,TmY5a,8,3,5,0,21,10,11,0
LPi11,LPi15,4,1,3,0,21,2,19,0
Sm12,Tm5d,9,4,5,0,21,8,13,0
LMa4,LC15,10,5,5,0,21,11,10,0
Dm1,Dm17,10,6,4,0,21,13,8,0
TmY14,LPi11,10,7,3,0,21,14,7,0
L5,MeLp1,10,6,4,0,21,12,9,0
Tm36,TmY16,10,6,4,0,21,13,8,0
Tm2,Y4,8,1,7,0,21,3,18,0
Dm3v,Pm03,3,0,3,0,21,0,21,0
LPi15,Nod3,2,1,1,0,21,11,10,0
TmY9q⊥,Sm09,10,4,6,0,21,8,13,0
Tm16,Li26,8,3,5,0,21,7,14,0
Tm37,LC15,9,5,4,0,21,13,8,0
T2a,Li26,7,2,5,0,21,7,14,0
Y4,LPLC2,10,5,5,0,21,11,10,0
Sm14,Sm16,8,4,4,0,21,12,9,0
Mi15,MTe05,9,3,6,0,21,7,14,0
Sm03,MTe04,10,5,5,0,21,11,10,0
Lawf2,Pm03,9,4,5,0,21,8,13,0
Y4,LC13,8,3,5,0,21,7,14,0
Lawf2,Y3,10,6,4,0,21,13,8,0
Tm25,LLPC4,9,4,5,0,21,11,10,0
MLt3,Y12,8,2,6,0,21,4,17,0
TmY10,MTe54,9,6,3,0,21,13,8,0
Tm32,Li02,8,4,4,0,21,8,13,0
Lawf2,TmY5a,9,3,6,0,21,6,15,0
Lawf2,Tm3,7,3,4,0,21,6,15,0
Li28,Tm4,9,5,4,0,21,13,8,0
Li28,LMt1,10,8,2,0,21,16,5,0
MLt1,Tm37,10,3,7,0,21,6,15,0
Tm35,Pm14,9,5,4,0,21,11,10,0
TmY5a,cL10,7,1,6,0,21,3,18,0
Pm14,Pm12,6,2,4,0,21,6,15,0
Sm19,DmDRA2,7,6,1,0,21,19,2,0
LMt2,Tm27,10,3,7,0,21,6,15,0
Dm12,Dm3v,10,5,5,0,21,10,11,0
Li04,LT51,9,5,4,0,21,11,10,0
MLt8,LTe73,4,1,3,0,21,2,19,0
Mi14,Tm20,8,4,4,0,21,12,9,0
Tm20,Sm41,3,1,2,0,21,9,12,0
Mi4,Sm08,5,3,2,0,21,14,7,0
Tlp14,TmY9q⊥,7,4,3,0,21,11,10,0
Li31,LTe40,2,1,1,0,21,11,10,0
TmY31,Pm09,5,3,2,0,21,7,14,0
TmY9q⊥,LC6,7,2,5,0,21,7,14,0
MLt2,Tm16,9,5,4,0,21,11,10,0
TmY9q⊥,LCe08,9,8,1,0,21,19,2,0
Tm5f,Li15,10,5,5,0,21,11,10,0
Tm5f,MTe51,7,3,4,0,21,9,12,0
LMa4,LC31b,9,5,4,0,21,11,10,0
MLt6,LT58,10,7,3,0,21,14,7,0
Sm02,MTe51,8,5,3,0,21,13,8,0
Li10,LTe25,6,5,1,0,21,19,2,0
Tm27,LT66,5,0,5,0,21,0,21,0
Sm42,Tm5d,10,4,6,0,21,8,13,0
Sm42,Dm10,6,3,3,0,21,15,6,0
Sm42,TmY9q⊥,7,5,2,0,21,17,4,0
LMa1,LTe65,7,3,4,0,21,11,10,0
TmY20,LTe66,8,2,6,0,21,6,15,0
Tm5c,LC20b,8,5,3,0,21,12,9,0
TmY31,T4d,10,6,4,0,21,13,8,0
Mi15,R8,10,5,5,0,21,10,11,0
Y4,LC10d,7,3,4,0,21,8,13,0
TmY14,T4b,10,3,7,0,21,6,15,0
L4,Tm5a,5,1,4,0,21,2,19,0
L1,TmY14,8,4,4,0,21,10,11,0
Li21,LC15,8,5,3,0,21,14,7,0
Li13,Tm8a,10,6,4,0,21,13,8,0
Li27,LPLC4,8,5,3,0,21,14,7,0
TmY5a,LMt4,9,8,1,0,21,19,2,0
Sm20,Sm20,10,3,7,0,21,7,14,0
T4c,T2a,10,5,5,0,21,10,11,0
LMt4,LMa1,8,5,3,0,21,13,8,0
Tm3,MTe39,10,7,3,0,21,14,7,0
Tm3,Li13,7,4,3,0,21,12,9,0
LMa3,LMt3,8,5,3,0,21,15,6,0
T1,Mi1,9,5,4,0,21,13,8,0
Dm17,TmY5a,9,6,3,0,21,14,7,0
TmY31,cLM01,9,4,5,0,21,11,10,0
Mi10,R8,5,3,2,0,21,10,11,0
Sm43,Sm10,9,7,2,0,21,16,5,0
Dm8a,MLt5,8,5,3,0,21,13,8,0
Li33,Tm8a,7,3,4,0,21,6,15,0
Sm12,MTe35,7,4,3,0,21,11,10,0
Tm31,LC22,10,8,2,0,21,17,4,0
TmY11,LPT49,9,8,1,0,21,19,2,0
TmY20,aMe20,10,7,3,0,21,15,6,0
Li03,LT64,6,4,2,0,21,13,8,0
Y1,Sm11,7,5,2,0,21,16,5,0
Li32,LTe42c,2,1,1,0,21,10,11,0
Li06,Tm25,9,7,2,0,21,17,4,0
MLt5,LC28a,9,5,4,0,21,12,9,0
TmY16,DCH,4,3,1,0,21,12,9,0
Am1,LMa3,9,4,5,0,21,9,12,0
Am1,TmY4,10,5,5,0,21,11,10,0
Tm1,Y11,6,5,1,0,21,19,2,0
Tm5e,Sm01,9,6,3,0,21,15,6,0
Li13,Tm20,8,4,4,0,21,11,10,0
Li06,Li10,9,6,3,0,21,15,6,0
T2a,T1,3,0,3,0,21,0,21,0
LPi02,LC31a,6,2,4,0,21,10,11,0
Dm1,Dm10,9,7,2,0,21,14,7,0
LMa4,Sm42,6,5,1,0,21,19,2,0
Li30,LC19,7,3,4,0,21,11,10,0
Li30,LTe46,2,1,1,0,21,13,8,0
TmY3,C2,8,7,1,0,21,19,2,0
LMt2,LC28a,10,9,1,0,21,19,2,0
Tm5e,L2,1,0,1,0,21,0,21,0
Dm1,Mi15,8,7,1,0,21,19,2,0
Li29,LC28a,10,7,3,0,21,15,6,0
Sm37,MTe51,7,4,3,0,21,11,10,0
LPi13,T5a,10,9,1,0,21,19,2,0
T2,T4c,7,6,1,0,21,19,2,0
Li23,LTe60,2,1,1,0,21,6,15,0
Li23,Li30,2,1,1,0,21,9,12,0
Li23,LC19,5,2,3,0,21,9,12,0
TmY9q⊥,LC40,8,6,2,0,21,17,4,0
Sm31,Tm8a,9,6,3,0,21,13,8,0
Li03,LMa1,7,6,1,0,21,18,3,0
LC9,LT62,9,6,3,0,21,15,6,0
LC28a,LC24,9,4,5,0,21,9,12,0
LPLC2,LCe07,8,2,6,0,21,5,16,0
MTe50,TmY11,10,2,8,0,21,5,16,0
LC10d,Li33,9,4,5,0,21,10,11,0
LT55,LTe27,2,1,1,0,21,10,11,0
MeTu4c,LT57,10,3,7,0,21,6,15,0
LC40,Tm35,9,5,4,0,21,11,10,0
LC14b,T4a,9,5,4,0,21,13,8,0
LC14b,Tm5c,5,4,1,0,21,18,3,0
LT66,AVLP151,3,1,2,0,21,5,16,0
cLPL01,LLPC3,8,4,4,0,21,13,8,0
LTe08,Li27,4,2,2,0,21,17,4,0
LTe08,LTe14,2,1,1,0,21,11,10,0
LPLC2,TmY20,10,6,4,0,21,13,8,0
LT34,LTe25,2,1,1,0,21,15,6,0
aMe4,Sm33,8,4,4,0,21,9,12,0
LC14a2,MLt4,8,6,2,0,21,15,6,0
LT60,cL21,2,0,2,0,21,0,21,0
LC14a2,LC22,6,4,2,0,21,11,10,0
LT43,LTe67,6,4,2,0,21,14,7,0
LC14b,LC25,4,3,1,0,21,18,3,0
LC45,LC28a,7,6,1,0,21,19,2,0
LTe03,LCe06,7,4,3,0,21,15,6,0
MTe52,T3,10,6,4,0,21,13,8,0
MTe01a,Sm29,9,6,3,0,21,13,8,0
LC20b,Tm5a,6,2,4,0,21,7,14,0
MeMe_e01,Sm30,10,6,4,0,21,13,8,0
LC21,Y4,9,5,4,0,21,13,8,0
LC14b,LC10b,8,4,4,0,21,11,10,0
LCe05,LC6,7,4,3,0,21,11,10,0
LC14a1,Li30,7,3,4,0,21,7,14,0
LT52,LC13,8,3,5,0,21,6,15,0
MTe09,Sm12,9,2,7,0,21,5,16,0
MeMe_e08,T3,8,1,7,0,21,2,19,0
cM01a,cM03,4,2,2,0,21,9,12,0
cM18,LPT54,2,1,1,0,21,10,11,0
aMe8,CB1791,3,2,1,0,21,13,8,0
MTe51,LTe30,4,1,3,0,21,5,16,0
LPLC2,TmY16,10,5,5,0,21,10,11,0
LT62,LC11,9,2,7,0,21,4,17,0
CB0816,Tm27,8,3,5,0,21,8,13,0
LPC1,Tlp5,7,4,3,0,21,14,7,0
MTe01b,cM12,4,1,2,1,21,6,10,5
aMe9,Sm07,10,6,4,0,21,13,8,0
aMe9,LTe71,4,2,2,0,21,10,11,0
cL03,Pm10,7,4,3,0,21,15,6,0
cL03,LPLC1,7,1,6,0,21,2,19,0
LT69,Li01,9,2,7,0,21,4,17,0
LC28a,TmY10,9,5,4,0,21,13,8,0
cL19,LC40,6,3,3,0,21,10,11,0
LPT45_dCal1,VST2,6,4,2,0,21,16,5,0
LCe01b,Tm31,9,7,2,0,21,17,4,0
LC9,Tm27,9,4,5,0,21,11,10,0
LTe47,LC28a,6,3,3,0,21,9,12,0
LPC2,cLP03,3,2,1,0,21,14,7,0
LPC2,Tm5f,8,5,3,0,21,13,8,0
OA-AL2b1,LT51,7,3,4,0,21,9,12,0
LC10b,PLP241,6,0,6,0,21,0,21,0
cL08,Li05,10,4,6,0,21,8,13,0
LC37a,LTe04,5,2,3,0,21,9,12,0
CB0816,Tm3,6,5,1,0,21,19,2,0
LT70,LT65,7,4,3,0,21,13,8,0
LT70,LTe11,5,2,3,0,21,7,14,0
LCe01a,LTe76,8,5,3,0,21,13,8,0
cL10,Li10,8,3,5,0,21,10,11,0
cL10,LTe22,2,1,1,0,21,9,12,0
cL10,MTe06,3,1,2,0,21,6,15,0
LC9,LTe36,7,2,5,0,21,6,15,0
cM17,Pm05,8,2,6,0,21,7,14,0
l-LNv,T2,9,6,3,0,21,13,8,0
OA-AL2i3,T1,8,5,3,0,21,11,10,0
cM02b,Sm15,7,5,2,0,21,16,5,0
cM02b,MTe17,3,2,1,0,21,13,8,0
LC9,LMt3,7,3,4,0,21,11,10,0
LC24,Li11,9,4,5,0,21,9,12,0
LPLC4,Tm36,9,5,4,0,21,11,10,0
cL20,LT73,4,2,2,0,21,10,11,0
LT37,Li30,2,1,1,0,21,16,5,0
LT37,Li27,3,2,1,0,21,15,6,0
LT37,LT53,3,2,1,0,21,11,10,0
LC18,Li06,10,5,5,0,21,11,10,0
MeTu3b,TmY9q,10,6,4,0,21,12,9,0
cL21,TmY15,10,7,3,0,21,14,7,0
LTe22,LC10b,7,4,3,0,21,12,9,0
LTe22,LT43,3,2,1,0,21,14,7,0
LC35,Li24,6,4,2,0,21,13,8,0
LTe30,Li31,2,1,1,0,21,10,11,0
LTe58,LT79,3,0,3,0,21,0,21,0
cM07,Li18,8,6,2,0,21,16,5,0
cM07,Tm27,10,5,5,0,21,11,10,0
cM07,Mi9,9,6,3,0,21,14,7,0
cM07,LC16,9,8,1,0,21,19,2,0
LT52,LCe07,8,3,5,0,21,8,13,0
LT52,LC6,5,3,2,0,21,6,15,0
LC21,LC10b,7,4,3,0,21,12,9,0
cL01,LT57,5,1,4,0,21,6,15,0
LC20a,LTe75,9,7,2,0,21,16,5,0
mALD1,MTe49,2,1,1,0,21,9,12,0
LC24,Li18,10,4,6,0,21,9,12,0
cLLP02,cL16,5,2,2,1,21,6,10,5
LLPC3,LT76,7,2,5,0,21,4,17,0
LT63,Li04,8,5,3,0,21,13,8,0
LTe26,Tm20,6,1,5,0,21,2,19,0
MTe51,Pm14,10,6,4,0,21,13,8,0
LC14b,T5b,8,3,5,0,21,9,12,0
DNp30,Pm04,9,6,3,0,21,13,8,0
LC28a,LLPC1,7,1,6,0,21,2,19,0
LT38,Li23,2,1,1,0,21,11,10,0
cL17,LTe48,2,1,1,0,21,11,10,0
aMe1,aMe19a,2,1,1,0,21,18,3,0
MeMe_e07,cML01,9,5,4,0,21,11,10,0
LT59,LTe42c,2,1,1,0,21,12,9,0
cM02a,Sm15,9,4,5,0,21,10,11,0
cM02a,Sm38,4,2,2,0,21,12,9,0
CB0230,Y11,4,0,4,0,21,0,21,0
LT64,LT53,7,4,3,0,21,13,8,0
MeMe_e05,Mi15,9,5,4,0,21,12,9,0
LTe42a,LTe42b,2,1,1,0,21,9,12,0
cM11,Sm39,2,0,2,0,21,0,21,0
cM11,MeTu4d,7,0,7,0,21,0,21,0
cM11,Tm5b,7,0,7,0,21,0,21,0
cMLLP02,T4b,8,6,2,0,21,17,4,0
cMLLP02,LPi07,9,7,2,0,21,17,4,0
LTe18,LTe18,2,0,0,2,21,0,0,21
LC16,Li32,3,0,3,0,21,0,21,0
OA-AL2i2,LT62,4,2,2,0,21,11,10,0
cM11,aMe1,2,0,2,0,21,0,21,0
cL12,aMe1,2,1,1,0,21,13,8,0
MTe47,T5b,10,5,5,0,21,10,11,0
VST2,LPLC4,9,6,3,0,21,15,6,0
VST2,LPi11,10,7,3,0,21,15,6,0
AN_multi_125,T3,7,5,2,0,21,17,4,0
aMe17a2,MTe01b,6,3,3,0,21,12,9,0
PLP231,OA-AL2i4,3,1,2,0,21,8,13,0
mALC3,TmY14,8,0,8,0,21,0,21,0
mALC5,LC43,6,2,4,0,21,7,14,0
cM13,TmY10,8,6,2,0,21,17,4,0
LPT22,LPi05,6,5,1,0,21,19,2,0
LPT22,LPT52,2,1,1,0,21,15,6,0
LPT22,LT40,2,1,1,0,21,9,12,0
LPT22,LPT23,5,3,2,0,21,12,9,0
LPT22,TmY16,8,4,4,0,21,13,8,0
LPT22,Y3,7,6,1,0,21,19,2,0
MeMe_e07,Pm03,5,3,2,0,21,17,4,0
OA-ASM1,Li05,10,7,3,0,21,15,6,0
OA-ASM1,Sm41,6,3,3,0,21,14,7,0
OA-ASM1,LTe20,5,3,2,0,21,15,6,0
LTe51,cM13,1,0,0,1,21,0,0,21
LT1b,LPLC1,9,3,6,0,21,7,14,0
LC29,LC4,8,5,3,0,21,13,8,0
LT56,Li10,7,5,2,0,21,17,4,0
LT56,LMa3,8,3,5,0,21,10,11,0
LT56,LT62,2,1,1,0,21,8,13,0
OA-AL2b2,Dm3p,10,6,4,0,21,12,9,0
OA-AL2b2,Dm15,8,2,6,0,21,4,17,0
LPT58,T5a,9,5,4,0,21,11,10,0
LC14a2,CT1,2,1,1,0,21,9,12,0
LT73,Li13,8,5,3,0,21,12,9,0
LT61b,Li21,5,2,3,0,21,6,15,0
CB0592,Y4,10,7,3,0,21,15,6,0
CB0592,Pm13,5,2,3,0,21,11,10,0
CB0592,LT1d,2,1,1,0,21,8,13,0
CB0592,OA-AL2i4,3,2,1,0,21,14,7,0
CB0592,Sm03,9,8,1,0,21,19,2,0
VS1,LLPC3,10,7,3,0,21,15,6,0
VS1,H2,2,1,1,0,21,17,4,0
cLLPM01,MTe52,7,5,2,0,21,13,8,0
LT53,LC4,8,1,7,0,21,2,19,0
cM12,Tm8b,6,4,2,0,21,11,10,0
LC19,LC19,4,0,3,1,21,0,16,5
LPT29,LTe49a,4,2,2,0,21,12,9,0
LT84,Li12,5,1,4,0,21,3,18,0
LCe01b,LC10b,6,2,4,0,21,11,10,0
LCe01b,LC16,10,7,3,0,21,15,6,0
cL02a,LC19,4,2,2,0,21,5,16,0
cM08b,Tm7,9,1,8,0,21,2,19,0
LT53,LC21,5,2,3,0,21,5,16,0
LC20a,LT85,7,6,1,0,21,19,2,0
LT63,aMe17a2,3,2,1,0,21,16,5,0
LT53,PLP051,5,3,2,0,21,10,11,0
HSE,Y11,10,9,1,0,21,18,3,0
LT77,Li24,7,5,2,0,21,14,7,0
mALC4,TmY3,10,6,4,0,21,13,8,0
PLP032,cMLLP02,3,1,1,1,21,7,8,6
cL11,TmY16,4,1,3,0,21,4,17,0
cL11,LT37,2,1,0,1,21,15,0,6
LT74,Li13,7,4,3,0,21,12,9,0
DCH,LPT31,7,4,3,0,21,13,8,0
DCH,HSE,2,1,1,0,21,10,11,0
cM15,Tm5c,8,4,4,0,21,9,12,0
cM15,OA-ASM1,5,3,2,0,21,12,9,0
cM15,Dm20,8,5,3,0,21,14,7,0
LC15,LTe24,8,7,1,0,21,19,2,0
LT64,LC37a,5,3,2,0,21,14,7,0
OA-AL2i4,Sm25,7,3,4,0,21,11,10,0
OA-AL2i4,MeMe_e01,8,5,3,0,21,13,8,0
LPT27,cLP03,3,1,2,0,21,13,8,0
LPT27,T4d,10,5,5,0,21,10,11,0
cM05,Sm32,7,3,4,0,21,9,12,0
LPT57,LPi11,6,3,3,0,21,9,12,0
LC19,Tm16,8,0,8,0,21,0,21,0
LT36,LLPt,8,2,6,0,21,4,17,0
cL04,LTe75,4,2,2,0,21,12,9,0
cL04,LTe22,4,2,2,0,21,14,7,0
LT58,Li01,9,7,2,0,21,17,4,0
Nod5,cLP01,2,0,0,2,21,0,0,21
Nod5,LLPt,8,7,1,0,21,18,3,0
LTe42c,LTe19,2,1,1,0,21,7,14,0
LPC2,LPi06,8,7,1,0,21,19,2,0
MTe18,cMLLP01,2,1,0,1,21,12,0,9
aMe25,PLP251,2,1,1,0,21,9,12,0
cML01,MTe18,3,1,2,0,21,11,10,0
LTe33,Tm35,9,7,2,0,21,16,5,0
MTe30,mALD2,2,1,1,0,21,12,9,0
LTe42b,LT42,2,1,1,0,21,12,9,0
cL05,LT65,2,1,1,0,21,10,11,0
cLP02,TmY31,10,9,1,0,21,19,2,0
MTe01a,Sm31,10,9,1,0,21,19,2,0
LTe28,LC10c,7,3,4,0,21,8,13,0
cMLLP01,LC45,4,2,2,0,21,14,7,0
cMLLP01,MTe43,2,1,1,0,21,9,12,0
DNpe053,aMe3,2,1,1,0,21,8,13,0
cL13,LC10f,3,1,2,0,21,2,19,0
cL13,LC33a,4,2,2,0,21,17,4,0
aMe17a1,Sm42,2,1,1,0,21,9,12,0
aMe17a1,Sm17,6,3,3,0,21,14,7,0
aMe19a,MTe38,2,1,1,0,21,10,11,0
LPLC4,LT77,5,4,1,0,21,9,12,0
cL15,LC10b,5,1,4,0,21,6,15,0
cL15,TmY4,8,4,4,0,21,10,11,0
LT39,cL02c,2,1,1,0,21,7,14,0
LT43,LTe02,4,3,1,0,21,12,9,0
MTe44,PLP051,2,1,1,0,21,10,11,0
cM16,Tm37,9,4,5,0,21,8,13,0
cM16,MLt8,8,6,2,0,21,16,5,0
Tlp1,VS5,8,8,0,0,21,21,0,0
Mi10,Dm9,7,7,0,0,21,21,0,0
Tm27,cLLPM01,9,9,0,0,21,21,0,0
Tm4,LT58,5,5,0,0,21,21,0,0
Tm2,Y11,3,3,0,0,21,21,0,0
Mi4,MeTu1,4,4,0,0,21,21,0,0
Dm9,L1,8,8,0,0,21,21,0,0
Mi13,LMa3,3,3,0,0,21,21,0,0
Sm14,Dm8b,2,2,0,0,21,21,0,0
Dm16,LPLC1,6,6,0,0,21,21,0,0
Dm16,LMa1,2,2,0,0,21,21,0,0
PLP249,LC31a,2,2,0,0,21,21,0,0
LTe32,cL11,2,2,0,0,21,21,0,0
LC36,CB0143,3,3,0,0,21,21,0,0
LT81,cL22c,2,2,0,0,21,21,0,0
cLP05,PLP020,1,1,0,0,21,21,0,0
LC35,DNp31,1,1,0,0,21,21,0,0
LT58,LCe03,7,7,0,0,21,21,0,0
LT58,OA-ASM1,4,4,0,0,21,21,0,0
LPT26,PLP081,1,1,0,0,21,21,0,0
LTe15,PLP252,1,1,0,0,21,21,0,0
Dm8a,MTe01a,6,5,1,0,20,18,2,0
TmY14,Li31,9,0,9,0,20,0,20,0
L5,R7,9,3,6,0,20,6,14,0
Sm24,Sm12,8,6,2,0,20,16,4,0
Tm25,Tm34,8,3,5,0,20,6,14,0
Tm33,LT52,6,0,6,0,20,0,20,0
LPi04,LPi06,9,6,3,0,20,13,7,0
Li06,Tm35,9,5,4,0,20,12,8,0
Tm3,MTe13,9,4,5,0,20,9,11,0
Tm5f,Y4,8,4,4,0,20,8,12,0
T1,L1,7,5,2,0,20,11,9,0
Y3,Pm06,8,3,5,0,20,9,11,0
Tm8b,LTe12,7,2,5,0,20,5,15,0
C3,LMa2,9,5,4,0,20,11,9,0
Tm5e,MeMe_e07,10,3,7,0,20,6,14,0
Li02,LTe36,6,2,4,0,20,4,16,0
Dm20,5-HTPMPV03,10,6,4,0,20,12,8,0
Li21,LT66,7,2,5,0,20,5,15,0
Sm06,MeTu3b,8,3,5,0,20,9,11,0
Sm06,Sm36,9,2,7,0,20,6,14,0
Tm8b,Tm32,9,5,4,0,20,10,10,0
Sm16,MeTu3b,9,4,5,0,20,10,10,0
Pm12,Mi9,6,3,3,0,20,12,8,0
MLt3,LT74,9,4,5,0,20,8,12,0
MLt3,Tm3,7,5,2,0,20,16,4,0
Y3,LPi01,9,2,7,0,20,5,15,0
Tm7,LC9,8,4,4,0,20,12,8,0
Tm5e,Tm2,9,4,5,0,20,8,12,0
Tm7,LTe43,5,0,5,0,20,0,20,0
Pm07,MTe54,8,2,6,0,20,4,16,0
Tm5b,TmY10,8,1,7,0,20,2,18,0
Dm3q,Tm8a,10,7,3,0,20,14,6,0
T5b,T4d,9,4,5,0,20,10,10,0
Dm3p,Li06,9,3,6,0,20,6,14,0
Li06,LC25,9,4,5,0,20,10,10,0
LMa5,LMt4,10,6,4,0,20,12,8,0
Dm3v,Tm9,10,3,7,0,20,6,14,0
TmY10,Y1,9,6,3,0,20,14,6,0
Sm40,Dm9,5,3,2,0,20,15,5,0
Sm40,Sm01,10,7,3,0,20,14,6,0
Tm5e,Dm8a,7,3,4,0,20,9,11,0
TmY5a,LTe08,9,3,6,0,20,7,13,0
Y1,LMt2,10,5,5,0,20,10,10,0
TmY14,LC12,10,4,6,0,20,8,12,0
T4d,OA-AL2i1,9,5,4,0,20,11,9,0
Dm16,Mi13,10,4,6,0,20,8,12,0
Tm5f,LC22,9,2,7,0,20,4,16,0
LMt3,LT78,7,4,3,0,20,9,11,0
LMt3,Pm05,8,4,4,0,20,10,10,0
Li20,LC10a,9,4,5,0,20,9,11,0
Pm01,MTe52,7,3,4,0,20,10,10,0
Tm5d,MTe12,8,4,4,0,20,11,9,0
Li21,LC16,4,1,3,0,20,5,15,0
Mi4,cM15,7,2,5,0,20,5,15,0
TmY9q⊥,LPLC2,8,4,4,0,20,12,8,0
Tm5f,Li03,8,3,5,0,20,8,12,0
Tm5c,Li32,8,1,7,0,20,2,18,0
Tm5c,Tm9,9,3,6,0,20,7,13,0
LMa4,LC10a,10,7,3,0,20,14,6,0
Sm28,Sm12,8,6,2,0,20,15,5,0
Sm28,MTe06,7,5,2,0,20,14,6,0
Tm1,OA-AL2i2,9,7,2,0,20,16,4,0
T4b,LC31a,8,3,5,0,20,7,13,0
Tm25,Li33,9,2,7,0,20,6,14,0
Mi4,Dm13,8,0,8,0,20,0,20,0
Y4,LT36,9,0,9,0,20,0,20,0
Mi13,Lawf2,10,4,6,0,20,8,12,0
Tlp5,LC35,9,4,5,0,20,9,11,0
TmY5a,LTe07,8,0,8,0,20,0,20,0
L5,Dm15,8,4,4,0,20,8,12,0
Sm12,Mi4,8,3,5,0,20,8,12,0
Li03,LMt3,9,4,5,0,20,9,11,0
Li03,Tm20,10,4,6,0,20,8,12,0
C3,Dm2,7,5,2,0,20,10,10,0
Tm1,LPLC1,9,6,3,0,20,14,6,0
TmY10,Li11,8,5,3,0,20,13,7,0
TmY4,LPi12,4,2,2,0,20,15,5,0
TmY3,LT40,8,2,6,0,20,4,16,0
LLPt,TmY9q,8,1,7,0,20,2,18,0
LLPt,LC9,8,4,4,0,20,11,9,0
Dm4,Sm32,5,2,3,0,20,13,7,0
Tm5a,LTe57,7,3,4,0,20,7,13,0
TmY10,LTe68,9,3,6,0,20,6,14,0
Y11,Y4,9,4,5,0,20,9,11,0
Tlp5,T4b,10,5,5,0,20,10,10,0
T5a,LC31a,7,2,5,0,20,7,13,0
Sm31,MLt6,8,4,4,0,20,9,11,0
Pm10,MeLp2,8,4,4,0,20,12,8,0
MLt3,Tm8a,10,7,3,0,20,14,6,0
Tm5d,LT79,7,4,3,0,20,10,10,0
L1,Tm5b,9,7,2,0,20,16,4,0
Tm5c,R8,7,1,6,0,20,2,18,0
Tm8a,Mi9,9,7,2,0,20,14,6,0
Tm5a,LTe31,8,5,3,0,20,13,7,0
Li06,LC14b,9,4,5,0,20,9,11,0
Sm18,aMe1,3,1,2,0,20,8,12,0
Mi15,PDt,9,7,2,0,20,16,4,0
Pm05,Y4,8,4,4,0,20,9,11,0
Li19,TmY15,10,3,7,0,20,6,14,0
LPi04,H1,1,0,1,0,20,0,20,0
TmY31,Tm4,8,3,5,0,20,9,11,0
LPi02,T4b,9,4,5,0,20,8,12,0
Dm2,MLt3,7,2,5,0,20,4,16,0
TmY9q,LMt2,9,3,6,0,20,7,13,0
TmY11,Tm35,9,3,6,0,20,7,13,0
Pm01,Li18,5,0,5,0,20,0,20,0
Mi10,TmY9q,10,6,4,0,20,12,8,0
R1-6,Tm4,8,0,8,0,20,0,20,0
Tm35,LC39,7,3,4,0,20,11,9,0
Tm20,Mi15,6,2,4,0,20,6,14,0
Dm15,cM05,9,7,2,0,20,16,4,0
C2,LMa5,4,1,3,0,20,14,6,0
Tm31,Tm25,9,4,5,0,20,10,10,0
Li15,LTe20,7,3,4,0,20,11,9,0
Pm04,Y12,9,2,7,0,20,4,16,0
Sm41,Dm8b,7,2,5,0,20,4,16,0
Sm41,Tm27,9,1,8,0,20,2,18,0
Li21,LT51,8,3,5,0,20,8,12,0
Li21,TmY16,8,5,3,0,20,12,8,0
Li06,LC10c,9,6,3,0,20,14,6,0
LPi08,Li14,2,0,2,0,20,0,20,0
LPi08,LPi10,6,0,6,0,20,0,20,0
LPi08,LLPC2,9,1,8,0,20,2,18,0
Tm5e,LTe49c,7,4,3,0,20,13,7,0
Sm05,MeMe_e07,10,9,1,0,20,18,2,0
Li10,LT77,9,4,5,0,20,10,10,0
TmY3,T1,10,3,7,0,20,6,14,0
Dm11,Sm26,8,5,3,0,20,11,9,0
L1,Tm5e,6,2,4,0,20,6,14,0
MLt7,MTe50,9,2,7,0,20,5,15,0
TmY3,Tm16,8,2,6,0,20,5,15,0
Sm07,Pm05,8,3,5,0,20,6,14,0
Mi14,OA-AL2i3,9,2,7,0,20,4,16,0
Dm2,TmY31,10,6,4,0,20,12,8,0
T4c,MeLp2,8,5,3,0,20,13,7,0
TmY10,Dm2,9,5,4,0,20,12,8,0
Tm8a,MeTu1,5,0,5,0,20,0,20,0
Tm8a,LT70,9,3,6,0,20,6,14,0
Sm15,Sm42,9,4,5,0,20,8,12,0
Sm25,Sm40,8,5,3,0,20,12,8,0
TmY9q,Mi9,7,2,5,0,20,5,15,0
Li22,Am1,8,2,6,0,20,5,15,0
Tm1,Tm5b,6,3,3,0,20,6,14,0
Lawf1,Mi1,8,4,4,0,20,12,8,0
LMt2,Pm01,9,2,7,0,20,5,15,0
Tlp1,cLLP02,10,4,6,0,20,8,12,0
TmY4,Li31,9,4,5,0,20,10,10,0
Sm25,Sm03,9,3,6,0,20,7,13,0
T2,Tm5e,10,5,5,0,20,10,10,0
Li01,LC29,7,5,2,0,20,16,4,0
Li01,LLPC3,10,3,7,0,20,6,14,0
Mi10,Y1,9,4,5,0,20,9,11,0
Tm5e,LT60,8,2,6,0,20,6,14,0
Tlp14,Li10,7,5,2,0,20,13,7,0
TmY14,MTe18,9,4,5,0,20,10,10,0
Li10,LTe10,7,2,5,0,20,7,13,0
LMa1,LT62,7,2,5,0,20,4,16,0
Tm37,Tm8a,8,5,3,0,20,12,8,0
Tlp4,Li30,4,2,2,0,20,9,11,0
Tm36,LC20a,8,5,3,0,20,14,6,0
Dm8a,MTe50,8,5,3,0,20,13,7,0
Tm5c,LTe47,9,3,6,0,20,7,13,0
Y3,LPi12,4,1,3,0,20,2,18,0
Tm16,MTe51,6,1,5,0,20,2,18,0
Y4,Li33,8,4,4,0,20,10,10,0
Tm5e,LC18,9,1,8,0,20,2,18,0
Y1,LTe42b,8,4,4,0,20,11,9,0
T5c,TmY16,8,3,5,0,20,6,14,0
Tm36,Mi4,7,2,5,0,20,4,16,0
Tm8b,LC43,9,6,3,0,20,13,7,0
Tm34,LTe27,6,3,3,0,20,8,12,0
T4a,Pm09,9,3,6,0,20,6,14,0
Mi2,PDt,10,4,6,0,20,8,12,0
Tm7,MeTu4c,9,2,7,0,20,5,15,0
Tm20,LCe01a,10,5,5,0,20,10,10,0
Li15,LC17,9,5,4,0,20,12,8,0
DmDRA1,C2,8,5,3,0,20,12,8,0
Tm32,LTe27,7,4,3,0,20,10,10,0
Sm26,CB0566,7,2,5,0,20,7,13,0
LLPt,LCe06,8,4,4,0,20,12,8,0
Tm27,Tm31,7,5,2,0,20,16,4,0
T4b,T5d,9,5,4,0,20,10,10,0
TmY5a,MLt1,9,7,2,0,20,15,5,0
Li16,Li26,9,2,7,0,20,5,15,0
Pm07,Tm33,6,4,2,0,20,16,4,0
Mi15,Tm20,8,1,7,0,20,3,17,0
Tm16,Pm02,5,3,2,0,20,10,10,0
Tm1,L1,8,1,7,0,20,4,16,0
Tlp1,Li05,9,5,4,0,20,10,10,0
T2,MLt4,8,4,4,0,20,11,9,0
TmY4,LC14a1,4,2,2,0,20,4,16,0
Sm16,Sm14,10,5,5,0,20,10,10,0
TmY14,T4d,9,2,7,0,20,4,16,0
Y12,LPi04,8,4,4,0,20,9,11,0
Mi1,MeTu3b,8,7,1,0,20,18,2,0
TmY20,LPi15,8,4,4,0,20,8,12,0
L3,Tm7,5,1,4,0,20,3,17,0
Tm36,MTe08,9,5,4,0,20,11,9,0
TmY4,LC16,9,2,7,0,20,4,16,0
LMa1,LMt4,8,6,2,0,20,15,5,0
L3,cM07,10,7,3,0,20,14,6,0
LPi15,LPT51,2,1,1,0,20,15,5,0
Li09,LLPt,9,7,2,0,20,16,4,0
Sm21,Sm19,9,6,3,0,20,13,7,0
LMt3,TmY9q⊥,7,3,4,0,20,9,11,0
Mi13,Y3,5,4,1,0,20,18,2,0
T3,T4d,6,2,4,0,20,6,14,0
LPi04,TmY5a,9,4,5,0,20,8,12,0
Pm08,T4b,7,3,4,0,20,6,14,0
Li10,LT75,9,6,3,0,20,14,6,0
Li28,LTe18,4,2,2,0,20,13,7,0
Li28,LC12,8,5,3,0,20,12,8,0
Li28,Tm33,6,2,4,0,20,5,15,0
Pm07,Mi4,7,4,3,0,20,14,6,0
Tlp1,VS3,6,4,2,0,20,14,6,0
Pm14,LMa1,9,6,3,0,20,14,6,0
Pm14,OA-AL2i1,4,2,2,0,20,15,5,0
TmY9q,Mi1,8,3,5,0,20,6,14,0
Tlp4,VSm,7,6,1,0,20,18,2,0
Tm16,CB3089,7,2,5,0,20,6,14,0
Tm16,LT38,7,4,3,0,20,11,9,0
Tm5d,Tm5d,7,4,3,0,20,13,7,0
Mi13,PDt,10,7,3,0,20,14,6,0
LMa4,OA-AL2i2,9,5,4,0,20,10,10,0
TmY11,Sm07,4,3,1,0,20,14,6,0
Sm10,Sm15,9,4,5,0,20,9,11,0
Tm5a,LC17,9,4,5,0,20,9,11,0
Tlp1,LPT22,8,5,3,0,20,14,6,0
Li31,Li20,4,1,3,0,20,4,16,0
Li31,TmY15,6,4,2,0,20,9,11,0
Li31,LMt3,8,4,4,0,20,10,10,0
Sm39,Dm10,8,0,8,0,20,0,20,0
Mi2,Dm3v,9,5,4,0,20,10,10,0
LMt1,LMt3,8,5,3,0,20,14,6,0
Y12,MTe47,9,6,3,0,20,14,6,0
LMt1,LT60,6,2,4,0,20,8,12,0
Tm5e,cL07,8,7,1,0,20,18,2,0
Sm03,Pm07,8,3,5,0,20,8,12,0
R8,TmY9q,5,2,3,0,20,4,16,0
T5d,OA-AL2i1,8,4,4,0,20,8,12,0
Sm42,T2a,6,1,5,0,20,7,13,0
Sm42,LMa1,6,3,3,0,20,8,12,0
Sm12,Tm20,8,5,3,0,20,13,7,0
Li25,LT74,8,4,4,0,20,10,10,0
Mi9,Sm30,7,3,4,0,20,6,14,0
Sm13,Tm36,9,4,5,0,20,9,11,0
R8,Tm25,8,4,4,0,20,11,9,0
Tm4,Tlp1,7,4,3,0,20,13,7,0
Dm8b,L3,1,0,1,0,20,0,20,0
Li27,Li11,8,6,2,0,20,15,5,0
Li27,LT87,4,2,2,0,20,10,10,0
Dm8b,Tm31,7,4,3,0,20,8,12,0
T4b,Pm01,6,3,3,0,20,14,6,0
Tm37,LC20a,9,7,2,0,20,16,4,0
Tm36,LT69,8,4,4,0,20,11,9,0
Tm27,Pm02,8,5,3,0,20,13,7,0
TmY5a,MTe35,10,6,4,0,20,12,8,0
TmY9q,cL22b,9,3,6,0,20,7,13,0
Mi10,Sm08,8,4,4,0,20,10,10,0
Pm09,Sm42,7,3,4,0,20,8,12,0
TmY5a,LC35,9,7,2,0,20,16,4,0
Li33,Li04,6,2,4,0,20,7,13,0
Li33,LTe26,2,1,1,0,20,14,6,0
Pm03,MTe08,9,5,4,0,20,12,8,0
Pm14,MeLp2,3,2,1,0,20,18,2,0
Tm2,LC10a,7,3,4,0,20,10,10,0
Tm5c,MeTu4c,8,5,3,0,20,13,7,0
Pm13,Pm13,2,0,2,0,20,0,20,0
Dm2,MTe49,9,3,6,0,20,7,13,0
Y3,LCe02,6,3,3,0,20,8,12,0
Sm17,cM08b,8,7,1,0,20,17,3,0
Li12,LC31b,7,6,1,0,20,18,2,0
Tm32,MTe37,8,4,4,0,20,10,10,0
Li32,cLP02,5,2,3,0,20,5,15,0
Li32,LTe29,2,1,1,0,20,10,10,0
Dm10,T5a,4,0,4,0,20,0,20,0
Sm34,aMe4,9,7,2,0,20,16,4,0
Sm34,MTe17,7,4,3,0,20,10,10,0
LPi04,LPT50,4,3,1,0,20,17,3,0
Li24,Li14,6,5,1,0,20,18,2,0
Mi10,Sm03,6,3,3,0,20,8,12,0
Tm5a,Sm01,8,4,4,0,20,10,10,0
Dm12,TmY3,7,3,4,0,20,11,9,0
Tm35,LT58,9,8,1,0,20,17,3,0
CT1,OA-AL2i1,2,1,1,0,20,9,11,0
CT1,T2a,9,6,3,0,20,14,6,0
CT1,T2,9,4,5,0,20,10,10,0
Li24,LTe76,4,3,1,0,20,16,4,0
LPi05,LPi04,8,7,1,0,20,18,2,0
Am1,LMa5,7,6,1,0,20,18,2,0
Sm23,aMe19b,7,4,3,0,20,10,10,0
Tm8a,LTe43,8,6,2,0,20,16,4,0
T5a,LC10a,8,7,1,0,20,18,2,0
Dm13,TmY11,7,1,6,0,20,2,18,0
Dm3p,TmY5a,9,5,4,0,20,11,9,0
Tm5b,LT87,9,6,3,0,20,13,7,0
Sm03,Dm4,8,7,1,0,20,18,2,0
Dm12,LMa4,8,6,2,0,20,14,6,0
Li30,Li03,9,4,5,0,20,10,10,0
Li30,LC46,5,3,2,0,20,10,10,0
Li30,PLP051,2,1,1,0,20,6,14,0
TmY5a,LCe06,8,5,3,0,20,13,7,0
Li16,LC22,8,7,1,0,20,17,3,0
Li29,LC14b,8,1,7,0,20,2,18,0
Li29,LLPC3,9,5,4,0,20,12,8,0
Li29,LTe24,2,1,1,0,20,7,13,0
Li29,LC31a,7,4,3,0,20,12,8,0
Li29,LTe08,2,1,1,0,20,12,8,0
LPi13,LPi14,4,2,2,0,20,13,7,0
LPi13,LLPC4,4,2,2,0,20,13,7,0
LPi13,T5b,9,5,4,0,20,10,10,0
TmY15,LT56,4,2,2,0,20,6,14,0
Sm38,MeTu3c,9,8,1,0,20,17,3,0
Tlp1,LTe52,7,4,3,0,20,10,10,0
Li23,Li13,9,3,6,0,20,6,14,0
LMa2,Li26,8,6,2,0,20,15,5,0
LC21,Li16,10,2,8,0,20,4,16,0
LC28a,Tm16,7,3,4,0,20,10,10,0
LC21,LMt2,9,4,5,0,20,10,10,0
aMe5,Sm23,9,6,3,0,20,14,6,0
LC27,LTe06,7,3,4,0,20,8,12,0
LT52,LT36,6,2,4,0,20,4,16,0
LC14b,LT53,5,5,0,0,20,20,0,0
cLP02,T4c,9,5,4,0,20,10,10,0
MTe02,Dm2,9,6,3,0,20,13,7,0
LC21,Li28,8,3,5,0,20,6,14,0
cL01,cL16,7,3,4,0,20,9,11,0
cLPL01,Nod3,1,0,1,0,20,0,20,0
cLPL01,LMa4,7,6,1,0,20,18,2,0
cL22a,LTe49f,3,2,1,0,20,9,11,0
LTe08,LTe33,3,1,2,0,20,4,16,0
LT34,LCe07,4,1,3,0,20,2,18,0
LT34,LTe49b,1,0,1,0,20,0,20,0
MTe07,LTe06,8,2,6,0,20,5,15,0
aMe4,L1,9,3,6,0,20,6,14,0
LLPC2,Li30,7,3,4,0,20,9,11,0
LT42,cL07,1,0,1,0,20,0,20,0
LTe15,LC10e,7,3,4,0,20,8,12,0
aMe12,aMe19a,4,3,1,0,20,14,6,0
cL02d,TmY9q⊥,9,2,7,0,20,6,14,0
LT82a,LC14a1,8,2,6,0,20,7,13,0
LCe04,LT51,8,3,5,0,20,8,12,0
LC21,LC10d,7,1,6,0,20,2,18,0
cL16,Li28,5,3,2,0,20,7,13,0
cL16,LPLC4,8,4,4,0,20,11,9,0
cLP01,T5a,9,5,4,0,20,11,9,0
LC21,Li32,9,5,4,0,20,10,10,0
LPLC2,Tlp1,7,0,7,0,20,0,20,0
aMe5,Tm8b,5,1,4,0,20,2,18,0
cL14,LC16,7,2,5,0,20,4,16,0
LTe70,MeTu4b,7,4,3,0,20,12,8,0
cM01a,Sm07,5,3,2,0,20,8,12,0
aMe17b,MLt7,8,2,6,0,20,4,16,0
H1,Y11,9,4,5,0,20,8,12,0
LC20b,LTe40,7,5,2,0,20,14,6,0
LC20b,Li11,8,3,5,0,20,10,10,0
LC22,LC6,8,6,2,0,20,16,4,0
CB0816,TmY3,5,3,2,0,20,11,9,0
CB0816,TmY5a,9,3,6,0,20,6,14,0
LC14b,LCe09,7,3,4,0,20,9,11,0
MeTu3c,TmY11,8,2,6,0,20,4,16,0
LC13,Li25,9,5,4,0,20,11,9,0
MTe07,MTe19,5,2,3,0,20,5,15,0
LT79,LPLC1,9,3,6,0,20,7,13,0
cM08c,Li33,4,1,3,0,20,9,11,0
cM08c,LT65,4,2,2,0,20,4,16,0
LPLC4,LLPC2,10,5,5,0,20,10,10,0
LC14a1,LCe04,7,5,2,0,20,15,5,0
LPLC1,LC12,10,2,8,0,20,4,16,0
LPT54,VCH,2,1,1,0,20,6,14,0
LPT54,Nod1,4,2,2,0,20,12,8,0
LPT54,TmY14,6,3,3,0,20,9,11,0
LC34,Li13,9,6,3,0,20,13,7,0
LC15,Li01,9,4,5,0,20,8,12,0
LC4,LMt1,9,2,7,0,20,5,15,0
LPT23,Tlp14,9,4,5,0,20,9,11,0
LTe47,LTe15,4,2,2,0,20,6,14,0
LC4,LPLC2,8,4,4,0,20,12,8,0
OA-AL2b1,Li08,10,5,5,0,20,10,10,0
aMe20,aMe8,3,2,1,0,20,12,8,0
LT82a,LC16,7,4,3,0,20,13,7,0
LC37a,LT36,6,1,5,0,20,5,15,0
LT70,LC24,8,3,5,0,20,6,14,0
LC24,Tm37,8,4,4,0,20,11,9,0
LTe29,LC40,5,1,4,0,20,5,15,0
LTe29,LMa2,7,4,3,0,20,13,7,0
LTe29,Li24,4,3,1,0,20,18,2,0
cLP03,VS1,5,2,3,0,20,13,7,0
MeTu4a,cL10,9,2,7,0,20,4,16,0
cM08a,Pm14,6,2,4,0,20,7,13,0
cM17,TmY4,8,7,1,0,20,18,2,0
cM17,MTe09,6,2,4,0,20,6,14,0
cM17,MTe36,2,1,1,0,20,10,10,0
OA-AL2i3,TmY5a,10,4,6,0,20,8,12,0
cM02b,Dm8b,5,1,4,0,20,4,16,0
cM02b,MeTu3b,5,2,3,0,20,9,11,0
l-LNv,L1,7,5,2,0,20,13,7,0
cM06,Tm8b,7,3,4,0,20,9,11,0
cM06,MLt3,7,2,5,0,20,4,16,0
LPLC2,LMa5,5,4,1,0,20,17,3,0
MeLp2,Y3,8,7,1,0,20,15,5,0
MTe54,CB0592,3,0,3,0,20,0,20,0
LC11,LCe07,8,4,4,0,20,10,10,0
cL02b,Li30,3,1,2,0,20,6,14,0
cL02b,Li11,6,3,3,0,20,10,10,0
LT72,LC19,6,4,2,0,20,14,6,0
LC25,Li28,9,4,5,0,20,8,12,0
LC25,LC15,8,7,1,0,20,18,2,0
cL20,LC6,7,4,3,0,20,10,10,0
LT37,LC10b,5,1,4,0,20,2,18,0
LC20b,LC16,8,3,5,0,20,7,13,0
5-HTPMPV03,Mi4,7,7,0,0,20,20,0,0
5-HTPMPV03,MLt2,8,6,2,0,20,14,6,0
LC28a,LC21,9,4,5,0,20,10,10,0
LLPC3,Tm20,10,5,5,0,20,10,10,0
cL21,LC13,9,4,5,0,20,10,10,0
PLP177,LTe69,2,1,1,0,20,13,7,0
LPLC2,Li33,8,5,3,0,20,10,10,0
LTe22,LTe23,2,1,1,0,20,5,15,0
cL18,Li10,6,2,4,0,20,5,15,0
aMe17c,R8,2,0,2,0,20,0,20,0
LC9,LMa3,7,6,1,0,20,16,4,0
LC13,LMt2,10,5,5,0,20,10,10,0
MTe12,APDN3,3,2,1,0,20,11,9,0
LTe30,Li09,5,3,2,0,20,6,14,0
MeTu4a,Dm20,9,7,2,0,20,16,4,0
cM07,Li12,8,6,2,0,20,15,5,0
LT52,LC26,8,3,5,0,20,8,12,0
LTe19,Tm35,7,4,3,0,20,12,8,0
LPLC4,LC40,7,1,6,0,20,2,18,0
mALD1,PLP217,1,0,1,0,20,0,20,0
LC14a2,LTe24,4,2,2,0,20,8,12,0
cLLP02,LPi14,6,3,3,0,20,10,10,0
cLLP02,LT57,8,5,3,0,20,11,9,0
MTe01b,Sm36,8,7,1,0,20,17,3,0
LTe54,aMe17b,3,2,1,0,20,15,5,0
LC28a,LT72,6,3,3,0,20,7,13,0
MTe05,cL10,6,1,5,0,20,2,18,0
LC28a,LT68,6,3,3,0,20,9,11,0
LC16,Li25,9,6,3,0,20,12,8,0
cL17,Li12,6,4,2,0,20,14,6,0
LT1c,LT61b,2,1,1,0,20,3,17,0
cLLPM01,Tm16,8,6,2,0,20,16,4,0
cLLPM01,TmY16,9,6,3,0,20,13,7,0
cM02a,MeMe_e09,3,1,2,0,20,4,16,0
LLPC1,Li10,9,3,6,0,20,8,12,0
MeTu1,aMe4,9,7,2,0,20,16,4,0
MTe02,MeMe_e02,6,2,4,0,20,7,13,0
MeMe_e05,Sm09,8,4,4,0,20,8,12,0
aMe4,DNp27,7,0,7,0,20,0,20,0
aMe4,cM04,7,2,5,0,20,5,15,0
OA-AL2b1,LT36,2,1,1,0,20,3,17,0
OA-AL2b1,Tm8a,9,4,5,0,20,9,11,0
LT57,LC19,8,4,4,0,20,9,11,0
cLM01,LC10c,9,3,6,0,20,6,14,0
cLM01,Tm37,8,3,5,0,20,7,13,0
cM11,Tm37,5,0,5,0,20,0,20,0
LPT48_vCal3,T5c,8,3,5,0,20,7,13,0
LPT48_vCal3,Y1,8,2,6,0,20,4,16,0
MTe04,Dm2,9,6,3,0,20,13,7,0
LPLC2,LPT26,9,6,3,0,20,13,7,0
LT57,LC37a,8,6,2,0,20,16,4,0
HSS,Nod1,3,2,1,0,20,14,6,0
OA-AL2i2,TmY15,10,4,6,0,20,8,12,0
OA-AL2i2,LC11,10,5,5,0,20,10,10,0
aMe12,DN1a,3,1,2,0,20,5,15,0
LLPC3,LC28a,8,5,3,0,20,10,10,0
MTe19,OA-AL2i4,2,0,0,2,20,0,0,20
LTe33,LC33a,6,3,3,0,20,9,11,0
VS3,VST2,5,3,2,0,20,14,6,0
LC10b,LC14a1,6,3,3,0,20,10,10,0
MTe47,MeMe_e07,5,0,0,5,20,0,0,20
MTe47,LMa5,6,5,1,0,20,17,3,0
cM03,Sm03,9,5,4,0,20,11,9,0
LC10d,LMa2,7,5,2,0,20,16,4,0
LPT26,Tlp14,4,3,1,0,20,17,3,0
MeMe_e10,MeTu2a,8,5,3,0,20,13,7,0
aMe17a2,Sm31,7,3,4,0,20,7,13,0
aMe17a2,MTe08,5,2,3,0,20,10,10,0
cLLPM01,TmY9q,9,1,8,0,20,2,18,0
AVLP151,Li16,5,3,2,0,20,16,4,0
mALC5,LMt3,7,4,3,0,20,11,9,0
mALC5,Tlp14,6,3,3,0,20,11,9,0
OA-ASM1,MeMe_e07,8,0,0,8,20,0,0,20
OA-ASM1,LC20b,9,6,3,0,20,12,8,0
LTe51,PLP068,2,1,1,0,20,13,7,0
cM08c,mALC6,4,3,1,0,20,15,5,0
cM08c,cM08c,4,3,1,0,20,18,2,0
LTe45,LTe43,6,3,3,0,20,13,7,0
MTe04,aMe19a,6,3,3,0,20,10,10,0
LT56,LT66,3,2,1,0,20,9,11,0
LAL047,LLPt,6,3,3,0,20,10,10,0
LAL047,LTe56,2,1,1,0,20,12,8,0
MTe37,Tm32,7,3,4,0,20,9,11,0
OA-AL2b2,Dm17,7,4,3,0,20,13,7,0
OA-AL2b2,TmY3,8,7,1,0,20,15,5,0
LPT58,T4a,9,5,4,0,20,12,8,0
DNc02,Pm12,4,2,2,0,20,15,5,0
LT73,Li27,3,1,2,0,20,10,10,0
LT65,Li01,8,5,3,0,20,11,9,0
LT65,cL11,2,1,1,0,20,12,8,0
LT65,Y4,9,5,4,0,20,11,9,0
LT65,Li09,7,5,2,0,20,15,5,0
LT65,Li30,2,1,1,0,20,8,12,0
LT70,Tlp5,7,2,5,0,20,5,15,0
LT61b,LMt1,8,4,4,0,20,9,11,0
CB0592,MTe52,8,4,4,0,20,8,12,0
CB0592,T4c,7,3,4,0,20,7,13,0
MeTu4c,LC10a,9,5,4,0,20,12,8,0
LTe13,DNp27,2,1,1,0,20,8,12,0
cL06,LTe04,2,1,1,0,20,3,17,0
cL06,LTe42c,2,1,1,0,20,12,8,0
LT53,Li32,7,4,3,0,20,11,9,0
MeTu3c,Sm13,9,5,4,0,20,12,8,0
cM12,MTe46,3,1,2,0,20,11,9,0
LC24,Tm5c,8,6,2,0,20,15,5,0
VCH,LPi10,8,5,3,0,20,11,9,0
MTe01b,Sm01,6,2,4,0,20,11,9,0
LT84,Li05,6,3,3,0,20,12,8,0
LT84,LT86,2,1,1,0,20,5,15,0
MTe51,Tm5c,9,5,4,0,20,10,10,0
aMe22,aMe3,2,1,1,0,20,9,11,0
cL22b,PLP241,2,0,2,0,20,0,20,0
LT85,LTe49a,4,2,2,0,20,10,10,0
cM08b,Tm5a,7,3,4,0,20,10,10,0
cL02a,LC20b,5,2,3,0,20,4,16,0
cM14,CB0592,2,1,1,0,20,5,15,0
cM14,Sm41,2,1,1,0,20,13,7,0
LC20a,LTe40,5,3,2,0,20,11,9,0
LT63,LTe38a,5,2,3,0,20,9,11,0
LPLC1,LPi10,9,6,3,0,20,12,8,0
PLP021,LTe49e,2,0,2,0,20,0,20,0
MTe23,aMe17a1,2,1,1,0,20,10,10,0
LTe27,LT51,6,3,3,0,20,7,13,0
LTe27,LTe33,5,2,3,0,20,10,10,0
MTe03,Sm09,8,4,4,0,20,10,10,0
cM03,Sm24,6,4,2,0,20,15,5,0
LTe67,LC9,5,3,2,0,20,8,12,0
mALC4,Li06,10,3,7,0,20,6,14,0
cL11,LC15,2,0,2,0,20,0,20,0
OA-AL2i1,Tm4,10,5,5,0,20,10,10,0
OA-AL2i1,T5b,10,8,2,0,20,16,4,0
cM15,Tm20,8,1,7,0,20,4,16,0
cM15,MTe11,4,3,1,0,20,17,3,0
LTe17,LC14b,7,2,5,0,20,5,15,0
LTe17,LC40,6,3,3,0,20,9,11,0
LT33,T2,9,3,6,0,20,7,13,0
cM05,MTe02,6,3,3,0,20,14,6,0
cM05,T1,6,3,3,0,20,7,13,0
cM05,Tm25,9,7,2,0,20,16,4,0
LC19,LC36,4,0,4,0,20,0,20,0
MTe50,cL04,3,0,3,0,20,0,20,0
MTe28,LTe43,3,2,1,0,20,13,7,0
cL04,cM09,5,2,3,0,20,6,14,0
cL04,Li23,4,2,2,0,20,10,10,0
LT58,LT51,4,2,2,0,20,14,6,0
LT58,MLt2,8,1,7,0,20,3,17,0
LT58,MTe17,3,2,1,0,20,17,3,0
Nod5,LPT23,5,2,3,0,20,12,8,0
LPT21,LPT47_vCal2,2,1,1,0,20,11,9,0
LTe56,aMe25,2,1,1,0,20,13,7,0
aMe25,LTe74,2,1,1,0,20,14,6,0
cML01,Li17,7,2,5,0,20,4,16,0
cML01,Pm14,3,2,1,0,20,12,8,0
cML01,OA-AL2b2,2,0,2,0,20,0,20,0
cML01,LTe21,2,1,1,0,20,5,15,0
LTe53,LTe22,2,1,1,0,20,14,6,0
cL05,LTe38c,4,2,2,0,20,10,10,0
aMe5,Sm15,3,1,2,0,20,2,18,0
MTe26,Sm42,2,1,1,0,20,4,16,0
cL02c,Li03,8,4,4,0,20,11,9,0
VST2,LPLC2,9,8,1,0,20,17,3,0
LTe28,LC33a,2,1,1,0,20,7,13,0
cL18,LT56,3,2,1,0,20,14,6,0
cMLLP01,LC6,8,3,5,0,20,10,10,0
cMLLP01,Sm12,6,3,3,0,20,11,9,0
cMLLP01,5-HTPMPV03,3,1,2,0,20,5,15,0
cL13,LC4,5,2,3,0,20,5,15,0
cL15,LC36,5,2,3,0,20,5,15,0
LTe21,MTe13,2,0,2,0,20,0,20,0
LT41,cL02c,2,1,1,0,20,5,15,0
cM16,Tm5e,10,5,5,0,20,10,10,0
cM16,aMe5,4,2,2,0,20,13,7,0
cM16,TmY9q,9,6,3,0,20,13,7,0
cM16,Sm09,10,6,4,0,20,12,8,0
LPT53,LPT45_dCal1,2,1,1,0,20,18,2,0
Mi1,LPLC2,6,6,0,0,20,20,0,0
Tm27,AVLP534,8,8,0,0,20,20,0,0
Dm9,C3,10,10,0,0,20,20,0,0
T5a,LPi05,8,8,0,0,20,20,0,0
Dm9,aMe6a,4,4,0,0,20,20,0,0
Sm41,MTe52,3,3,0,0,20,20,0,0
TmY11,Sm08,4,4,0,0,20,20,0,0
Tm5b,LC43,3,3,0,0,20,20,0,0
Tm20,LT69,5,5,0,0,20,20,0,0
Pm14,Tlp1,5,5,0,0,20,20,0,0
CT1,LC17,5,5,0,0,20,20,0,0
LC19,PLP021,3,0,0,3,20,0,0,20
LPLC4,PLP249,4,4,0,0,20,20,0,0
LLPC1,cML01,4,4,0,0,20,20,0,0
CB0734,LPT51,1,1,0,0,20,20,0,0
LC33a,LTe37,2,2,0,0,20,20,0,0
VS1,cL15,2,1,0,1,20,13,0,7
MTe26,Mi15,1,1,0,0,20,20,0,0
cM02a,Lat,3,3,0,0,20,20,0,0
cL20,DNp31,1,1,0,0,20,20,0,0
LPT52,PLP150a,1,1,0,0,20,20,0,0
LPT52,DNp31,1,1,0,0,20,20,0,0
LT41,cL02a,1,1,0,0,20,20,0,0
CB0143,MTe43,1,1,0,0,20,20,0,0
LLPC1,DNp31,2,2,0,0,20,20,0,0
PLP023,LT82a,1,1,0,0,20,20,0,0
LTe73,PLP252,1,1,0,0,20,20,0,0
DNpe053,cM17,2,1,0,1,20,7,0,13
LPT48_vCal3,LPi10,7,7,0,0,20,20,0,0
cL22c,TmY20,1,1,0,0,20,20,0,0
LT72,PLP252,1,1,0,0,20,20,0,0
LT72,CB0734,1,1,0,0,20,20,0,0
T5d,Tm1,9,1,8,0,19,2,17,0
Li01,Tm7,8,3,5,0,19,9,10,0
TmY20,Sm31,9,3,6,0,19,7,12,0
Tm5e,LT57,8,3,5,0,19,6,13,0
Tm7,Pm10,9,1,8,0,19,2,17,0
Li13,LC26,8,2,6,0,19,4,15,0
Li08,Tm5e,7,0,7,0,19,0,19,0
Tm31,Sm07,9,4,5,0,19,8,11,0
Tm5e,Y1,8,6,2,0,19,15,4,0
Tm32,LT76,8,5,3,0,19,11,8,0
Li07,Li11,8,3,5,0,19,8,11,0
Tm5e,MLt1,9,4,5,0,19,9,10,0
Tm25,Am1,8,2,6,0,19,4,15,0
Sm34,TmY31,8,1,7,0,19,2,17,0
Sm34,Dm8b,9,2,7,0,19,4,15,0
LPi06,LLPt,9,3,6,0,19,6,13,0
Tm9,Tm3,8,1,7,0,19,4,15,0
Y11,MTe39,8,3,5,0,19,7,12,0
Dm8a,Tm36,7,1,6,0,19,3,16,0
Li09,LC10b,9,4,5,0,19,9,10,0
MLt6,MTe13,6,2,4,0,19,5,14,0
Tm5d,Tm25,6,2,4,0,19,10,9,0
Sm16,MTe30,5,3,2,0,19,11,8,0
Pm12,C3,9,4,5,0,19,8,11,0
Sm15,Tm27,9,6,3,0,19,12,7,0
Tlp5,cL18,8,7,1,0,19,17,2,0
Sm02,Tm5c,8,4,4,0,19,10,9,0
Tm7,LC10f,8,5,3,0,19,11,8,0
Pm07,LMa1,9,4,5,0,19,8,11,0
Tm20,Sm24,8,1,7,0,19,2,17,0
Sm12,MTe12,8,3,5,0,19,6,13,0
Dm18,Dm10,8,5,3,0,19,13,6,0
Li10,LTe44,8,5,3,0,19,13,6,0
Li17,LC28a,8,7,1,0,19,17,2,0
Li17,T5a,9,6,3,0,19,13,6,0
Tm32,LTe02,6,1,5,0,19,2,17,0
Li12,LT47,6,3,3,0,19,9,10,0
Sm07,Sm27,8,1,7,0,19,2,17,0
Sm20,CB0566,8,4,4,0,19,10,9,0
Tm3,Dm20,9,2,7,0,19,4,15,0
Tm27,LLPt,8,5,3,0,19,13,6,0
LMa5,LT83,6,1,5,0,19,7,12,0
Sm23,aMe17a2,8,6,2,0,19,14,5,0
T4d,Pm09,9,5,4,0,19,10,9,0
Tm2,Tm7,9,2,7,0,19,4,15,0
LPi05,Tm5f,8,2,6,0,19,4,15,0
Tm16,LC4,7,1,6,0,19,2,17,0
Tm16,DNp27,8,5,3,0,19,13,6,0
Tm5c,Li24,8,3,5,0,19,8,11,0
TmY3,Li14,8,3,5,0,19,6,13,0
TmY3,T5d,9,5,4,0,19,11,8,0
Tlp5,LT62,8,4,4,0,19,9,10,0
Tm25,Sm20,8,6,2,0,19,14,5,0
Tm5d,LLPt,5,1,4,0,19,2,17,0
T4b,T5a,8,2,6,0,19,4,15,0
Li18,Li24,7,3,4,0,19,7,12,0
Li18,TmY5a,9,4,5,0,19,8,11,0
TmY31,T5b,8,4,4,0,19,9,10,0
Tm25,Pm02,8,1,7,0,19,2,17,0
Tm7,LT47,6,3,3,0,19,11,8,0
MLt3,Mi13,9,4,5,0,19,8,11,0
Pm10,TmY3,9,3,6,0,19,6,13,0
Li17,cL21,9,4,5,0,19,9,10,0
TmY31,MTe50,8,2,6,0,19,4,15,0
Tm5d,Mi13,9,3,6,0,19,6,13,0
Tm16,aMe8,9,2,7,0,19,4,15,0
Sm31,Tm32,8,4,4,0,19,9,10,0
Li01,Li01,9,4,5,0,19,9,10,0
Li01,Tm5c,7,2,5,0,19,5,14,0
Dm8a,Dm13,9,6,3,0,19,13,6,0
TmY5a,T5b,8,2,6,0,19,4,15,0
Mi10,MTe54,8,4,4,0,19,9,10,0
TmY16,LPi04,5,2,3,0,19,4,15,0
Tm34,LTe57,6,3,3,0,19,8,11,0
Li04,LC10b,9,4,5,0,19,8,11,0
Sm09,LMa5,8,5,3,0,19,12,7,0
Sm09,Tm16,8,4,4,0,19,11,8,0
T3,T4c,6,2,4,0,19,7,12,0
TmY9q⊥,LC11,9,4,5,0,19,8,11,0
Tlp4,Tm32,9,4,5,0,19,9,10,0
Tm34,TmY31,9,4,5,0,19,9,10,0
T4a,Mi2,9,6,3,0,19,12,7,0
Tm7,LT65,7,5,2,0,19,11,8,0
TmY31,LCe01b,8,1,7,0,19,2,17,0
Mi4,R7,7,2,5,0,19,4,15,0
TmY11,CB0592,9,6,3,0,19,13,6,0
Li17,Y3,9,5,4,0,19,11,8,0
T5c,T2a,9,4,5,0,19,8,11,0
C3,Sm32,9,5,4,0,19,10,9,0
PDt,Pm11,7,2,5,0,19,6,13,0
LMa1,Li12,6,1,5,0,19,2,17,0
Sm12,MTe54,8,5,3,0,19,13,6,0
Li10,cL16,9,6,3,0,19,13,6,0
TmY5a,MTe02,8,6,2,0,19,14,5,0
MLt4,MTe47,7,2,5,0,19,7,12,0
Li12,LC10e,9,2,7,0,19,4,15,0
Tm32,LC14b,9,3,6,0,19,6,13,0
Y3,VST1,9,7,2,0,19,15,4,0
Sm41,aMe17b,4,2,2,0,19,7,12,0
Li13,LTe21,5,3,2,0,19,15,4,0
Y3,MTe53,9,4,5,0,19,9,10,0
Tm31,Dm4,4,2,2,0,19,15,4,0
Tm27,Tm20,7,1,6,0,19,2,17,0
Sm07,Pm13,6,4,2,0,19,14,5,0
LMa1,LT56,8,4,4,0,19,10,9,0
MLt1,PLP174,3,0,3,0,19,0,19,0
Sm05,Lawf1,5,4,1,0,19,15,4,0
MLt1,LTe75,8,5,3,0,19,12,7,0
MLt1,TmY14,7,5,2,0,19,14,5,0
Dm2,MeMe_e01,9,3,6,0,19,6,13,0
MLt3,aMe3,8,6,2,0,19,15,4,0
Mi4,L1,7,2,5,0,19,4,15,0
Tm8a,Dm3q,9,7,2,0,19,15,4,0
MLt1,TmY9q⊥,8,2,6,0,19,5,14,0
MLt6,LTe17,8,5,3,0,19,13,6,0
Tlp14,LC22,7,5,2,0,19,15,4,0
Sm15,Sm35,9,4,5,0,19,9,10,0
Tm36,LT58,7,4,3,0,19,9,10,0
Tm5c,LMa3,8,4,4,0,19,8,11,0
Li01,LTe57,8,5,3,0,19,12,7,0
TmY9q⊥,Tm3,8,3,5,0,19,7,12,0
Tm32,LTe63,7,2,5,0,19,6,13,0
Y12,LC12,9,5,4,0,19,11,8,0
LMt2,Pm13,9,7,2,0,19,15,4,0
Sm10,DmDRA1,7,2,5,0,19,5,14,0
Sm25,Sm28,8,6,2,0,19,14,5,0
Li03,TmY5a,7,3,4,0,19,8,11,0
Sm11,Sm36,7,2,5,0,19,4,15,0
Li05,OA-AL2b1,8,6,2,0,19,14,5,0
Tm7,LC36,7,3,4,0,19,9,10,0
Dm8a,MTe35,9,4,5,0,19,9,10,0
Tm16,LC18,7,2,5,0,19,4,15,0
Tm4,Tm37,7,0,7,0,19,0,19,0
Dm20,L4,8,6,2,0,19,14,5,0
T2,Tm5d,9,3,6,0,19,7,12,0
Tm35,LTe60,8,4,4,0,19,11,8,0
Y11,LPT30,8,3,5,0,19,9,10,0
Tm37,Sm31,8,3,5,0,19,8,11,0
TmY10,LC41,8,3,5,0,19,6,13,0
TmY31,MTe47,7,4,3,0,19,10,9,0
Sm07,OA-AL2i4,9,5,4,0,19,11,8,0
T5b,T4c,9,5,4,0,19,10,9,0
LMa4,MeLp1,8,3,5,0,19,7,12,0
Dm4,Tm4,6,1,5,0,19,2,17,0
Mi4,Y4,9,4,5,0,19,9,10,0
Sm22,MLt7,7,4,3,0,19,8,11,0
Tm36,LLPt,8,2,6,0,19,7,12,0
Dm2,Tm36,8,1,7,0,19,2,17,0
T5d,LPi14,9,2,7,0,19,4,15,0
LPi06,TmY16,9,6,3,0,19,13,6,0
L5,Sm04,7,1,6,0,19,4,15,0
Tm37,LC26,9,3,6,0,19,6,13,0
Tm37,LC11,9,5,4,0,19,11,8,0
Tm25,LT69,8,4,4,0,19,11,8,0
Tm27,Pm12,9,6,3,0,19,12,7,0
MLt3,Mi9,8,4,4,0,19,10,9,0
Li03,LTe05,6,1,5,0,19,3,16,0
Li10,LTe36,9,6,3,0,19,13,6,0
TmY9q,VCH,8,4,4,0,19,9,10,0
Sm20,Sm15,5,0,5,0,19,0,19,0
Tm33,LT51,8,2,6,0,19,4,15,0
LMt1,Tm5e,9,7,2,0,19,15,4,0
Sm22,Y3,7,3,4,0,19,8,11,0
Tm1,LPT26,7,4,3,0,19,10,9,0
Dm8a,MTe12,8,4,4,0,19,9,10,0
Tm33,MTe03,8,6,2,0,19,15,4,0
Tm5c,LTe30,8,3,5,0,19,7,12,0
LMt4,LC18,8,3,5,0,19,6,13,0
T2,MTe08,9,5,4,0,19,10,9,0
Tm21,LTe24,9,1,8,0,19,2,17,0
Tlp4,T3,8,3,5,0,19,9,10,0
Dm4,Sm15,3,0,3,0,19,0,19,0
Tm16,LTe24,9,4,5,0,19,9,10,0
LMa2,MTe42,5,4,1,0,19,17,2,0
LMa2,Li30,7,4,3,0,19,12,7,0
Sm09,TmY9q⊥,8,3,5,0,19,6,13,0
Tm35,LT37,8,5,3,0,19,12,7,0
Li09,Tm34,9,8,1,0,19,17,2,0
LMa1,Mi1,7,3,4,0,19,10,9,0
Sm14,Tm5a,9,4,5,0,19,8,11,0
TmY5a,Pm06,9,5,4,0,19,10,9,0
TmY9q⊥,LT80,8,5,3,0,19,12,7,0
LPi15,LPTe01,6,5,1,0,19,16,3,0
Tm8a,LMt2,8,2,6,0,19,5,14,0
Li05,LLPC3,4,2,2,0,19,9,10,0
TmY11,MLt1,7,5,2,0,19,14,5,0
Tm5b,MTe22,8,3,5,0,19,8,11,0
Sm15,Sm36,6,3,3,0,19,7,12,0
Tm7,MeTu4a,9,3,6,0,19,6,13,0
TmY11,LT64,8,5,3,0,19,10,9,0
Tm5c,L1,9,7,2,0,19,15,4,0
Tm34,LC37a,7,4,3,0,19,10,9,0
Li09,Li28,9,3,6,0,19,6,13,0
Dm8b,Mi9,2,1,1,0,19,4,15,0
MLt3,LT53,9,5,4,0,19,10,9,0
Li28,LTe29,4,2,2,0,19,11,8,0
Li28,LC10d,9,3,6,0,19,6,13,0
Li28,LLPt,7,3,4,0,19,8,11,0
Li11,LTe30,5,1,4,0,19,5,14,0
Tlp14,T5b,9,5,4,0,19,10,9,0
TmY14,TmY9q⊥,8,3,5,0,19,8,11,0
Pm07,C3,7,5,2,0,19,15,4,0
Li08,LC10b,9,4,5,0,19,9,10,0
Tm5c,L4,8,3,5,0,19,8,11,0
Pm14,TmY10,8,4,4,0,19,9,10,0
Pm14,TmY14,9,5,4,0,19,10,9,0
TmY4,Li24,9,5,4,0,19,10,9,0
TmY3,LTe01,6,4,2,0,19,14,5,0
TmY9q,T2,5,2,3,0,19,6,13,0
LMa4,C3,9,5,4,0,19,11,8,0
Pm04,Mi10,9,5,4,0,19,11,8,0
LPi04,TmY9q,5,3,2,0,19,6,13,0
TmY16,LMa4,6,5,1,0,19,17,2,0
Sm27,LT58,5,2,3,0,19,8,11,0
Li12,cL16,7,5,2,0,19,14,5,0
Dm11,Sm32,3,1,2,0,19,14,5,0
LMa4,Tm36,7,2,5,0,19,6,13,0
Tm8a,cLLP02,8,4,4,0,19,9,10,0
Tm35,LTe62,5,2,3,0,19,7,12,0
T4c,LPTe01,9,6,3,0,19,12,7,0
Dm19,Lawf1,8,7,1,0,19,17,2,0
LMa3,T5a,6,3,3,0,19,11,8,0
MLt8,Li33,7,4,3,0,19,12,7,0
Li31,LMt4,8,3,5,0,19,7,12,0
Li31,Y4,8,1,7,0,19,5,14,0
Li31,LC31c,2,1,1,0,19,15,4,0
Li31,LT80,4,2,2,0,19,9,10,0
Li31,Li19,4,2,2,0,19,9,10,0
Li08,LC40,8,6,2,0,19,15,4,0
Sm04,Tm8b,7,6,1,0,19,17,2,0
Dm8b,Sm36,7,2,5,0,19,5,14,0
Tm31,MLt6,9,4,5,0,19,8,11,0
Li24,Tm21,9,2,7,0,19,4,15,0
T4c,LMa3,9,5,4,0,19,11,8,0
MLt6,TmY5a,7,5,2,0,19,13,6,0
TmY5a,LTe60,6,2,4,0,19,11,8,0
Mi13,Tm27,9,3,6,0,19,6,13,0
Tm37,Tm37,9,6,3,0,19,12,7,0
Y11,LPT04_HST,8,6,2,0,19,14,5,0
R8,Tm1,6,1,5,0,19,3,16,0
Sm42,Sm33,4,3,1,0,19,10,9,0
Li25,LT87,4,2,2,0,19,10,9,0
Li05,LC11,7,3,4,0,19,11,8,0
TmY5a,T1,6,0,6,0,19,0,19,0
TmY20,Am1,7,6,1,0,19,17,2,0
Li12,LT85,5,3,2,0,19,12,7,0
Li27,LC31a,7,4,3,0,19,13,6,0
TmY31,T5a,7,6,1,0,19,16,3,0
T5c,TmY11,7,3,4,0,19,8,11,0
T2,LC6,8,6,2,0,19,14,5,0
Li09,LMa2,7,3,4,0,19,7,12,0
TmY20,LC43,8,7,1,0,19,17,2,0
LPi07,LPTe01,8,7,1,0,19,17,2,0
Li09,LTe64,7,4,3,0,19,11,8,0
TmY5a,L4,9,7,2,0,19,15,4,0
C3,cM07,9,6,3,0,19,13,6,0
Tm5c,TmY15,9,5,4,0,19,10,9,0
Dm19,MLt3,9,5,4,0,19,10,9,0
Tm5a,Sm13,8,4,4,0,19,9,10,0
Tm5a,Tm8a,7,3,4,0,19,10,9,0
Sm07,T2a,8,5,3,0,19,13,6,0
Tm5d,Sm19,9,6,3,0,19,13,6,0
Y11,LC14a2,7,3,4,0,19,11,8,0
Tm5f,Pm10,7,2,5,0,19,4,15,0
Li13,LT69,7,6,1,0,19,17,2,0
Li33,Li26,4,2,2,0,19,14,5,0
Li33,LTe73,2,1,1,0,19,10,9,0
Li33,LMt1,7,2,5,0,19,9,10,0
Li33,LT39,2,1,1,0,19,9,10,0
LPi07,LPi06,9,7,2,0,19,14,5,0
Li13,LTe74,6,3,3,0,19,11,8,0
Sm36,Sm35,7,4,3,0,19,12,7,0
Tm16,MC65,9,6,3,0,19,13,6,0
Sm35,Tm8b,8,7,1,0,19,17,2,0
Sm35,Sm06,8,3,5,0,19,7,12,0
Sm35,Sm19,9,3,6,0,19,6,13,0
Mi9,MLt8,4,2,2,0,19,7,12,0
LMa2,C2,6,4,2,0,19,15,4,0
Li16,LMt2,8,3,5,0,19,7,12,0
Sm08,Sm20,8,5,3,0,19,13,6,0
Sm02,MeTu3c,5,4,1,0,19,17,2,0
LPi03,TmY14,7,2,5,0,19,4,15,0
LMa1,Tm4,8,6,2,0,19,15,4,0
Li32,LPT30,2,1,1,0,19,6,13,0
Li32,LTe76,2,1,1,0,19,12,7,0
Sm35,MTe02,6,4,2,0,19,15,4,0
Sm35,MTe01a,8,7,1,0,19,17,2,0
Li13,LTe57,3,2,1,0,19,10,9,0
Li24,Li15,8,4,4,0,19,10,9,0
Sm06,Dm2,9,4,5,0,19,9,10,0
Dm10,Li12,1,0,1,0,19,0,19,0
TmY15,LT79,8,5,3,0,19,13,6,0
Dm9,Sm21,8,7,1,0,19,17,2,0
CT1,Pm04,7,6,1,0,19,16,3,0
Li24,LC20a,8,7,1,0,19,17,2,0
TmY11,LC10e,9,5,4,0,19,10,9,0
Mi2,Tm5e,9,8,1,0,19,17,2,0
Tm5b,MTe54,8,6,2,0,19,14,5,0
Tm16,MTe27,8,7,1,0,19,17,2,0
LPi02,Tlp5,8,6,2,0,19,15,4,0
LPi14,Nod2,3,2,1,0,19,9,10,0
Mi15,Sm19,7,5,2,0,19,12,7,0
Li06,LC12,9,3,6,0,19,7,12,0
Sm27,T2a,9,7,2,0,19,14,5,0
T5a,LC11,4,3,1,0,19,16,3,0
Tm25,LC10a,8,6,2,0,19,13,6,0
Tm5f,LT52,7,5,2,0,19,15,4,0
Li30,LC22,9,4,5,0,19,9,10,0
Li30,LCe03,7,3,4,0,19,11,8,0
Sm03,TmY10,8,6,2,0,19,15,4,0
TmY5a,MTe08,8,5,3,0,19,10,9,0
Li29,Tm36,8,4,4,0,19,11,8,0
T3,LT1b,5,4,1,0,19,16,3,0
Pm09,LPT54,8,6,2,0,19,14,5,0
Li23,LC36,4,3,1,0,19,16,3,0
LMa2,Y12,9,7,2,0,19,15,4,0
TmY20,Pm14,9,8,1,0,19,16,3,0
Li27,LT61b,3,2,1,0,19,13,6,0
LPi03,LPT23,6,4,2,0,19,10,9,0
Tm8b,LT64,7,6,1,0,19,17,2,0
MeMe_e01,Sm42,4,3,1,0,19,13,6,0
LTe58,Li33,3,1,2,0,19,9,10,0
LC21,LTe52,6,3,3,0,19,11,8,0
LC11,TmY15,7,4,3,0,19,10,9,0
LC16,TmY11,9,4,5,0,19,9,10,0
LT55,LTe32,1,0,1,0,19,0,19,0
LT55,MeTu4d,3,2,1,0,19,14,5,0
aMe5,Sm10,8,5,3,0,19,11,8,0
LC27,LTe75,7,4,3,0,19,11,8,0
LC40,LC20b,8,6,2,0,19,13,6,0
LC14b,Li29,7,4,3,0,19,11,8,0
LC10e,Li12,8,5,3,0,19,13,6,0
MeLp1,LPTe01,5,4,1,0,19,17,2,0
MeLp1,cMLLP01,2,2,0,0,19,19,0,0
LC21,T3,6,1,5,0,19,2,17,0
LPC1,TmY5a,8,5,3,0,19,12,7,0
cL22a,LTe07,2,1,1,0,19,5,14,0
cL22a,PLP241,2,0,2,0,19,0,19,0
MeMe_e01,Sm19,6,3,3,0,19,8,11,0
LTe49a,LPLC2,7,4,3,0,19,13,6,0
LT34,LTe14,2,1,1,0,19,12,7,0
LT34,Tm5b,7,3,4,0,19,6,13,0
LT34,TmY11,9,4,5,0,19,8,11,0
LT34,LC29,7,5,2,0,19,15,4,0
LPLC1,Y11,9,2,7,0,19,4,15,0
LC21,Li33,8,2,6,0,19,5,14,0
aMe5,Tm8a,9,7,2,0,19,14,5,0
MeMe_e02,aMe5,9,3,6,0,19,6,13,0
LT60,LLPC2,7,4,3,0,19,12,7,0
LT60,Li06,7,3,4,0,19,9,10,0
MeTu4a,MTe01b,9,6,3,0,19,13,6,0
LT43,LatB,5,3,2,0,19,12,7,0
LC14b,LC20a,5,4,1,0,19,16,3,0
LT82a,LC22,9,5,4,0,19,11,8,0
LT82a,Li25,6,1,5,0,19,2,17,0
LT82a,LMa2,8,4,4,0,19,9,10,0
LTe09,LTe37,4,2,2,0,19,11,8,0
LTe03,LTe13,3,2,1,0,19,8,11,0
LLPC1,LLPC3,8,5,3,0,19,12,7,0
LT78,PLP177,2,1,1,0,19,6,13,0
LT78,LC10a,9,3,6,0,19,6,13,0
LLPC3,LC6,8,2,6,0,19,4,15,0
cL16,LC20b,7,5,2,0,19,13,6,0
LC14b,LT81,5,3,2,0,19,13,6,0
LC25,LC6,9,3,6,0,19,7,12,0
LPC1,TmY9q⊥,6,1,5,0,19,3,16,0
aMe5,TmY31,8,0,8,0,19,0,19,0
cL14,Li09,8,3,5,0,19,7,12,0
cL14,cL16,3,2,1,0,19,13,6,0
LT52,Tm16,8,5,3,0,19,12,7,0
LT52,LTe28,4,2,2,0,19,8,11,0
LC31a,LC31a,5,3,2,0,19,9,10,0
cM01a,MTe01a,6,3,3,0,19,13,6,0
cM01a,Sm03,7,5,2,0,19,13,6,0
aMe17b,Sm19,9,2,7,0,19,4,15,0
aMe17b,Sm07,6,4,2,0,19,15,4,0
aMe17b,Sm20,9,6,3,0,19,13,6,0
H1,LPi12,4,2,2,0,19,11,8,0
MTe09,MeTu4a,9,4,5,0,19,9,10,0
MTe51,Tm36,8,4,4,0,19,9,10,0
LC25,Tm5b,9,7,2,0,19,15,4,0
LT62,LPLC1,9,3,6,0,19,6,13,0
CB0816,Tm9,8,4,4,0,19,11,8,0
LPTe02,Y3,9,1,8,0,19,2,17,0
cLP02,Y3,9,6,3,0,19,13,6,0
LT79,Li18,8,2,6,0,19,4,15,0
LC20b,LT70,7,4,3,0,19,11,8,0
LPT54,LT39,2,1,1,0,19,13,6,0
LPT54,LT77,1,0,1,0,19,0,19,0
LPT54,LPi15,2,1,1,0,19,4,15,0
LC14b,Li07,7,5,2,0,19,14,5,0
LC14b,LT72,4,1,3,0,19,5,14,0
LT57,LT63,8,3,5,0,19,6,13,0
LC40,LCe03,8,5,3,0,19,12,7,0
cL19,LTe62,3,2,1,0,19,15,4,0
LC9,Y3,5,4,1,0,19,17,2,0
MTe54,Sm09,7,5,2,0,19,15,4,0
LC28a,Li28,8,5,3,0,19,12,7,0
LC28a,LT55,6,3,3,0,19,8,11,0
MTe25,Sm05,8,7,1,0,19,15,4,0
MeTu4c,LTe72,7,4,3,0,19,12,7,0
LT70,LC26,6,4,2,0,19,14,5,0
LPLC1,LC22,8,4,4,0,19,9,10,0
aMe17b,MLt6,3,2,1,0,19,17,2,0
cM17,Tm5f,8,3,5,0,19,7,12,0
cLP03,Y3,7,3,4,0,19,8,11,0
LLPC1,LPi07,9,4,5,0,19,8,11,0
aMe10,Sm29,5,3,2,0,19,12,7,0
l-LNv,CB0816,7,0,0,7,19,0,0,19
l-LNv,Tm5c,9,3,6,0,19,6,13,0
DN1a,LT53,2,0,2,0,19,0,19,0
MTe54,LMa4,5,0,5,0,19,0,19,0
LT72,LC36,6,3,3,0,19,11,8,0
LPLC4,TmY11,9,5,4,0,19,11,8,0
LPC1,Y1,8,3,5,0,19,9,10,0
LC18,LC15,9,3,6,0,19,6,13,0
cL20,LMa3,6,2,4,0,19,8,11,0
cM08a,TmY5a,8,1,7,0,19,2,17,0
MeMe_e09,MTe22,3,2,1,0,19,12,7,0
LTe22,LC10e,8,6,2,0,19,15,4,0
LTe22,LTe70,2,1,1,0,19,17,2,0
LPLC4,LT53,9,3,6,0,19,7,12,0
cL18,LC29,9,6,3,0,19,13,6,0
aMe17c,TmY9q⊥,7,2,5,0,19,4,15,0
LPLC2,Y1,7,6,1,0,19,16,3,0
MTe12,aMe24,3,1,2,0,19,9,10,0
cM07,Li02,9,8,1,0,19,16,3,0
cM07,LTe13,2,1,1,0,19,14,5,0
LT81,CB3866,3,0,0,3,19,0,0,19
LT83,Tm36,8,2,6,0,19,6,13,0
LT83,Li06,8,2,6,0,19,4,15,0
LLPC3,LPLC2,9,1,8,0,19,2,17,0
LC20a,LTe53,5,2,3,0,19,10,9,0
mALD1,LTe38b,3,2,1,0,19,14,5,0
LPLC2,LTe66,6,5,1,0,19,16,3,0
cLLP02,LC28a,9,6,3,0,19,13,6,0
cLLP02,LC10e,9,6,3,0,19,13,6,0
LT63,Tm16,8,2,6,0,19,5,14,0
LPLC2,T5d,9,5,4,0,19,10,9,0
LTe26,Tm33,3,1,2,0,19,3,16,0
CB3833,Pm09,4,0,4,0,19,0,19,0
MTe53,Sm18,6,3,3,0,19,7,12,0
LTe54,OA-AL2b1,2,0,2,0,19,0,19,0
MeMe_e07,Dm4,8,6,2,0,19,15,4,0
LC28a,TmY9q⊥,9,7,2,0,19,15,4,0
LTe04,LT72,2,1,1,0,19,10,9,0
LC28a,cM08c,7,4,3,0,19,12,7,0
cL17,LTe45,3,2,1,0,19,8,11,0
cLLPM01,Tm25,8,5,3,0,19,12,7,0
MeMe_e07,MTe44,6,1,5,0,19,6,13,0
LTe20,LT74,5,2,3,0,19,5,14,0
LPT28,cM15,3,1,0,2,19,5,0,14
LC37a,Li18,8,1,7,0,19,3,16,0
mALD2,MTe53,3,2,1,0,19,13,6,0
LCe02,Tm31,7,4,3,0,19,12,7,0
OA-AL2b1,LT68,4,2,2,0,19,8,11,0
LC14a1,LC10c,9,2,7,0,19,4,15,0
cMLLP02,Y3,9,5,4,0,19,11,8,0
LT68,LT51,6,3,3,0,19,11,8,0
LTe64,LC14a1,3,1,2,0,19,7,12,0
LC39,LC15,6,5,1,0,19,17,2,0
OA-AL2i2,LC14b,9,6,3,0,19,13,6,0
LC10f,LC10e,4,2,2,0,19,12,7,0
cL01,Li10,7,2,5,0,19,4,15,0
LLPC1,TmY4,8,6,2,0,19,15,4,0
MTe47,AVLP151,3,3,0,0,19,19,0,0
MTe47,cL21,5,2,3,0,19,7,12,0
LC20b,LTe65,6,5,1,0,19,15,4,0
LC15,Tm5a,5,0,5,0,19,0,19,0
cML02,LC4,4,2,2,0,19,11,8,0
LC16,Tm20,8,2,6,0,19,4,15,0
LT40,LC35,6,4,2,0,19,11,8,0
MeMe_e10,R7,3,0,3,0,19,0,19,0
LC22,LC9,7,2,5,0,19,5,14,0
aMe17a2,MTe21,2,1,1,0,19,4,15,0
aMe17a2,Mi15,9,6,3,0,19,12,7,0
aMe17a2,MTe48,2,1,1,0,19,12,7,0
mALC5,Tm7,9,3,6,0,19,6,13,0
mALC5,LT36,2,1,1,0,19,6,13,0
mALC5,LC10c,6,3,3,0,19,9,10,0
mALC5,cM10,2,1,1,0,19,17,2,0
LPT22,LPi13,2,1,1,0,19,17,2,0
MTe52,Pm02,7,2,5,0,19,4,15,0
OA-ASM1,MTe08,9,5,4,0,19,10,9,0
OA-ASM1,LT79,7,3,4,0,19,9,10,0
OA-ASM1,cM16,5,3,2,0,19,10,9,0
OA-ASM1,MTe41,6,4,2,0,19,14,5,0
LT1b,LT82a,5,3,2,0,19,12,7,0
LC41,LT59,4,2,2,0,19,8,11,0
LT86,cL18,1,0,1,0,19,0,19,0
cM08c,cL17,4,2,2,0,19,6,13,0
LPLC1,vCal1,7,3,4,0,19,8,11,0
LT68,LC10e,7,3,4,0,19,8,11,0
MTe36,MeTu4a,5,4,1,0,19,16,3,0
LT56,LT1b,2,1,1,0,19,13,6,0
LT56,LT1a,2,1,1,0,19,8,11,0
LCe01a,LTe38c,6,5,1,0,19,17,2,0
MTe37,aMe26,5,3,2,0,19,11,8,0
MTe37,5-HTPMPV03,4,2,2,0,19,13,6,0
OA-AL2b2,Dm3q,8,3,5,0,19,6,13,0
aMe10,PLP215,2,0,2,0,19,0,19,0
LT61b,LT66,2,1,1,0,19,10,9,0
LC16,Tm36,8,6,2,0,19,13,6,0
VS5,T4a,8,6,2,0,19,14,5,0
cL06,LT75,2,1,1,0,19,11,8,0
cL06,Tm32,8,3,5,0,19,6,13,0
cM12,Sm15,7,3,4,0,19,10,9,0
LC24,LC14a1,6,5,1,0,19,16,3,0
LPT29,LPi05,8,7,1,0,19,17,2,0
LC28a,TmY14,6,0,6,0,19,0,19,0
LC21,Li29,6,5,1,0,19,16,3,0
aMe22,Sm06,6,3,3,0,19,11,8,0
cL22b,OA-ASM1,3,0,3,0,19,0,19,0
cL22b,LLPC1,3,2,1,0,19,11,8,0
LT85,PLP251,2,1,1,0,19,9,10,0
cM01b,Sm19,7,5,2,0,19,15,4,0
cM01b,MeMe_e04,3,2,1,0,19,13,6,0
cM14,CB0566,2,1,1,0,19,10,9,0
cM14,TmY10,9,5,4,0,19,10,9,0
cM14,MTe54,6,3,3,0,19,11,8,0
cLP04,LLPC3,7,6,1,0,19,16,3,0
MeTu4b,LTe73,7,2,5,0,19,4,15,0
VST2,Am1,5,3,2,0,19,15,4,0
MTe17,Sm41,3,1,2,0,19,11,8,0
LT80,LC11,6,0,6,0,19,0,19,0
LPT49,LPi07,9,4,5,0,19,8,11,0
cM03,Sm43,7,4,3,0,19,11,8,0
LT76,cLLPM02,2,1,1,0,19,7,12,0
mALC4,LMt2,8,2,6,0,19,5,14,0
mALC4,LT61a,2,1,1,0,19,7,12,0
MTe40,LT58,2,1,1,0,19,7,12,0
PLP032,PLP217,2,0,1,1,19,0,7,12
cL11,LC40,5,3,2,0,19,6,13,0
cL11,Li33,2,1,1,0,19,7,12,0
cL11,Li05,8,5,3,0,19,12,7,0
LC10b,cL14,6,5,1,0,19,17,2,0
OA-AL2i1,Y3,9,4,5,0,19,9,10,0
cM15,TmY3,9,3,6,0,19,6,13,0
cM15,Pm12,4,2,2,0,19,12,7,0
cM15,Tm35,7,2,5,0,19,8,11,0
OA-AL2i4,Tm7,8,4,4,0,19,10,9,0
cL17,cL13,2,1,1,0,19,10,9,0
aMe3,aMe17a2,2,1,1,0,19,2,17,0
cM05,LPT54,2,1,1,0,19,8,11,0
LPT57,LPi15,2,1,1,0,19,11,8,0
LC19,LT53,3,0,3,0,19,0,19,0
LC19,LTe21,1,0,1,0,19,0,19,0
LC20b,LC19,7,6,1,0,19,14,5,0
LPLC1,LPi11,8,7,1,0,19,16,3,0
MC65,cM03,6,5,1,0,19,17,2,0
cL04,LT57,6,4,2,0,19,14,5,0
MTe01a,cM01c,3,2,1,0,19,13,6,0
LT58,LC37a,5,4,1,0,19,16,3,0
LT58,LT77,5,3,2,0,19,10,9,0
LT58,Li28,4,2,2,0,19,13,6,0
LT58,Sm37,2,1,1,0,19,12,7,0
LC22,LC31a,6,5,1,0,19,17,2,0
LPT21,TmY14,5,0,5,0,19,0,19,0
MTe18,cL08,3,1,2,0,19,7,12,0
LPLC4,LCe07,6,2,4,0,19,5,14,0
aMe25,MTe28,2,1,1,0,19,8,11,0
LNda,aMe22,2,1,1,0,19,12,7,0
cML01,Tm21,8,3,5,0,19,7,12,0
cML01,Li24,7,4,3,0,19,10,9,0
cML01,MeLp2,2,1,1,0,19,15,4,0
LTe53,LLPt,7,3,4,0,19,9,10,0
MTe30,MeMe_e06,3,1,2,0,19,7,12,0
cL05,LCe01b,5,2,3,0,19,7,12,0
cL05,LC20b,4,2,2,0,19,7,12,0
MTe02,Sm10,9,8,1,0,19,17,2,0
LTe49e,cL11,3,1,1,1,19,9,5,5
aMe19b,LMTe01,2,0,2,0,19,0,19,0
cMLLP01,Nod5,2,0,0,2,19,0,0,19
cL13,LTe61,2,1,1,0,19,13,6,0
VS2,LPi07,7,5,2,0,19,15,4,0
LPT47_vCal2,PLP163,1,0,0,1,19,0,0,19
aMe17a1,aMe5,7,6,1,0,19,13,6,0
aMe19a,MTe20,2,1,1,0,19,13,6,0
LC31c,LC11,6,4,2,0,19,14,5,0
vCal1,PLP103b,2,1,0,1,19,5,0,14
LTe49b,LC19,5,0,5,0,19,0,19,0
MTe38,aMe12,2,1,1,0,19,8,11,0
LTe21,MTe43,2,1,1,0,19,8,11,0
LT39,Li27,4,2,2,0,19,11,8,0
cM16,Y11,6,4,2,0,19,11,8,0
cM16,MTe54,8,5,3,0,19,12,7,0
LPT53,LPT42_Nod4,2,1,1,0,19,11,8,0
PLP215,LC28a,5,3,2,0,19,8,11,0
cLP03,LPi01,7,3,4,0,19,10,9,0
Li02,LC26,7,7,0,0,19,19,0,0
Y11,VS8,7,7,0,0,19,19,0,0
Tlp5,LMa2,5,5,0,0,19,19,0,0
TmY11,Sm06,2,2,0,0,19,19,0,0
Pm14,T3,9,9,0,0,19,19,0,0
Pm14,TmY20,7,7,0,0,19,19,0,0
LMa1,T5c,9,9,0,0,19,19,0,0
Sm21,Li11,4,4,0,0,19,19,0,0
PLP249,LPT23,2,2,0,0,19,19,0,0
LPC2,LTe63,6,6,0,0,19,19,0,0
LTe43,AOTU026,3,3,0,0,19,19,0,0
LHPV2i2a,cLLPM02,1,1,0,0,19,19,0,0
LAL047,LC35,1,1,0,0,19,19,0,0
LC20a,LT68,6,6,0,0,19,19,0,0
LPT52,CB0734,1,1,0,0,19,19,0,0
LT38,LCe06,3,3,0,0,19,19,0,0
PLP023,LTe17,1,1,0,0,19,19,0,0
Nod1,cM11,2,0,0,2,19,0,0,19
DNpe053,AVLP593,1,1,0,0,19,19,0,0
LTe57,PLP239,1,1,0,0,19,19,0,0
LT85,PLP239,1,1,0,0,19,19,0,0
MTe44,PLP150a,1,1,0,0,19,19,0,0
cL02a,Li09,5,5,0,0,19,19,0,0
LC28a,T2a,6,6,0,0,19,19,0,0
PLP163,LT78,2,2,0,0,19,19,0,0
LPi09,LC28a,3,0,3,0,18,0,18,0
Tm27,LT1c,6,3,3,0,18,10,8,0
Tm9,Tm7,7,5,2,0,18,10,8,0
LPi06,T4a,9,5,4,0,18,10,8,0
L5,Lai,8,5,3,0,18,11,7,0
Mi9,cML01,8,4,4,0,18,9,9,0
Tm5b,Tm1,5,3,2,0,18,11,7,0
Tm5b,T2a,8,4,4,0,18,9,9,0
Tm1,Mi15,6,3,3,0,18,10,8,0
T2a,Mi14,7,3,4,0,18,6,12,0
Y4,LT76,9,1,8,0,18,2,16,0
Tm33,Li10,6,1,5,0,18,6,12,0
Dm3q,TmY11,8,1,7,0,18,2,16,0
Dm8b,MeTu3c,7,3,4,0,18,7,11,0
Li07,LCe01b,7,3,4,0,18,8,10,0
Li20,Li31,5,2,3,0,18,6,12,0
Mi4,LMt2,9,5,4,0,18,10,8,0
Li05,Li31,8,5,3,0,18,12,6,0
TmY4,T5c,8,4,4,0,18,10,8,0
MLt6,LCe02,8,1,7,0,18,3,15,0
MLt6,LC24,6,4,2,0,18,13,5,0
Sm05,TmY5a,6,2,4,0,18,4,14,0
Sm19,MTe25,7,3,4,0,18,10,8,0
Li02,LTe49f,6,4,2,0,18,11,7,0
L5,Tm5f,9,4,5,0,18,8,10,0
Li21,LLPt,8,6,2,0,18,12,6,0
R8,Dm4,8,5,3,0,18,12,6,0
MLt3,LMt3,9,6,3,0,18,12,6,0
Li08,LT47,7,4,3,0,18,9,9,0
L4,Dm1,8,2,6,0,18,4,14,0
Y11,LTe18,8,4,4,0,18,8,10,0
Sm05,Li12,3,0,3,0,18,0,18,0
Sm12,Tm33,8,4,4,0,18,9,9,0
Sm30,Sm30,5,3,2,0,18,8,10,0
MLt4,LC11,7,2,5,0,18,5,13,0
T4b,LPi11,8,1,7,0,18,2,16,0
Tm32,LTe09,7,3,4,0,18,9,9,0
Tm36,Sm05,9,4,5,0,18,8,10,0
Tm9,LPLC1,5,1,4,0,18,4,14,0
LPi06,LPC1,8,1,7,0,18,2,16,0
TmY5a,MTe22,8,2,6,0,18,4,14,0
C2,TmY3,8,2,6,0,18,4,14,0
Y11,Li06,6,2,4,0,18,7,11,0
TmY10,LT85,9,5,4,0,18,10,8,0
TmY10,LT77,8,3,5,0,18,8,10,0
Pm01,T4c,6,2,4,0,18,9,9,0
Sm07,Tm25,8,5,3,0,18,11,7,0
Tm36,Mi2,9,7,2,0,18,14,4,0
T5b,Y3,8,4,4,0,18,8,10,0
Tm34,MTe23,8,4,4,0,18,10,8,0
Tm8b,TmY9q,8,4,4,0,18,9,9,0
Sm32,Tm5c,7,1,6,0,18,3,15,0
Li17,LT61b,7,3,4,0,18,6,12,0
Li17,LT61a,7,2,5,0,18,4,14,0
T2a,LT61a,9,2,7,0,18,4,14,0
Mi13,Pm14,8,2,6,0,18,4,14,0
Pm04,MTe54,8,2,6,0,18,4,14,0
Li03,LPLC4,7,2,5,0,18,4,14,0
Tm7,LC19,7,1,6,0,18,6,12,0
MLt5,Pm14,7,5,2,0,18,11,7,0
T5c,Tm1,8,1,7,0,18,2,16,0
R8,Tm5a,5,3,2,0,18,14,4,0
TmY10,LC26,7,2,5,0,18,4,14,0
Tlp5,LPi10,8,3,5,0,18,7,11,0
Sm07,MTe50,8,6,2,0,18,14,4,0
LPi05,TmY4,9,2,7,0,18,4,14,0
Dm10,MeMe_e07,8,3,5,0,18,6,12,0
Sm10,MLt7,8,2,6,0,18,4,14,0
TmY31,LT70,8,2,6,0,18,4,14,0
Li12,LTe02,5,2,3,0,18,8,10,0
Lawf2,Tm21,8,5,3,0,18,12,6,0
MLt2,Dm10,8,5,3,0,18,12,6,0
MLt2,LTe48,9,2,7,0,18,4,14,0
Tm5d,LTe42a,6,3,3,0,18,8,10,0
Tlp5,LC4,8,6,2,0,18,14,4,0
LMt4,Li21,7,4,3,0,18,9,9,0
Sm19,MeTu1,6,1,5,0,18,2,16,0
MLt3,Dm10,7,5,2,0,18,11,7,0
MLt3,Tm5c,7,5,2,0,18,13,5,0
Dm8a,MTe07,8,3,5,0,18,8,10,0
T5b,Tm1,9,4,5,0,18,8,10,0
T4c,T3,7,3,4,0,18,6,12,0
Dm8a,Sm32,7,4,3,0,18,8,10,0
TmY4,T5d,8,3,5,0,18,8,10,0
MLt1,Tm8b,5,0,5,0,18,0,18,0
TmY9q⊥,LC31a,5,2,3,0,18,12,6,0
LMa4,TmY9q,7,2,5,0,18,4,14,0
TmY10,Sm01,9,7,2,0,18,14,4,0
Tm20,Li15,7,4,3,0,18,10,8,0
TmY14,Y4,8,3,5,0,18,8,10,0
Dm2,TmY11,7,5,2,0,18,14,4,0
LPi07,LC14b,8,5,3,0,18,12,6,0
TmY4,LC41,8,2,6,0,18,4,14,0
Tm31,MTe33,7,5,2,0,18,12,6,0
PDt,Mi1,8,2,6,0,18,4,14,0
LMt4,T3,7,5,2,0,18,13,5,0
LMa1,LLPC2,9,6,3,0,18,12,6,0
Mi4,LMt3,9,4,5,0,18,8,10,0
R7,L2,9,6,3,0,18,12,6,0
Li26,LT82a,7,2,5,0,18,6,12,0
MLt5,Mi9,9,3,6,0,18,6,12,0
T4b,LPi13,8,0,8,0,18,0,18,0
Li12,LC34,6,1,5,0,18,2,16,0
LMt3,MeMe_e08,8,5,3,0,18,10,8,0
Tm16,LT61a,8,4,4,0,18,9,9,0
Li21,LT83,6,4,2,0,18,14,4,0
TmY10,cM08c,8,2,6,0,18,5,13,0
Tm4,TmY20,8,1,7,0,18,2,16,0
Dm11,MTe12,7,3,4,0,18,8,10,0
Tlp1,Li13,2,0,2,0,18,0,18,0
TmY16,LLPt,7,3,4,0,18,6,12,0
TmY16,TmY4,8,1,7,0,18,2,16,0
TmY16,Mi2,8,5,3,0,18,11,7,0
MLt5,LT85,6,3,3,0,18,7,11,0
Tm31,Sm03,8,4,4,0,18,10,8,0
TmY9q⊥,Tm5a,9,3,6,0,18,6,12,0
Tm3,LC14a2,5,1,4,0,18,2,16,0
MLt1,LTe02,7,5,2,0,18,12,6,0
MLt1,Tm5f,8,2,6,0,18,4,14,0
MLt1,LTe07,5,1,4,0,18,3,15,0
Tm7,T2,5,1,4,0,18,6,12,0
C2,CT1,6,4,2,0,18,9,9,0
Tm25,LLPt,7,1,6,0,18,3,15,0
Tlp14,LPi14,8,5,3,0,18,12,6,0
MLt3,Li06,9,4,5,0,18,8,10,0
Sm02,MeMe_e01,7,1,6,0,18,2,16,0
Tm5d,TmY10,8,7,1,0,18,15,3,0
Sm10,MTe14,6,3,3,0,18,10,8,0
MLt1,TmY15,6,3,3,0,18,8,10,0
Y4,MTe08,9,6,3,0,18,12,6,0
TmY31,Tm31,6,1,5,0,18,6,12,0
Sm25,Sm15,8,1,7,0,18,2,16,0
Mi2,MTe44,8,2,6,0,18,5,13,0
T3,Tm36,4,1,3,0,18,3,15,0
Tm5f,LTe24,8,4,4,0,18,9,9,0
Li22,LC31b,5,2,3,0,18,4,14,0
Pm06,Mi4,5,1,4,0,18,2,16,0
Li01,LTe23,8,3,5,0,18,8,10,0
LMt3,MeLp2,7,4,3,0,18,9,9,0
Tm9,LLPC1,4,0,4,0,18,0,18,0
LMa5,MTe54,6,3,3,0,18,12,6,0
TmY4,LC25,6,2,4,0,18,4,14,0
Dm8a,MeMe_e07,9,6,3,0,18,12,6,0
Tm25,LC18,9,3,6,0,18,6,12,0
TmY10,MLt2,8,5,3,0,18,12,6,0
Tm5e,LTe49d,7,3,4,0,18,8,10,0
Li03,LC36,7,4,3,0,18,9,9,0
TmY10,Tm2,7,5,2,0,18,12,6,0
Dm2,Tm20,8,4,4,0,18,8,10,0
TmY3,Tlp14,8,3,5,0,18,7,11,0
Tlp1,LC12,9,4,5,0,18,8,10,0
Tm25,LT66,6,5,1,0,18,16,2,0
TmY9q,R7,1,0,1,0,18,0,18,0
L4,PDt,9,4,5,0,18,8,10,0
Tm16,Dm2,8,4,4,0,18,8,10,0
TmY4,Mi9,8,3,5,0,18,8,10,0
Tm5a,LT51,6,1,5,0,18,2,16,0
T2a,LC6,8,3,5,0,18,7,11,0
Tm5f,LC10e,8,3,5,0,18,6,12,0
Tm33,LC10b,9,4,5,0,18,8,10,0
Tm37,cL14,8,4,4,0,18,10,8,0
LMt4,Li31,8,4,4,0,18,9,9,0
TmY20,LTe38c,7,5,2,0,18,14,4,0
Dm8b,MTe12,6,3,3,0,18,8,10,0
Dm10,Li06,4,0,4,0,18,0,18,0
R7,Sm24,9,7,2,0,18,14,4,0
Li22,TmY5a,9,3,6,0,18,6,12,0
Y3,LT70,6,1,5,0,18,2,16,0
TmY20,LPT23,7,2,5,0,18,4,14,0
Li18,Pm01,4,0,4,0,18,0,18,0
Tm8b,Y3,7,4,3,0,18,11,7,0
Dm4,MTe07,6,2,4,0,18,4,14,0
LPi07,LPT21,5,1,4,0,18,2,16,0
LMa3,Li32,4,2,2,0,18,10,8,0
LMt3,MTe13,7,3,4,0,18,8,10,0
Y11,Nod2,9,5,4,0,18,10,8,0
LMa4,Sm32,7,3,4,0,18,7,11,0
LMa4,Li22,8,5,3,0,18,10,8,0
LMt1,LC14a1,8,5,3,0,18,11,7,0
LMt1,TmY11,9,3,6,0,18,6,12,0
TmY11,Tm1,6,0,6,0,18,0,18,0
Li02,Y1,7,4,3,0,18,12,6,0
Sm26,Sm02,9,4,5,0,18,8,10,0
Tm5f,Mi2,9,6,3,0,18,12,6,0
TmY31,MTe28,8,2,6,0,18,5,13,0
Li11,LTe42b,1,0,1,0,18,0,18,0
Li16,LC16,8,3,5,0,18,7,11,0
Li05,LC25,8,0,8,0,18,0,18,0
Sm08,MeTu3c,7,5,2,0,18,13,5,0
Dm3q,TmY5a,8,4,4,0,18,8,10,0
LMa3,LTe13,5,2,3,0,18,8,10,0
Mi1,Dm11,8,2,6,0,18,5,13,0
Dm2,Sm39,7,4,3,0,18,8,10,0
Mi14,Pm02,6,3,3,0,18,6,12,0
Li18,LCe03,6,4,2,0,18,13,5,0
Dm15,TmY9q⊥,5,1,4,0,18,2,16,0
Y12,Mi14,9,4,5,0,18,8,10,0
TmY20,TmY4,8,5,3,0,18,10,8,0
T4c,LPT30,8,4,4,0,18,8,10,0
C2,Dm10,6,3,3,0,18,12,6,0
MLt4,MTe28,7,6,1,0,18,16,2,0
Li10,LT86,8,4,4,0,18,8,10,0
Tm5c,LPT31,7,4,3,0,18,8,10,0
Y12,LPT27,7,3,4,0,18,7,11,0
Tm5c,LT39,7,2,5,0,18,8,10,0
Dm3v,T5d,5,0,5,0,18,0,18,0
TmY9q⊥,Tm5b,7,3,4,0,18,6,12,0
LPi15,LLPC2,7,3,4,0,18,7,11,0
Tm27,LT83,6,3,3,0,18,9,9,0
TmY9q⊥,LC10a,7,4,3,0,18,12,6,0
TmY5a,LPT26,8,7,1,0,18,16,2,0
Dm8b,MTe48,7,6,1,0,18,16,2,0
Tm21,MTe54,9,6,3,0,18,12,6,0
Mi2,OA-AL2i3,9,6,3,0,18,12,6,0
Tm5c,LCe01,6,4,2,0,18,12,6,0
Li01,LC14b,8,4,4,0,18,8,10,0
L4,Tm34,8,3,5,0,18,6,12,0
MLt2,Tm5e,8,4,4,0,18,10,8,0
Pm07,Tm5f,8,2,6,0,18,4,14,0
Tm25,Pm01,8,6,2,0,18,14,4,0
MLt5,MTe24,5,2,3,0,18,6,12,0
Tlp1,TmY9q,7,0,7,0,18,0,18,0
Sm07,TmY4,8,2,6,0,18,5,13,0
Tm37,Dm8b,7,0,7,0,18,0,18,0
TmY10,LC31a,7,1,6,0,18,2,16,0
Mi15,L5,6,2,4,0,18,5,13,0
MLt2,TmY20,6,4,2,0,18,13,5,0
Li28,LT74,6,2,4,0,18,6,12,0
Li28,LCe01b,6,2,4,0,18,8,10,0
Mi4,Li06,7,1,6,0,18,4,14,0
Li01,MeTu4c,7,3,4,0,18,9,9,0
Tm8a,Li04,7,5,2,0,18,14,4,0
Pm14,TmY4,7,4,3,0,18,9,9,0
Li11,TmY16,8,4,4,0,18,10,8,0
LPi07,Tm27,8,3,5,0,18,6,12,0
TmY10,aMe20,8,4,4,0,18,8,10,0
Dm2,aMe9,8,6,2,0,18,13,5,0
LMa3,Tm36,8,5,3,0,18,11,7,0
LMa3,Tm25,8,3,5,0,18,8,10,0
Li10,LCe09,4,1,3,0,18,2,16,0
Li31,Li33,2,1,1,0,18,10,8,0
Li31,Li30,2,1,1,0,18,10,8,0
Li31,LT83,2,1,1,0,18,3,15,0
TmY31,LC9,7,5,2,0,18,14,4,0
Sm39,MeTu3b,8,2,6,0,18,4,14,0
TmY31,LC34,6,1,5,0,18,4,14,0
Li13,Li12,8,6,2,0,18,13,5,0
Sm30,Sm17,8,5,3,0,18,12,6,0
Dm2,Y4,7,3,4,0,18,7,11,0
MLt8,Tm16,7,4,3,0,18,11,7,0
MLt4,Tm4,7,4,3,0,18,9,9,0
Li10,LT83,7,5,2,0,18,14,4,0
Tm5c,LC10a,7,3,4,0,18,7,11,0
Sm42,Lawf2,8,4,4,0,18,9,9,0
Sm42,MTe12,3,1,2,0,18,2,16,0
Sm42,MeMe_e02,7,4,3,0,18,10,8,0
Tm5c,Dm16,8,3,5,0,18,7,11,0
Sm08,Pm05,7,5,2,0,18,11,7,0
Li01,LC14a1,7,3,4,0,18,6,12,0
TmY9q,LMa5,8,5,3,0,18,11,7,0
TmY10,LT36,8,6,2,0,18,13,5,0
Li27,Tm21,8,2,6,0,18,6,12,0
Tm27,LTe64,6,5,1,0,18,16,2,0
Li09,LLPC3,8,6,2,0,18,14,4,0
Li05,Li18,8,5,3,0,18,12,6,0
Tm7,LC26,8,3,5,0,18,7,11,0
Sm33,MeMe_e04,5,4,1,0,18,16,2,0
Tm5c,aMe9,9,6,3,0,18,12,6,0
LPi12,LPi02,8,5,3,0,18,11,7,0
Tm32,LTe54,9,5,4,0,18,10,8,0
Pm05,MLt6,7,4,3,0,18,9,9,0
TmY14,LMa3,8,7,1,0,18,16,2,0
Sm03,MC65,9,8,1,0,18,16,2,0
Tm3,CT1,7,6,1,0,18,16,2,0
Li33,LTe33,4,1,3,0,18,4,14,0
Li33,LT75,2,1,1,0,18,9,9,0
Li33,LTe35,2,1,1,0,18,9,9,0
Li33,cL14,2,1,1,0,18,5,13,0
Pm14,Tlp4,6,5,1,0,18,16,2,0
Sm21,aMe4,8,5,3,0,18,12,6,0
Sm36,Sm32,8,2,6,0,18,4,14,0
TmY3,Sm05,8,3,5,0,18,8,10,0
TmY10,LC20a,6,4,2,0,18,13,5,0
Pm13,Tm31,8,4,4,0,18,10,8,0
Tm3,LC20b,6,2,4,0,18,4,14,0
Sm35,TmY31,8,6,2,0,18,12,6,0
Tm16,MTe03,6,5,1,0,18,15,3,0
LPi03,LPT47_vCal2,5,3,2,0,18,10,8,0
Sm38,Mi15,7,1,6,0,18,2,16,0
Li32,LC35,5,3,2,0,18,12,6,0
Li32,OA-ASM1,6,3,3,0,18,10,8,0
Sm34,Dm2,9,4,5,0,18,8,10,0
Tm33,TmY31,7,6,1,0,18,15,3,0
Tm5e,Sm29,9,7,2,0,18,14,4,0
Mi2,TmY31,6,4,2,0,18,11,7,0
TmY9q⊥,Mi14,6,4,2,0,18,11,7,0
LMt4,Pm05,9,3,6,0,18,6,12,0
TmY20,LTe74,6,4,2,0,18,14,4,0
Sm05,MLt3,8,6,2,0,18,14,4,0
Sm14,Sm42,7,5,2,0,18,12,6,0
Sm09,TmY5a,9,6,3,0,18,12,6,0
C2,Pm08,6,2,4,0,18,8,10,0
Dm3p,LC14b,6,5,1,0,18,15,3,0
Am1,Nod3,2,1,1,0,18,7,11,0
MLt1,aMe25,4,3,1,0,18,14,4,0
TmY10,Mi1,7,3,4,0,18,6,12,0
Mi15,Tm34,9,6,3,0,18,12,6,0
Tm36,Sm31,8,6,2,0,18,14,4,0
Mi10,cM09,8,6,2,0,18,14,4,0
R8,TmY10,7,4,3,0,18,8,10,0
T2,OA-AL2i2,7,6,1,0,18,16,2,0
MLt2,Dm8a,6,0,6,0,18,0,18,0
Li30,LTe19,2,1,1,0,18,8,10,0
Li30,LT63,3,1,2,0,18,6,12,0
Li30,LT69,2,1,1,0,18,10,8,0
Li30,LT47,2,1,1,0,18,3,15,0
MLt8,Sm34,7,6,1,0,18,16,2,0
LMa2,Sm11,5,4,1,0,18,15,3,0
TmY16,C2,4,3,1,0,18,16,2,0
LMa2,LCe01b,7,5,2,0,18,13,5,0
Li29,Tlp5,9,7,2,0,18,14,4,0
LPi13,VS4,2,1,1,0,18,10,8,0
Li10,Tm5a,5,2,3,0,18,4,14,0
Y1,VST2,8,7,1,0,18,15,3,0
Sm43,Mi14,7,6,1,0,18,16,2,0
Tlp5,Nod5,6,5,1,0,18,16,2,0
Li23,LC14a2,5,3,2,0,18,9,9,0
Li23,LCe03,7,5,2,0,18,12,6,0
Tm35,Y3,7,4,3,0,18,10,8,0
Sm09,MTe47,7,6,1,0,18,16,2,0
Li27,LC31b,4,3,1,0,18,14,4,0
TmY20,LPC2,7,6,1,0,18,15,3,0
MeMe_e01,MeTu4d,7,6,1,0,18,16,2,0
cLP02,VSm,8,1,7,0,18,2,16,0
aMe5,aMe25,7,3,4,0,18,9,9,0
aMe5,Sm41,8,6,2,0,18,14,4,0
LC27,LC10b,7,3,4,0,18,8,10,0
MeTu4c,Sm07,9,5,4,0,18,10,8,0
LC10b,LC28a,6,3,3,0,18,11,7,0
LC40,LC10e,8,4,4,0,18,10,8,0
LC40,LC33a,7,2,5,0,18,4,14,0
LC4,Li15,9,6,3,0,18,12,6,0
cM09,Pm14,5,3,2,0,18,12,6,0
LC15,Li17,8,5,3,0,18,12,6,0
cL22a,Li33,2,1,1,0,18,4,14,0
LC14a1,TmY9q⊥,6,3,3,0,18,11,7,0
LCe03,TmY31,7,3,4,0,18,8,10,0
LT34,Tm7,5,2,3,0,18,5,13,0
LT34,LC10b,6,2,4,0,18,8,10,0
MTe07,Sm26,8,4,4,0,18,8,10,0
LC14a1,LTe24,5,1,4,0,18,2,16,0
MeMe_e02,Sm30,4,1,3,0,18,2,16,0
cLP03,TmY4,8,4,4,0,18,8,10,0
LC14a2,Y1,7,3,4,0,18,9,9,0
LC14a2,Tlp4,5,2,3,0,18,7,11,0
aMe12,CB0566,5,3,2,0,18,11,7,0
MeTu4a,Tm5b,5,2,3,0,18,9,9,0
LT43,Li33,4,2,2,0,18,7,11,0
LC10d,LT82a,6,3,3,0,18,6,12,0
MeTu4c,MeTu1,8,3,5,0,18,6,12,0
cL02d,LTe42b,3,1,2,0,18,6,12,0
MTe01b,Sm10,9,6,3,0,18,12,6,0
LC20b,TmY5a,8,5,3,0,18,12,6,0
LC20b,LTe38a,2,0,2,0,18,0,18,0
cL16,LT52,7,6,1,0,18,15,3,0
LC14b,Lawf1,8,5,3,0,18,10,8,0
LC21,T2a,7,3,4,0,18,6,12,0
MTe50,MTe50,5,3,2,0,18,10,8,0
MeTu3b,Sm12,8,3,5,0,18,6,12,0
LC14a1,Li05,7,5,2,0,18,14,4,0
MeMe_e08,TmY15,8,5,3,0,18,11,7,0
cL14,LC10d,5,2,3,0,18,5,13,0
LC14a2,LT76,7,3,4,0,18,6,12,0
LC14a2,LTe46,6,3,3,0,18,8,10,0
LC14a2,cL05,6,4,2,0,18,12,6,0
LC10b,LLPt,8,3,5,0,18,7,11,0
MeMe_e08,CB0592,6,0,0,6,18,0,0,18
cM01a,Sm29,3,2,1,0,18,6,12,0
cM01a,cM01b,2,1,1,0,18,6,12,0
aMe17b,Sm36,6,3,3,0,18,9,9,0
aMe17b,Tm36,8,3,5,0,18,6,12,0
cM18,MTe28,2,1,1,0,18,6,12,0
cM18,Lawf2,7,5,2,0,18,13,5,0
H1,TmY14,8,3,5,0,18,6,12,0
cLP02,Tm7,8,4,4,0,18,9,9,0
LT62,Li17,8,7,1,0,18,16,2,0
CB0816,5-HTPMPV03,5,0,0,5,18,0,0,18
CB0816,cM07,4,2,2,0,18,7,11,0
LLPC3,Y12,9,2,7,0,18,4,14,0
LPLC2,Tm5e,9,6,3,0,18,12,6,0
cM08c,PLP251,3,1,2,0,18,6,12,0
cM08c,LC33a,6,4,2,0,18,11,7,0
aMe26,aMe19a,5,3,2,0,18,13,5,0
MTe01a,MTe50,8,4,4,0,18,9,9,0
LPLC4,Li30,9,4,5,0,18,8,10,0
LPT54,cM16,2,1,1,0,18,6,12,0
MeTu1,Tm27,7,2,5,0,18,5,13,0
MTe01b,Sm33,6,4,2,0,18,12,6,0
LC15,LC10a,8,2,6,0,18,4,14,0
aMe9,aMe25,4,2,2,0,18,13,5,0
LC26,LC6,6,0,6,0,18,0,18,0
LCe01b,LT51,6,3,3,0,18,7,11,0
LPLC4,LC16,7,0,7,0,18,0,18,0
LTe47,Tm5d,8,4,4,0,18,8,10,0
LC12,LT56,2,0,2,0,18,0,18,0
MeTu4a,MTe09,8,1,7,0,18,2,16,0
LPC2,cL15,3,0,3,0,18,0,18,0
OA-AL2b1,LC10c,9,5,4,0,18,10,8,0
cL08,LMt2,8,5,3,0,18,12,6,0
LPC1,Y12,6,1,5,0,18,3,15,0
MeMe_e08,Mi13,7,5,2,0,18,14,4,0
LC4,Li06,8,3,5,0,18,8,10,0
MTe54,Tm25,9,7,2,0,18,14,4,0
MTe25,MTe14,3,1,2,0,18,6,12,0
LT70,LTe45,7,4,3,0,18,9,9,0
cL10,Tm35,6,2,4,0,18,7,11,0
cL10,DN1-l,1,0,1,0,18,0,18,0
LC22,Li02,8,1,7,0,18,2,16,0
cL07,LPLC1,8,3,5,0,18,8,10,0
cM08a,Pm05,6,2,4,0,18,5,13,0
cM08a,cM10,4,1,3,0,18,2,16,0
cM17,Pm10,4,0,4,0,18,0,18,0
LTe55,cL05,2,1,1,0,18,5,13,0
LTe06,LTe49a,4,2,2,0,18,8,10,0
LTe06,cLLP02,4,2,2,0,18,8,10,0
l-LNv,OA-AL2b2,8,0,0,8,18,0,0,18
cM06,CB0592,2,1,1,0,18,12,6,0
LC9,LC10d,8,4,4,0,18,8,10,0
MeLp2,T4b,9,4,5,0,18,8,10,0
LPLC2,LMa3,8,6,2,0,18,14,4,0
MTe54,MeLp2,2,0,2,0,18,0,18,0
cL02b,Li23,4,3,1,0,18,15,3,0
LC27,LT59,5,2,3,0,18,5,13,0
LC10a,Li10,7,1,6,0,18,2,16,0
LC18,Li25,8,6,2,0,18,13,5,0
cL20,LC16,6,5,1,0,18,13,5,0
LT37,Tm20,8,4,4,0,18,10,8,0
LT57,LC36,6,2,4,0,18,7,11,0
MTe20,Sm23,7,4,3,0,18,10,8,0
cL21,LMt3,8,2,6,0,18,5,13,0
LC10a,LC17,9,4,5,0,18,8,10,0
LTe22,LTe43,3,1,2,0,18,7,11,0
cL18,OA-AL2i1,6,3,3,0,18,10,8,0
aMe17c,Mi1,7,1,6,0,18,2,16,0
aMe17c,Dm4,7,5,2,0,18,12,6,0
LTe58,mALD1,2,1,1,0,18,5,13,0
LTe19,LC46,5,4,1,0,18,13,5,0
LT83,DNp27,2,1,1,0,18,6,12,0
mALD1,LTe56,2,1,1,0,18,11,7,0
mALD1,LC46,5,2,3,0,18,7,11,0
MTe48,CB0802,2,1,1,0,18,12,6,0
LC14a2,LTe40,4,2,2,0,18,8,10,0
cLLP02,LCe06,7,4,3,0,18,10,8,0
cLLP02,cLLP02,3,2,1,0,18,11,7,0
DNp11,LPLC1,7,3,4,0,18,6,12,0
LTe41,LT63,4,2,2,0,18,14,4,0
LTe41,LTe08,2,1,1,0,18,6,12,0
MeMe_e07,Dm2,8,4,4,0,18,9,9,0
MeMe_e07,Mi1,8,7,1,0,18,16,2,0
LTe04,LTe38b,4,1,3,0,18,4,14,0
LC28a,LTe06,7,3,4,0,18,6,12,0
MeTu3a,Sm12,9,7,2,0,18,14,4,0
MeMe_e07,Tm7,8,5,3,0,18,12,6,0
MeMe_e07,LT39,2,0,2,0,18,0,18,0
LC10a,LC6,8,2,6,0,18,4,14,0
LC14a1,LTe29,5,2,3,0,18,8,10,0
MeTu3c,MTe29,6,5,1,0,18,15,3,0
LPLC4,LPC1,8,6,2,0,18,14,4,0
LC10b,LTe42c,6,3,3,0,18,6,12,0
MeMe_e05,TmY9q,6,2,4,0,18,5,13,0
MeMe_e05,aMe1,2,1,1,0,18,10,8,0
MeMe_e05,aMe25,2,1,1,0,18,11,7,0
OA-AL2b1,LC13,8,2,6,0,18,5,13,0
OA-AL2b1,aMe1,2,0,2,0,18,0,18,0
LTe42a,LT51,3,2,1,0,18,11,7,0
cM11,Li10,6,0,6,0,18,0,18,0
cM11,aMe10,4,0,4,0,18,0,18,0
cM11,MeMe_e09,4,0,4,0,18,0,18,0
cM01c,Sm29,4,2,2,0,18,7,11,0
LT57,Li28,5,2,3,0,18,6,12,0
cMLLP02,LPi11,7,5,2,0,18,13,5,0
MTe04,MeMe_e06,6,3,3,0,18,9,9,0
OA-AL2i2,Tm1,9,4,5,0,18,8,10,0
OA-AL2i2,Li01,7,4,3,0,18,11,7,0
aMe5,Sm13,7,4,3,0,18,12,6,0
LC9,TmY20,3,2,1,0,18,14,4,0
MeMe_e03,Sm42,2,1,1,0,18,4,14,0
LC10f,LT51,6,4,2,0,18,11,7,0
cLP05,LPi04,7,6,1,0,18,16,2,0
LLPC3,T5c,7,3,4,0,18,6,12,0
cM03,Sm29,6,2,4,0,18,5,13,0
cM03,CB0816,7,3,4,0,18,8,10,0
LTe47,Li33,3,2,1,0,18,11,7,0
aMe19b,cM08b,4,2,2,0,18,14,4,0
aMe19b,MTe28,2,1,1,0,18,5,13,0
aMe19b,LT58,2,1,1,0,18,8,10,0
LT40,LC15,7,3,4,0,18,10,8,0
LT40,LC29,7,5,2,0,18,13,5,0
MeMe_e10,MTe28,2,1,1,0,18,11,7,0
aMe17a2,MTe03,6,2,4,0,18,7,11,0
mALC3,T2a,7,0,7,0,18,0,18,0
AVLP151,LTe53,2,1,1,0,18,5,13,0
AVLP151,LTe29,1,0,1,0,18,0,18,0
mALC5,Tlp5,6,3,3,0,18,8,10,0
LTe38c,LTe64,5,2,3,0,18,6,12,0
LTe38c,LT51,4,2,2,0,18,11,7,0
OA-ASM1,Sm40,6,2,4,0,18,8,10,0
LC14b,T5c,7,4,3,0,18,8,10,0
LC10b,LT57,8,4,4,0,18,8,10,0
LT86,cM13,2,0,0,2,18,0,0,18
cM08c,LTe57,4,3,1,0,18,12,6,0
cM08c,LTe73,3,2,1,0,18,7,11,0
MTe01b,MeTu4c,5,2,3,0,18,4,14,0
MTe04,5-HTPMPV01,3,0,3,0,18,0,18,0
OA-AL2b2,MLt4,7,5,2,0,18,14,4,0
LPLC4,LC21,8,2,6,0,18,4,14,0
LTe33,LTe27,4,2,2,0,18,9,9,0
LTe60,LT52,7,4,3,0,18,10,8,0
CB0472,LT55,2,0,0,2,18,0,0,18
LT65,LC13,5,2,3,0,18,5,13,0
LT70,Li06,8,5,3,0,18,10,8,0
LT61b,LPLC1,7,5,2,0,18,12,6,0
MeMe_e10,Sm07,5,4,1,0,18,14,4,0
VS1,Y12,9,7,2,0,18,14,4,0
LC45,aMe24,2,0,2,0,18,0,18,0
LT78,LT36,1,0,1,0,18,0,18,0
LCe01b,Tm8b,7,6,1,0,18,13,5,0
cL02a,LT51,4,2,2,0,18,11,7,0
cL22b,Tm32,8,5,3,0,18,12,6,0
cM01b,Sm07,6,4,2,0,18,11,7,0
cM14,MTe53,6,1,5,0,18,2,16,0
LT63,LTe17,3,2,1,0,18,13,5,0
DNp27,TmY14,6,5,1,0,18,15,3,0
DNp27,LT83,3,1,2,0,18,7,11,0
MTe17,MeTu1,8,6,2,0,18,14,4,0
LT51,LT47,2,1,1,0,18,10,8,0
LT51,LTe64,2,0,2,0,18,0,18,0
LPTe01,TmY20,8,7,1,0,18,15,3,0
LT53,LT51,5,2,3,0,18,6,12,0
LPLC1,cML01,3,2,1,0,18,13,5,0
LT80,Li09,7,2,5,0,18,4,14,0
LT80,LC14b,3,0,3,0,18,0,18,0
MTe53,aMe24,3,1,2,0,18,5,13,0
LT76,PLP051,2,1,1,0,18,6,12,0
MeMe_e07,cLP03,3,2,1,0,18,11,7,0
mALC4,Li15,6,3,3,0,18,10,8,0
cL11,LTe49c,3,0,2,1,18,0,12,6
DCH,LLPC2,8,7,1,0,18,15,3,0
DCH,H1,3,1,2,0,18,11,7,0
OA-AL2i1,Li21,8,5,3,0,18,11,7,0
OA-AL2i1,T5a,9,5,4,0,18,10,8,0
OA-AL2i1,LPi13,2,1,1,0,18,15,3,0
cM15,Mi14,8,3,5,0,18,6,12,0
cM15,Sm03,8,2,6,0,18,4,14,0
cM15,Pm03,6,2,4,0,18,4,14,0
cM15,L4,9,5,4,0,18,10,8,0
cM15,Sm29,5,4,1,0,18,15,3,0
LTe17,LT57,7,3,4,0,18,9,9,0
LT33,LC4,8,0,8,0,18,0,18,0
LT33,Li26,5,1,4,0,18,5,13,0
MC65,MeTu4c,6,3,3,0,18,11,7,0
OA-AL2i4,aMe9,3,1,2,0,18,6,12,0
OA-AL2i4,Mi15,9,6,3,0,18,12,6,0
OA-AL2i4,Tm5d,8,5,3,0,18,10,8,0
OA-AL2i4,Tm8a,9,4,5,0,18,8,10,0
OA-AL2i4,Tm34,8,6,2,0,18,14,4,0
OA-AL2i4,MTe01a,8,7,1,0,18,15,3,0
LPT27,MTe51,3,1,2,0,18,5,13,0
cM05,TmY3,8,2,6,0,18,5,13,0
cM05,Y11,6,3,3,0,18,9,9,0
LLPC3,LPT31,7,5,2,0,18,14,4,0
MeTu4c,Dm2,9,7,2,0,18,14,4,0
MeTu4c,aMe17a2,8,6,2,0,18,12,6,0
LC19,LTe04,1,0,1,0,18,0,18,0
MTe35,aMe17a2,2,1,1,0,18,13,5,0
LT36,Li30,2,1,1,0,18,7,11,0
LT36,LC43,4,1,3,0,18,8,10,0
LT36,MLt1,1,0,1,0,18,0,18,0
LT36,Li04,1,0,1,0,18,0,18,0
MTe28,Sm24,5,3,2,0,18,11,7,0
MTe28,LT58,2,1,1,0,18,9,9,0
mALC6,LTe11,2,1,1,0,18,11,7,0
cL04,LTe17,4,2,2,0,18,9,9,0
LT58,LPLC2,9,6,3,0,18,12,6,0
LT58,LCe02,6,4,2,0,18,9,9,0
LTe38b,LC40,5,2,3,0,18,10,8,0
LTe14,LT38,2,1,1,0,18,13,5,0
Nod5,LPi15,2,1,1,0,18,11,7,0
LPT21,LLPt,8,6,2,0,18,13,5,0
LPT21,LPi14,4,2,2,0,18,10,8,0
LPT21,T4b,8,2,6,0,18,4,14,0
LTe33,LCe09,5,4,1,0,18,16,2,0
LTe53,LT52,5,3,2,0,18,12,6,0
LTe42b,aMe25,2,1,1,0,18,11,7,0
cL05,LTe38a,3,1,2,0,18,3,15,0
MTe13,cL21,2,0,2,0,18,0,18,0
cLLPM02,Mi4,8,5,3,0,18,12,6,0
cLLPM02,Li10,6,3,3,0,18,7,11,0
cLLPM02,LLPt,5,4,1,0,18,16,2,0
cLLPM02,Li33,1,0,1,0,18,0,18,0
cM09,MeMe_e01,5,3,2,0,18,12,6,0
cMLLP01,TmY9q⊥,7,2,5,0,18,5,13,0
cMLLP01,MTe08,5,2,3,0,18,8,10,0
cMLLP01,PLP217,1,0,1,0,18,0,18,0
cMLLP01,LTe04,2,1,1,0,18,10,8,0
cMLLP01,LT52,7,4,3,0,18,9,9,0
LT51,LT38,2,1,1,0,18,5,13,0
VS2,LPi09,8,4,4,0,18,9,9,0
LPT47_vCal2,cLP01,2,0,0,2,18,0,0,18
aMe17a1,Sm23,8,6,2,0,18,13,5,0
aMe19a,aMe3,2,1,1,0,18,13,5,0
MTe38,LTe56,2,1,1,0,18,11,7,0
LT80,Li28,5,3,2,0,18,12,6,0
cL22c,LT79,2,1,1,0,18,5,13,0
cL22c,LC13,5,3,2,0,18,10,8,0
cL22c,Li12,2,1,1,0,18,5,13,0
LT39,LT64,4,2,2,0,18,13,5,0
LT39,Li01,3,1,2,0,18,6,12,0
LT41,TmY5a,7,5,2,0,18,13,5,0
cM16,PDt,4,2,2,0,18,10,8,0
cM16,CB0592,2,1,1,0,18,6,12,0
cM16,Sm36,2,1,1,0,18,2,16,0
LPT53,LPT22,2,1,1,0,18,12,6,0
Dm2,Tm16,6,6,0,0,18,18,0,0
Pm08,MTe43,5,5,0,0,18,18,0,0
Dm9,Sm12,9,9,0,0,18,18,0,0
TmY4,LPTe01,7,7,0,0,18,18,0,0
Dm1,Dm9,8,8,0,0,18,18,0,0
Y1,LPT45_dCal1,5,5,0,0,18,18,0,0
LMa5,Y11,5,5,0,0,18,18,0,0
Dm4,LC14b,1,1,0,0,18,18,0,0
LC39,PLP023,3,3,0,0,18,18,0,0
LC46,Li05,7,7,0,0,18,18,0,0
LPLC2,PLP163,3,3,0,0,18,18,0,0
LC22,Li05,5,5,0,0,18,18,0,0
MeTu4a,AOTU065,3,3,0,0,18,18,0,0
MTe12,Dm2,6,6,0,0,18,18,0,0
PLP252,CB0143,1,1,0,0,18,18,0,0
MTe51,Sm41,3,3,0,0,18,18,0,0
CB0143,CB0802,1,1,0,0,18,18,0,0
LT53,PLP022,3,3,0,0,18,18,0,0
cL11,LC17,1,1,0,0,18,18,0,0
aMe6a,AOTU053,1,1,0,0,18,18,0,0
PLP023,MTe15,1,1,0,0,18,18,0,0
LTe62,LTe46,2,1,0,1,18,10,0,8
LT84,LC29,4,4,0,0,18,18,0,0
cM01b,MeMe_e01,2,2,0,0,18,18,0,0
LPT26,Tlp4,6,6,0,0,18,18,0,0
LCe08,Li06,7,7,0,0,18,18,0,0
mALC4,LMa4,2,2,0,0,18,18,0,0
LT83,cL21,1,1,0,0,18,18,0,0
Tm9,Mi10,7,4,3,0,17,11,6,0
Tm5c,Sm42,6,1,5,0,17,4,13,0
Dm15,Li11,5,0,5,0,17,0,17,0
Sm16,Sm18,8,5,3,0,17,10,7,0
T5d,LC4,7,1,6,0,17,2,15,0
Sm06,Y1,7,5,2,0,17,11,6,0
Mi9,R7,7,1,6,0,17,2,15,0
Tm33,MTe47,5,2,3,0,17,10,7,0
Mi15,Sm11,5,0,5,0,17,0,17,0
T4c,LPT45_dCal1,6,5,1,0,17,15,2,0
Tm27,MeLp1,8,6,2,0,17,12,5,0
Li07,LMa3,5,2,3,0,17,10,7,0
Tm4,Dm18,7,3,4,0,17,6,11,0
T2,LLPC3,8,2,6,0,17,4,13,0
Tm32,LC24,5,2,3,0,17,7,10,0
MLt3,LC36,6,3,3,0,17,6,11,0
TmY9q⊥,Li18,6,2,4,0,17,4,13,0
Tm5a,Sm36,8,5,3,0,17,11,6,0
Tm5b,LTe31,7,1,6,0,17,3,14,0
MLt6,MTe51,8,4,4,0,17,9,8,0
Y4,Pm06,7,3,4,0,17,7,10,0
Tm27,MTe54,8,0,8,0,17,0,17,0
Li14,Li21,7,1,6,0,17,2,15,0
Li21,LTe12,5,3,2,0,17,9,8,0
Sm06,MTe03,8,3,5,0,17,6,11,0
Tm3,LTe26,1,0,1,0,17,0,17,0
Tm5d,LC14a2,7,3,4,0,17,8,9,0
LLPt,LTe24,7,3,4,0,17,8,9,0
Tlp5,Nod1,8,4,4,0,17,8,9,0
TmY9q⊥,LC29,8,4,4,0,17,8,9,0
Tm5c,Li21,8,4,4,0,17,8,9,0
Dm3q,Tm4,8,3,5,0,17,7,10,0
T4d,T3,6,2,4,0,17,4,13,0
Y3,MTe01a,7,5,2,0,17,12,5,0
MLt4,PDt,7,4,3,0,17,11,6,0
Tm25,cML01,8,1,7,0,17,2,15,0
Tm7,Lawf2,8,4,4,0,17,8,9,0
L1,MeTu3c,8,6,2,0,17,12,5,0
Sm03,Mi14,8,5,3,0,17,10,7,0
R8,T1,8,4,4,0,17,8,9,0
T4b,LPLC4,7,1,6,0,17,2,15,0
Li12,LT84,6,4,2,0,17,10,7,0
Sm40,Sm26,7,3,4,0,17,9,8,0
Sm05,Dm10,8,4,4,0,17,8,9,0
Sm02,MTe04,7,3,4,0,17,6,11,0
LMt3,LC17,7,3,4,0,17,8,9,0
TmY10,LCe01a,8,5,3,0,17,11,6,0
Dm19,T2,8,2,6,0,17,4,13,0
Pm01,T4d,7,3,4,0,17,7,10,0
Pm01,T4b,7,4,3,0,17,9,8,0
Mi9,Y4,8,4,4,0,17,8,9,0
Mi10,MTe40,7,3,4,0,17,8,9,0
Tm34,Li05,7,4,3,0,17,9,8,0
MLt2,LMa1,8,5,3,0,17,11,6,0
Li21,Li01,7,3,4,0,17,8,9,0
TmY9q,LPi15,8,3,5,0,17,6,11,0
MLt7,LC35,6,4,2,0,17,12,5,0
LMa1,LPLC2,8,2,6,0,17,4,13,0
TmY5a,MTe01a,7,4,3,0,17,10,7,0
Li06,Tm4,7,3,4,0,17,9,8,0
Tm27,MeMe_e07,7,1,6,0,17,2,15,0
Tm16,CB0472,7,4,3,0,17,10,7,0
Li10,LTe27,8,4,4,0,17,8,9,0
LMt2,Li25,8,5,3,0,17,11,6,0
Sm03,Sm09,6,3,3,0,17,7,10,0
Y3,T4b,8,4,4,0,17,8,9,0
Tm20,Mi10,7,4,3,0,17,11,6,0
Tm16,mALB5,6,0,6,0,17,0,17,0
Sm12,Mi14,8,5,3,0,17,11,6,0
Tm7,LC27,4,2,2,0,17,7,10,0
LPi05,LC15,3,0,3,0,17,0,17,0
Y4,Tm36,6,1,5,0,17,2,15,0
Lawf1,Dm2,7,4,3,0,17,9,8,0
Tm21,Dm10,8,6,2,0,17,12,5,0
Sm09,MTe51,7,3,4,0,17,7,10,0
MLt2,Dm12,6,3,3,0,17,9,8,0
TmY14,Li10,8,3,5,0,17,6,11,0
MLt3,Tm36,8,2,6,0,17,4,13,0
T5a,T2a,7,1,6,0,17,2,15,0
Tm5e,LTe46,8,4,4,0,17,8,9,0
Sm17,MTe06,6,2,4,0,17,4,13,0
Tm20,MTe35,8,4,4,0,17,8,9,0
Tm16,MTe28,7,3,4,0,17,6,11,0
Y11,MTe08,8,5,3,0,17,11,6,0
Tm2,Dm10,8,5,3,0,17,11,6,0
Tm32,Tm5a,8,3,5,0,17,6,11,0
TmY14,LMt4,8,2,6,0,17,4,13,0
Tm16,LTe55,7,4,3,0,17,11,6,0
Mi13,L1,7,2,5,0,17,5,12,0
Sm03,Dm2,8,5,3,0,17,11,6,0
Li05,LC31b,7,3,4,0,17,6,11,0
MLt6,Dm2,8,6,2,0,17,12,5,0
Sm27,MLt5,7,6,1,0,17,15,2,0
Tm31,Tm27,8,4,4,0,17,9,8,0
Y12,Tm1,5,0,5,0,17,0,17,0
Sm07,Sm25,7,2,5,0,17,5,12,0
T5c,cLP02,6,2,4,0,17,4,13,0
Dm8a,Sm13,7,4,3,0,17,9,8,0
TmY9q⊥,LPLC1,5,3,2,0,17,12,5,0
T3,Tm37,5,1,4,0,17,2,15,0
TmY9q⊥,T5b,6,1,5,0,17,2,15,0
TmY5a,Sm01,8,6,2,0,17,13,4,0
Tlp4,LC39,7,3,4,0,17,6,11,0
TmY3,LPi06,6,5,1,0,17,14,3,0
L3,Sm09,7,5,2,0,17,11,6,0
LPi04,VSm,6,4,2,0,17,13,4,0
LPi04,T5d,7,0,7,0,17,0,17,0
Tm5b,Dm4,8,5,3,0,17,11,6,0
Y12,MTe08,8,3,5,0,17,7,10,0
TmY9q,LTe58,8,6,2,0,17,12,5,0
MLt2,Y3,8,3,5,0,17,6,11,0
Pm09,Y12,8,1,7,0,17,2,15,0
Tm25,Dm10,7,2,5,0,17,6,11,0
PDt,Mi15,8,4,4,0,17,8,9,0
TmY15,Lawf2,8,5,3,0,17,10,7,0
Sm12,aMe10,6,3,3,0,17,10,7,0
Sm01,Dm9,7,4,3,0,17,11,6,0
Tm21,LT1d,8,3,5,0,17,7,10,0
LPi09,LPi05,6,2,4,0,17,5,12,0
TmY3,Dm17,8,1,7,0,17,2,15,0
Pm05,Tm5c,7,2,5,0,17,4,13,0
Tm5a,cM07,7,3,4,0,17,8,9,0
Li04,LTe58,8,6,2,0,17,12,5,0
Li06,DNp11,4,0,4,0,17,0,17,0
Sm41,Sm19,8,1,7,0,17,2,15,0
Sm41,MTe22,2,1,1,0,17,11,6,0
LMa3,Pm04,8,5,3,0,17,11,6,0
LMa5,LPT54,6,2,4,0,17,5,12,0
Mi15,Dm20,8,2,6,0,17,5,12,0
Tm7,cL05,6,1,5,0,17,2,15,0
Sm04,Sm09,8,4,4,0,17,9,8,0
Tm31,MTe07,7,4,3,0,17,10,7,0
TmY10,Pm10,8,3,5,0,17,6,11,0
TmY10,LPi09,7,5,2,0,17,12,5,0
Sm18,MeMe_e10,6,4,2,0,17,12,5,0
Sm18,TmY10,7,3,4,0,17,9,8,0
Sm18,MTe05,8,5,3,0,17,11,6,0
Sm31,Tm5c,8,4,4,0,17,8,9,0
Mi4,Sm01,7,3,4,0,17,6,11,0
Tm5e,LTe17,8,6,2,0,17,13,4,0
Tm5e,LMt2,8,4,4,0,17,8,9,0
Tm4,MTe41,6,1,5,0,17,2,15,0
TmY10,LTe42b,7,3,4,0,17,6,11,0
Y4,Mi1,5,2,3,0,17,8,9,0
Tm5f,MTe54,6,2,4,0,17,4,13,0
Tm7,LT11,8,3,5,0,17,6,11,0
DmDRA1,MTe01b,3,1,2,0,17,7,10,0
MLt1,Dm12,7,3,4,0,17,8,9,0
TmY15,LPi12,3,1,2,0,17,2,15,0
Y4,LLPC2,8,2,6,0,17,4,13,0
LPi09,LPT26,7,4,3,0,17,8,9,0
LLPt,LPT22,7,5,2,0,17,13,4,0
Li11,LTe17,6,1,5,0,17,3,14,0
Li11,LTe23,6,1,5,0,17,2,15,0
TmY14,LPi05,8,6,2,0,17,13,4,0
C2,Lawf2,7,2,5,0,17,4,13,0
TmY4,LPT23,8,4,4,0,17,8,9,0
Tm5f,Tm21,8,6,2,0,17,13,4,0
Tm25,Tm1,8,3,5,0,17,7,10,0
Sm07,Dm11,5,1,4,0,17,2,15,0
Dm10,Tm1,4,2,2,0,17,10,7,0
LPi01,LPLC4,5,0,5,0,17,0,17,0
Dm20,Dm9,8,6,2,0,17,13,4,0
Tm9,Tm8a,8,3,5,0,17,6,11,0
MLt4,Y4,8,5,3,0,17,11,6,0
Sm09,T3,8,4,4,0,17,9,8,0
Tm5d,LCe06,5,2,3,0,17,4,13,0
Li05,LTe13,6,2,4,0,17,7,10,0
LMa1,Tm27,8,5,3,0,17,11,6,0
Dm20,Lawf2,7,5,2,0,17,13,4,0
TmY11,MLt3,8,2,6,0,17,4,13,0
Y11,TmY11,6,3,3,0,17,9,8,0
Tm2,LT11,7,4,3,0,17,8,9,0
Tm1,MeMe_e07,6,3,3,0,17,7,10,0
Y1,MTe39,6,2,4,0,17,6,11,0
Y3,LPi15,7,4,3,0,17,9,8,0
Tm5e,LT1a,7,4,3,0,17,10,7,0
Dm4,Tm5a,7,2,5,0,17,4,13,0
TmY4,cL02b,8,5,3,0,17,10,7,0
Mi15,OA-AL2i4,7,4,3,0,17,8,9,0
Li11,TmY9q⊥,8,4,4,0,17,8,9,0
Li03,LPLC2,7,5,2,0,17,13,4,0
Li03,LTe14,4,2,2,0,17,5,12,0
LMa1,Y4,8,2,6,0,17,4,13,0
Tm5e,LT63,8,0,8,0,17,0,17,0
Tm21,LC24,7,0,7,0,17,0,17,0
TmY10,LC45,7,3,4,0,17,8,9,0
TmY5a,C3,8,2,6,0,17,4,13,0
DmDRA1,MTe01a,6,5,1,0,17,14,3,0
DmDRA1,Sm08,6,4,2,0,17,9,8,0
TmY9q⊥,Pm05,5,3,2,0,17,10,7,0
LPi07,LPT52,5,0,5,0,17,0,17,0
LMt3,Tm25,7,2,5,0,17,6,11,0
Sm20,Sm02,8,5,3,0,17,11,6,0
TmY20,LC10a,7,3,4,0,17,7,10,0
Sm26,MTe02,8,3,5,0,17,6,11,0
Y4,Li28,5,1,4,0,17,2,15,0
Li06,LMa4,8,1,7,0,17,2,15,0
Li01,LC4,8,5,3,0,17,11,6,0
Tm5e,LT77,8,4,4,0,17,8,9,0
Sm32,Dm8a,5,0,5,0,17,0,17,0
TmY9q⊥,Tm31,6,2,4,0,17,6,11,0
PDt,Mi4,8,3,5,0,17,7,10,0
PDt,Dm6,8,3,5,0,17,6,11,0
TmY5a,Dm16,8,5,3,0,17,10,7,0
Li03,LC9,8,6,2,0,17,13,4,0
LLPt,Tm5d,7,2,5,0,17,6,11,0
Tm34,Li30,7,4,3,0,17,10,7,0
Lawf1,Sm32,7,1,6,0,17,2,15,0
Mi9,Y1,7,4,3,0,17,9,8,0
Tm32,cL05,7,2,5,0,17,5,12,0
Tm32,LT64,8,4,4,0,17,8,9,0
TmY3,TmY4,7,4,3,0,17,9,8,0
Tlp1,Li26,6,4,2,0,17,12,5,0
Tm2,OA-AL2i2,7,1,6,0,17,2,15,0
LMa2,LPLC2,8,5,3,0,17,10,7,0
Tm20,Li23,6,5,1,0,17,14,3,0
Tm25,OA-ASM1,8,5,3,0,17,11,6,0
Sm17,TmY3,8,4,4,0,17,8,9,0
Li10,LT80,6,5,1,0,17,12,5,0
Sm02,TmY5a,7,3,4,0,17,9,8,0
Mi10,Sm30,8,3,5,0,17,6,11,0
TmY10,LTe49f,8,5,3,0,17,10,7,0
LPi15,LLPt,7,2,5,0,17,4,13,0
LPi15,TmY11,6,5,1,0,17,14,3,0
Y1,LC10b,6,4,2,0,17,12,5,0
TmY4,LT38,8,4,4,0,17,9,8,0
Sm04,Pm14,8,5,3,0,17,11,6,0
Tm35,MeTu4a,5,0,5,0,17,0,17,0
Y11,MTe44,7,4,3,0,17,11,6,0
Tm36,MTe51,7,5,2,0,17,10,7,0
Tm5c,T5c,8,5,3,0,17,11,6,0
L1,l-LNv,5,2,3,0,17,4,13,0
Li08,TmY31,8,3,5,0,17,6,11,0
L1,Tm7,3,0,3,0,17,0,17,0
LPi07,LPi07,6,2,4,0,17,4,13,0
L1,TmY5a,8,5,3,0,17,11,6,0
TmY3,Tlp4,8,5,3,0,17,11,6,0
MLt5,Mi10,8,5,3,0,17,11,6,0
Li13,MLt4,7,4,3,0,17,10,7,0
Sm06,MTe13,8,4,4,0,17,8,9,0
TmY9q⊥,LTe47,7,4,3,0,17,10,7,0
Li28,TmY9q,8,3,5,0,17,6,11,0
Li28,LT73,6,4,2,0,17,11,6,0
Li28,LTe31,4,2,2,0,17,8,9,0
L1,Dm20,6,4,2,0,17,11,6,0
R8,Dm12,7,0,7,0,17,0,17,0
TmY31,T4c,8,4,4,0,17,8,9,0
LLPt,LCe05,7,5,2,0,17,12,5,0
Li08,MLt8,8,4,4,0,17,9,8,0
LMt2,MTe52,8,2,6,0,17,5,12,0
Pm14,C3,5,2,3,0,17,4,13,0
Pm14,5-HTPMPV03,4,2,2,0,17,5,12,0
Tm37,Li04,7,4,3,0,17,10,7,0
Li01,LC6,8,5,3,0,17,11,6,0
Li03,LC14b,6,3,3,0,17,11,6,0
TmY31,MTe13,7,2,5,0,17,5,12,0
Tm3,aMe4,8,6,2,0,17,12,5,0
Tm5d,MeTu3c,2,0,2,0,17,0,17,0
Li04,MeTu1,8,1,7,0,17,3,14,0
Li10,Tm36,8,4,4,0,17,8,9,0
Li01,TmY4,5,0,5,0,17,0,17,0
TmY31,LTe08,7,6,1,0,17,15,2,0
T4a,T3,7,2,5,0,17,4,13,0
Li31,Tm25,8,5,3,0,17,11,6,0
Li31,LTe20,2,1,1,0,17,3,14,0
Li31,LT66,2,1,1,0,17,3,14,0
Li31,Li09,2,1,1,0,17,2,15,0
Li31,LT1d,2,1,1,0,17,10,7,0
Li31,LT72,2,1,1,0,17,9,8,0
Tm2,Sm10,5,4,1,0,17,13,4,0
Sm39,Sm23,6,3,3,0,17,8,9,0
TmY5a,LTe09,7,4,3,0,17,10,7,0
Li05,LTe47,7,0,7,0,17,0,17,0
T5c,Tlp5,7,4,3,0,17,10,7,0
Tm3,Dm16,8,4,4,0,17,8,9,0
Li05,LC9,7,5,2,0,17,13,4,0
Li24,TmY9q⊥,8,5,3,0,17,11,6,0
Tm5f,Sm22,7,1,6,0,17,2,15,0
MLt6,Sm08,7,6,1,0,17,15,2,0
Tm37,LC45,8,2,6,0,17,5,12,0
Tm27,Sm14,7,5,2,0,17,12,5,0
Sm42,Tm27,7,3,4,0,17,6,11,0
Sm42,cM08c,5,3,2,0,17,13,4,0
Sm42,Mi2,6,3,3,0,17,11,6,0
Sm42,MC65,5,3,2,0,17,9,8,0
Sm42,MLt4,7,4,3,0,17,9,8,0
Sm42,LT58,2,1,1,0,17,12,5,0
Sm42,MTe38,2,1,1,0,17,9,8,0
Sm42,Y1,4,3,1,0,17,15,2,0
Li10,cL22c,3,1,2,0,17,2,15,0
Li25,LPLC4,7,3,4,0,17,9,8,0
Tm8b,LTe38c,5,1,4,0,17,7,10,0
Li09,Li13,7,5,2,0,17,13,4,0
Tm1,Tm8a,7,2,5,0,17,6,11,0
Tm36,MTe28,8,4,4,0,17,9,8,0
C3,Pm12,7,3,4,0,17,9,8,0
Y4,LC28a,8,5,3,0,17,11,6,0
Sm16,Sm10,7,4,3,0,17,10,7,0
Li22,TmY14,8,4,4,0,17,8,9,0
TmY15,LT1b,7,5,2,0,17,10,7,0
Dm2,MeMe_e09,8,5,3,0,17,11,6,0
Li21,LT1d,4,3,1,0,17,15,2,0
Li28,LT84,3,2,1,0,17,13,4,0
Li27,Tm5c,5,0,5,0,17,0,17,0
Li27,LC20b,8,4,4,0,17,8,9,0
Li27,LT51,7,3,4,0,17,8,9,0
Pm05,MeTu4c,5,1,4,0,17,6,11,0
Tm8a,LT61b,5,2,3,0,17,8,9,0
TmY11,LPi05,8,6,2,0,17,13,4,0
Tm3,Sm11,5,3,2,0,17,11,6,0
Sm33,Tm27,7,6,1,0,17,15,2,0
Mi14,Pm06,7,5,2,0,17,12,5,0
Sm15,Dm8a,6,0,6,0,17,0,17,0
Tm8b,LT70,8,5,3,0,17,10,7,0
Y1,LC31a,8,5,3,0,17,11,6,0
TmY31,LPi09,7,3,4,0,17,9,8,0
Tm7,Sm22,7,4,3,0,17,8,9,0
TmY9q⊥,LT57,7,3,4,0,17,7,10,0
Mi15,TmY10,8,2,6,0,17,4,13,0
Sm07,MTe33,5,2,3,0,17,7,10,0
MLt3,LLPC2,7,4,3,0,17,8,9,0
Sm27,MTe32,6,3,3,0,17,8,9,0
MLt7,MTe16,7,4,3,0,17,11,6,0
Tm27,LT73,7,4,3,0,17,9,8,0
TmY16,LT53,7,5,2,0,17,12,5,0
Sm10,MTe36,5,3,2,0,17,11,6,0
Li33,LTe32,3,2,1,0,17,10,7,0
Li33,cM08b,4,2,2,0,17,11,6,0
Sm12,Sm10,8,6,2,0,17,13,4,0
Y3,LPi09,6,4,2,0,17,13,4,0
Tm36,Sm02,8,6,2,0,17,13,4,0
Dm20,TmY4,6,5,1,0,17,15,2,0
Lawf2,Pm14,6,1,5,0,17,2,15,0
Tm3,Tlp1,8,4,4,0,17,9,8,0
C3,Y3,7,4,3,0,17,10,7,0
TmY5a,cM10,7,5,2,0,17,11,6,0
Pm13,MLt4,8,3,5,0,17,6,11,0
Pm13,PDt,5,1,4,0,17,2,15,0
Sm35,MTe01b,7,6,1,0,17,15,2,0
TmY3,cLPL01,5,0,5,0,17,0,17,0
TmY9q,LC37a,8,3,5,0,17,7,10,0
TmY5a,HSE,7,6,1,0,17,15,2,0
LMt4,T2a,8,6,2,0,17,13,4,0
TmY5a,LPTe01,8,6,2,0,17,12,5,0
Tm33,LLPt,8,6,2,0,17,13,4,0
Li32,Li21,5,1,4,0,17,4,13,0
Sm34,MeMe_e09,6,3,3,0,17,8,9,0
Pm07,Mi9,5,3,2,0,17,13,4,0
Sm19,Sm06,7,2,5,0,17,4,13,0
TmY9q,Dm20,8,4,4,0,17,9,8,0
LPi09,TmY20,6,4,2,0,17,10,7,0
Dm10,Li09,3,0,3,0,17,0,17,0
L1,Dm3v,1,0,1,0,17,0,17,0
TmY20,LPTe01,6,5,1,0,17,15,2,0
TmY4,aMe5,8,4,4,0,17,9,8,0
Li24,LTe29,4,3,1,0,17,14,3,0
Li24,Li28,5,4,1,0,17,15,2,0
Pm10,Tm20,6,2,4,0,17,4,13,0
Sm12,MeMe_e06,6,4,2,0,17,13,4,0
MLt1,LC46,6,3,3,0,17,10,7,0
Tm5e,Mi15,5,4,1,0,17,15,2,0
Dm2,Dm13,7,6,1,0,17,15,2,0
Li13,LMa4,6,4,2,0,17,11,6,0
LPi02,Y12,7,4,3,0,17,8,9,0
MLt1,Li26,3,0,3,0,17,0,17,0
LMt3,LC45,5,4,1,0,17,12,5,0
Dm11,MTe31,5,4,1,0,17,15,2,0
C2,LC10c,2,0,2,0,17,0,17,0
TmY4,LC10e,7,6,1,0,17,14,3,0
Tm5c,R7,5,3,2,0,17,6,11,0
Tm4,L3,5,1,4,0,17,2,15,0
Sm01,MLt6,7,4,3,0,17,8,9,0
Li10,Li18,7,5,2,0,17,12,5,0
Y11,LC10a,7,6,1,0,17,15,2,0
Tm2,LC11,6,1,5,0,17,3,14,0
Li29,LPT30,2,1,1,0,17,8,9,0
Li29,LT80,4,2,2,0,17,10,7,0
Li02,Tlp4,7,5,2,0,17,13,4,0
Tm36,MTe27,8,7,1,0,17,15,2,0
TmY20,LPT42_Nod4,5,4,1,0,17,11,6,0
Li23,Tm5c,8,7,1,0,17,15,2,0
Li23,LT55,2,1,1,0,17,5,12,0
TmY20,LC10b,8,6,2,0,17,13,4,0
LPi03,TmY31,6,0,6,0,17,0,17,0
LPi02,VS7,5,4,1,0,17,13,4,0
MeMe_e01,MTe01b,4,2,2,0,17,9,8,0
LC28a,Tm5e,8,5,3,0,17,11,6,0
LC24,LTe47,6,2,4,0,17,7,10,0
MeTu4c,Tm35,8,3,5,0,17,6,11,0
MTe45,Sm24,5,3,2,0,17,10,7,0
MTe45,LCe04,5,1,4,0,17,3,14,0
LT1d,LMa3,6,2,4,0,17,5,12,0
LC9,T2,3,2,1,0,17,13,4,0
MeLp1,MeLp2,4,0,0,4,17,0,0,17
MeTu1,MTe38,7,3,4,0,17,7,10,0
LT11,Li22,7,4,3,0,17,8,9,0
LT11,Tm16,5,0,5,0,17,0,17,0
LC14a1,LC10b,6,4,2,0,17,9,8,0
LT34,LTe36,2,1,1,0,17,7,10,0
LT34,Li09,8,4,4,0,17,8,9,0
LC21,LC10c,7,1,6,0,17,2,15,0
LPLC4,LPT23,7,4,3,0,17,11,6,0
LC13,LC16,7,4,3,0,17,10,7,0
LC14a2,LTe17,6,3,3,0,17,7,10,0
aMe12,MeMe_e09,4,2,2,0,17,8,9,0
cLP02,LTe03,5,2,3,0,17,4,13,0
LC14a2,LT63,6,4,2,0,17,12,5,0
LC15,LLPt,7,5,2,0,17,13,4,0
LT43,LTe70,3,2,1,0,17,15,2,0
LT43,LC37a,6,1,5,0,17,3,14,0
MeTu1,OA-AL2i4,8,1,7,0,17,2,15,0
LC15,Li31,7,5,2,0,17,11,6,0
LC22,LC40,6,1,5,0,17,2,15,0
LC14b,LTe29,5,3,2,0,17,9,8,0
LC14b,MLt4,7,5,2,0,17,13,4,0
LC14b,LC15,5,3,2,0,17,7,10,0
LC4,Tm4,8,1,7,0,17,2,15,0
MTe01b,MeTu4d,6,3,3,0,17,8,9,0
LTe03,LT70,6,4,2,0,17,12,5,0
LC10e,Li30,8,4,4,0,17,9,8,0
MeTu4c,LC19,7,4,3,0,17,11,6,0
LC15,Tm21,8,2,6,0,17,4,13,0
LC20b,LCe01b,6,3,3,0,17,8,9,0
LC21,TmY11,7,4,3,0,17,10,7,0
cL16,Li13,8,5,3,0,17,11,6,0
cL16,Li29,3,2,1,0,17,12,5,0
LC14b,Dm10,5,2,3,0,17,6,11,0
LC21,LC25,8,3,5,0,17,6,11,0
LC21,LC45,5,2,3,0,17,10,7,0
LC25,LTe47,5,2,3,0,17,5,12,0
MeTu4c,CB2848,4,1,3,0,17,2,15,0
LC14a1,cL16,7,5,2,0,17,13,4,0
cL14,cLLP02,4,2,2,0,17,7,10,0
cL14,Li32,2,1,1,0,17,11,6,0
cL14,Li30,2,1,1,0,17,8,9,0
LT52,TmY9q⊥,7,4,3,0,17,10,7,0
LT52,Tm8b,4,0,4,0,17,0,17,0
LC14a2,LCe03,7,5,2,0,17,13,4,0
LC14a2,LLPt,6,3,3,0,17,11,6,0
LC14a2,LTe47,6,2,4,0,17,4,13,0
LC14a2,Tm37,7,3,4,0,17,7,10,0
LPLC2,Li05,7,2,5,0,17,7,10,0
LC20a,Li05,8,5,3,0,17,10,7,0
MeMe_e08,Tm25,8,4,4,0,17,8,9,0
cM01a,Sm16,7,3,4,0,17,9,8,0
aMe17b,MLt5,7,5,2,0,17,12,5,0
aMe17b,Sm31,6,3,3,0,17,8,9,0
aMe17b,aMe19b,4,2,2,0,17,8,9,0
MTe50,Sm36,6,3,3,0,17,11,6,0
LC11,LC28a,8,4,4,0,17,8,9,0
LC17,LMa2,8,2,6,0,17,4,13,0
APDN3,APDN3,2,0,2,0,17,0,17,0
LC4,LC17,8,4,4,0,17,9,8,0
LC4,LC10a,8,3,5,0,17,6,11,0
MTe06,MTe06,7,2,5,0,17,6,11,0
LT62,LT1b,2,1,1,0,17,9,8,0
LLPC1,Am1,8,5,3,0,17,10,7,0
CB0816,TmY11,6,4,2,0,17,13,4,0
CB0816,MLt3,8,6,2,0,17,13,4,0
CB0816,Sm39,4,2,2,0,17,8,9,0
cM08c,LTe35,4,2,2,0,17,9,8,0
MTe01a,Tm35,7,6,1,0,17,14,3,0
LC34,LC37a,8,5,3,0,17,11,6,0
LC34,Li04,7,4,3,0,17,9,8,0
LT57,LTe07,4,2,2,0,17,7,10,0
cL03,Tlp1,7,1,6,0,17,4,13,0
LT69,LT52,5,3,2,0,17,10,7,0
LC14b,TmY31,8,4,4,0,17,8,9,0
MTe15,CB3790,2,0,2,0,17,0,17,0
LPT45_dCal1,PLP103b,1,1,0,0,17,17,0,0
LPTe01,TmY15,5,4,1,0,17,15,2,0
LTe47,Li02,5,0,5,0,17,0,17,0
cL08,Tm3,2,1,1,0,17,15,2,0
cL08,LT73,3,1,2,0,17,7,10,0
MeMe_e08,TmY3,7,4,3,0,17,10,7,0
LC10e,Li05,6,3,3,0,17,10,7,0
LT70,Tm37,6,0,6,0,17,0,17,0
LC16,Li15,6,3,3,0,17,9,8,0
LPLC1,T4c,8,5,3,0,17,10,7,0
cLP03,TmY9q,7,0,7,0,17,0,17,0
LTe29,LC28a,6,5,1,0,17,15,2,0
cL10,Sm42,2,1,1,0,17,7,10,0
MeTu4c,LTe32,7,2,5,0,17,4,13,0
LLPC1,Li30,5,2,3,0,17,5,12,0
LLPC3,Tm5b,8,1,7,0,17,2,15,0
LLPC4,LC35,3,2,1,0,17,12,5,0
cM08a,Tm5f,8,1,7,0,17,2,15,0
cM17,MeTu4b,5,4,1,0,17,13,4,0
MTe02,Tm27,7,3,4,0,17,9,8,0
OA-AL2i3,L5,8,4,4,0,17,9,8,0
LTe06,LTe35,2,1,1,0,17,8,9,0
cM06,T4c,7,6,1,0,17,15,2,0
cM06,T4d,6,3,3,0,17,9,8,0
LC24,LMa1,4,3,1,0,17,15,2,0
MeTu4a,LTe49b,3,0,3,0,17,0,17,0
cL02b,Tm7,7,3,4,0,17,6,11,0
MeTu4a,Pm14,6,4,2,0,17,11,6,0
LPLC2,LC9,8,3,5,0,17,7,10,0
LT37,LTe31,2,1,1,0,17,9,8,0
5-HTPMPV03,Sm07,7,3,4,0,17,9,8,0
LC28a,LTe69,6,4,2,0,17,9,8,0
LC28a,LTe38b,6,3,3,0,17,11,6,0
MeMe_e09,Sm31,6,3,3,0,17,8,9,0
LC46,LTe42c,3,1,2,0,17,8,9,0
MeMe_e08,Tm16,8,5,3,0,17,11,6,0
LC29,LC10b,8,4,4,0,17,9,8,0
LC9,Li25,7,4,3,0,17,8,9,0
LC15,LMa3,8,3,5,0,17,7,10,0
LPLC4,cL16,5,2,3,0,17,4,13,0
MeTu3a,aMe19a,6,3,3,0,17,10,7,0
mALD1,MTe40,2,1,1,0,17,7,10,0
mALD1,TmY20,6,4,2,0,17,12,5,0
MTe48,cM08c,2,0,2,0,17,0,17,0
MeTu3b,MTe19,5,2,3,0,17,7,10,0
LPLC1,LC15,7,4,3,0,17,11,6,0
cLLP02,LT70,7,3,4,0,17,6,11,0
LT63,Li27,3,2,1,0,17,4,13,0
LTe26,Li01,3,0,3,0,17,0,17,0
LT1a,LMa2,7,1,6,0,17,2,15,0
LCe07,LC22,8,1,7,0,17,2,15,0
MeMe_e07,Sm05,8,4,4,0,17,8,9,0
MTe05,Sm06,8,6,2,0,17,13,4,0
LTe04,LTe32,2,1,1,0,17,9,8,0
LTe04,DNp27,1,0,1,0,17,0,17,0
LT38,LC16,2,0,2,0,17,0,17,0
cL17,Li30,4,2,2,0,17,11,6,0
cL17,Li01,7,4,3,0,17,10,7,0
MeTu4a,Tm35,7,2,5,0,17,4,13,0
LC10a,Y3,3,0,3,0,17,0,17,0
MeTu4c,Sm31,8,5,3,0,17,10,7,0
MTe02,Tm5a,7,4,3,0,17,9,8,0
MTe02,Sm32,7,3,4,0,17,7,10,0
LT64,Li06,7,3,4,0,17,7,10,0
LT74,Li33,4,1,3,0,17,3,14,0
LTe35,LTe02,4,2,2,0,17,10,7,0
LTe35,LC33a,3,2,1,0,17,13,4,0
mALD2,LTe04,2,1,1,0,17,9,8,0
mALD2,LTe57,2,1,1,0,17,11,6,0
MeMe_e05,MeTu3c,6,3,3,0,17,10,7,0
MeMe_e05,Tm5c,6,4,2,0,17,13,4,0
aMe4,Tm5d,7,3,4,0,17,9,8,0
cM11,Tm8a,6,0,6,0,17,0,17,0
LPT48_vCal3,LPT50,2,1,1,0,17,14,3,0
cMLLP02,cLP02,8,7,1,0,17,15,2,0
LT68,LTe70,4,2,2,0,17,10,7,0
LTe64,LT78,4,2,2,0,17,4,13,0
LC39,TmY31,4,1,3,0,17,2,15,0
LC39,Li33,5,3,2,0,17,7,10,0
HSS,LPi15,2,1,1,0,17,6,11,0
OA-AL2i2,cML01,4,2,2,0,17,10,7,0
OA-AL2i2,LT82a,5,3,2,0,17,7,10,0
aMe5,aMe26,6,4,2,0,17,11,6,0
aMe12,MTe05,7,5,2,0,17,13,4,0
LC20b,LT36,7,2,5,0,17,5,12,0
LTe33,Li33,3,2,1,0,17,14,3,0
MeMe_e03,Sm18,3,1,2,0,17,8,9,0
VS3,LPi07,7,6,1,0,17,15,2,0
MTe54,Tm5f,8,4,4,0,17,8,9,0
MTe47,Pm13,4,2,2,0,17,13,4,0
MTe47,C3,7,4,3,0,17,8,9,0
MTe33,MTe54,2,1,1,0,17,5,12,0
cM03,MTe05,8,4,4,0,17,9,8,0
cM03,MTe04,6,4,2,0,17,13,4,0
LC19,LTe65,4,2,1,1,17,8,2,7
cML02,T4b,8,5,3,0,17,10,7,0
LC22,LC14b,8,5,3,0,17,11,6,0
MeTu1,Sm03,8,4,4,0,17,9,8,0
LC29,LCe07,4,1,3,0,17,9,8,0
LC22,LT57,7,4,3,0,17,9,8,0
MeMe_e10,MTe21,3,2,1,0,17,12,5,0
aMe17a2,Sm12,8,5,3,0,17,11,6,0
mALC3,T5d,8,4,4,0,17,8,9,0
MeTu2a,Sm34,7,5,2,0,17,10,7,0
LC21,Tm36,6,3,3,0,17,9,8,0
SIP017,LCe06,2,0,2,0,17,0,17,0
SIP017,LTe17,1,0,1,0,17,0,17,0
LTe75,LTe23,2,1,1,0,17,12,5,0
mALC5,cL06,2,1,1,0,17,10,7,0
cM13,Tm7,6,2,4,0,17,6,11,0
LPT22,cLP03,3,1,2,0,17,7,10,0
LPT22,Tlp1,6,4,2,0,17,13,4,0
LPT22,LPi03,3,2,1,0,17,10,7,0
MeMe_e07,Mi13,7,5,2,0,17,13,4,0
LPLC2,Tm4,8,4,4,0,17,9,8,0
OA-ASM1,LC10a,8,6,2,0,17,13,4,0
OA-ASM1,TmY4,8,8,0,0,17,17,0,0
OA-ASM1,LTe12,5,3,2,0,17,10,7,0
OA-ASM1,Tm33,8,5,3,0,17,10,7,0
LT1b,Li24,6,4,2,0,17,10,7,0
LTe45,MeTu4a,7,2,5,0,17,5,12,0
LLPC2,LMt4,6,3,3,0,17,8,9,0
LAL047,LT82a,4,2,2,0,17,8,9,0
MTe37,Sm04,3,2,1,0,17,12,5,0
OA-AL2b2,Dm3v,7,1,6,0,17,2,15,0
LPT58,LPi15,2,1,1,0,17,7,10,0
MTe02,CB0566,8,5,3,0,17,11,6,0
CB0472,TmY31,6,3,3,0,17,8,9,0
CB0472,LTe62,2,1,1,0,17,15,2,0
LPT42_Nod4,LPT23,3,2,1,0,17,15,2,0
LT65,LT53,4,2,2,0,17,11,6,0
MTe51,LC37a,3,0,3,0,17,0,17,0
MC65,Tm9,8,4,4,0,17,9,8,0
LC16,LPLC1,6,2,4,0,17,4,13,0
MeTu3b,Tm35,6,4,2,0,17,11,6,0
VS1,LPi09,7,4,3,0,17,11,6,0
LCe03,LTe29,6,4,2,0,17,12,5,0
MTe51,LCe01b,3,2,1,0,17,10,7,0
LT78,LT52,7,5,2,0,17,12,5,0
cL06,LTe48,2,1,1,0,17,8,9,0
cL06,LC40,5,3,2,0,17,9,8,0
LT53,LPLC1,7,1,6,0,17,2,15,0
LT53,LTe42c,4,2,2,0,17,9,8,0
CB0566,MTe01b,6,3,3,0,17,6,11,0
LPT29,LPC1,5,4,1,0,17,15,2,0
VCH,LPT23,5,3,2,0,17,7,10,0
VCH,LPi09,7,6,1,0,17,14,3,0
VCH,LPi05,7,3,4,0,17,8,9,0
LTe31,LC9,7,4,3,0,17,10,7,0
LC14a1,Tm7,4,1,3,0,17,4,13,0
HSN,VCH,2,1,1,0,17,11,6,0
cM01b,MTe26,2,1,1,0,17,12,5,0
cLP04,Tlp1,6,4,2,0,17,12,5,0
LC35,LT52,7,3,4,0,17,8,9,0
aMe4,Dm20,6,3,3,0,17,10,7,0
LTe32,LC19,7,3,4,0,17,6,11,0
LC10e,cL10,4,1,3,0,17,4,13,0
MTe23,CB3790,2,1,1,0,17,10,7,0
LCe07,LT61a,5,3,2,0,17,9,8,0
MeMe_e07,Li31,1,0,1,0,17,0,17,0
MTe40,Sm30,5,2,3,0,17,6,11,0
cLP02,LPT51,7,6,1,0,17,15,2,0
DCH,TmY9q⊥,8,6,2,0,17,12,5,0
DCH,Nod3,2,1,1,0,17,10,7,0
OA-AL2i1,Tm5b,8,5,3,0,17,10,7,0
OA-AL2i1,Pm04,8,7,1,0,17,15,2,0
cM15,aMe17c,3,2,1,0,17,12,5,0
cM15,MTe04,6,3,3,0,17,7,10,0
cM15,MTe08,6,3,3,0,17,8,9,0
LC28a,Li31,8,7,1,0,17,15,2,0
LT64,LT52,7,3,4,0,17,8,9,0
aMe6a,LTe51,2,1,1,0,17,11,6,0
aMe6a,CB0802,1,0,1,0,17,0,17,0
LPT27,Y1,6,2,4,0,17,6,11,0
LTe74,LT51,2,1,1,0,17,12,5,0
LTe74,cL05,2,1,1,0,17,5,12,0
MeTu4a,PLP251,6,3,3,0,17,11,6,0
MTe28,MTe01a,6,3,3,0,17,8,9,0
MTe28,Sm42,2,1,1,0,17,6,11,0
MTe28,LTe45,2,1,1,0,17,5,12,0
cL04,LTe58,6,1,5,0,17,2,15,0
cL04,Li13,7,3,4,0,17,6,11,0
LT58,Li10,6,4,2,0,17,8,9,0
LPT21,LPi08,7,5,2,0,17,13,4,0
LPT21,LPi02,8,3,5,0,17,6,11,0
cL09,LC31a,4,2,2,0,17,11,6,0
LCe07,cL11,3,2,1,0,17,12,5,0
cML01,TmY11,7,3,4,0,17,6,11,0
cML01,Li06,8,4,4,0,17,8,9,0
cML01,MTe39,2,1,1,0,17,8,9,0
cML01,Pm13,3,1,2,0,17,9,8,0
LTe53,LC19,5,3,2,0,17,11,6,0
LTe53,LTe40,2,1,1,0,17,6,11,0
cM10,Sm09,7,4,3,0,17,11,6,0
MTe30,Tm5e,8,5,3,0,17,11,6,0
LPT31,Tlp1,7,5,2,0,17,13,4,0
LT70,LC37a,5,3,2,0,17,13,4,0
LC21,LC37a,7,6,1,0,17,14,3,0
cL05,Li09,4,2,2,0,17,13,4,0
aMe5,Tm7,7,2,5,0,17,4,13,0
LTe36,aMe26,3,0,2,1,17,0,12,5
cL02c,Tlp4,5,3,2,0,17,13,4,0
LTe43,MeTu4c,3,2,1,0,17,12,5,0
cLLPM02,TmY9q⊥,7,4,3,0,17,11,6,0
cLLPM02,Tm25,8,4,4,0,17,8,9,0
cLLPM02,LCe03,5,4,1,0,17,15,2,0
cMLLP01,TmY5a,8,2,6,0,17,4,13,0
cMLLP01,LMa5,6,3,3,0,17,10,7,0
cMLLP01,MTe45,2,1,1,0,17,7,10,0
DNpe053,DNpe053,2,0,0,2,17,0,0,17
MTe51,LNda,4,3,1,0,17,15,2,0
MeTu1,LC22,5,0,5,0,17,0,17,0
VS2,Tlp1,7,4,3,0,17,8,9,0
VS2,LPLC1,7,6,1,0,17,15,2,0
aMe17a1,Tm5c,8,5,3,0,17,11,6,0
vCal1,LPi15,2,1,1,0,17,6,11,0
vCal1,LLPC3,4,1,0,3,17,2,0,15
cL22c,PLP021,1,0,1,0,17,0,17,0
LT73,cL18,3,0,3,0,17,0,17,0
LT73,LTe40,3,2,1,0,17,8,9,0
MTe27,LMa5,7,5,2,0,17,13,4,0
MTe44,cL15,1,0,1,0,17,0,17,0
LT41,Tm36,6,4,2,0,17,13,4,0
LT41,LTe52,1,0,1,0,17,0,17,0
LT41,CB3089,2,1,1,0,17,6,11,0
cM16,Tm31,6,3,3,0,17,7,10,0
MTe01b,Sm09,6,5,1,0,17,14,3,0
LPT53,Li06,4,2,2,0,17,10,7,0
LPT53,LPi05,3,2,1,0,17,4,13,0
LC33a,LTe74,3,2,1,0,17,14,3,0
LMa3,Mi2,7,7,0,0,17,17,0,0
Tm8a,Sm02,7,7,0,0,17,17,0,0
Tm31,LTe26,8,8,0,0,17,17,0,0
Mi2,Tm7,7,7,0,0,17,17,0,0
T2,MeLp1,8,8,0,0,17,17,0,0
Tm1,LMt3,3,3,0,0,17,17,0,0
Li28,LT52,8,8,0,0,17,17,0,0
Tm1,Dm13,4,4,0,0,17,17,0,0
LPi01,Sm42,1,1,0,0,17,17,0,0
Li31,LTe05,1,1,0,0,17,17,0,0
LTe49f,LTe49a,3,3,0,0,17,17,0,0
LT78,LPLC1,3,3,0,0,17,17,0,0
LLPC4,PLP163,2,2,0,0,17,17,0,0
VS1,LPi10,6,6,0,0,17,17,0,0
LLPC2,PLP103b,3,3,0,0,17,17,0,0
cLLPM02,LPLC4,5,5,0,0,17,17,0,0
TmY31,LMa1,6,2,4,0,16,4,12,0
TmY31,LTe33,7,3,4,0,16,7,9,0
Sm16,Mi15,7,2,5,0,16,5,11,0
Li08,LT63,5,1,4,0,16,2,14,0
Sm08,Pm13,8,4,4,0,16,8,8,0
L5,TmY9q⊥,7,1,6,0,16,2,14,0
Li17,Tm34,8,5,3,0,16,10,6,0
TmY9q,LC36,6,1,5,0,16,2,14,0
LMt2,Lawf2,6,4,2,0,16,12,4,0
Mi9,R8,5,1,4,0,16,3,13,0
TmY11,LPi07,7,1,6,0,16,2,14,0
Tm25,Tm5e,8,2,6,0,16,4,12,0
Tm5e,LC45,8,0,8,0,16,0,16,0
Tm5f,T2,7,2,5,0,16,5,11,0
Y12,LPC2,6,2,4,0,16,4,12,0
Sm34,Tm5d,8,3,5,0,16,6,10,0
L4,Tm8a,8,3,5,0,16,6,10,0
Tm16,LT63,6,3,3,0,16,7,9,0
Dm12,Sm12,6,3,3,0,16,8,8,0
T2,LPLC2,8,2,6,0,16,4,12,0
Li14,LPLC4,7,2,5,0,16,4,12,0
Tm5a,LLPC2,6,4,2,0,16,11,5,0
Pm11,CB0592,7,3,4,0,16,7,9,0
Mi2,Lawf2,8,3,5,0,16,6,10,0
Dm10,R8,3,1,2,0,16,3,13,0
Dm20,aMe3,5,4,1,0,16,12,4,0
Li21,Li33,6,3,3,0,16,8,8,0
Sm06,aMe5,7,4,3,0,16,8,8,0
TmY11,MLt5,8,4,4,0,16,8,8,0
Tm5e,LCe09,7,4,3,0,16,10,6,0
TmY5a,cL19,5,4,1,0,16,14,2,0
Tm35,Tm34,7,1,6,0,16,3,13,0
Tm5b,Tm27,7,2,5,0,16,4,12,0
Tm4,Tlp14,7,1,6,0,16,2,14,0
Tm5b,LC4,7,6,1,0,16,12,4,0
Tm5c,C2,7,0,7,0,16,0,16,0
DmDRA1,MeTu3c,7,3,4,0,16,6,10,0
Sm05,LC10c,5,0,5,0,16,0,16,0
TmY14,LPi07,8,4,4,0,16,8,8,0
Sm30,MTe40,5,2,3,0,16,6,10,0
Tm5b,LC28a,6,4,2,0,16,9,7,0
Tm25,Pm08,5,1,4,0,16,3,13,0
LMa5,Li06,5,1,4,0,16,2,14,0
LPi08,LPi14,7,4,3,0,16,9,7,0
Dm17,cM07,6,3,3,0,16,9,7,0
Sm40,Sm02,8,4,4,0,16,8,8,0
Sm40,Y12,8,3,5,0,16,6,10,0
Sm40,Sm05,4,1,3,0,16,2,14,0
Sm40,MTe50,8,4,4,0,16,8,8,0
LLPt,Li03,7,4,3,0,16,10,6,0
Tm20,LC10e,6,2,4,0,16,5,11,0
Tm20,Sm32,8,4,4,0,16,8,8,0
Sm15,MeTu2b,5,4,1,0,16,14,2,0
Li05,Tm8a,8,4,4,0,16,8,8,0
Dm19,C3,8,3,5,0,16,6,10,0
TmY11,LT78,4,3,1,0,16,11,5,0
Tm34,cL07,6,4,2,0,16,12,4,0
Tm34,Tm35,8,3,5,0,16,6,10,0
R8,Dm3q,7,2,5,0,16,6,10,0
Li21,Tm5f,7,1,6,0,16,2,14,0
Li21,LC28a,7,3,4,0,16,8,8,0
Mi13,Pm08,6,4,2,0,16,12,4,0
Pm07,Tm7,7,3,4,0,16,6,10,0
MLt7,Sm22,7,1,6,0,16,2,14,0
LMa1,Tm16,5,3,2,0,16,6,10,0
Li02,PLP051,6,2,4,0,16,6,10,0
Li05,Tm5d,7,0,7,0,16,0,16,0
Mi13,MTe43,8,0,8,0,16,0,16,0
Tm32,Sm22,7,0,7,0,16,0,16,0
Sm27,MTe02,7,3,4,0,16,7,9,0
Li03,LTe23,5,2,3,0,16,5,11,0
Sm28,Sm30,6,4,2,0,16,10,6,0
Tm16,Tm37,7,2,5,0,16,4,12,0
Li10,LLPC3,8,4,4,0,16,8,8,0
MLt6,Li30,7,5,2,0,16,11,5,0
TmY10,MLt3,8,3,5,0,16,6,10,0
Y3,LTe49c,7,3,4,0,16,7,9,0
T3,LT83,6,1,5,0,16,2,14,0
Tlp5,LC22,6,0,6,0,16,0,16,0
Tlp5,LTe15,6,4,2,0,16,12,4,0
Dm20,Tm8a,8,3,5,0,16,6,10,0
T1,R8,4,2,2,0,16,8,8,0
Tm2,TmY31,7,1,6,0,16,2,14,0
Tm16,cL22c,7,2,5,0,16,6,10,0
LPi05,Tm36,6,3,3,0,16,6,10,0
Tm21,L3,4,0,4,0,16,0,16,0
Li03,LTe36,4,1,3,0,16,5,11,0
Tm7,Dm10,8,6,2,0,16,12,4,0
Tm25,Li02,6,1,5,0,16,3,13,0
LLPt,LPi01,8,1,7,0,16,2,14,0
Li01,Tm16,8,4,4,0,16,8,8,0
T5d,Tm3,8,2,6,0,16,4,12,0
Sm12,Sm25,8,3,5,0,16,6,10,0
Y3,T4a,8,3,5,0,16,6,10,0
Li18,LTe12,7,3,4,0,16,6,10,0
T5b,T3,6,1,5,0,16,2,14,0
TmY11,LTe17,7,2,5,0,16,5,11,0
Tm16,LTe45,7,3,4,0,16,7,9,0
Pm09,T4d,6,3,3,0,16,6,10,0
Sm12,MTe26,6,2,4,0,16,4,12,0
Tm21,LT87,8,4,4,0,16,8,8,0
TmY10,MTe09,6,3,3,0,16,10,6,0
Tlp5,LTe47,2,0,2,0,16,0,16,0
Tm5c,LC31b,8,5,3,0,16,10,6,0
Tm4,Tm35,6,3,3,0,16,6,10,0
TmY5a,Li19,6,2,4,0,16,4,12,0
Pm05,Mi10,6,3,3,0,16,10,6,0
MLt3,Dm15,8,0,8,0,16,0,16,0
T2a,Dm8a,8,5,3,0,16,10,6,0
Tm25,Li21,5,3,2,0,16,7,9,0
Y4,Li16,8,3,5,0,16,6,10,0
Li01,Li13,7,3,4,0,16,7,9,0
T2,MTe44,6,4,2,0,16,11,5,0
TmY14,MTe52,8,3,5,0,16,6,10,0
TmY5a,Sm08,8,6,2,0,16,12,4,0
TmY5a,Li16,8,3,5,0,16,6,10,0
Y11,Sm42,7,3,4,0,16,7,9,0
T2a,LPi05,5,0,5,0,16,0,16,0
Tm8a,Lawf1,7,3,4,0,16,6,10,0
Li07,LT58,5,3,2,0,16,12,4,0
Li07,LTe54,7,2,5,0,16,4,12,0
Li05,DNp11,5,3,2,0,16,12,4,0
Sm27,Sm08,7,3,4,0,16,7,9,0
Dm10,MLt5,3,0,3,0,16,0,16,0
Y3,Dm2,4,2,2,0,16,9,7,0
Dm2,aMe19b,6,4,2,0,16,12,4,0
Sm27,Tm21,7,5,2,0,16,12,4,0
Mi15,Sm28,6,1,5,0,16,2,14,0
Mi1,MTe47,6,4,2,0,16,11,5,0
Sm18,Sm15,7,3,4,0,16,6,10,0
T4a,cLPL01,7,1,6,0,16,2,14,0
MLt2,LT72,7,2,5,0,16,4,12,0
PDt,L5,8,3,5,0,16,6,10,0
Tm8a,Sm27,7,2,5,0,16,4,12,0
Dm12,C2,5,0,5,0,16,0,16,0
TmY31,LTe44,6,3,3,0,16,9,7,0
MLt8,MeMe_e05,4,2,2,0,16,12,4,0
TmY4,Li19,7,2,5,0,16,4,12,0
Dm9,Sm07,8,4,4,0,16,8,8,0
TmY14,LPi10,8,5,3,0,16,10,6,0
Sm08,MeMe_e09,7,4,3,0,16,9,7,0
Sm07,Sm35,8,3,5,0,16,6,10,0
Sm41,Tm35,8,1,7,0,16,2,14,0
Sm41,Sm21,6,2,4,0,16,4,12,0
Sm41,aMe17c,4,2,2,0,16,9,7,0
Sm41,MTe29,2,1,1,0,16,9,7,0
Mi10,MTe01a,4,1,3,0,16,2,14,0
LMa3,MLt4,7,5,2,0,16,10,6,0
Tm5e,L3,6,0,6,0,16,0,16,0
Dm3p,MLt3,7,4,3,0,16,9,7,0
Tm31,Tm20,7,5,2,0,16,12,4,0
Li13,LTe35,3,1,2,0,16,5,11,0
MLt1,TmY16,7,5,2,0,16,12,4,0
MLt1,T1,8,2,6,0,16,4,12,0
Tm34,Li16,6,4,2,0,16,11,5,0
Tm5c,MTe54,8,5,3,0,16,10,6,0
T5a,Tm25,5,0,5,0,16,0,16,0
MLt7,MTe51,7,3,4,0,16,7,9,0
L3,Dm1,6,2,4,0,16,4,12,0
Sm31,Y12,6,1,5,0,16,3,13,0
Tlp14,LC10d,6,2,4,0,16,6,10,0
Tm27,MTe53,7,2,5,0,16,5,11,0
Pm04,CB0592,6,3,3,0,16,9,7,0
Y1,Tm34,7,3,4,0,16,8,8,0
Tm5c,cM09,8,4,4,0,16,8,8,0
TmY5a,OA-AL2i3,8,3,5,0,16,6,10,0
DmDRA1,aMe10,6,4,2,0,16,12,4,0
LMa4,LT1a,3,1,2,0,16,2,14,0
LMa4,TmY4,7,2,5,0,16,5,11,0
Sm10,MTe30,7,2,5,0,16,5,11,0
Tm8a,Dm3p,8,3,5,0,16,6,10,0
Y3,LTe74,6,3,3,0,16,7,9,0
Y3,DCH,7,3,4,0,16,7,9,0
Tm21,DNp11,8,5,3,0,16,10,6,0
LLPt,LTe62,5,3,2,0,16,11,5,0
T2,LLPC1,8,6,2,0,16,12,4,0
Mi15,Tm8b,6,1,5,0,16,2,14,0
TmY4,Tm35,7,3,4,0,16,6,10,0
Sm32,Pm14,5,2,3,0,16,6,10,0
Sm25,Sm24,8,4,4,0,16,8,8,0
Dm13,TmY14,8,4,4,0,16,8,8,0
Pm10,OA-AL2i2,7,6,1,0,16,14,2,0
Sm22,Tm36,8,3,5,0,16,6,10,0
Pm10,TmY31,4,1,3,0,16,2,14,0
Sm14,Sm14,7,3,4,0,16,6,10,0
Tm16,mALC4,7,1,6,0,16,2,14,0
Sm05,Dm3v,7,5,2,0,16,11,5,0
Y12,LC11,7,3,4,0,16,6,10,0
LMt2,TmY16,8,5,3,0,16,10,6,0
Tm8a,Pm10,7,2,5,0,16,6,10,0
Lawf1,TmY4,3,0,3,0,16,0,16,0
Lawf1,Tm9,5,1,4,0,16,5,11,0
MLt1,MTe33,7,1,6,0,16,2,14,0
Sm11,Tm8a,7,2,5,0,16,5,11,0
Mi9,MeTu3c,7,1,6,0,16,3,13,0
Y4,MTe52,6,1,5,0,16,2,14,0
Tm5e,Li09,8,5,3,0,16,10,6,0
Tm8b,LCe01,4,0,4,0,16,0,16,0
Tm8b,MTe02,5,0,5,0,16,0,16,0
LPi09,TmY15,8,5,3,0,16,10,6,0
LPi02,HSE,7,4,3,0,16,9,7,0
LPi05,VCH,4,2,2,0,16,4,12,0
TmY9q,R8,1,0,1,0,16,0,16,0
Sm32,TmY5a,8,5,3,0,16,10,6,0
TmY10,Mi14,8,5,3,0,16,10,6,0
Sm02,Sm21,7,4,3,0,16,8,8,0
Dm4,Tm3,6,2,4,0,16,4,12,0
Tm4,Li27,7,3,4,0,16,7,9,0
Pm06,OA-AL2i2,8,3,5,0,16,6,10,0
Li02,cM09,5,3,2,0,16,10,6,0
C3,TmY9q⊥,7,5,2,0,16,10,6,0
TmY5a,Dm6,7,3,4,0,16,7,9,0
TmY9q,TmY11,7,2,5,0,16,4,12,0
C3,LMa1,8,3,5,0,16,6,10,0
Tm37,Tm25,7,2,5,0,16,4,12,0
T2,T4a,7,5,2,0,16,11,5,0
LMt2,Li31,7,4,3,0,16,10,6,0
Li06,LT1a,7,3,4,0,16,8,8,0
Tm8a,cL14,7,3,4,0,16,8,8,0
Pm10,cLLPM01,6,3,3,0,16,8,8,0
LLPt,T4d,8,4,4,0,16,8,8,0
Tm35,Sm06,7,4,3,0,16,10,6,0
T2,mALC3,8,2,6,0,16,4,12,0
Y11,Am1,7,6,1,0,16,13,3,0
Tm27,Sm11,7,4,3,0,16,9,7,0
LMt3,Mi9,6,4,2,0,16,12,4,0
MLt1,Tm3,4,2,2,0,16,5,11,0
TmY5a,LT11,7,2,5,0,16,4,12,0
LPi10,Li29,5,4,1,0,16,14,2,0
LMt1,Li19,7,3,4,0,16,7,9,0
Li13,LT87,7,5,2,0,16,12,4,0
T5c,LMa3,6,3,3,0,16,9,7,0
Tm5f,LT56,4,3,1,0,16,14,2,0
Li18,LCe01b,6,4,2,0,16,10,6,0
T2a,DNp30,8,3,5,0,16,6,10,0
Sm26,Sm18,7,2,5,0,16,4,12,0
Tm31,LT62,6,2,4,0,16,8,8,0
Dm12,TmY9q⊥,6,2,4,0,16,4,12,0
Pm07,MTe27,6,5,1,0,16,14,2,0
Tm5a,LTe47,5,1,4,0,16,5,11,0
LLPt,Tm5e,7,2,5,0,16,6,10,0
TmY9q⊥,LTe21,6,1,5,0,16,3,13,0
Sm15,Tm31,7,3,4,0,16,8,8,0
Dm3p,L3,7,2,5,0,16,4,12,0
Dm2,C2,7,4,3,0,16,8,8,0
L2,Tm5c,5,2,3,0,16,4,12,0
Y3,VCH,6,0,6,0,16,0,16,0
Sm29,MTe05,7,2,5,0,16,4,12,0
TmY9q,MTe18,8,2,6,0,16,4,12,0
LLPt,TmY10,7,4,3,0,16,10,6,0
Tm5c,Y12,7,1,6,0,16,2,14,0
Tm37,Y4,8,4,4,0,16,8,8,0
Sm07,LMa5,7,3,4,0,16,8,8,0
Sm07,LMa1,7,3,4,0,16,8,8,0
LMa2,LT79,7,3,4,0,16,8,8,0
Li11,Tm25,7,2,5,0,16,4,12,0
Tm4,Tm5a,7,3,4,0,16,7,9,0
LPi15,LPT50,2,1,1,0,16,8,8,0
TmY4,Nod5,7,6,1,0,16,14,2,0
Tm8a,MTe22,7,2,5,0,16,5,11,0
Tm20,TmY20,7,4,3,0,16,8,8,0
TmY9q,LTe03,6,3,3,0,16,8,8,0
T5a,LLPC2,6,4,2,0,16,12,4,0
Tm1,Tm5d,7,2,5,0,16,4,12,0
TmY31,LCe05,6,4,2,0,16,12,4,0
Sm03,Tm5b,6,1,5,0,16,2,14,0
Tlp1,LC11,7,4,3,0,16,9,7,0
Tm5b,MTe31,6,5,1,0,16,14,2,0
Tlp5,VS8,5,3,2,0,16,11,5,0
TmY20,TmY15,7,4,3,0,16,9,7,0
TmY15,TmY31,7,3,4,0,16,6,10,0
TmY9q⊥,LTe29,7,5,2,0,16,12,4,0
T5c,T3,6,4,2,0,16,12,4,0
Li08,LTe33,7,6,1,0,16,14,2,0
LLPt,LMt2,5,2,3,0,16,5,11,0
Tm8a,LTe73,6,3,3,0,16,7,9,0
Dm12,MTe40,7,5,2,0,16,11,5,0
Tm7,LLPC3,7,4,3,0,16,10,6,0
LPi10,LPi08,7,5,2,0,16,11,5,0
Y4,Pm12,6,3,3,0,16,7,9,0
Tm37,Y3,7,2,5,0,16,4,12,0
Tm7,LTe27,7,5,2,0,16,12,4,0
Tm8a,T2a,6,4,2,0,16,9,7,0
Li28,cLLP02,5,2,3,0,16,6,10,0
Tm34,LTe26,6,3,3,0,16,6,10,0
TmY11,Tm9,7,4,3,0,16,8,8,0
Tlp1,TmY11,8,3,5,0,16,6,10,0
Tm27,MLt3,7,1,6,0,16,2,14,0
Tm32,Tm7,8,5,3,0,16,10,6,0
Sm32,TmY9q,6,3,3,0,16,8,8,0
L4,Dm8b,5,0,5,0,16,0,16,0
Li01,Tm3,8,6,2,0,16,12,4,0
Sm27,Dm9,6,5,1,0,16,13,3,0
TmY9q,Li07,8,4,4,0,16,8,8,0
MLt7,LT51,7,1,6,0,16,2,14,0
Li12,LTe38a,7,2,5,0,16,5,11,0
Li12,TmY4,5,0,5,0,16,0,16,0
T5a,T4d,7,2,5,0,16,5,11,0
Tm5b,LTe40,4,2,2,0,16,8,8,0
Li04,aMe8,7,4,3,0,16,8,8,0
Sm23,MTe17,4,3,1,0,16,11,5,0
Li13,LTe62,4,3,1,0,16,8,8,0
Y12,LC14a1,7,4,3,0,16,10,6,0
Sm20,Sm26,8,6,2,0,16,12,4,0
MLt3,Dm12,8,4,4,0,16,8,8,0
Tm37,Tm32,7,4,3,0,16,10,6,0
Li31,LC45,5,3,2,0,16,10,6,0
Li31,LT75,2,1,1,0,16,11,5,0
Li31,LT87,2,1,1,0,16,8,8,0
Li26,T5b,7,4,3,0,16,10,6,0
Li26,T5d,6,1,5,0,16,3,13,0
TmY20,LPT48_vCal3,8,6,2,0,16,12,4,0
Dm8a,MLt1,7,6,1,0,16,14,2,0
Li08,LTe52,7,4,3,0,16,10,6,0
LMt4,LMt1,6,4,2,0,16,12,4,0
Li05,LT11,6,2,4,0,16,6,10,0
Li24,LC12,8,3,5,0,16,6,10,0
Li06,Li02,8,3,5,0,16,6,10,0
TmY3,LPT58,7,6,1,0,16,14,2,0
C3,CB0592,7,3,4,0,16,7,9,0
Li10,Tm25,8,3,5,0,16,6,10,0
T4b,LLPt,8,2,6,0,16,4,12,0
Mi2,Lawf1,8,4,4,0,16,8,8,0
Sm03,aMe5,8,3,5,0,16,6,10,0
Sm42,Tm20,6,4,2,0,16,11,5,0
Li08,LCe03,7,4,3,0,16,10,6,0
TmY3,Tm5b,7,3,4,0,16,6,10,0
Lawf2,Tm27,6,4,2,0,16,10,6,0
Tm25,LT79,6,2,4,0,16,8,8,0
Tm25,LT60,6,4,2,0,16,11,5,0
Y3,MeTu4b,6,4,2,0,16,11,5,0
TmY11,LT47,6,3,3,0,16,7,9,0
MLt8,Sm07,7,5,2,0,16,12,4,0
Tm3,Tm5a,8,2,6,0,16,4,12,0
Sm02,TmY31,8,2,6,0,16,4,12,0
LPi08,LLPC1,5,1,4,0,16,2,14,0
Tm27,LMt4,7,5,2,0,16,12,4,0
Li27,Li19,4,2,2,0,16,8,8,0
Li27,LC37a,6,4,2,0,16,11,5,0
Li27,cL07,2,1,1,0,16,5,11,0
Tm35,cM08a,6,3,3,0,16,9,7,0
Sm05,TmY14,4,3,1,0,16,10,6,0
Sm05,Lawf2,5,1,4,0,16,2,14,0
MLt1,LC10b,7,2,5,0,16,6,10,0
Sm16,MTe36,5,3,2,0,16,10,6,0
Li09,Li24,5,3,2,0,16,9,7,0
Sm08,Tm36,5,1,4,0,16,2,14,0
Sm08,MeTu3b,8,5,3,0,16,10,6,0
Li06,LLPC1,7,1,6,0,16,3,13,0
Lawf2,Pm01,5,0,5,0,16,0,16,0
Li09,Li09,8,7,1,0,16,14,2,0
Mi10,Tm32,5,1,4,0,16,4,12,0
TmY11,LC25,6,4,2,0,16,12,4,0
LPi12,TmY15,7,4,3,0,16,10,6,0
LPi12,VS8,2,1,1,0,16,10,6,0
Dm19,Mi13,8,3,5,0,16,6,10,0
Dm12,aMe5,8,5,3,0,16,10,6,0
Li06,Tm7,8,5,3,0,16,10,6,0
Pm06,Tm5c,8,6,2,0,16,12,4,0
Sm32,Dm8b,7,0,7,0,16,0,16,0
Tm5b,LCe01a,5,3,2,0,16,10,6,0
Tm5a,Pm05,7,5,2,0,16,12,4,0
Sm43,MeTu3c,5,2,3,0,16,5,11,0
Li33,LLPC2,7,2,5,0,16,4,12,0
Li33,LTe48,2,1,1,0,16,10,6,0
Tm34,LCe01b,6,3,3,0,16,9,7,0
Sm07,Mi10,7,3,4,0,16,8,8,0
Sm36,MTe30,4,2,2,0,16,9,7,0
Sm36,Sm07,5,4,1,0,16,13,3,0
Tm8a,Dm8b,7,4,3,0,16,10,6,0
Li04,LPLC4,7,2,5,0,16,4,12,0
LPi04,T4d,5,1,4,0,16,3,13,0
Pm13,Y12,7,4,3,0,16,10,6,0
Tm21,Dm16,8,6,2,0,16,12,4,0
Tm25,Mi15,6,5,1,0,16,13,3,0
Tm5f,LT83,7,5,2,0,16,12,4,0
Li16,TmY16,6,5,1,0,16,12,4,0
Tm25,TmY11,7,2,5,0,16,5,11,0
TmY11,LPT28,6,3,3,0,16,7,9,0
LMt4,LT11,6,3,3,0,16,10,6,0
Tm8a,LMa3,8,6,2,0,16,12,4,0
Sm38,Sm38,3,2,1,0,16,13,3,0
Tm33,Li28,4,3,1,0,16,14,2,0
Mi14,Mi10,7,4,3,0,16,8,8,0
Li32,LCe06,6,2,4,0,16,7,9,0
Li32,T2a,7,3,4,0,16,7,9,0
Li32,LT11,2,1,1,0,16,9,7,0
Li32,Li09,7,4,3,0,16,10,6,0
Li32,LTe33,4,2,2,0,16,8,8,0
Tm16,cL16,8,5,3,0,16,10,6,0
Sm34,Sm28,5,4,1,0,16,14,2,0
Li24,LT11,5,2,3,0,16,8,8,0
Li24,LC10b,5,4,1,0,16,11,5,0
MLt1,Tm35,7,5,2,0,16,11,5,0
LMt1,TmY15,8,5,3,0,16,10,6,0
Tm5e,Sm41,8,4,4,0,16,8,8,0
Sm18,MLt7,5,0,5,0,16,0,16,0
Dm18,Tm1,7,4,3,0,16,8,8,0
DmDRA2,MeTu3c,4,2,2,0,16,9,7,0
MLt5,Li16,5,3,2,0,16,6,10,0
TmY14,LC4,5,4,1,0,16,13,3,0
Tm27,Sm01,7,6,1,0,16,13,3,0
Dm18,Sm32,8,6,2,0,16,12,4,0
Tm36,Tm32,7,4,3,0,16,9,7,0
Tm5a,LT74,3,0,3,0,16,0,16,0
Tm5e,5-HTPMPV03,7,4,3,0,16,8,8,0
LMa2,Y11,6,5,1,0,16,14,2,0
MLt1,aMe10,5,3,2,0,16,9,7,0
LPi05,LPT51,6,4,2,0,16,11,5,0
Tm16,LC46,6,3,3,0,16,10,6,0
Sm03,Mi9,6,2,4,0,16,4,12,0
LMa4,LT1c,2,1,1,0,16,2,14,0
MLt6,Sm02,7,5,2,0,16,11,5,0
T2,DNp30,8,6,2,0,16,12,4,0
Dm12,L4,7,5,2,0,16,12,4,0
TmY31,OA-ASM1,7,6,1,0,16,13,3,0
Tm36,Li03,7,6,1,0,16,14,2,0
LLPt,Tm35,7,4,3,0,16,10,6,0
TmY5a,LPT54,7,4,3,0,16,9,7,0
Tm8a,LCe05,5,3,2,0,16,9,7,0
Tm7,aMe19a,5,4,1,0,16,14,2,0
Tm8b,MLt2,7,5,2,0,16,12,4,0
Sm18,Sm41,6,4,2,0,16,8,8,0
TmY31,T5d,7,4,3,0,16,8,8,0
Li10,LLPC1,8,5,3,0,16,10,6,0
Mi15,MTe54,4,3,1,0,16,12,4,0
Mi15,MTe51,3,2,1,0,16,12,4,0
C2,Tm36,4,0,4,0,16,0,16,0
L3,T2a,5,4,1,0,16,14,2,0
Li12,LTe65,5,2,3,0,16,7,9,0
Li30,LTe08,2,1,1,0,16,6,10,0
Li30,Tm35,7,1,6,0,16,2,14,0
Li30,LT1a,2,1,1,0,16,10,6,0
Li30,LCe01a,4,3,1,0,16,13,3,0
Tm20,LT11,8,7,1,0,16,14,2,0
Tm5a,MTe01b,6,5,1,0,16,14,2,0
Tm8a,MeMe_e07,7,5,2,0,16,11,5,0
Tm3,LPi10,5,3,2,0,16,10,6,0
Pm02,Mi4,7,6,1,0,16,14,2,0
Li17,TmY9q⊥,6,2,4,0,16,5,11,0
MLt5,Tm33,4,3,1,0,16,12,4,0
Li29,LT51,5,2,3,0,16,7,9,0
Sm37,MeMe_e03,2,1,1,0,16,13,3,0
Tm33,MTe36,5,4,1,0,16,14,2,0
Sm04,Tm21,4,0,4,0,16,0,16,0
Tm5e,Pm09,4,3,1,0,16,14,2,0
Sm07,TmY5a,7,6,1,0,16,14,2,0
Sm24,Dm2,8,7,1,0,16,14,2,0
LC31b,LMa2,8,5,3,0,16,10,6,0
MeMe_e01,Sm27,3,2,1,0,16,14,2,0
LC9,Tm25,7,0,7,0,16,0,16,0
MTe50,LTe69,3,1,2,0,16,5,11,0
LC21,OA-ASM1,7,4,3,0,16,10,6,0
LC11,LT79,6,1,5,0,16,2,14,0
cLP02,LPTe01,7,3,4,0,16,6,10,0
LC11,LMa4,7,2,5,0,16,6,10,0
LC11,LT66,7,4,3,0,16,9,7,0
LT55,LC10a,6,2,4,0,16,5,11,0
MTe03,Tm35,6,4,2,0,16,10,6,0
cM09,Li33,4,2,2,0,16,7,9,0
LC11,cLLP02,8,2,6,0,16,4,12,0
cL01,cM14,3,0,1,2,16,0,5,11
cL01,LTe61,5,3,2,0,16,8,8,0
LT11,TmY5a,7,3,4,0,16,7,9,0
MeTu4d,MeTu1,5,4,1,0,16,14,2,0
cLPL01,LPLC1,6,3,3,0,16,7,9,0
cL22a,LC10c,7,4,3,0,16,10,6,0
MTe21,aMe4,3,1,2,0,16,5,11,0
MTe21,aMe24,2,1,1,0,16,9,7,0
LTe08,LCe01a,3,2,1,0,16,13,3,0
LTe08,LTe54,3,2,1,0,16,13,3,0
LT34,LC45,6,2,4,0,16,4,12,0
LT34,LC10d,5,3,2,0,16,10,6,0
LT34,LCe01b,3,1,2,0,16,2,14,0
LT34,Tm5f,8,6,2,0,16,12,4,0
MeTu4a,TmY5a,7,2,5,0,16,5,11,0
LPTe01,LLPt,8,6,2,0,16,12,4,0
LPLC1,LLPC3,8,4,4,0,16,8,8,0
aMe4,cM08c,4,2,2,0,16,8,8,0
LPLC1,LLPt,8,2,6,0,16,4,12,0
LPLC1,LC13,8,4,4,0,16,8,8,0
LLPC2,Tm5a,7,2,5,0,16,4,12,0
cLP01,T4a,7,6,1,0,16,14,2,0
LT42,LC22,6,3,3,0,16,8,8,0
LTe15,LT80,4,2,2,0,16,7,9,0
LTe15,LT78,2,1,1,0,16,2,14,0
LTe15,Li33,2,1,1,0,16,12,4,0
LC14a1,Tm25,5,4,1,0,16,14,2,0
LLPC3,TmY9q⊥,7,1,6,0,16,2,14,0
MeMe_e02,aMe10,4,0,0,4,16,0,0,16
MTe54,MTe01a,8,6,2,0,16,12,4,0
LC14a2,LTe69,3,2,1,0,16,13,3,0
LC14a2,Tm35,5,2,3,0,16,7,9,0
LT43,Tm32,6,4,2,0,16,12,4,0
LT43,LT55,4,2,2,0,16,10,6,0
LC22,LC14a2,6,2,4,0,16,4,12,0
MTe50,Tm7,7,5,2,0,16,11,5,0
LC6,LC22,7,2,5,0,16,4,12,0
cL02d,LC14a2,5,1,4,0,16,6,10,0
cL02d,Li03,6,3,3,0,16,8,8,0
LPLC1,LT60,7,1,6,0,16,3,13,0
MeTu3c,Tm7,8,1,7,0,16,2,14,0
MTe41,L4,8,4,4,0,16,8,8,0
LC20b,LC22,7,4,3,0,16,8,8,0
LLPC3,LTe17,5,0,5,0,16,0,16,0
MeMe_e01,MeTu3a,7,3,4,0,16,7,9,0
LC21,Li09,6,1,5,0,16,2,14,0
cL16,LT51,7,3,4,0,16,7,9,0
MeTu2a,DmDRA1,7,4,3,0,16,9,7,0
LC21,LT1b,6,3,3,0,16,6,10,0
LC13,CB3089,3,1,2,0,16,5,11,0
LLPC2,Li33,8,2,6,0,16,4,12,0
LC24,Li05,6,3,3,0,16,7,9,0
LC24,Tm35,8,5,3,0,16,10,6,0
MTe02,Sm30,8,4,4,0,16,8,8,0
cL14,Tm21,5,0,5,0,16,0,16,0
LT52,LC24,8,4,4,0,16,8,8,0
LT52,cL22c,7,3,4,0,16,6,10,0
LC14a2,cL14,5,1,4,0,16,4,12,0
LC10d,LC22,7,2,5,0,16,4,12,0
cM01a,aMe9,3,2,1,0,16,13,3,0
aMe17b,MeMe_e06,3,1,2,0,16,2,14,0
LC17,LC18,8,1,7,0,16,2,14,0
cM18,CB0566,2,1,1,0,16,11,5,0
H1,TmY5a,8,3,5,0,16,6,10,0
MTe51,TmY16,6,2,4,0,16,6,10,0
MTe07,s-LNva,2,2,0,0,16,16,0,0
LT62,LMt2,8,5,3,0,16,10,6,0
CB0816,Mi15,6,1,5,0,16,2,14,0
LC11,LT62,6,2,4,0,16,6,10,0
LC11,Tm25,7,2,5,0,16,4,12,0
LPLC2,LMa2,7,5,2,0,16,11,5,0
cLP02,LPT49,7,4,3,0,16,9,7,0
LT79,LT1b,2,1,1,0,16,6,10,0
cM08c,aMe26,5,3,2,0,16,12,4,0
aMe26,MTe23,5,2,3,0,16,6,10,0
LPLC4,TmY9q⊥,7,3,4,0,16,8,8,0
LPT54,Tm34,6,2,4,0,16,4,12,0
LPT54,DCH,2,1,1,0,16,10,6,0
LPT54,Y1,5,3,2,0,16,12,4,0
LPT54,cL05,2,1,1,0,16,7,9,0
LPT54,Am1,2,1,1,0,16,3,13,0
aMe9,MeTu3c,4,2,2,0,16,8,8,0
LC26,LPLC1,5,1,4,0,16,2,14,0
LT69,Li06,6,3,3,0,16,9,7,0
MeTu3b,Sm16,8,2,6,0,16,4,12,0
MTe15,Sm14,7,3,4,0,16,6,10,0
LPT45_dCal1,LPLC2,7,2,5,0,16,5,11,0
LPT45_dCal1,Tlp1,8,7,1,0,16,14,2,0
LC36,LT81,7,3,4,0,16,7,9,0
MTe54,Tm37,8,6,2,0,16,12,4,0
OA-AL2b1,LTe42a,4,2,2,0,16,6,10,0
OA-AL2b1,LPLC4,7,1,6,0,16,2,14,0
LTe01,LT52,7,6,1,0,16,14,2,0
cL08,LC31b,4,2,2,0,16,6,10,0
LPLC1,Li01,5,2,3,0,16,4,12,0
MeMe_e08,Tm1,4,0,4,0,16,0,16,0
CB0816,C3,7,5,2,0,16,11,5,0
LPLC1,Li33,7,3,4,0,16,8,8,0
DGI,LTe53,2,1,1,0,16,10,6,0
cL10,cM07,2,1,1,0,16,14,2,0
LC17,LC10c,5,0,5,0,16,0,16,0
cLP03,T5d,8,5,3,0,16,10,6,0
cM17,Lawf2,7,5,2,0,16,11,5,0
OA-AL2i3,Mi1,8,4,4,0,16,8,8,0
LTe55,LLPt,8,6,2,0,16,12,4,0
LTe55,Li33,2,1,1,0,16,11,5,0
LTe55,LPLC4,6,4,2,0,16,11,5,0
LC4,Li32,7,3,4,0,16,7,9,0
cM02b,Mi15,3,1,2,0,16,10,6,0
cM06,Dm8b,6,3,3,0,16,10,6,0
LC24,Li31,8,5,3,0,16,10,6,0
MeLp2,Pm05,7,3,4,0,16,7,9,0
LPLC2,LC11,7,2,5,0,16,5,11,0
MTe54,Pm03,7,0,7,0,16,0,16,0
PLP004,mALD2,1,0,1,0,16,0,16,0
MeMe_e02,Sm02,6,3,3,0,16,6,10,0
cL20,Li29,2,1,1,0,16,10,6,0
5-HTPMPV03,Sm02,8,5,3,0,16,10,6,0
5-HTPMPV03,Dm12,8,2,6,0,16,4,12,0
LT57,LT77,5,3,2,0,16,11,5,0
cM08a,cMLLP01,4,2,2,0,16,7,9,0
cL21,Li19,5,2,3,0,16,9,7,0
cL21,Tm5a,8,2,6,0,16,4,12,0
LTe57,LTe36,2,1,1,0,16,9,7,0
LC10d,LTe47,6,3,3,0,16,9,7,0
LTe22,Li10,8,7,1,0,16,14,2,0
LTe22,MTe28,2,1,1,0,16,7,9,0
LPLC4,LCe06,6,3,3,0,16,8,8,0
MTe42,Tm16,8,5,3,0,16,10,6,0
aMe17c,MTe42,2,1,1,0,16,8,8,0
aMe17c,Tm2,3,0,3,0,16,0,16,0
MeMe_e06,MLt7,4,2,2,0,16,5,11,0
MeMe_e06,MTe46,2,0,0,2,16,0,0,16
MeMe_e06,Sm22,7,2,5,0,16,4,12,0
MeTu1,Sm40,7,4,3,0,16,8,8,0
MTe12,MTe30,4,3,1,0,16,13,3,0
LTe30,LPLC4,5,4,1,0,16,12,4,0
LPT50,LPC2,7,3,4,0,16,8,8,0
cM07,Tm5c,6,3,3,0,16,7,9,0
cM07,TmY9q⊥,7,5,2,0,16,11,5,0
LTe19,LC36,5,2,3,0,16,6,10,0
LTe19,MTe36,2,0,0,2,16,0,0,16
LT83,LC14b,4,3,1,0,16,14,2,0
LPLC2,Nod2,6,1,5,0,16,2,14,0
CB0802,cL08,2,1,0,1,16,9,0,7
LCe03,LTe58,3,2,1,0,16,12,4,0
mALD1,cL02a,4,3,1,0,16,12,4,0
LC15,Y1,5,1,4,0,16,4,12,0
MTe14,Sm42,3,2,1,0,16,12,4,0
LC25,Tm36,8,6,2,0,16,12,4,0
cLLP02,LT73,4,2,2,0,16,6,10,0
cLLP02,LT63,5,3,2,0,16,10,6,0
LT63,LC16,3,0,3,0,16,0,16,0
LT63,LT73,1,0,1,0,16,0,16,0
LTe26,CB3089,2,1,1,0,16,8,8,0
MeTu4a,LCe04,7,4,3,0,16,10,6,0
MTe53,aMe15,3,1,2,0,16,5,11,0
MeMe_e07,5-HTPMPV03,5,0,0,5,16,0,0,16
LC14a1,LCe01b,6,2,4,0,16,6,10,0
cL17,Li18,6,2,4,0,16,4,12,0
LTe20,LC31c,2,1,1,0,16,6,10,0
LC15,Li18,6,0,6,0,16,0,16,0
LC14a1,LT77,6,3,3,0,16,9,7,0
LLPC4,Li06,6,3,3,0,16,9,7,0
LLPC1,LC16,5,2,3,0,16,4,12,0
LLPC1,Li21,7,5,2,0,16,10,6,0
LT57,Tm7,7,4,3,0,16,10,6,0
LC33a,cL22b,2,0,0,2,16,0,0,16
LTe35,Li01,4,1,3,0,16,2,14,0
mALD2,LT77,2,1,1,0,16,10,6,0
OA-AL2b1,LTe01,5,2,3,0,16,8,8,0
OA-AL2b1,LTe51,2,1,1,0,16,6,10,0
cLP01,LPi07,5,0,5,0,16,0,16,0
cM01c,MTe01a,5,2,3,0,16,4,12,0
MeTu3b,MTe01b,7,4,3,0,16,9,7,0
LPT48_vCal3,PLP104,1,0,0,1,16,0,0,16
LT68,LTe25,3,2,1,0,16,10,6,0
HSS,Nod2,2,1,1,0,16,7,9,0
OA-AL2i2,LMt3,7,3,4,0,16,8,8,0
OA-AL2i2,LT1b,4,2,2,0,16,7,9,0
aMe5,Tm5b,7,2,5,0,16,4,12,0
LC37a,LC10c,8,7,1,0,16,14,2,0
LC15,LTe10,6,5,1,0,16,10,6,0
cL01,LTe30,4,2,2,0,16,6,10,0
MeMe_e03,MeTu3c,5,2,3,0,16,5,11,0
LC10b,MLt6,8,5,3,0,16,10,6,0
LCe03,LC14a1,6,5,1,0,16,13,3,0
MTe47,LT80,4,1,3,0,16,6,10,0
MTe47,Li31,6,4,2,0,16,10,6,0
cM03,Pm05,7,4,3,0,16,10,6,0
aMe13,cL10,2,1,1,0,16,10,6,0
LTe47,Tm5c,6,2,4,0,16,5,11,0
LPLC1,T5d,6,2,4,0,16,4,12,0
LT40,LT42,1,0,1,0,16,0,16,0
LC22,Tm8a,6,2,4,0,16,4,12,0
MeMe_e02,Tm8b,4,0,4,0,16,0,16,0
aMe17a2,Dm3q,8,3,5,0,16,6,10,0
LLPC1,Y4,7,5,2,0,16,10,6,0
SIP017,LC10b,3,0,3,0,16,0,16,0
LTe75,LT51,2,1,1,0,16,9,7,0
LTe75,CB3790,2,1,1,0,16,7,9,0
mALC5,LC21,5,3,2,0,16,12,4,0
mALC5,LT52,5,3,2,0,16,10,6,0
cM13,aMe5,6,4,2,0,16,10,6,0
LPT22,Tlp4,5,3,2,0,16,11,5,0
LPT22,LPi10,6,4,2,0,16,11,5,0
MTe01b,cLLP02,2,0,2,0,16,0,16,0
MeMe_e07,T2a,6,4,2,0,16,10,6,0
OA-ASM1,Pm07,8,5,3,0,16,10,6,0
OA-ASM1,Tm8b,7,2,5,0,16,6,10,0
VS7,LPi13,2,1,1,0,16,11,5,0
LT1b,LMt1,7,4,3,0,16,10,6,0
cM08c,cLLP02,4,2,2,0,16,6,10,0
cM08c,LTe36,3,2,1,0,16,6,10,0
MTe01b,LTe07,3,1,2,0,16,5,11,0
MeMe_e04,Sm15,5,0,5,0,16,0,16,0
LC13,LT84,6,4,2,0,16,10,6,0
MTe04,Mi4,8,5,3,0,16,10,6,0
MTe04,Mi9,8,7,1,0,16,14,2,0
LT56,LC22,8,4,4,0,16,8,8,0
LT56,Li31,2,1,1,0,16,12,4,0
LAL047,LT41,1,0,1,0,16,0,16,0
OA-AL2b2,aMe3,5,4,1,0,16,13,3,0
OA-AL2b2,cM09,6,3,3,0,16,6,10,0
Nod1,Y1,7,2,5,0,16,5,11,0
LC24,LCe01b,7,5,2,0,16,12,4,0
LPLC2,LTe13,7,5,2,0,16,12,4,0
CB0472,LC14a2,6,0,0,6,16,0,0,16
LT73,Li29,3,2,1,0,16,9,7,0
LT73,PLP051,2,1,1,0,16,8,8,0
LT65,Li28,3,2,1,0,16,14,2,0
LT65,LTe32,4,3,1,0,16,10,6,0
cL01,cL15,2,0,1,1,16,0,8,8
LC13,cL20,3,1,2,0,16,5,11,0
LT61b,LT1c,2,1,1,0,16,6,10,0
CB0592,LMt2,6,3,3,0,16,7,9,0
CB0592,Li29,2,1,1,0,16,10,6,0
CB0592,Nod5,2,1,1,0,16,9,7,0
CB0592,MeTu3c,3,0,3,0,16,0,16,0
cL01,LTe43,6,3,3,0,16,9,7,0
LC6,LT66,7,3,4,0,16,6,10,0
LC45,MTe03,3,2,1,0,16,10,6,0
LT78,LC13,6,5,1,0,16,14,2,0
cL06,LTe17,2,1,1,0,16,11,5,0
cM12,LT58,2,1,1,0,16,6,10,0
MTe16,MTe16,3,2,1,0,16,11,5,0
LC24,LTe35,6,3,3,0,16,8,8,0
LC28a,LC17,7,3,4,0,16,7,9,0
LC28a,TmY15,6,0,6,0,16,0,16,0
LC28a,TmY16,4,1,3,0,16,2,14,0
LC28a,LT81,4,3,1,0,16,14,2,0
VCH,LPT04_HST,2,1,1,0,16,6,10,0
LT84,Li06,6,1,5,0,16,2,14,0
LC28a,cLLP02,7,4,3,0,16,9,7,0
cL22b,cL20,2,1,1,0,16,9,7,0
cL22b,LTe17,2,1,1,0,16,11,5,0
cM01b,Sm15,4,3,1,0,16,14,2,0
cM01b,Sm16,5,2,3,0,16,4,12,0
cM14,MTe36,2,1,1,0,16,13,3,0
LC45,LC6,5,3,2,0,16,9,7,0
cLP04,cL13,2,1,1,0,16,10,6,0
OA-ASM1,Tm5e,8,4,4,0,16,8,8,0
MTe01a,Tm34,7,5,2,0,16,12,4,0
LPLC4,Tlp5,7,6,1,0,16,14,2,0
VST2,T4d,7,5,2,0,16,12,4,0
VST2,LPi14,5,2,3,0,16,6,10,0
MTe22,LCe01b,3,2,1,0,16,10,6,0
MTe22,CB0566,2,1,1,0,16,3,13,0
MTe12,MeTu1,7,3,4,0,16,8,8,0
HSE,LPT26,2,1,1,0,16,8,8,0
MTe52,Mi14,7,4,3,0,16,10,6,0
MTe23,LTe22,2,1,1,0,16,9,7,0
LPLC1,T4b,8,4,4,0,16,8,8,0
LC24,LC20b,5,3,2,0,16,12,4,0
LC21,LTe55,6,4,2,0,16,10,6,0
aMe4,Dm1,5,2,3,0,16,4,12,0
LLPC3,LMa2,6,4,2,0,16,11,5,0
LT76,LTe19,2,1,1,0,16,5,11,0
MeMe_e07,Li05,5,0,5,0,16,0,16,0
LLPC3,cLP05,3,0,0,3,16,0,0,16
MTe40,Sm13,6,2,4,0,16,5,11,0
MeTu4c,LTe64,5,4,1,0,16,11,5,0
cL11,MLt6,6,2,4,0,16,5,11,0
DCH,LPi07,6,5,1,0,16,12,4,0
OA-AL2i1,aMe17c,4,2,2,0,16,11,5,0
OA-AL2i1,Pm05,7,3,4,0,16,7,9,0
OA-AL2i1,VCH,2,1,1,0,16,10,6,0
cM15,Pm08,8,2,6,0,16,4,12,0
cM15,LMt3,7,3,4,0,16,7,9,0
cM15,MeLp1,2,1,1,0,16,5,11,0
MC65,PLP217,2,0,2,0,16,0,16,0
OA-AL2i2,Mi13,7,4,3,0,16,10,6,0
LTe46,Li27,4,2,2,0,16,7,9,0
cM05,Tm21,4,0,4,0,16,0,16,0
cM05,cML01,2,1,1,0,16,13,3,0
cM05,MTe01a,5,4,1,0,16,12,4,0
LPT57,TmY14,7,4,3,0,16,9,7,0
LPT57,TmY5a,6,3,3,0,16,7,9,0
LPT57,Am1,2,1,1,0,16,7,9,0
LPLC2,VS1,6,5,1,0,16,14,2,0
LT36,cL07,1,0,1,0,16,0,16,0
LT36,LC16,8,2,6,0,16,4,12,0
MTe28,cM08b,2,1,1,0,16,9,7,0
cL04,LTe50,4,3,1,0,16,14,2,0
cL04,LT65,3,2,1,0,16,14,2,0
LT58,Sm31,5,1,4,0,16,4,12,0
LT58,Sm39,2,1,1,0,16,5,11,0
LC18,LC31c,5,4,1,0,16,14,2,0
LPT50,TmY14,3,0,3,0,16,0,16,0
MTe39,cMLLP02,2,1,1,0,16,7,9,0
LTe14,cL22a,1,0,1,0,16,0,16,0
LT51,LPLC1,4,3,1,0,16,14,2,0
cL09,Li06,5,3,2,0,16,10,6,0
aMe25,PLP174,2,0,2,0,16,0,16,0
aMe25,LTe43,2,1,1,0,16,5,11,0
cML01,Tm7,8,6,2,0,16,12,4,0
LTe48,Li33,2,1,1,0,16,4,12,0
MTe30,MTe49,2,1,1,0,16,12,4,0
LLPC2,T5c,7,5,2,0,16,12,4,0
LT70,LTe08,5,3,2,0,16,12,4,0
cL05,LTe29,2,1,1,0,16,5,11,0
cL05,LTe14,2,1,1,0,16,5,11,0
cLLP02,LC10d,7,5,2,0,16,12,4,0
cLLPM02,Mi14,6,4,2,0,16,11,5,0
cLLPM02,TmY11,7,5,2,0,16,12,4,0
cMLLP01,OA-AL2i2,3,2,1,0,16,10,6,0
cMLLP01,LT72,2,1,1,0,16,12,4,0
cL13,Li06,5,3,2,0,16,10,6,0
VS2,LPT27,2,1,1,0,16,7,9,0
aMe17a1,Sm35,4,2,2,0,16,6,10,0
aMe17a1,MTe02,7,2,5,0,16,6,10,0
aMe17a1,Sm20,8,5,3,0,16,10,6,0
aMe17a1,MeMe_e01,5,2,3,0,16,4,12,0
cL22c,LTe38a,5,2,3,0,16,7,9,0
LPT23,LPC2,8,5,3,0,16,10,6,0
LPT23,LLPC3,7,5,2,0,16,12,4,0
cL15,LC45,6,2,4,0,16,4,12,0
cL15,LT65,2,1,1,0,16,8,8,0
cL15,LCe07,4,2,2,0,16,9,7,0
LTe21,TmY31,3,0,3,0,16,0,16,0
MTe27,MeMe_e07,3,2,1,0,16,10,6,0
LT39,LC20b,5,4,1,0,16,14,2,0
LT39,cL16,3,2,1,0,16,7,9,0
LT43,LTe56,3,2,1,0,16,10,6,0
VS6,DCH,2,1,1,0,16,12,4,0
LT41,LT61b,2,1,1,0,16,6,10,0
LT66,OA-AL2i2,3,1,2,0,16,5,11,0
cM16,MTe03,6,2,4,0,16,5,11,0
cM16,Sm29,4,3,1,0,16,11,5,0
cM16,MTe04,6,5,1,0,16,14,2,0
cL04,LTe49f,5,4,1,0,16,14,2,0
MeMe_e10,Sm12,5,0,5,0,16,0,16,0
LPT53,Y3,8,4,4,0,16,8,8,0
Li05,LTe49f,5,5,0,0,16,16,0,0
Tm8a,Sm21,8,8,0,0,16,16,0,0
Li02,LTe38c,7,7,0,0,16,16,0,0
Lawf1,L4,8,8,0,0,16,16,0,0
TmY11,LC36,4,4,0,0,16,16,0,0
Li03,LT61a,6,6,0,0,16,16,0,0
Sm06,Lat,6,6,0,0,16,16,0,0
LMa4,Tlp5,7,7,0,0,16,16,0,0
TmY9q⊥,LT87,1,1,0,0,16,16,0,0
T2a,LC10d,5,5,0,0,16,16,0,0
Tm3,LCe01b,7,7,0,0,16,16,0,0
Sm30,MTe51,6,6,0,0,16,16,0,0
Dm9,T2,7,7,0,0,16,16,0,0
T4c,LMa5,3,3,0,0,16,16,0,0
Sm40,Sm34,6,6,0,0,16,16,0,0
Pm07,MLt1,2,2,0,0,16,16,0,0
LC13,Li30,5,5,0,0,16,16,0,0
PLP249,LPT42_Nod4,1,1,0,0,16,16,0,0
MeTu1,Sm35,6,6,0,0,16,16,0,0
LTe37,PLP231,2,2,0,0,16,16,0,0
PLP252,cL19,1,1,0,0,16,16,0,0
LC9,LTe49f,5,5,0,0,16,16,0,0
MTe51,MLt5,6,6,0,0,16,16,0,0
LPT27,LPT51,1,1,0,0,16,16,0,0
cM07,LC17,6,6,0,0,16,16,0,0
cL20,Li27,2,2,0,0,16,16,0,0
MTe04,MeTu4a,6,6,0,0,16,16,0,0
PLP023,LPT42_Nod4,1,1,0,0,16,16,0,0
LTe13,CB0734,1,1,0,0,16,16,0,0
LT39,Li02,4,4,0,0,16,16,0,0
LPT21,cLP02,4,4,0,0,16,16,0,0
LTe52,DNp31,2,2,0,0,16,16,0,0
MeTu3a,LT69,2,2,0,0,16,16,0,0
MeTu3a,Li13,1,1,0,0,16,16,0,0
LPT29,LPi11,6,6,0,0,16,16,0,0
PLP251,PLP239,1,1,0,0,16,16,0,0
PLP163,cM11,1,0,0,1,16,0,0,16
TmY31,MLt1,6,3,3,0,15,6,9,0
C3,MTe34,6,3,3,0,15,8,7,0
Li08,LTe32,7,3,4,0,15,6,9,0
Li08,TmY16,5,1,4,0,15,7,8,0
T2,LT11,7,4,3,0,15,9,6,0
Pm01,Mi14,7,4,3,0,15,8,7,0
Tm32,LTe62,6,3,3,0,15,9,6,0
Sm18,MTe04,6,3,3,0,15,9,6,0
Li06,Tm20,7,2,5,0,15,4,11,0
Li07,LTe52,7,2,5,0,15,4,11,0
Tm5f,LT53,5,2,3,0,15,7,8,0
R1-6,Dm8b,5,0,5,0,15,0,15,0
Tm25,Pm12,7,3,4,0,15,7,8,0
TmY11,Li24,7,2,5,0,15,5,10,0
Tm27,T5a,7,4,3,0,15,8,7,0
Pm11,C3,7,2,5,0,15,4,11,0
Tm32,LC12,7,2,5,0,15,4,11,0
Li02,aMe20,3,0,3,0,15,0,15,0
Pm12,MLt4,6,3,3,0,15,8,7,0
TmY9q⊥,LMt2,7,2,5,0,15,4,11,0
Sm07,LT51,2,0,2,0,15,0,15,0
Mi9,Tm32,6,4,2,0,15,11,4,0
Mi15,MTe02,6,2,4,0,15,4,11,0
Tm3,Li32,6,1,5,0,15,2,13,0
TmY14,LPC1,7,4,3,0,15,8,7,0
Sm30,TmY15,7,3,4,0,15,6,9,0
Tm35,LT78,5,2,3,0,15,5,10,0
MLt5,TmY3,7,2,5,0,15,4,11,0
Dm16,Mi14,7,5,2,0,15,11,4,0
T4b,TmY31,5,1,4,0,15,3,12,0
Tm5c,LTe21,7,4,3,0,15,8,7,0
Tm5a,LTe22,4,0,4,0,15,0,15,0
Tm32,Dm2,7,3,4,0,15,6,9,0
Li02,LTe55,6,4,2,0,15,10,5,0
Sm05,TmY11,7,2,5,0,15,4,11,0
Y4,Tm8a,7,2,5,0,15,4,11,0
LPi06,LMt4,7,4,3,0,15,8,7,0
Sm40,Sm03,7,2,5,0,15,4,11,0
Sm40,TmY14,6,4,2,0,15,9,6,0
Sm40,Sm12,6,4,2,0,15,8,7,0
C2,Tm27,7,6,1,0,15,12,3,0
Tm25,Sm05,7,4,3,0,15,8,7,0
Tm20,LT52,7,4,3,0,15,9,6,0
Tm32,aMe20,3,1,2,0,15,3,12,0
TmY10,Sm29,7,4,3,0,15,9,6,0
Tlp4,Nod2,7,2,5,0,15,4,11,0
TmY20,LC44,7,2,5,0,15,5,10,0
Li02,LLPC1,7,4,3,0,15,9,6,0
Sm15,Sm26,5,2,3,0,15,6,9,0
Sm24,Tm5a,6,2,4,0,15,5,10,0
Dm2,L1,6,3,3,0,15,6,9,0
Tm35,Sm13,7,3,4,0,15,6,9,0
Pm01,T4a,6,4,2,0,15,11,4,0
Sm07,C3,5,0,5,0,15,0,15,0
Tm5f,LCe07,7,0,7,0,15,0,15,0
Tm36,LC24,7,2,5,0,15,4,11,0
Tm5e,LT80,7,3,4,0,15,6,9,0
Tm3,LTe38c,6,4,2,0,15,9,6,0
Tm8b,Tm36,6,2,4,0,15,5,10,0
Li17,LPLC4,7,3,4,0,15,7,8,0
Li21,LMt4,6,3,3,0,15,8,7,0
TmY9q,Dm12,7,4,3,0,15,9,6,0
TmY31,cL10,5,1,4,0,15,2,13,0
TmY31,Sm05,4,1,3,0,15,2,13,0
Li02,Li31,7,3,4,0,15,6,9,0
Dm15,Tm3,6,4,2,0,15,11,4,0
TmY9q⊥,LTe45,6,3,3,0,15,7,8,0
Tm9,Y3,7,3,4,0,15,7,8,0
TmY16,LC40,4,2,2,0,15,10,5,0
Tm5e,Sm05,7,3,4,0,15,6,9,0
Pm05,LMt3,7,2,5,0,15,5,10,0
Tm16,Li04,7,4,3,0,15,8,7,0
Dm20,Dm3v,7,1,6,0,15,2,13,0
Tm5c,Li30,4,2,2,0,15,5,10,0
Tm5c,MLt7,5,1,4,0,15,2,13,0
Tm7,LC4,7,3,4,0,15,7,8,0
Tm16,Li25,7,2,5,0,15,4,11,0
LPi05,LC45,2,0,2,0,15,0,15,0
Dm8b,Mi10,6,3,3,0,15,8,7,0
TmY4,LPT50,7,3,4,0,15,7,8,0
Mi15,Dm3p,7,2,5,0,15,4,11,0
Li18,LC10d,7,2,5,0,15,5,10,0
Li18,Li10,6,2,4,0,15,6,9,0
Tlp1,Y4,7,3,4,0,15,7,8,0
Tm8b,LC16,7,2,5,0,15,5,10,0
MLt7,Tm5d,7,2,5,0,15,5,10,0
Sm07,Sm38,5,2,3,0,15,4,11,0
Y12,LC22,7,2,5,0,15,4,11,0
Sm21,Tm8a,3,2,1,0,15,10,5,0
MLt6,Tm37,7,2,5,0,15,4,11,0
Pm10,MTe41,5,3,2,0,15,7,8,0
Tm2,LPT45_dCal1,6,4,2,0,15,11,4,0
TmY11,LPi02,7,2,5,0,15,4,11,0
Pm02,OA-AL2i2,7,4,3,0,15,9,6,0
Lai,C3,7,5,2,0,15,11,4,0
Tm5c,LC39,6,2,4,0,15,4,11,0
Mi10,MeLp2,7,4,3,0,15,8,7,0
DmDRA1,TmY10,7,6,1,0,15,13,2,0
Sm31,Dm20,4,0,4,0,15,0,15,0
Sm31,TmY31,6,2,4,0,15,5,10,0
Sm31,Sm06,7,4,3,0,15,9,6,0
MLt3,Mi1,5,2,3,0,15,4,11,0
Tm5c,MTe50,6,4,2,0,15,11,4,0
Mi15,Sm34,7,5,2,0,15,11,4,0
Dm8a,aMe17b,7,3,4,0,15,6,9,0
Mi10,MeMe_e02,7,4,3,0,15,9,6,0
T3,TmY11,5,2,3,0,15,4,11,0
L2,R7,6,3,3,0,15,6,9,0
TmY10,MeTu3a,6,4,2,0,15,11,4,0
Sm09,MTe54,6,2,4,0,15,4,11,0
TmY16,LMa2,7,5,2,0,15,11,4,0
Dm2,cM08b,7,3,4,0,15,6,9,0
TmY9q⊥,LMt1,5,3,2,0,15,6,9,0
Dm14,Tm25,6,1,5,0,15,5,10,0
Tm4,LT63,4,0,4,0,15,0,15,0
Tm3,TmY20,6,2,4,0,15,4,11,0
Li19,Tm3,7,4,3,0,15,8,7,0
Pm11,LMa2,7,3,4,0,15,7,8,0
LMa4,Mi14,7,5,2,0,15,11,4,0
Tm21,Pm13,7,3,4,0,15,7,8,0
Sm07,Mi9,5,2,3,0,15,4,11,0
Dm10,MLt4,7,3,4,0,15,6,9,0
Mi4,R8,6,3,3,0,15,6,9,0
Sm07,MTe49,7,1,6,0,15,2,13,0
Pm01,LC14a1,1,0,1,0,15,0,15,0
Tm36,LC25,5,2,3,0,15,8,7,0
TmY5a,MTe38,7,3,4,0,15,6,9,0
Sm01,MeMe_e09,7,2,5,0,15,4,11,0
Pm09,Pm13,7,1,6,0,15,3,12,0
TmY3,cLLPM01,6,2,4,0,15,5,10,0
Li26,cL21,7,2,5,0,15,4,11,0
MLt5,Tm32,7,4,3,0,15,8,7,0
MLt8,LC10c,5,3,2,0,15,9,6,0
TmY4,Dm20,7,3,4,0,15,6,9,0
Tm37,Li03,7,3,4,0,15,6,9,0
Sm41,Tm31,6,2,4,0,15,4,11,0
Sm41,Sm38,3,2,1,0,15,9,6,0
Sm41,aMe19b,2,1,1,0,15,5,10,0
Sm41,Sm10,6,2,4,0,15,6,9,0
Mi10,MeTu4a,6,3,3,0,15,6,9,0
Tm5d,Li24,5,1,4,0,15,2,13,0
T4b,LMa3,6,4,2,0,15,11,4,0
TmY11,Pm08,6,1,5,0,15,2,13,0
Tm27,Li28,4,0,4,0,15,0,15,0
Sm01,LMa5,6,4,2,0,15,10,5,0
Li13,LC17,7,2,5,0,15,4,11,0
Li13,LTe48,4,1,3,0,15,2,13,0
Li10,LT82a,5,1,4,0,15,6,9,0
TmY9q,LT84,5,3,2,0,15,10,5,0
MLt1,MTe28,6,2,4,0,15,5,10,0
Tm27,Tm36,7,3,4,0,15,6,9,0
Mi15,MeTu4a,6,0,6,0,15,0,15,0
MLt3,Mi2,7,0,7,0,15,0,15,0
L2,Li11,5,0,5,0,15,0,15,0
LMa4,LC14a1,5,2,3,0,15,5,10,0
L5,Dm14,6,5,1,0,15,12,3,0
TmY16,Li12,5,2,3,0,15,6,9,0
C3,Dm14,7,4,3,0,15,8,7,0
Li10,cM09,7,2,5,0,15,5,10,0
MLt1,LTe49b,7,2,5,0,15,4,11,0
Mi4,TmY31,7,2,5,0,15,4,11,0
Sm19,MeMe_e05,5,3,2,0,15,10,5,0
Pm10,cML01,6,2,4,0,15,4,11,0
Sm10,Mi15,7,3,4,0,15,7,8,0
TmY16,T5b,7,5,2,0,15,10,5,0
LMt3,LLPC3,7,2,5,0,15,4,11,0
Tm8b,Tm5b,5,2,3,0,15,5,10,0
Sm25,Tm7,7,5,2,0,15,11,4,0
Sm25,Tm20,7,4,3,0,15,8,7,0
Tm3,LT77,6,4,2,0,15,9,6,0
Li01,cLLP02,6,3,3,0,15,9,6,0
Tm33,Y3,7,5,2,0,15,11,4,0
Mi10,MTe22,7,2,5,0,15,4,11,0
Sm15,Sm19,5,2,3,0,15,4,11,0
Pm11,Tm1,6,3,3,0,15,8,7,0
Tm5e,MTe11,7,5,2,0,15,11,4,0
TmY4,Tm27,7,2,5,0,15,4,11,0
Tm8a,Li18,5,1,4,0,15,3,12,0
Li09,LC36,7,2,5,0,15,5,10,0
Tlp4,cLP03,7,5,2,0,15,11,4,0
DmDRA1,R7,5,1,4,0,15,2,13,0
Li05,Tm8b,4,1,3,0,15,2,13,0
T4d,LPC1,7,2,5,0,15,4,11,0
Pm01,Pm12,6,3,3,0,15,6,9,0
TmY20,Li11,6,1,5,0,15,2,13,0
LPi04,LPi15,6,3,3,0,15,7,8,0
Dm14,Dm10,7,2,5,0,15,4,11,0
Tm21,Tm5f,7,2,5,0,15,4,11,0
Sm22,TmY5a,6,2,4,0,15,4,11,0
Sm22,Tm5b,7,2,5,0,15,5,10,0
Tm7,LT63,5,0,5,0,15,0,15,0
Tm37,LLPt,7,6,1,0,15,13,2,0
TmY5a,LTe03,7,1,6,0,15,2,13,0
Li15,LMa5,7,3,4,0,15,6,9,0
Li03,TmY20,5,3,2,0,15,11,4,0
Dm10,Pm05,4,3,1,0,15,7,8,0
Dm10,Pm03,4,3,1,0,15,12,3,0
Dm10,T2a,6,2,4,0,15,6,9,0
Dm10,Li21,1,0,1,0,15,0,15,0
Tm8a,cL04,6,2,4,0,15,4,11,0
Tlp14,LT62,7,5,2,0,15,10,5,0
T5d,LMt3,7,3,4,0,15,7,8,0
Li10,Tm3,7,4,3,0,15,8,7,0
Sm13,Sm01,7,3,4,0,15,6,9,0
T2a,Tm34,5,1,4,0,15,2,13,0
Li06,Li13,7,4,3,0,15,9,6,0
TmY10,LC18,7,3,4,0,15,6,9,0
Dm13,Dm2,6,1,5,0,15,2,13,0
TmY20,LPi07,7,3,4,0,15,6,9,0
Tm35,OA-AL2b1,6,2,4,0,15,4,11,0
Li10,LCe01a,7,4,3,0,15,8,7,0
LMa3,TmY9q⊥,6,3,3,0,15,7,8,0
LMa3,MTe41,4,1,3,0,15,6,9,0
Sm26,Dm4,7,1,6,0,15,3,12,0
Li11,Tm31,7,3,4,0,15,6,9,0
Tm8b,cL16,4,3,1,0,15,13,2,0
Tm5f,LC12,7,2,5,0,15,4,11,0
Sm26,MeMe_e03,5,2,3,0,15,6,9,0
Li11,Tm5d,7,5,2,0,15,10,5,0
Tm31,MTe02,7,1,6,0,15,3,12,0
LPi01,LPT23,5,1,4,0,15,3,12,0
LMa2,LLPC3,6,1,5,0,15,2,13,0
LMa2,LTe13,5,2,3,0,15,7,8,0
Tm5c,LCe03,6,4,2,0,15,11,4,0
TmY14,LPi09,5,0,5,0,15,0,15,0
TmY16,Tlp1,5,2,3,0,15,4,11,0
Li17,Tm7,7,3,4,0,15,6,9,0
Tm4,LT74,7,3,4,0,15,7,8,0
Dm14,C3,7,5,2,0,15,10,5,0
TmY9q,LT59,5,2,3,0,15,7,8,0
Tm31,Tm35,7,5,2,0,15,10,5,0
Tm9,LMa3,4,1,3,0,15,6,9,0
Tm5f,LMt3,7,4,3,0,15,8,7,0
T4b,Pm05,3,1,2,0,15,11,4,0
Tm35,aMe5,7,2,5,0,15,4,11,0
Tm35,Sm07,7,5,2,0,15,10,5,0
Li09,LLPC2,7,2,5,0,15,4,11,0
Sm11,Mi2,6,5,1,0,15,13,2,0
TmY9q,T4b,7,1,6,0,15,2,13,0
Pm06,Pm10,6,3,3,0,15,7,8,0
Y3,LCe07,6,3,3,0,15,7,8,0
T4b,HSN,3,2,1,0,15,6,9,0
Sm12,Dm10,7,2,5,0,15,4,11,0
TmY9q⊥,LTe05,7,4,3,0,15,8,7,0
Tm8a,LT65,7,1,6,0,15,2,13,0
R1-6,T5d,4,0,4,0,15,0,15,0
R1-6,Pm03,3,0,3,0,15,0,15,0
Dm10,MeLp1,6,4,2,0,15,11,4,0
MLt1,LC31a,6,2,4,0,15,4,11,0
T5b,DCH,6,3,3,0,15,8,7,0
TmY11,LPT30,6,4,2,0,15,10,5,0
LMt3,Tm21,5,1,4,0,15,2,13,0
LMt3,Lawf1,4,2,2,0,15,6,9,0
Li05,Tm36,7,3,4,0,15,7,8,0
TmY15,LPT23,6,3,3,0,15,6,9,0
Tm5c,LC41,7,4,3,0,15,9,6,0
Tm7,C3,4,1,3,0,15,7,8,0
T4b,LPC2,7,3,4,0,15,7,8,0
MLt3,LC12,7,2,5,0,15,4,11,0
Tm32,LC15,6,2,4,0,15,4,11,0
LLPt,LTe25,7,5,2,0,15,11,4,0
Tm16,LT77,6,3,3,0,15,8,7,0
T3,LC16,6,3,3,0,15,9,6,0
LPi10,Y1,6,3,3,0,15,8,7,0
Y1,Nod2,6,3,3,0,15,8,7,0
Dm2,Lawf2,5,1,4,0,15,2,13,0
Li28,cL07,2,0,2,0,15,0,15,0
Li28,LT47,3,1,2,0,15,2,13,0
Li11,C3,5,0,5,0,15,0,15,0
Li01,LTe06,7,2,5,0,15,4,11,0
Tm5b,Sm42,7,5,2,0,15,11,4,0
TmY10,TmY15,7,3,4,0,15,6,9,0
Dm2,aMe17a1,5,1,4,0,15,5,10,0
Tm5f,LT11,5,3,2,0,15,6,9,0
Pm14,MeMe_e07,6,4,2,0,15,10,5,0
Tlp4,LC10d,7,5,2,0,15,11,4,0
Tm33,TmY4,6,2,4,0,15,6,9,0
Dm11,Dm10,5,2,3,0,15,8,7,0
Tm37,Dm8a,4,0,4,0,15,0,15,0
LPi07,LPLC1,7,4,3,0,15,8,7,0
Tm31,LT82a,7,4,3,0,15,9,6,0
MLt6,MTe30,6,3,3,0,15,8,7,0
Li04,LTe49b,4,1,3,0,15,3,12,0
Li04,LC36,6,2,4,0,15,4,11,0
Tm36,LMa1,7,4,3,0,15,9,6,0
T2a,MTe23,7,5,2,0,15,11,4,0
Tm5f,Lawf1,7,4,3,0,15,9,6,0
T5b,TmY11,7,4,3,0,15,9,6,0
TmY31,CB3089,6,5,1,0,15,12,3,0
Sm39,Sm41,2,1,1,0,15,6,9,0
Li08,LT59,5,3,2,0,15,9,6,0
Li08,LTe28,7,2,5,0,15,4,11,0
TmY11,LC35,6,3,3,0,15,6,9,0
Li24,LPLC2,7,4,3,0,15,8,7,0
Tm21,LT83,5,3,2,0,15,6,9,0
Sm03,MTe19,6,3,3,0,15,7,8,0
Dm11,Tm5f,5,1,4,0,15,3,12,0
TmY9q⊥,LC22,5,1,4,0,15,2,13,0
LMa3,LT60,6,4,2,0,15,8,7,0
TmY11,Tm21,7,2,5,0,15,4,11,0
TmY4,LTe70,4,3,1,0,15,11,4,0
Pm12,Tm4,7,5,2,0,15,10,5,0
Sm15,Tm35,4,0,4,0,15,0,15,0
Li13,LTe58,6,4,2,0,15,10,5,0
Sm42,cM08a,4,2,2,0,15,8,7,0
TmY9q,Tm8a,7,4,3,0,15,9,6,0
Li08,LC21,6,5,1,0,15,11,4,0
T2,LC9,7,5,2,0,15,11,4,0
L2,Sm32,4,3,1,0,15,13,2,0
TmY14,LPT50,7,6,1,0,15,13,2,0
Li05,LT62,6,3,3,0,15,6,9,0
MLt4,Tm2,6,4,2,0,15,9,6,0
Tm5b,Dm9,6,3,3,0,15,6,9,0
Li21,Tm1,7,4,3,0,15,9,6,0
LPi07,Nod1,4,2,2,0,15,4,11,0
Tm8a,LC25,7,4,3,0,15,8,7,0
TmY9q,LTe52,5,3,2,0,15,9,6,0
TmY9q⊥,LPi12,7,5,2,0,15,10,5,0
Tm37,LT76,5,1,4,0,15,2,13,0
Tm3,LTe42a,3,2,1,0,15,9,6,0
Sm08,MTe37,6,5,1,0,15,13,2,0
Li05,LC6,5,1,4,0,15,2,13,0
Dm13,L1,5,2,3,0,15,4,11,0
LPi12,TmY16,6,4,2,0,15,11,4,0
Li14,Tm3,7,6,1,0,15,13,2,0
LPi11,LPT27,6,4,2,0,15,11,4,0
Tm16,LTe46,7,4,3,0,15,8,7,0
Mi4,LMa1,7,5,2,0,15,11,4,0
TmY16,MLt4,5,4,1,0,15,12,3,0
Li12,LT39,5,3,2,0,15,9,6,0
Tm5b,Pm14,7,3,4,0,15,6,9,0
MLt6,Sm30,7,5,2,0,15,11,4,0
Li33,TmY9q,7,3,4,0,15,7,8,0
Li33,PLP177,2,1,1,0,15,7,8,0
Li33,LLPC1,7,2,5,0,15,4,11,0
Li33,Li29,2,1,1,0,15,7,8,0
Tm3,Li27,3,1,2,0,15,2,13,0
Sm36,Sm42,5,2,3,0,15,5,10,0
Dm2,Pm05,5,1,4,0,15,2,13,0
TmY3,LLPC4,5,3,2,0,15,10,5,0
MLt2,LPLC4,7,3,4,0,15,7,8,0
L5,cML01,7,3,4,0,15,6,9,0
Pm13,Pm07,7,2,5,0,15,5,10,0
Pm13,T3,5,2,3,0,15,6,9,0
Pm13,MTe08,4,3,1,0,15,10,5,0
Pm13,Li12,4,1,3,0,15,2,13,0
Tm5a,OA-ASM1,5,2,3,0,15,5,10,0
Sm06,MTe36,4,3,1,0,15,13,2,0
Li10,LT81,5,0,5,0,15,0,15,0
MLt3,Dm1,7,4,3,0,15,9,6,0
Tm25,LC31b,6,4,2,0,15,11,4,0
Li01,LT86,6,3,3,0,15,9,6,0
LPi08,LPT49,5,4,1,0,15,13,2,0
Sm38,aMe19b,3,1,2,0,15,7,8,0
LPi05,LPT28,7,5,2,0,15,11,4,0
TmY14,Pm14,7,4,3,0,15,9,6,0
Li32,LTe38c,2,1,1,0,15,13,2,0
Li32,LTe40,2,1,1,0,15,9,6,0
Sm34,Sm43,6,4,2,0,15,10,5,0
Li21,Li05,6,5,1,0,15,13,2,0
Sm08,cM08c,6,5,1,0,15,13,2,0
Y11,Pm03,6,4,2,0,15,9,6,0
Tm8a,LPT29,6,3,3,0,15,9,6,0
Sm34,Sm12,7,2,5,0,15,4,11,0
LMt1,LT79,6,4,2,0,15,9,6,0
Sm21,Sm20,7,4,3,0,15,8,7,0
Li15,LC14a1,6,3,3,0,15,7,8,0
MLt4,LT64,6,4,2,0,15,10,5,0
TmY3,LTe64,6,4,2,0,15,11,4,0
CT1,LMa5,2,0,2,0,15,0,15,0
CT1,Tm4,5,3,2,0,15,10,5,0
Tm32,Y3,7,5,2,0,15,11,4,0
Tm32,LT67,6,5,1,0,15,13,2,0
Sm14,Tm7,4,3,1,0,15,13,2,0
TmY9q,Tm1,7,5,2,0,15,11,4,0
T2a,Tm8a,7,4,3,0,15,9,6,0
Am1,MeMe_e07,5,3,2,0,15,8,7,0
Pm03,Y4,7,4,3,0,15,8,7,0
Li22,TmY3,7,5,2,0,15,11,4,0
Li05,LC29,6,3,3,0,15,8,7,0
LPi03,LPC1,7,5,2,0,15,11,4,0
LPi14,T5c,6,3,3,0,15,6,9,0
Tm33,Mi10,7,5,2,0,15,10,5,0
Li10,LTe66,5,3,2,0,15,8,7,0
T2a,Dm6,5,0,5,0,15,0,15,0
Y4,LTe05,6,4,2,0,15,11,4,0
Tm37,Li30,6,5,1,0,15,12,3,0
Dm13,Dm20,7,5,2,0,15,10,5,0
Y3,MTe13,6,5,1,0,15,13,2,0
Li13,T2,6,5,1,0,15,13,2,0
MLt6,LTe42a,6,4,2,0,15,11,4,0
MLt2,Dm8b,4,0,4,0,15,0,15,0
Tm8a,CB0472,5,3,2,0,15,6,9,0
Sm17,Sm17,2,0,2,0,15,0,15,0
Li30,LT58,2,1,1,0,15,13,2,0
Mi14,Pm01,6,4,2,0,15,11,4,0
LMa2,MTe43,6,5,1,0,15,13,2,0
Tlp5,Li02,6,5,1,0,15,13,2,0
Tm32,Sm31,5,4,1,0,15,12,3,0
Pm13,Sm05,6,4,2,0,15,11,4,0
TmY4,MLt2,4,2,2,0,15,8,7,0
Tm5e,T1,1,0,1,0,15,0,15,0
Tlp1,TmY10,5,3,2,0,15,10,5,0
Li18,Li30,6,4,2,0,15,10,5,0
Sm29,MTe16,5,4,1,0,15,10,5,0
Pm09,Sm11,7,6,1,0,15,13,2,0
Li29,Tm5b,7,5,2,0,15,11,4,0
Sm37,Sm41,2,1,1,0,15,7,8,0
Dm8a,TmY11,4,3,1,0,15,13,2,0
Lawf2,Dm18,6,5,1,0,15,13,2,0
MLt3,Y4,7,5,2,0,15,11,4,0
Sm38,Sm03,7,6,1,0,15,13,2,0
Tm33,MLt2,6,5,1,0,15,12,3,0
Y1,Mi4,6,5,1,0,15,13,2,0
Li23,LC10e,6,2,4,0,15,4,11,0
Tm5b,Li16,6,4,2,0,15,11,4,0
Li27,Tm5e,5,4,1,0,15,13,2,0
Tlp4,Pm04,5,4,1,0,15,12,3,0
Mi4,Lai,2,0,2,0,15,0,15,0
LC28a,cL16,7,3,4,0,15,6,9,0
LC21,LT52,4,3,1,0,15,13,2,0
LC11,Li21,6,4,2,0,15,9,6,0
LC11,LC26,7,4,3,0,15,9,6,0
LC9,LPLC2,7,2,5,0,15,5,10,0
LC9,T3,7,4,3,0,15,9,6,0
LC27,LTe32,6,1,5,0,15,3,12,0
MTe45,LTe35,2,1,1,0,15,7,8,0
LT1d,LT83,2,1,1,0,15,3,12,0
LC14b,cL07,2,0,2,0,15,0,15,0
LC9,Tm5b,6,3,3,0,15,7,8,0
cL01,MeTu4c,7,3,4,0,15,6,9,0
LT11,LC14a1,6,4,2,0,15,9,6,0
LT11,LT61b,2,1,1,0,15,9,6,0
cLPL01,TmY5a,7,3,4,0,15,6,9,0
cLPL01,LPLC4,3,2,1,0,15,13,2,0
cL22a,LTe49d,2,1,1,0,15,5,10,0
cL22a,LTe60,2,1,1,0,15,9,6,0
cLP02,TmY9q⊥,5,1,4,0,15,4,11,0
LTe49c,cL20,2,0,1,1,15,0,10,5
LTe08,Li13,5,3,2,0,15,7,8,0
LTe08,Tm37,5,4,1,0,15,13,2,0
LTe08,Li02,6,4,2,0,15,11,4,0
LTe49a,LTe65,4,3,1,0,15,12,3,0
LT34,Li30,2,1,1,0,15,5,10,0
LT34,LC26,5,1,4,0,15,4,11,0
MTe01a,Sm22,5,3,2,0,15,9,6,0
LPLC1,LPi07,6,2,4,0,15,4,11,0
PLP248,LPT27,2,1,1,0,15,6,9,0
LLPC2,LMa1,7,3,4,0,15,6,9,0
MTe07,Mi4,4,2,2,0,15,5,10,0
LC14a2,LTe38b,4,1,3,0,15,3,12,0
LC15,Li25,7,4,3,0,15,9,6,0
aMe12,Sm41,4,2,2,0,15,5,10,0
LC46,LT86,5,2,3,0,15,4,11,0
LC14a2,LTe63,4,3,1,0,15,10,5,0
MeTu4a,TmY10,7,2,5,0,15,4,11,0
LC12,LC21,4,1,3,0,15,4,11,0
LT43,LC10b,5,2,3,0,15,6,9,0
LT43,cM08b,4,2,2,0,15,11,4,0
LLPC2,LTe42a,6,1,5,0,15,3,12,0
LC4,LC21,7,2,5,0,15,4,11,0
MeTu4a,MeTu1,7,3,4,0,15,6,9,0
LT82a,LMt1,7,6,1,0,15,12,3,0
LTe01,LTe14,3,1,2,0,15,8,7,0
LC34,LTe32,6,3,3,0,15,7,8,0
LC10a,LC11,7,1,6,0,15,2,13,0
MeTu4a,LC34,6,2,4,0,15,6,9,0
LC6,LMa2,7,5,2,0,15,10,5,0
cL16,Li06,6,2,4,0,15,4,11,0
cL16,Y4,6,4,2,0,15,8,7,0
cL16,cLLP02,4,2,2,0,15,10,5,0
cL16,cL14,3,2,1,0,15,10,5,0
LC10e,LT68,7,4,3,0,15,9,6,0
MTe50,Dm20,7,1,6,0,15,2,13,0
MTe06,Sm43,6,3,3,0,15,8,7,0
MeMe_e08,cMLLP01,4,1,3,0,15,6,9,0
cL14,Li06,6,4,2,0,15,10,5,0
LC10b,LC13,7,5,2,0,15,11,4,0
MTe09,MeTu4b,6,2,4,0,15,4,11,0
MTe05,cM09,6,2,4,0,15,7,8,0
LC21,LCe03,6,0,6,0,15,0,15,0
aMe17b,Sm09,6,3,3,0,15,7,8,0
aMe17b,MTe35,4,2,2,0,15,10,5,0
LC11,CB3089,6,3,3,0,15,8,7,0
MeMe_e02,MTe37,6,1,5,0,15,2,13,0
MTe14,Sm40,5,2,3,0,15,8,7,0
LC13,LT80,7,4,3,0,15,9,6,0
cM18,Mi14,5,2,3,0,15,4,11,0
MTe01a,Sm21,7,6,1,0,15,13,2,0
MTe01a,MTe23,7,2,5,0,15,4,11,0
LC18,LC14b,6,4,2,0,15,10,5,0
H1,T5b,7,4,3,0,15,8,7,0
H1,Tm16,5,3,2,0,15,6,9,0
LC20b,LTe10,5,4,1,0,15,10,5,0
MTe07,Dm4,7,4,3,0,15,9,6,0
MeTu4c,CB3790,4,1,3,0,15,2,13,0
LT62,LMa2,6,2,4,0,15,4,11,0
CB0816,L1,5,1,4,0,15,2,13,0
LC11,LT51,7,3,4,0,15,6,9,0
LT79,LC13,7,3,4,0,15,7,8,0
LT79,Tm20,7,5,2,0,15,11,4,0
LC14a2,Tlp5,7,1,6,0,15,2,13,0
LPT54,Pm13,3,1,2,0,15,6,9,0
LPT54,MTe47,6,4,2,0,15,10,5,0
LPT54,LPT22,2,1,1,0,15,9,6,0
aMe9,Sm10,6,5,1,0,15,13,2,0
LC40,Li02,7,4,3,0,15,9,6,0
LC9,LT79,6,3,3,0,15,7,8,0
LC17,Li32,6,4,2,0,15,8,7,0
LC14a2,LC13,7,5,2,0,15,11,4,0
MTe15,Sm03,7,2,5,0,15,4,11,0
MTe15,LTe43,2,0,2,0,15,0,15,0
LPT45_dCal1,PLP036,1,1,0,0,15,15,0,0
LPT23,TmY4,7,5,2,0,15,11,4,0
LC4,Li26,7,3,4,0,15,7,8,0
LT51,LTe19,2,0,2,0,15,0,15,0
cL08,LT79,2,1,1,0,15,9,6,0
AN_multi_124,T4c,5,2,3,0,15,7,8,0
LPC1,MeMe_e07,4,1,3,0,15,3,12,0
MeMe_e08,C2,6,1,5,0,15,2,13,0
MeMe_e08,LMt3,7,5,2,0,15,11,4,0
LC14a2,LMt3,3,1,2,0,15,2,13,0
LC4,Li33,7,3,4,0,15,7,8,0
LC4,AVLP151,3,0,3,0,15,0,15,0
MTe25,Sm06,4,0,4,0,15,0,15,0
MTe25,Tm27,6,3,3,0,15,8,7,0
cL10,aMe22,2,1,1,0,15,8,7,0
cL10,Li07,6,4,2,0,15,10,5,0
cL10,LNda,2,1,1,0,15,6,9,0
LC22,LC39,5,3,2,0,15,9,6,0
LPLC2,LPi04,7,5,2,0,15,11,4,0
MeTu4c,LTe49b,6,2,4,0,15,6,9,0
MTe08,Pm14,7,3,4,0,15,7,8,0
LPLC1,Tm4,7,3,4,0,15,6,9,0
MeTu3c,MLt5,7,4,3,0,15,8,7,0
cM17,Tm33,7,3,4,0,15,7,8,0
cM17,cM16,2,1,1,0,15,7,8,0
cM17,LMa2,2,1,1,0,15,10,5,0
LPT30,LPT31,4,2,2,0,15,7,8,0
LCe04,LMa1,7,6,1,0,15,13,2,0
cM02b,MTe15,2,1,1,0,15,6,9,0
LTe06,Li31,2,1,1,0,15,9,6,0
LTe06,LTe65,3,2,1,0,15,12,3,0
cM06,Tm5c,6,3,3,0,15,7,8,0
aMe1,DNp27,2,0,2,0,15,0,15,0
LTe58,LC14b,4,1,3,0,15,2,13,0
LC24,LPLC4,4,0,4,0,15,0,15,0
MTe54,TmY15,6,0,6,0,15,0,15,0
LC25,LC28a,7,5,2,0,15,10,5,0
cL20,TmY4,5,3,2,0,15,10,5,0
cL20,LPLC1,6,4,2,0,15,8,7,0
LT37,Li31,2,1,1,0,15,12,3,0
LT37,Tm5a,7,2,5,0,15,5,10,0
LT37,Li08,6,5,1,0,15,13,2,0
LT37,cLLP02,4,2,2,0,15,8,7,0
5-HTPMPV03,Sm41,3,2,1,0,15,10,5,0
LC28a,Tm5f,6,1,5,0,15,2,13,0
cM08a,LPT54,4,2,2,0,15,9,6,0
MeMe_e09,MeMe_e05,2,0,0,2,15,0,0,15
LC13,Tm5f,7,3,4,0,15,7,8,0
cL21,T5a,7,4,3,0,15,9,6,0
cL21,LT33,3,2,1,0,15,10,5,0
cL21,Li10,3,1,2,0,15,2,13,0
LC35,LMt3,7,4,3,0,15,9,6,0
cL18,Li16,6,2,4,0,15,6,9,0
aMe17c,CB0592,4,2,2,0,15,6,9,0
MTe12,Tm5e,7,3,4,0,15,6,9,0
cM07,aMe22,2,1,1,0,15,13,2,0
LT83,LMt1,6,1,5,0,15,2,13,0
LPLC2,Tlp5,7,3,4,0,15,7,8,0
LC20a,LTe43,5,2,3,0,15,9,6,0
mALD1,LTe20,2,1,1,0,15,10,5,0
LC16,LC31b,5,1,4,0,15,2,13,0
MTe01b,Dm8b,6,1,5,0,15,2,13,0
LC14a2,LTe49a,6,3,3,0,15,9,6,0
cLLP02,LT64,5,3,2,0,15,11,4,0
cLLP02,Y4,6,2,4,0,15,7,8,0
LT63,Li18,4,0,4,0,15,0,15,0
LC14b,TmY20,4,3,1,0,15,13,2,0
LT1a,LT82a,4,2,2,0,15,6,9,0
MTe01b,aMe5,6,2,4,0,15,5,10,0
MeMe_e07,aMe17c,5,3,2,0,15,10,5,0
MeMe_e07,Dm20,7,2,5,0,15,4,11,0
MeMe_e07,Pm10,6,1,5,0,15,2,13,0
LLPC1,Li05,6,5,1,0,15,13,2,0
LT38,TmY31,7,4,3,0,15,8,7,0
LT38,LMa4,4,2,2,0,15,9,6,0
LT38,LC29,7,1,6,0,15,2,13,0
cL17,PLP215,3,2,1,0,15,8,7,0
LPT28,LPT23,4,2,2,0,15,4,11,0
LPT28,LPi11,6,5,1,0,15,13,2,0
CB0230,cL05,2,0,1,1,15,0,9,6
LT52,TmY5a,7,4,3,0,15,9,6,0
LC14a1,LT52,5,2,3,0,15,8,7,0
MeTu1,Tm35,5,3,2,0,15,9,6,0
LC28a,LTe51,6,3,3,0,15,6,9,0
LT57,LCe01b,6,1,5,0,15,3,12,0
LTe35,Tm7,5,3,2,0,15,9,6,0
mALD2,MLt5,6,5,1,0,15,11,4,0
MeMe_e05,MTe01a,7,6,1,0,15,13,2,0
aMe4,T1,5,2,3,0,15,7,8,0
OA-AL2b1,LTe21,2,1,1,0,15,9,6,0
MTe09,MTe04,6,2,4,0,15,7,8,0
MTe03,LC20b,4,2,2,0,15,10,5,0
cLM01,Tm20,7,5,2,0,15,10,5,0
MTe01a,MLt6,7,4,3,0,15,8,7,0
cM11,Sm08,6,0,6,0,15,0,15,0
LPT48_vCal3,Tlp1,6,3,3,0,15,8,7,0
LPT48_vCal3,LLPt,6,3,3,0,15,7,8,0
LPT48_vCal3,cL02c,2,1,1,0,15,10,5,0
LPT48_vCal3,LPT31,5,4,1,0,15,11,4,0
LPT48_vCal3,T4c,7,3,4,0,15,6,9,0
cMLLP02,TmY14,6,2,4,0,15,4,11,0
LC16,LTe03,2,0,2,0,15,0,15,0
OA-AL2i2,LT83,4,2,2,0,15,6,9,0
OA-AL2i2,Lawf2,7,4,3,0,15,9,6,0
OA-AL2i2,LT61b,4,2,2,0,15,6,9,0
OA-AL2i2,LC15,7,2,5,0,15,4,11,0
LTe50,aMe4,3,2,1,0,15,10,5,0
LTe33,LC39,6,3,3,0,15,8,7,0
MeMe_e03,MTe38,2,1,1,0,15,8,7,0
LC10f,Li33,3,1,2,0,15,6,9,0
MTe51,Sm06,7,1,6,0,15,2,13,0
VS3,VST1,3,2,1,0,15,12,3,0
LC14b,Y1,5,3,2,0,15,6,9,0
LC40,LT58,7,5,2,0,15,11,4,0
MTe47,T2,5,4,1,0,15,13,2,0
MTe33,Sm36,5,3,2,0,15,9,6,0
MeTu3b,Sm07,7,3,4,0,15,7,8,0
cM03,Sm42,5,3,2,0,15,10,5,0
cM03,MTe50,4,1,3,0,15,3,12,0
LC29,LC21,6,3,3,0,15,7,8,0
LTe47,LT36,1,0,1,0,15,0,15,0
LPT26,Y11,5,2,3,0,15,9,6,0
LPT26,LPi15,2,1,1,0,15,11,4,0
MeTu3c,Dm8b,7,3,4,0,15,7,8,0
LC10d,LT78,6,3,3,0,15,8,7,0
aMe19b,aMe3,2,1,1,0,15,5,10,0
LPLC1,LC29,7,5,2,0,15,11,4,0
LT40,Y3,1,0,1,0,15,0,15,0
MeMe_e10,Mi14,6,4,2,0,15,11,4,0
LPLC4,Tlp4,7,3,4,0,15,6,9,0
LC10e,LTe49f,5,3,2,0,15,8,7,0
LLPC3,LPT22,7,5,2,0,15,10,5,0
MeTu4a,LC39,5,3,2,0,15,9,6,0
LPLC4,LTe42b,6,4,2,0,15,11,4,0
AVLP151,cLP02,4,3,1,0,15,13,2,0
LC39,cMLLP01,2,0,1,1,15,0,9,6
mALC5,T5b,6,5,1,0,15,13,2,0
mALC5,LPi06,5,1,4,0,15,4,11,0
mALC5,LPi14,4,2,2,0,15,7,8,0
LPT22,LPT04_HST,2,1,1,0,15,4,11,0
LTe38c,LT57,5,3,2,0,15,10,5,0
OA-ASM1,Li29,5,2,3,0,15,8,7,0
MeTu4c,Tm9,6,2,4,0,15,5,10,0
LT1b,LT1d,2,1,1,0,15,6,9,0
LT1b,LT79,2,1,1,0,15,5,10,0
MTe11,MTe11,2,1,1,0,15,7,8,0
LT86,cL22a,2,1,1,0,15,5,10,0
cM08c,MeTu4c,4,2,2,0,15,11,4,0
LLPC3,LPi08,6,4,2,0,15,9,6,0
LTe45,TmY20,5,2,3,0,15,7,8,0
LTe45,cM08c,2,1,1,0,15,3,12,0
LT56,LC16,7,6,1,0,15,13,2,0
LC10b,Tm5f,7,6,1,0,15,12,3,0
LPLC2,T4c,7,5,2,0,15,11,4,0
LPLC2,T4d,7,5,2,0,15,11,4,0
OA-AL2b2,Sm04,7,4,3,0,15,8,7,0
LC20b,Tm20,6,1,5,0,15,2,13,0
LPLC4,Li02,7,4,3,0,15,9,6,0
LPT58,LPi10,6,3,3,0,15,6,9,0
LLPC1,HSE,4,1,3,0,15,2,13,0
aMe5,Tm5d,7,2,5,0,15,5,10,0
CB0472,Li21,4,1,3,0,15,2,13,0
LT65,LC20b,7,6,1,0,15,13,2,0
LT70,MeTu4c,7,6,1,0,15,13,2,0
LC24,TmY31,6,5,1,0,15,12,3,0
MC65,Sm22,6,3,3,0,15,7,8,0
LC24,Tm32,6,1,5,0,15,2,13,0
LC22,TmY20,5,1,4,0,15,2,13,0
CB0592,T5b,2,1,1,0,15,2,13,0
CB0592,T2,6,4,2,0,15,8,7,0
CB0592,Pm03,7,3,4,0,15,6,9,0
CB0592,cM05,2,1,1,0,15,5,10,0
CB0592,Tm25,7,3,4,0,15,6,9,0
CB0592,cM07,2,1,1,0,15,12,3,0
VS5,LPi13,2,1,1,0,15,13,2,0
cLLPM01,TmY20,4,3,1,0,15,12,3,0
LC22,LPLC2,7,5,2,0,15,10,5,0
cL06,LPLC4,7,5,2,0,15,11,4,0
cM12,Tm5c,6,2,4,0,15,4,11,0
CB0566,Tm37,6,3,3,0,15,7,8,0
LPT29,LTe65,4,3,1,0,15,12,3,0
VCH,Tm25,6,2,4,0,15,6,9,0
VCH,T5c,7,3,4,0,15,7,8,0
VCH,H1,4,2,2,0,15,6,9,0
LT84,LC10a,5,3,2,0,15,8,7,0
LT84,OA-AL2b1,1,0,1,0,15,0,15,0
MeTu3c,MTe12,6,4,2,0,15,9,6,0
cL02a,LTe58,3,2,1,0,15,13,2,0
aMe22,LTe69,2,1,1,0,15,6,9,0
cL22b,LPLC2,5,4,1,0,15,13,2,0
cL22b,LTe07,1,0,1,0,15,0,15,0
cLP03,PLP177,2,1,1,0,15,10,5,0
LT85,LPLC2,7,4,3,0,15,9,6,0
cM01b,Tm32,7,3,4,0,15,7,8,0
cM01b,MeTu4a,6,4,2,0,15,11,4,0
cM01b,Sm23,5,3,2,0,15,8,7,0
cM14,MTe01b,4,3,1,0,15,13,2,0
cM14,Sm13,7,5,2,0,15,11,4,0
cLP04,Nod2,2,1,1,0,15,8,7,0
MTe15,MeTu4b,7,3,4,0,15,6,9,0
LC16,LPLC2,5,0,5,0,15,0,15,0
LC20a,LTe69,6,4,2,0,15,11,4,0
VST2,Y1,7,4,3,0,15,9,6,0
LLPC2,LC22,6,4,2,0,15,8,7,0
LCe01a,LTe25,3,1,2,0,15,6,9,0
LT51,LT52,7,4,3,0,15,8,7,0
LC28a,LTe66,7,5,2,0,15,10,5,0
HSE,LPLC2,6,3,3,0,15,7,8,0
HSE,LPi15,2,1,1,0,15,10,5,0
MTe23,LTe43,3,1,2,0,15,5,10,0
LT77,LC10c,5,1,4,0,15,3,12,0
LT77,Li30,4,2,2,0,15,4,11,0
LT77,Li02,7,4,3,0,15,9,6,0
LT77,LT76,4,1,3,0,15,2,13,0
LTe27,LC31a,5,3,2,0,15,10,5,0
LT80,Li29,2,1,1,0,15,11,4,0
LPT49,LPT30,2,1,1,0,15,11,4,0
LC24,LC10e,6,5,1,0,15,12,3,0
LCe01b,LC20b,6,4,2,0,15,9,6,0
LT76,LC39,2,1,1,0,15,10,5,0
LLPC3,LPTe01,6,3,3,0,15,7,8,0
MTe40,MTe02,7,4,3,0,15,9,6,0
MTe03,Sm42,7,4,3,0,15,9,6,0
cL11,TmY31,7,5,2,0,15,10,5,0
aMe9,Sm06,6,5,1,0,15,10,5,0
DCH,VS5,2,1,1,0,15,8,7,0
cM15,MTe54,5,2,3,0,15,7,8,0
cM15,LPT54,2,1,1,0,15,9,6,0
cM15,MTe42,2,1,1,0,15,3,12,0
LTe17,LTe38b,3,1,2,0,15,6,9,0
LT64,Li12,7,5,2,0,15,11,4,0
LT64,Li05,7,4,3,0,15,9,6,0
aMe6a,aMe17a2,2,1,1,0,15,9,6,0
OA-AL2i4,PLP248,1,0,1,0,15,0,15,0
LPT27,VSm,3,1,2,0,15,5,10,0
LPT27,cLP02,2,1,1,0,15,10,5,0
LCe01a,LC37a,5,3,2,0,15,10,5,0
LTe46,LTe54,3,2,1,0,15,13,2,0
cM04,Lawf1,5,4,1,0,15,12,3,0
cM05,Pm05,5,2,3,0,15,4,11,0
cL04,LT55,3,1,2,0,15,4,11,0
cL04,TmY5a,6,1,5,0,15,2,13,0
MeTu4b,TmY31,7,5,2,0,15,11,4,0
LT58,Tm5c,7,3,4,0,15,7,8,0
Nod5,LPi14,3,2,1,0,15,12,3,0
MTe01a,MTe17,5,4,1,0,15,13,2,0
LPT21,Tlp14,6,1,5,0,15,2,13,0
LC15,LC10c,4,1,3,0,15,2,13,0
cML01,Y4,7,2,5,0,15,4,11,0
cML01,MTe41,2,1,1,0,15,9,6,0
cML01,Sm21,5,3,2,0,15,11,4,0
MTe30,Tm8b,6,2,4,0,15,5,10,0
MTe30,MTe22,2,1,1,0,15,2,13,0
LLPC3,LT64,6,5,1,0,15,13,2,0
LTe42b,LTe42a,2,1,1,0,15,7,8,0
CB0592,LC14b,1,0,0,1,15,0,0,15
LT70,Li31,3,1,2,0,15,8,7,0
MeTu4c,aMe24,2,1,1,0,15,12,3,0
MTe26,LTe60,2,1,1,0,15,6,9,0
MTe26,Sm30,5,3,2,0,15,8,7,0
MTe13,cM11,2,0,2,0,15,0,15,0
cL02c,Li11,5,3,2,0,15,8,7,0
cL18,PLP241,2,0,2,0,15,0,15,0
cMLLP01,cM15,2,1,1,0,15,9,6,0
cMLLP01,CB0592,2,1,1,0,15,8,7,0
cL13,LC31a,5,3,2,0,15,9,6,0
VS2,cLP03,2,1,1,0,15,10,5,0
aMe17a1,Lawf2,6,3,3,0,15,6,9,0
aMe17a1,Mi15,7,1,6,0,15,3,12,0
aMe17a1,MeTu3b,7,3,4,0,15,7,8,0
aMe19a,Sm18,3,1,2,0,15,3,12,0
LC31c,cL16,2,1,1,0,15,5,10,0
MTe38,LC24,2,1,1,0,15,6,9,0
MTe38,aMe20,2,1,1,0,15,6,9,0
cL22c,LC16,1,0,1,0,15,0,15,0
cL22c,LTe31,2,1,1,0,15,6,9,0
LT73,LC20b,6,5,1,0,15,12,3,0
LTe21,LTe76,2,1,1,0,15,3,12,0
LTe21,Li29,2,1,1,0,15,3,12,0
LT39,TmY15,2,1,1,0,15,5,10,0
LT39,Tm7,6,3,3,0,15,8,7,0
LT39,LPLC2,5,2,3,0,15,4,11,0
LT43,Li09,5,4,1,0,15,13,2,0
LTe25,Li12,2,0,2,0,15,0,15,0
mALB5,OA-AL2b1,1,0,1,0,15,0,15,0
mALB5,LTe36,1,0,1,0,15,0,15,0
LTe10,Y4,5,2,3,0,15,7,8,0
LT66,H2,1,0,1,0,15,0,15,0
cM16,TmY31,7,3,4,0,15,6,9,0
cM16,MTe13,3,2,1,0,15,12,3,0
cL04,LT63,6,4,2,0,15,11,4,0
cL04,cL11,3,2,1,0,15,12,3,0
PLP215,LTe75,2,1,1,0,15,6,9,0
Nod2,LPi14,4,2,2,0,15,5,10,0
Tm16,Dm4,6,6,0,0,15,15,0,0
Li05,LTe29,5,5,0,0,15,15,0,0
Tm8a,cLLPM01,3,3,0,0,15,15,0,0
TmY9q⊥,LT76,7,7,0,0,15,15,0,0
Li25,LT56,2,2,0,0,15,15,0,0
LMa5,TmY9q⊥,7,7,0,0,15,15,0,0
Tm4,Nod5,6,6,0,0,15,15,0,0
Y3,LT1d,2,2,0,0,15,15,0,0
Tm5e,Tlp4,5,5,0,0,15,15,0,0
LMt3,Li08,3,3,0,0,15,15,0,0
LMt3,LMa3,6,6,0,0,15,15,0,0
Tm8b,LTe08,4,4,0,0,15,15,0,0
LMt1,Mi14,7,7,0,0,15,15,0,0
LMt1,LTe59,5,5,0,0,15,15,0,0
Li11,LCe05,7,7,0,0,15,15,0,0
MLt8,LTe36,6,6,0,0,15,15,0,0
MLt8,aMe9,5,5,0,0,15,15,0,0
Tm25,LTe47,3,3,0,0,15,15,0,0
Dm4,Sm40,2,2,0,0,15,15,0,0
T5a,Li17,3,3,0,0,15,15,0,0
Tm21,LC20a,4,4,0,0,15,15,0,0
Li18,Tm35,6,6,0,0,15,15,0,0
Y11,LPi06,7,7,0,0,15,15,0,0
Sm14,MTe17,3,3,0,0,15,15,0,0
Sm07,TmY11,3,3,0,0,15,15,0,0
Sm29,Sm29,4,4,0,0,15,15,0,0
Dm13,Tm1,3,3,0,0,15,15,0,0
LMa1,T5b,7,7,0,0,15,15,0,0
Dm16,LMt4,5,5,0,0,15,15,0,0
Li32,LC36,5,5,0,0,15,15,0,0
LC9,LTe32,5,5,0,0,15,15,0,0
LPC2,LC10b,5,5,0,0,15,15,0,0
aMe25,5-HTPMPV01,2,1,0,1,15,10,0,5
LTe14,LT41,1,1,0,0,15,15,0,0
LT52,AOTU065,2,2,0,0,15,15,0,0
MTe49,LCe05,2,2,0,0,15,15,0,0
LC6,Li33,6,6,0,0,15,15,0,0
LTe23,cL16,2,2,0,0,15,15,0,0
MeTu3a,Li10,3,3,0,0,15,15,0,0
LPT42_Nod4,cM11,2,0,0,2,15,0,0,15
cM07,Li21,6,6,0,0,15,15,0,0
LC45,LC20b,4,4,0,0,15,15,0,0
VST1,LPLC4,6,6,0,0,15,15,0,0
mALD2,MTe52,3,3,0,0,15,15,0,0
CB0143,cL21,2,2,0,0,15,15,0,0
CB0143,OA-AL2i4,1,1,0,0,15,15,0,0
LT38,Li06,5,5,0,0,15,15,0,0
aMe6a,LT58,1,1,0,0,15,15,0,0
OA-AL2i1,LPi07,6,6,0,0,15,15,0,0
LPT54,CB0143,1,1,0,0,15,15,0,0
LT84,LC28a,3,3,0,0,15,15,0,0
MTe28,cM07,1,1,0,0,15,15,0,0
LT42,Li10,4,4,0,0,15,15,0,0
LT58,LTe03,2,2,0,0,15,15,0,0
LT58,Sm29,2,2,0,0,15,15,0,0
PLP022,LC28a,2,2,0,0,15,15,0,0
PLP037b,PLP051,1,1,0,0,15,15,0,0
DN1-l,MTe05,2,2,0,0,15,15,0,0
MTe05,aMe3,2,2,0,0,15,15,0,0
LTe76,LT57,2,2,0,0,15,15,0,0
LTe07,LC39,2,2,0,0,15,15,0,0
DCH,TmY16,6,6,0,0,15,15,0,0
LC17,LTe63,3,3,0,0,15,15,0,0
PLP081,PLP163,1,1,0,0,15,15,0,0
PLP163,CB0143,1,1,0,0,15,15,0,0
TmY31,LPi11,6,2,4,0,14,4,10,0
Li17,LT79,7,5,2,0,14,10,4,0
Tm27,Li19,7,2,5,0,14,4,10,0
TmY3,LPT23,5,1,4,0,14,2,12,0
TmY20,LC22,5,3,2,0,14,9,5,0
Tm5b,MeTu3c,4,0,4,0,14,0,14,0
Tm1,LLPC3,6,2,4,0,14,5,9,0
Tm2,LC21,7,1,6,0,14,2,12,0
Sm16,Tm31,5,0,5,0,14,0,14,0
Sm24,MTe23,4,2,2,0,14,5,9,0
LMt2,Mi2,7,3,4,0,14,6,8,0
Tm20,Mi1,7,3,4,0,14,6,8,0
Mi10,LMa2,6,0,6,0,14,0,14,0
Tm21,TmY3,7,3,4,0,14,6,8,0
Tm32,Li12,7,0,7,0,14,0,14,0
TmY11,Sm05,6,2,4,0,14,4,10,0
Dm3q,Dm2,7,5,2,0,14,10,4,0
Tm5c,Li19,7,0,7,0,14,0,14,0
TmY5a,LT81,4,2,2,0,14,4,10,0
Y12,Tm25,7,0,7,0,14,0,14,0
Dm3p,C3,5,1,4,0,14,2,12,0
T2,MeMe_e08,6,2,4,0,14,4,10,0
Mi9,MLt6,7,3,4,0,14,6,8,0
Li14,LMt1,7,3,4,0,14,6,8,0
Tm32,LC26,7,3,4,0,14,6,8,0
Tm5a,LC10e,6,1,5,0,14,2,12,0
Li02,LTe49a,6,3,3,0,14,7,7,0
R8,Sm01,6,3,3,0,14,7,7,0
TmY15,mALC4,7,4,3,0,14,8,6,0
Y3,LT81,4,0,4,0,14,0,14,0
Li21,LLPC3,7,3,4,0,14,6,8,0
Tm5d,LT78,6,1,5,0,14,3,11,0
Pm12,T4c,5,2,3,0,14,5,9,0
Pm12,Pm08,7,2,5,0,14,4,10,0
Tm3,LC31a,7,2,5,0,14,4,10,0
Pm04,LMt2,7,4,3,0,14,8,6,0
Tm7,LC18,3,1,2,0,14,2,12,0
Sm07,Tm36,4,1,3,0,14,2,12,0
Tlp5,LC14a2,4,0,4,0,14,0,14,0
TmY15,LC16,6,3,3,0,14,8,6,0
TmY9q,LC34,6,4,2,0,14,10,4,0
Tm27,LC31b,5,1,4,0,14,3,11,0
MLt2,LTe38c,6,1,5,0,14,2,12,0
Sm05,Tm9,7,2,5,0,14,4,10,0
TmY20,LTe56,5,2,3,0,14,6,8,0
T2a,LT11,6,2,4,0,14,4,10,0
Sm05,Tm5f,5,0,5,0,14,0,14,0
Sm12,MTe46,7,4,3,0,14,8,6,0
Dm18,Li11,4,0,4,0,14,0,14,0
Sm30,Sm14,7,4,3,0,14,8,6,0
Tm35,LTe07,5,0,5,0,14,0,14,0
MLt5,Dm12,7,3,4,0,14,6,8,0
MLt5,Dm10,7,3,4,0,14,6,8,0
Mi9,Dm8b,6,4,2,0,14,8,6,0
Pm01,TmY11,7,4,3,0,14,8,6,0
Li05,cL10,4,3,1,0,14,6,8,0
Sm40,MeMe_e06,4,2,2,0,14,5,9,0
Sm40,aMe25,3,1,2,0,14,6,8,0
Tm5e,LTe18,6,5,1,0,14,12,2,0
LLPt,LT59,4,2,2,0,14,7,7,0
LLPt,Tm5a,5,1,4,0,14,2,12,0
Tm27,TmY20,6,3,3,0,14,7,7,0
Pm05,MTe33,5,2,3,0,14,6,8,0
Tm5c,MTe31,5,4,1,0,14,12,2,0
TmY10,Sm05,7,4,3,0,14,8,6,0
Tm5e,LT87,7,2,5,0,14,4,10,0
Li06,LLPC3,6,2,4,0,14,5,9,0
Dm13,MLt5,7,5,2,0,14,10,4,0
TmY16,Tm21,7,2,5,0,14,4,10,0
Sm32,Sm36,6,3,3,0,14,7,7,0
Dm19,L4,5,0,5,0,14,0,14,0
TmY15,LT87,5,4,1,0,14,12,2,0
C3,R7,3,1,2,0,14,10,4,0
Y3,mALC4,3,1,2,0,14,3,11,0
Tm34,Tm21,7,3,4,0,14,6,8,0
Tm16,5-HTPMPV03,7,5,2,0,14,10,4,0
Pm05,MLt2,5,3,2,0,14,9,5,0
Li17,LT66,7,3,4,0,14,6,8,0
Li21,Li12,2,0,2,0,14,0,14,0
Dm3v,Dm20,7,5,2,0,14,10,4,0
MLt6,Sm10,7,4,3,0,14,8,6,0
T2a,OA-ASM1,7,4,3,0,14,8,6,0
TmY16,MeMe_e08,7,3,4,0,14,6,8,0
Tm4,LC16,7,2,5,0,14,4,10,0
Li03,Tm31,7,4,3,0,14,8,6,0
MLt5,Sm09,7,4,3,0,14,8,6,0
Dm20,Dm3q,7,3,4,0,14,6,8,0
Tm7,LC14a1,5,1,4,0,14,2,12,0
Dm16,T1,7,4,3,0,14,8,6,0
Sm02,aMe5,7,2,5,0,14,4,10,0
Li18,Li09,7,2,5,0,14,4,10,0
Tm5c,LT1b,7,4,3,0,14,8,6,0
Tm4,LTe49c,5,0,5,0,14,0,14,0
MLt7,Tm27,6,0,6,0,14,0,14,0
Y12,Li33,6,3,3,0,14,8,6,0
Y12,Tm32,7,1,6,0,14,2,12,0
T4a,Pm01,7,3,4,0,14,6,8,0
TmY11,Lawf2,7,1,6,0,14,2,12,0
Mi13,C2,6,2,4,0,14,5,9,0
Tm5f,Dm10,6,1,5,0,14,3,11,0
MLt2,TmY5a,6,3,3,0,14,6,8,0
Tlp1,LCe07,6,2,4,0,14,4,10,0
MLt3,Dm18,5,1,4,0,14,4,10,0
Sm07,MTe19,7,3,4,0,14,6,8,0
TmY5a,LT79,5,3,2,0,14,7,7,0
TmY5a,Tm34,7,1,6,0,14,2,12,0
Sm27,TmY10,7,3,4,0,14,6,8,0
Dm3p,Tm2,6,1,5,0,14,3,11,0
Pm03,LMt1,7,4,3,0,14,8,6,0
Y12,TmY31,7,5,2,0,14,10,4,0
Dm10,Tm5f,5,0,5,0,14,0,14,0
Sm18,aMe10,4,2,2,0,14,7,7,0
MLt1,Li03,7,2,5,0,14,4,10,0
Sm15,Sm37,6,3,3,0,14,7,7,0
TmY9q⊥,T4b,5,0,5,0,14,0,14,0
Li19,LMa2,6,2,4,0,14,6,8,0
Li19,Li20,4,0,4,0,14,0,14,0
Tm34,Li02,6,1,5,0,14,2,12,0
Sm15,Tm5c,7,4,3,0,14,8,6,0
MLt1,LTe06,5,4,1,0,14,12,2,0
TmY5a,Sm02,7,2,5,0,14,4,10,0
Sm18,TmY31,7,2,5,0,14,4,10,0
Pm11,MLt4,6,5,1,0,14,12,2,0
T2,C2,7,4,3,0,14,8,6,0
TmY14,TmY11,7,5,2,0,14,10,4,0
Dm9,Dm6,7,5,2,0,14,10,4,0
Mi1,MTe07,7,2,5,0,14,4,10,0
Li17,LC31b,6,3,3,0,14,7,7,0
Tm27,C3,7,4,3,0,14,8,6,0
Tm33,Li11,7,5,2,0,14,10,4,0
Tm1,Sm04,4,0,4,0,14,0,14,0
Tm20,Sm40,4,0,4,0,14,0,14,0
Tm35,Tm37,6,1,5,0,14,3,11,0
Tm21,Pm06,7,2,5,0,14,4,10,0
Tm8a,Dm3v,7,3,4,0,14,6,8,0
Li26,Tm4,7,3,4,0,14,6,8,0
Tm33,Li33,5,2,3,0,14,4,10,0
LPi04,Tlp5,7,3,4,0,14,6,8,0
TmY5a,Li23,4,0,4,0,14,0,14,0
Tm2,LLPC3,6,1,5,0,14,2,12,0
Tm8a,MTe02,6,2,4,0,14,4,10,0
Y3,CB0592,7,3,4,0,14,6,8,0
Pm09,Mi9,6,2,4,0,14,4,10,0
Li04,cL17,7,6,1,0,14,12,2,0
Mi2,Dm15,6,3,3,0,14,6,8,0
Sm41,Sm02,6,2,4,0,14,4,10,0
Sm41,OA-AL2i4,2,1,1,0,14,5,9,0
Sm41,Mi10,7,3,4,0,14,6,8,0
Sm41,MTe32,2,1,1,0,14,6,8,0
R8,Tm27,6,2,4,0,14,4,10,0
Y11,LPi13,7,4,3,0,14,8,6,0
LMt3,PDt,5,4,1,0,14,12,2,0
R1-6,TmY14,3,0,3,0,14,0,14,0
Tm8a,Tm27,7,4,3,0,14,8,6,0
Y3,LPi04,7,3,4,0,14,6,8,0
Sm19,CB0816,6,1,5,0,14,2,12,0
Sm13,MTe02,6,4,2,0,14,8,6,0
Tm5a,MTe06,5,3,2,0,14,10,4,0
Tm16,LT73,4,2,2,0,14,6,8,0
Tm32,LT70,3,1,2,0,14,10,4,0
Mi10,LC6,2,0,2,0,14,0,14,0
LMa1,Li31,5,0,5,0,14,0,14,0
LMa1,LT53,6,3,3,0,14,6,8,0
Li13,LT63,5,1,4,0,14,2,12,0
Tm32,LT47,6,3,3,0,14,7,7,0
Tm2,LC14b,5,0,5,0,14,0,14,0
Tm27,Li15,7,2,5,0,14,4,10,0
T5c,Nod1,5,4,1,0,14,12,2,0
T4d,Mi13,6,2,4,0,14,5,9,0
DmDRA1,Sm38,7,1,6,0,14,2,12,0
Tm27,LTe18,3,0,3,0,14,0,14,0
MLt1,Li16,6,3,3,0,14,7,7,0
Tm7,LLPC2,6,3,3,0,14,7,7,0
DmDRA1,Mi15,7,4,3,0,14,8,6,0
LMa4,LT1b,1,0,1,0,14,0,14,0
LMa5,Tlp4,5,3,2,0,14,10,4,0
Mi2,TmY11,4,0,4,0,14,0,14,0
MLt1,Mi10,6,4,2,0,14,9,5,0
T5c,Y1,6,2,4,0,14,4,10,0
Pm05,OA-AL2i2,7,4,3,0,14,8,6,0
Pm05,LPT54,6,5,1,0,14,12,2,0
Tm5b,cL14,7,4,3,0,14,8,6,0
T3,Mi14,7,3,4,0,14,6,8,0
Sm19,MLt7,4,3,1,0,14,10,4,0
Tm5f,MLt1,7,3,4,0,14,6,8,0
Sm10,cM14,7,4,3,0,14,8,6,0
L4,Dm3q,6,1,5,0,14,2,12,0
T2a,DNp27,4,0,4,0,14,0,14,0
Tm16,LT86,6,2,4,0,14,4,10,0
Mi10,Pm09,5,2,3,0,14,5,9,0
TmY15,Li19,4,1,3,0,14,2,12,0
TmY31,MTe17,7,4,3,0,14,8,6,0
Tm5f,LT85,4,0,4,0,14,0,14,0
Sm25,MTe51,7,3,4,0,14,6,8,0
Sm11,MTe01a,5,4,1,0,14,11,3,0
Tm5b,LT52,4,1,3,0,14,3,11,0
LPi14,VS8,3,2,1,0,14,11,3,0
Tlp14,LCe07,7,3,4,0,14,6,8,0
Pm11,T4a,6,3,3,0,14,7,7,0
TmY4,LTe51,6,3,3,0,14,6,8,0
Tm5f,Li08,5,1,4,0,14,6,8,0
Tm36,OA-AL2i1,7,4,3,0,14,8,6,0
Tm8a,cL06,6,3,3,0,14,7,7,0
Li05,Tm35,5,1,4,0,14,4,10,0
Sm03,Sm12,7,2,5,0,14,4,10,0
TmY31,LT36,6,3,3,0,14,7,7,0
Sm03,Sm30,7,4,3,0,14,8,6,0
Y1,LC26,4,1,3,0,14,3,11,0
Tm5d,MTe22,6,3,3,0,14,8,6,0
L4,Tm35,6,2,4,0,14,4,10,0
Tm7,MTe12,5,2,3,0,14,5,9,0
LPi04,LPC1,7,5,2,0,14,10,4,0
Dm4,OA-AL2i1,7,3,4,0,14,6,8,0
TmY9q,Pm09,6,2,4,0,14,6,8,0
Dm11,Sm40,6,4,2,0,14,10,4,0
TmY3,Mi15,7,4,3,0,14,8,6,0
Y1,TmY10,5,3,2,0,14,8,6,0
Tm4,Dm3q,7,4,3,0,14,8,6,0
Li03,LC40,4,1,3,0,14,8,6,0
Li22,Pm09,5,2,3,0,14,6,8,0
Y1,LC13,5,1,4,0,14,2,12,0
Tlp4,vCal1,6,2,4,0,14,4,10,0
Pm05,PDt,6,5,1,0,14,12,2,0
LMt2,TmY15,6,4,2,0,14,8,6,0
Dm15,Tm34,6,4,2,0,14,9,5,0
Li06,TmY9q⊥,4,2,2,0,14,10,4,0
Tm3,MeMe_e05,6,4,2,0,14,10,4,0
Tm25,LT82a,7,2,5,0,14,4,10,0
Li10,LC10f,6,1,5,0,14,2,12,0
Tm7,TmY3,7,3,4,0,14,6,8,0
Y3,CB3089,5,2,3,0,14,4,10,0
TmY5a,LT1d,6,2,4,0,14,4,10,0
Tm32,LT65,6,1,5,0,14,2,12,0
R8,cM09,7,6,1,0,14,12,2,0
TmY10,Sm41,4,1,3,0,14,2,12,0
TmY9q⊥,LTe17,6,3,3,0,14,8,6,0
LMa3,LT82a,5,2,3,0,14,5,9,0
LMt3,LT66,6,2,4,0,14,4,10,0
TmY4,LC33a,5,0,5,0,14,0,14,0
R1-6,Mi9,6,0,6,0,14,0,14,0
LLPt,Tm36,6,3,3,0,14,8,6,0
T2,LT61a,7,3,4,0,14,6,8,0
Dm6,Dm16,7,3,4,0,14,6,8,0
Tm21,Pm04,6,4,2,0,14,10,4,0
Sm22,Mi4,6,1,5,0,14,2,12,0
Li10,Tm34,6,3,3,0,14,8,6,0
T2,Dm15,6,3,3,0,14,6,8,0
LPi10,LPTe02,6,3,3,0,14,7,7,0
LLPt,LC37a,7,4,3,0,14,8,6,0
Li11,LC10b,4,0,4,0,14,0,14,0
Li16,TmY11,7,3,4,0,14,6,8,0
Li13,Tm35,6,0,6,0,14,0,14,0
T2a,Pm06,7,6,1,0,14,12,2,0
LPi01,Tlp1,4,0,4,0,14,0,14,0
TmY9q⊥,LTe49b,5,0,5,0,14,0,14,0
Tm16,LTe33,6,2,4,0,14,4,10,0
TmY4,MLt3,7,6,1,0,14,12,2,0
C3,TmY11,5,0,5,0,14,0,14,0
L3,Tm5d,4,3,1,0,14,12,2,0
Mi1,Dm19,7,4,3,0,14,8,6,0
Sm32,Sm25,6,4,2,0,14,10,4,0
Dm9,Lawf1,5,4,1,0,14,11,3,0
Li10,LTe68,6,2,4,0,14,5,9,0
LMt1,MTe53,5,2,3,0,14,6,8,0
Tm5f,MTe02,6,4,2,0,14,8,6,0
Y4,TmY4,7,2,5,0,14,4,10,0
Pm03,T4b,6,1,5,0,14,3,11,0
L4,Li11,5,0,5,0,14,0,14,0
C2,Dm19,5,0,5,0,14,0,14,0
L2,Dm3p,6,3,3,0,14,6,8,0
TmY4,cL16,6,4,2,0,14,9,5,0
Tm9,OA-AL2i1,6,3,3,0,14,6,8,0
Li15,cL21,6,3,3,0,14,7,7,0
Tm20,LC20a,6,4,2,0,14,8,6,0
Tlp5,Tlp5,6,4,2,0,14,9,5,0
TmY9q,LPi05,6,2,4,0,14,4,10,0
R8,Tm4,6,0,6,0,14,0,14,0
Dm3v,Pm01,1,0,1,0,14,0,14,0
Dm3v,Pm08,2,0,2,0,14,0,14,0
Mi1,LMt1,1,0,1,0,14,0,14,0
Sm12,Y11,5,4,1,0,14,11,3,0
TmY4,cLP03,7,5,2,0,14,10,4,0
TmY31,Sm01,7,4,3,0,14,8,6,0
Y11,HSS,6,3,3,0,14,7,7,0
TmY9q⊥,T5a,7,6,1,0,14,12,2,0
Sm19,MLt2,7,4,3,0,14,8,6,0
Sm19,Sm21,7,6,1,0,14,12,2,0
Li08,Li18,7,2,5,0,14,4,10,0
Tm35,LCe03,7,4,3,0,14,8,6,0
Dm4,Sm05,4,0,4,0,14,0,14,0
Li02,cM08c,5,0,5,0,14,0,14,0
TmY31,mALD1,6,4,2,0,14,10,4,0
Sm03,Sm04,6,3,3,0,14,7,7,0
Sm03,Li09,3,0,3,0,14,0,14,0
Tm27,Li32,5,2,3,0,14,4,10,0
Tm36,Pm10,7,3,4,0,14,6,8,0
LMt2,MTe54,7,2,5,0,14,4,10,0
Tlp5,LC39,5,4,1,0,14,11,3,0
Li13,LC29,6,3,3,0,14,7,7,0
Tm36,LMt1,6,2,4,0,14,6,8,0
Lai,C2,7,4,3,0,14,8,6,0
L5,DNc02,7,4,3,0,14,8,6,0
Tm7,Sm12,6,2,4,0,14,5,9,0
Dm3v,Tm16,7,4,3,0,14,8,6,0
Li11,Tm4,5,0,5,0,14,0,14,0
Li01,LMa1,6,4,2,0,14,10,4,0
TmY4,LT85,6,2,4,0,14,5,9,0
Y3,LT75,7,4,3,0,14,8,6,0
LLPt,LT39,6,3,3,0,14,8,6,0
Tm3,LTe46,6,2,4,0,14,4,10,0
Pm14,MTe27,3,1,2,0,14,6,8,0
Tm2,LC17,5,2,3,0,14,8,6,0
Li16,LMt4,7,6,1,0,14,12,2,0
L5,OA-AL2i1,7,2,5,0,14,4,10,0
LPi07,Y4,7,3,4,0,14,6,8,0
Pm09,C2,5,1,4,0,14,2,12,0
Sm07,Sm23,6,5,1,0,14,12,2,0
Li05,LTe24,2,1,1,0,14,12,2,0
Tm25,Pm03,5,0,5,0,14,0,14,0
L3,MTe14,4,3,1,0,14,12,2,0
Y3,cM10,5,4,1,0,14,12,2,0
MLt6,PLP068,4,1,3,0,14,5,9,0
Li04,PLP251,6,3,3,0,14,6,8,0
Tm25,Mi9,5,0,5,0,14,0,14,0
TmY11,MTe40,7,2,5,0,14,4,10,0
Tm34,LC40,4,3,1,0,14,9,5,0
Tm34,LC20b,7,3,4,0,14,6,8,0
R7,Sm12,7,5,2,0,14,10,4,0
Tm27,LT61b,7,2,5,0,14,4,10,0
TmY10,5-HTPMPV03,6,3,3,0,14,8,6,0
Li19,LT74,4,2,2,0,14,7,7,0
LMa3,LTe05,5,3,2,0,14,9,5,0
MLt8,MeMe_e04,5,3,2,0,14,10,4,0
Tm37,LC10b,4,2,2,0,14,10,4,0
MLt5,MTe10,6,2,4,0,14,4,10,0
Sm24,Sm07,6,4,2,0,14,10,4,0
Y1,LPi04,7,5,2,0,14,10,4,0
Li31,LLPt,4,1,3,0,14,3,11,0
Li31,LC31b,5,3,2,0,14,6,8,0
Li31,Tm5f,4,2,2,0,14,9,5,0
Li26,LT66,4,3,1,0,14,10,4,0
Li26,T5a,7,2,5,0,14,4,10,0
Sm39,l-LNv,4,2,2,0,14,8,6,0
Sm39,Sm30,4,2,2,0,14,8,6,0
TmY4,LPT29,5,3,2,0,14,9,5,0
LMt4,Pm03,6,4,2,0,14,10,4,0
Pm09,LMt2,7,3,4,0,14,6,8,0
L5,Dm3p,6,2,4,0,14,6,8,0
Li01,LTe60,4,1,3,0,14,2,12,0
LMt4,Pm10,6,2,4,0,14,4,10,0
Li16,LPLC4,6,1,5,0,14,2,12,0
Y3,T5b,7,4,3,0,14,8,6,0
Sm06,Tm5a,6,1,5,0,14,2,12,0
L1,Dm12,5,2,3,0,14,7,7,0
Sm29,MeMe_e04,5,4,1,0,14,11,3,0
Sm42,Sm35,4,3,1,0,14,10,4,0
Sm42,MTe28,2,1,1,0,14,9,5,0
Sm42,Pm07,5,1,4,0,14,4,10,0
Sm42,Mi4,4,3,1,0,14,11,3,0
Sm42,cM10,2,1,1,0,14,6,8,0
MLt8,LTe33,6,3,3,0,14,7,7,0
TmY9q,Tm7,6,2,4,0,14,5,9,0
Li08,TmY9q⊥,7,1,6,0,14,2,12,0
T2a,LC22,5,3,2,0,14,9,5,0
LPi11,VS1,3,2,1,0,14,12,2,0
Tm34,Y3,7,4,3,0,14,8,6,0
Mi1,Sm15,3,1,2,0,14,2,12,0
Sm02,MeMe_e07,5,3,2,0,14,10,4,0
Dm3p,Dm16,7,6,1,0,14,12,2,0
MLt1,cM09,6,2,4,0,14,5,9,0
Li12,LTe74,6,4,2,0,14,8,6,0
T4b,Pm11,4,3,1,0,14,12,2,0
Lawf2,Pm02,6,0,6,0,14,0,14,0
Li27,LC17,5,0,5,0,14,0,14,0
Dm8b,Sm35,4,0,4,0,14,0,14,0
Tlp4,MeMe_e07,7,4,3,0,14,8,6,0
Li09,Li02,7,3,4,0,14,6,8,0
Tm35,LC9,6,5,1,0,14,12,2,0
Tm35,Li04,5,2,3,0,14,5,9,0
Dm13,CB0592,6,3,3,0,14,8,6,0
TmY9q⊥,aMe5,4,2,2,0,14,8,6,0
TmY10,Tlp4,6,2,4,0,14,4,10,0
Tm37,Pm12,2,0,2,0,14,0,14,0
Sm10,OA-ASM1,7,3,4,0,14,6,8,0
Li05,LC16,5,3,2,0,14,7,7,0
Sm32,Tm5f,5,0,5,0,14,0,14,0
Sm32,LMa3,6,3,3,0,14,7,7,0
Dm13,C3,5,4,1,0,14,12,2,0
Li07,LTe38c,6,2,4,0,14,4,10,0
Sm05,Tm5a,7,5,2,0,14,10,4,0
LMt4,C3,6,4,2,0,14,9,5,0
Mi1,Tm8a,4,2,2,0,14,4,10,0
LMa2,Mi10,6,5,1,0,14,12,2,0
Tlp5,T5c,6,2,4,0,14,4,10,0
Sm07,Li11,4,0,4,0,14,0,14,0
Dm19,Dm16,7,6,1,0,14,12,2,0
Li10,LTe70,6,5,1,0,14,11,3,0
Pm11,Pm06,6,4,2,0,14,10,4,0
TmY16,TmY3,6,4,2,0,14,10,4,0
Pm08,Sm42,5,4,1,0,14,12,2,0
LMa1,LC36,3,2,1,0,14,10,4,0
TmY31,LTe52,6,3,3,0,14,7,7,0
Sm14,Tm35,6,3,3,0,14,7,7,0
Li33,TmY9q⊥,6,1,5,0,14,3,11,0
Li33,MLt2,6,3,3,0,14,8,6,0
Li33,LTe75,2,1,1,0,14,7,7,0
Li33,cL07,1,0,1,0,14,0,14,0
Li33,LT63,3,2,1,0,14,9,5,0
Li33,LTe01,3,2,1,0,14,10,4,0
MLt2,TmY9q,5,2,3,0,14,7,7,0
Dm14,MTe43,6,3,3,0,14,7,7,0
Sm07,Tm5f,5,3,2,0,14,9,5,0
TmY20,Tm3,7,4,3,0,14,8,6,0
Li01,LPLC2,5,2,3,0,14,5,9,0
Dm12,Mi15,7,5,2,0,14,10,4,0
Lawf2,Mi9,5,2,3,0,14,4,10,0
Dm8b,MTe32,5,4,1,0,14,12,2,0
Tm35,LCe01b,6,5,1,0,14,12,2,0
Li25,LC22,6,5,1,0,14,11,3,0
Pm13,Pm09,5,1,4,0,14,3,11,0
Pm13,Sm32,6,3,3,0,14,8,6,0
Pm13,Tm36,7,3,4,0,14,6,8,0
Pm13,Y1,6,4,2,0,14,10,4,0
Pm13,MTe51,5,2,3,0,14,4,10,0
Dm11,MeTu1,5,3,2,0,14,9,5,0
Tm5d,Sm42,7,2,5,0,14,4,10,0
LMa2,Y1,6,4,2,0,14,10,4,0
LMa2,TmY3,4,2,2,0,14,5,9,0
T4b,Nod5,7,6,1,0,14,12,2,0
Tm8a,LT68,6,2,4,0,14,5,9,0
Sm38,MTe17,6,3,3,0,14,7,7,0
Li32,cL02b,5,3,2,0,14,8,6,0
Li32,LLPC4,5,2,3,0,14,6,8,0
Li32,Y12,6,2,4,0,14,5,9,0
Li32,cMLLP01,2,1,1,0,14,3,11,0
Li32,LTe31,2,1,1,0,14,7,7,0
Li32,cLLP02,4,2,2,0,14,8,6,0
Mi4,LPT27,4,3,1,0,14,11,3,0
TmY31,T4a,7,3,4,0,14,6,8,0
TmY9q,Sm09,7,6,1,0,14,12,2,0
Li24,LT67,4,2,2,0,14,9,5,0
Li24,T3,6,3,3,0,14,6,8,0
Li24,LCe02,6,5,1,0,14,12,2,0
Y11,Li13,5,3,2,0,14,7,7,0
LPi07,LPT45_dCal1,4,3,1,0,14,12,2,0
LPi02,HSS,6,3,3,0,14,8,6,0
Li04,LT57,5,2,3,0,14,6,8,0
Tm8a,Y1,5,2,3,0,14,8,6,0
CT1,DNc02,2,1,1,0,14,9,5,0
Tm35,MTe01b,3,1,2,0,14,2,12,0
Mi14,TmY9q⊥,7,5,2,0,14,10,4,0
Li24,LC37a,6,3,3,0,14,6,8,0
Tm36,Sm22,7,4,3,0,14,8,6,0
Am1,LPT47_vCal2,2,1,1,0,14,10,4,0
Am1,Nod5,2,1,1,0,14,12,2,0
Li09,Li27,6,5,1,0,14,12,2,0
C2,MeTu1,6,1,5,0,14,2,12,0
LPi09,LPT51,5,4,1,0,14,12,2,0
Sm13,Mi1,7,5,2,0,14,10,4,0
TmY4,LPT48_vCal3,3,1,2,0,14,2,12,0
Tm33,Li01,7,5,2,0,14,10,4,0
MLt3,LC6,6,4,2,0,14,9,5,0
Tm16,CB0592,7,5,2,0,14,10,4,0
Tm36,LTe13,5,4,1,0,14,12,2,0
LPi14,VS6,3,2,1,0,14,10,4,0
Dm16,Dm19,7,6,1,0,14,12,2,0
Tm5d,Tm32,5,3,2,0,14,7,7,0
Li10,LTe59,6,5,1,0,14,12,2,0
TmY31,cL02c,5,4,1,0,14,11,3,0
LPi04,LPT48_vCal3,6,5,1,0,14,12,2,0
TmY31,Li24,6,5,1,0,14,10,4,0
Tm3,LT1b,1,0,1,0,14,0,14,0
Sm15,Tm5f,7,4,3,0,14,8,6,0
TmY9q,LTe46,6,5,1,0,14,12,2,0
Dm3v,Tm5c,7,4,3,0,14,8,6,0
Tlp5,T5d,7,6,1,0,14,12,2,0
Li30,LTe42a,2,1,1,0,14,6,8,0
L1,Mi13,4,3,1,0,14,8,6,0
Dm2,TmY10,6,4,2,0,14,10,4,0
Tm5b,LTe12,4,3,1,0,14,10,4,0
Sm03,L3,4,0,4,0,14,0,14,0
TmY9q⊥,cLLP02,6,5,1,0,14,12,2,0
Pm02,Sm42,6,5,1,0,14,11,3,0
Tm2,LPLC2,4,2,2,0,14,4,10,0
Y3,Lawf1,5,4,1,0,14,12,2,0
Li29,TmY31,7,2,5,0,14,4,10,0
Li29,LMt3,4,1,3,0,14,4,10,0
Li29,LPLC1,5,2,3,0,14,7,7,0
Sm37,Sm28,3,2,1,0,14,7,7,0
Sm37,aMe25,2,1,1,0,14,8,6,0
Sm37,MTe37,2,1,1,0,14,7,7,0
TmY3,LCe06,6,5,1,0,14,12,2,0
Tm3,aMe5,7,3,4,0,14,6,8,0
LPi13,Y1,5,0,5,0,14,0,14,0
LPi13,VS5,2,1,1,0,14,10,4,0
Tm5b,cM10,6,5,1,0,14,12,2,0
Tm33,LC29,7,4,3,0,14,8,6,0
Mi4,MTe01b,3,1,2,0,14,5,9,0
Sm06,MTe12,4,3,1,0,14,6,8,0
Sm07,Tm34,6,5,1,0,14,12,2,0
Li23,LC6,6,2,4,0,14,4,10,0
Li06,LC14a2,6,5,1,0,14,12,2,0
Dm14,Dm6,7,6,1,0,14,12,2,0
Dm12,L1,4,3,1,0,14,12,2,0
Tm21,Li28,3,1,2,0,14,2,12,0
Y3,LTe02,6,5,1,0,14,12,2,0
MeTu3a,MeTu2a,7,4,3,0,14,8,6,0
LC11,cL02d,3,0,3,0,14,0,14,0
LC11,Li25,6,2,4,0,14,4,10,0
LT55,LT68,3,2,1,0,14,8,6,0
LT55,LTe67,2,1,1,0,14,8,6,0
LC31a,LTe12,7,2,5,0,14,4,10,0
LC40,Li09,7,2,5,0,14,4,10,0
LT1d,Li24,6,4,2,0,14,10,4,0
MTe01b,Sm42,6,3,3,0,14,8,6,0
LCe01b,TmY5a,7,6,1,0,14,12,2,0
LPLC2,Tm27,7,3,4,0,14,6,8,0
MeLp1,H2,3,2,1,0,14,12,2,0
LC15,LMa1,7,3,4,0,14,6,8,0
LPC1,DCH,4,0,4,0,14,0,14,0
LC18,LT1d,6,3,3,0,14,7,7,0
cM09,LPLC4,7,4,3,0,14,8,6,0
LC11,Li32,7,3,4,0,14,6,8,0
LC25,Li27,5,2,3,0,14,4,10,0
cL01,cM08c,5,4,1,0,14,11,3,0
LC12,Li21,6,2,4,0,14,4,10,0
MeTu3b,Dm2,7,2,5,0,14,4,10,0
cLPL01,LMt3,5,3,2,0,14,6,8,0
cLPL01,Li07,4,3,1,0,14,11,3,0
cL22a,LTe59,2,1,1,0,14,6,8,0
MeMe_e01,Sm15,7,4,3,0,14,8,6,0
MeMe_e01,Sm06,7,1,6,0,14,2,12,0
LTe08,Li30,2,1,1,0,14,12,2,0
LTe08,LTe10,2,1,1,0,14,10,4,0
VSm,LPi15,4,2,2,0,14,9,5,0
MTe07,Dm8a,7,2,5,0,14,4,10,0
LLPC2,Tm5c,7,3,4,0,14,6,8,0
LTe15,Li32,2,1,1,0,14,7,7,0
MTe07,C3,3,0,3,0,14,0,14,0
aMe12,MTe19,3,1,2,0,14,5,9,0
LC14a2,LT70,4,1,3,0,14,3,11,0
LC14a2,cM08a,5,2,3,0,14,6,8,0
LC10a,LT51,7,3,4,0,14,6,8,0
LT43,Li03,5,2,3,0,14,7,7,0
LC22,Li13,6,2,4,0,14,5,9,0
LT82a,LT61b,4,1,3,0,14,2,12,0
LT82a,LTe20,3,1,2,0,14,2,12,0
LT82a,Li24,5,1,4,0,14,3,11,0
LLPC2,LLPC3,6,2,4,0,14,4,10,0
LTe03,LC36,4,2,2,0,14,5,9,0
LC12,LPLC1,6,1,5,0,14,2,12,0
MeTu4a,LTe67,6,2,4,0,14,6,8,0
MeTu3a,Sm03,7,2,5,0,14,4,10,0
LT78,LC10e,6,3,3,0,14,7,7,0
LC12,LC18,6,0,6,0,14,0,14,0
LC21,Li11,7,4,3,0,14,8,6,0
LC14b,Li02,5,3,2,0,14,10,4,0
LC21,TmY20,5,3,2,0,14,10,4,0
LC14a2,LCe07,3,2,1,0,14,7,7,0
LC14a2,LC25,6,3,3,0,14,6,8,0
LCe01a,LMa2,7,5,2,0,14,10,4,0
LCe01a,LCe03,6,4,2,0,14,10,4,0
LC10d,Tm5f,7,5,2,0,14,10,4,0
MeMe_e08,LMt1,7,6,1,0,14,12,2,0
cM01a,Sm19,6,4,2,0,14,10,4,0
cM01a,MTe26,2,1,1,0,14,7,7,0
MeTu4c,MTe15,4,0,4,0,14,0,14,0
CB0816,L4,5,3,2,0,14,10,4,0
CB0816,MLt4,5,1,4,0,14,6,8,0
CB0816,Pm07,6,1,5,0,14,2,12,0
LLPC3,LPi05,7,3,4,0,14,6,8,0
LT79,LT1a,2,1,1,0,14,5,9,0
LC18,LMt4,5,2,3,0,14,5,9,0
cM08c,MTe05,6,2,4,0,14,5,9,0
LC14a2,Li12,6,3,3,0,14,6,8,0
LTe09,CB1329,2,1,1,0,14,8,6,0
LC16,Tm21,7,4,3,0,14,8,6,0
LC9,TmY15,6,4,2,0,14,10,4,0
LT52,LC14b,6,2,4,0,14,4,10,0
LT52,LMa2,5,2,3,0,14,5,9,0
LT69,Li13,5,3,2,0,14,10,4,0
LC4,Y11,7,2,5,0,14,4,10,0
LC15,LC13,6,2,4,0,14,5,9,0
MTe15,LTe74,2,1,1,0,14,6,8,0
LC28a,cL02c,6,3,3,0,14,8,6,0
LPT45_dCal1,LLPC3,6,5,1,0,14,12,2,0
LPTe01,LPLC4,6,3,3,0,14,8,6,0
LPT23,Li06,4,2,2,0,14,7,7,0
LTe47,Li30,1,0,1,0,14,0,14,0
OA-AL2b1,TmY31,7,4,3,0,14,8,6,0
MTe02,aMe9,4,1,3,0,14,2,12,0
cL08,TmY5a,3,1,2,0,14,2,12,0
cL08,LT61a,2,1,1,0,14,5,9,0
LPLC1,Li05,7,3,4,0,14,6,8,0
AN_multi_124,TmY14,7,3,4,0,14,6,8,0
cLP01,LPi02,5,2,3,0,14,5,9,0
cL10,MLt8,5,2,3,0,14,6,8,0
LPLC2,TmY4,5,2,3,0,14,4,10,0
LC9,LTe31,5,2,3,0,14,4,10,0
MeTu4a,Sm22,7,1,6,0,14,2,12,0
cL07,LMa1,4,3,1,0,14,12,2,0
LLPC4,LC17,5,2,3,0,14,5,9,0
LPT30,Tlp5,6,3,3,0,14,6,8,0
LC15,LTe05,5,3,2,0,14,8,6,0
l-LNv,Mi15,7,5,2,0,14,10,4,0
LLPC1,HSN,5,2,3,0,14,5,9,0
LTe55,LT57,2,1,1,0,14,9,5,0
LC22,LC21,7,3,4,0,14,6,8,0
cM02b,Dm2,5,2,3,0,14,8,6,0
cM02b,MC65,4,3,1,0,14,9,5,0
LTe06,LTe75,2,1,1,0,14,9,5,0
cM06,Lawf1,6,4,2,0,14,9,5,0
MeLp2,Y1,6,2,4,0,14,4,10,0
LC9,Li31,5,3,2,0,14,9,5,0
cL02b,LC21,6,2,4,0,14,4,10,0
cL02b,LC22,6,4,2,0,14,10,4,0
LT72,mALD1,2,1,1,0,14,6,8,0
LPLC4,LC20b,6,3,3,0,14,8,6,0
LC9,LC10c,5,2,3,0,14,8,6,0
LC14a2,Li29,5,3,2,0,14,9,5,0
cL20,LTe59,2,1,1,0,14,9,5,0
LT37,cL06,2,1,1,0,14,4,10,0
LT37,LTe24,2,1,1,0,14,3,11,0
LT37,LC20b,3,2,1,0,14,6,8,0
LT37,LTe30,1,0,1,0,14,0,14,0
LC28a,cL22c,5,2,3,0,14,4,10,0
LC20b,LPLC1,6,3,3,0,14,8,6,0
MTe52,T2,7,3,4,0,14,6,8,0
LPC2,LPi13,6,4,2,0,14,9,5,0
LC28a,Tm36,5,3,2,0,14,10,4,0
LC28a,Li11,6,3,3,0,14,7,7,0
MeMe_e09,cM08b,4,2,2,0,14,9,5,0
LPTe02,LTe56,2,1,1,0,14,8,6,0
LPLC2,Tm16,6,2,4,0,14,5,9,0
MTe04,MeTu3c,6,3,3,0,14,6,8,0
MTe42,LTe21,2,1,1,0,14,8,6,0
LC35,LC14a1,5,4,1,0,14,12,2,0
LC10c,LTe27,4,0,4,0,14,0,14,0
MeMe_e06,aMe17a1,2,1,1,0,14,9,5,0
MTe12,Sm13,5,3,2,0,14,6,8,0
LPT50,LPi13,2,1,1,0,14,7,7,0
MeTu4a,LTe27,6,3,3,0,14,8,6,0
LTe19,LC10b,5,3,2,0,14,9,5,0
LT83,LC13,5,4,1,0,14,12,2,0
LT83,LC17,6,2,4,0,14,4,10,0
cL01,Li33,5,3,2,0,14,10,4,0
LPLC4,Tm8a,6,1,5,0,14,2,12,0
LC13,Li18,7,3,4,0,14,6,8,0
LCe03,Li27,5,2,3,0,14,5,9,0
mALD1,LTe05,2,1,1,0,14,7,7,0
LTe11,Li10,4,0,4,0,14,0,14,0
LTe11,LC33a,3,1,2,0,14,2,12,0
LC12,Li31,7,3,4,0,14,6,8,0
cLLP02,LC20b,6,4,2,0,14,10,4,0
cLLP02,Li31,4,2,2,0,14,6,8,0
MTe51,Sm24,7,6,1,0,14,12,2,0
DNp30,T3,7,3,4,0,14,6,8,0
aMe5,MTe01a,6,3,3,0,14,7,7,0
MeMe_e07,Sm04,7,3,4,0,14,6,8,0
LC14b,LTe27,3,1,2,0,14,4,10,0
LT51,LC10d,3,1,2,0,14,2,12,0
LT38,LLPC2,6,1,5,0,14,2,12,0
cL17,LT68,4,2,2,0,14,7,7,0
LTe20,Li25,4,2,2,0,14,6,8,0
LTe20,LT87,2,1,1,0,14,5,9,0
LPT28,LPi09,6,4,2,0,14,9,5,0
LC37a,LC10b,6,2,4,0,14,5,9,0
LC37a,Li01,4,3,1,0,14,11,3,0
LC14a1,Li13,6,2,4,0,14,6,8,0
LT57,Li02,4,0,4,0,14,0,14,0
LPLC1,LPi14,7,4,3,0,14,8,6,0
LTe35,LTe65,3,2,1,0,14,12,2,0
mALD2,LPLC1,3,0,3,0,14,0,14,0
MeMe_e05,aMe13,2,1,1,0,14,8,6,0
MeMe_e05,LTe71,2,1,1,0,14,6,8,0
aMe4,LatB,6,2,4,0,14,4,10,0
LCe02,LMa2,2,0,2,0,14,0,14,0
MTe03,LMa5,5,3,2,0,14,9,5,0
LTe42a,cL06,2,1,1,0,14,7,7,0
LTe42a,Li33,2,1,1,0,14,9,5,0
cLM01,MTe54,6,3,3,0,14,8,6,0
MeTu1,aMe12,5,1,4,0,14,2,12,0
cM11,MeMe_e01,3,0,3,0,14,0,14,0
cM11,Sm15,4,0,4,0,14,0,14,0
cM01c,Tm32,4,2,2,0,14,6,8,0
cMLLP02,Tlp1,6,4,2,0,14,10,4,0
MTe04,Sm40,7,3,4,0,14,6,8,0
LT68,LTe33,3,2,1,0,14,11,3,0
LTe64,Li05,7,5,2,0,14,10,4,0
LC39,Li32,5,3,2,0,14,7,7,0
OA-AL2i2,cL21,5,2,3,0,14,6,8,0
OA-AL2i2,Li22,7,4,3,0,14,8,6,0
l-LNv,L5,5,2,3,0,14,4,10,0
LC15,LC19,2,0,2,0,14,0,14,0
MeTu3c,Sm38,6,4,2,0,14,9,5,0
MeLp1,LT33,2,1,1,0,14,5,9,0
MeMe_e03,Tm32,4,1,3,0,14,5,9,0
MeMe_e03,MeTu4c,5,2,3,0,14,7,7,0
LLPC3,Tlp14,5,1,4,0,14,4,10,0
LTe02,LTe06,2,1,1,0,14,9,5,0
MeTu4d,MTe51,5,1,4,0,14,2,12,0
MTe47,MLt4,6,3,3,0,14,7,7,0
MTe47,T5d,5,1,4,0,14,2,12,0
LC20b,cL02d,4,2,2,0,14,10,4,0
LPT26,Am1,2,1,1,0,14,9,5,0
LPT26,LPLC2,7,5,2,0,14,10,4,0
LPT26,LPi13,2,1,1,0,14,11,3,0
MTe01b,MTe03,5,2,3,0,14,5,9,0
aMe19b,aMe1,2,1,1,0,14,7,7,0
aMe19b,Tm5e,6,3,3,0,14,6,8,0
LPC2,H2,5,4,1,0,14,12,2,0
MeMe_e04,MeTu3b,4,3,1,0,14,12,2,0
aMe17a2,TmY5a,6,2,4,0,14,4,10,0
aMe17a2,Sm01,5,1,4,0,14,3,11,0
aMe17a2,Sm09,7,4,3,0,14,8,6,0
aMe17a2,Tm4,7,4,3,0,14,8,6,0
PLP231,OA-AL2i3,2,0,1,1,14,0,6,8
LPLC4,LMa5,7,5,2,0,14,10,4,0
LLPC2,Tm5e,7,4,3,0,14,8,6,0
mALC3,DNp11,2,1,1,0,14,9,5,0
SIP017,LT51,3,0,3,0,14,0,14,0
LTe75,LC10f,2,0,2,0,14,0,14,0
cLLPM01,Li21,4,3,1,0,14,10,4,0
LPLC4,TmY3,6,4,2,0,14,9,5,0
LC14b,LTe43,2,2,0,0,14,14,0,0
AVLP151,LMt3,6,3,3,0,14,7,7,0
AVLP151,LPT31,4,2,2,0,14,9,5,0
AVLP151,PLP004,1,0,1,0,14,0,14,0
mALC5,LMa4,4,3,1,0,14,10,4,0
mALC5,LPT23,3,1,2,0,14,4,10,0
mALC5,LC10a,3,2,1,0,14,7,7,0
mALC5,LTe38c,2,1,1,0,14,8,6,0
mALC5,TmY11,4,1,3,0,14,2,12,0
mALC5,LT77,3,1,2,0,14,6,8,0
mALC5,LT67,2,1,1,0,14,10,4,0
MTe52,MTe54,5,3,2,0,14,8,6,0
MeMe_e07,MLt1,5,4,1,0,14,12,2,0
LC10b,LT63,7,5,2,0,14,10,4,0
OA-ASM1,Y3,7,5,2,0,14,10,4,0
OA-ASM1,LC31b,7,2,5,0,14,4,10,0
OA-ASM1,T2a,7,6,1,0,14,12,2,0
OA-ASM1,LPT54,6,4,2,0,14,9,5,0
LTe40,LTe55,2,1,1,0,14,8,6,0
LT1b,LMa2,5,3,2,0,14,8,6,0
LT1b,LT62,2,1,1,0,14,4,10,0
MTe01b,Tm37,6,3,3,0,14,7,7,0
cL21,Li22,5,3,2,0,14,10,4,0
LC10d,LC13,6,1,5,0,14,2,12,0
LC11,LC6,5,1,4,0,14,2,12,0
cM08a,Sm07,7,6,1,0,14,12,2,0
LT56,LC15,5,0,5,0,14,0,14,0
LT56,LT11,2,1,1,0,14,9,5,0
LCe01a,LC6,7,3,4,0,14,6,8,0
LAL047,LTe17,2,1,1,0,14,9,5,0
MTe37,cM03,4,1,2,1,14,2,7,5
MTe37,MeMe_e02,6,2,4,0,14,4,10,0
OA-AL2b2,cM08c,5,4,1,0,14,12,2,0
Nod1,CB0143,2,0,0,2,14,0,0,14
LPT58,Tlp4,3,1,2,0,14,2,12,0
LTe33,PLP251,2,1,1,0,14,8,6,0
MeTu1,LT58,6,5,1,0,14,12,2,0
CB0472,Li04,5,2,3,0,14,4,10,0
MTe47,Am1,3,2,1,0,14,10,4,0
LT65,Li29,2,1,1,0,14,7,7,0
LC24,Tm36,7,4,3,0,14,8,6,0
LT61b,LMa1,7,6,1,0,14,12,2,0
LC15,T2a,7,2,5,0,14,4,10,0
CB0592,MTe41,4,2,2,0,14,8,6,0
CB0592,Pm08,6,2,4,0,14,4,10,0
CB0592,LC14a2,3,0,0,3,14,0,0,14
CB0592,Y11,5,4,1,0,14,11,3,0
CB0592,cM15,4,2,2,0,14,6,8,0
MeTu4c,LTe67,6,5,1,0,14,12,2,0
LC13,LC26,6,4,2,0,14,9,5,0
MTe54,Y1,7,6,1,0,14,12,2,0
cL06,TmY9q⊥,4,1,3,0,14,7,7,0
cL06,LC33a,5,2,3,0,14,4,10,0
cM12,cLM01,2,1,1,0,14,8,6,0
CB0566,Tm16,5,3,2,0,14,8,6,0
LC24,LTe10,3,1,2,0,14,9,5,0
LPLC4,LT81,6,4,2,0,14,8,6,0
LT74,Li31,2,1,1,0,14,4,10,0
LC28a,LPi14,2,0,2,0,14,0,14,0
LC28a,T4d,5,0,5,0,14,0,14,0
VCH,LPT31,5,3,2,0,14,9,5,0
LTe64,LT53,3,2,1,0,14,7,7,0
LTe64,LC10c,4,2,2,0,14,5,9,0
LT84,LC10b,5,2,3,0,14,5,9,0
LT84,LC37a,3,1,2,0,14,5,9,0
LT84,Tm31,6,1,5,0,14,2,12,0
cL02a,Tm16,5,3,2,0,14,8,6,0
cL22b,cL13,2,1,1,0,14,7,7,0
cL22b,LC24,5,3,2,0,14,8,6,0
cM14,Sm33,2,1,1,0,14,9,5,0
cM14,MeMe_e06,2,1,1,0,14,7,7,0
cM14,MTe26,2,1,1,0,14,9,5,0
OA-ASM1,MLt6,6,4,2,0,14,10,4,0
DNp27,aMe3,1,0,1,0,14,0,14,0
DNp27,MTe13,2,0,2,0,14,0,14,0
LC9,LC14a2,6,4,2,0,14,10,4,0
MTe22,MLt2,6,4,2,0,14,8,6,0
MTe22,Dm8b,7,3,4,0,14,6,8,0
LC35,Y1,7,5,2,0,14,10,4,0
LTe52,Li05,5,3,2,0,14,9,5,0
OA-AL2i3,Sm32,7,5,2,0,14,10,4,0
LT77,LT52,6,5,1,0,14,11,3,0
cM03,Sm18,5,2,3,0,14,4,10,0
MeMe_e07,Y4,5,0,5,0,14,0,14,0
MeTu3c,Sm09,6,4,2,0,14,10,4,0
LPTe01,LPLC2,5,4,1,0,14,9,5,0
PLP032,cM14,2,0,1,1,14,0,9,5
cL11,LTe38c,3,1,2,0,14,4,10,0
cL11,LC21,2,1,1,0,14,3,11,0
cL11,LTe42a,2,1,1,0,14,7,7,0
cL11,LC33a,2,1,1,0,14,2,12,0
LT74,LT64,3,2,1,0,14,12,2,0
DCH,LPT54,2,1,1,0,14,7,7,0
DCH,LPT04_HST,2,1,1,0,14,11,3,0
OA-AL2i1,Tm8b,6,3,3,0,14,7,7,0
OA-AL2i1,Tlp5,7,5,2,0,14,10,4,0
OA-AL2i1,Pm09,6,4,2,0,14,8,6,0
OA-AL2i1,DCH,2,1,1,0,14,11,3,0
cM15,Sm07,6,3,3,0,14,7,7,0
cM15,Pm01,7,5,2,0,14,10,4,0
cM15,Dm10,7,4,3,0,14,8,6,0
cM15,Tm36,7,3,4,0,14,6,8,0
LTe17,Li23,2,1,1,0,14,6,8,0
MC65,LTe56,2,1,1,0,14,8,6,0
OA-AL2i4,Mi10,7,3,4,0,14,6,8,0
OA-AL2i4,MTe40,2,1,1,0,14,4,10,0
LPT27,Tm37,4,2,2,0,14,7,7,0
LPT27,LPLC4,4,3,1,0,14,12,2,0
LTe46,LC20a,4,3,1,0,14,12,2,0
LLPC3,LC26,6,4,2,0,14,9,5,0
MTe32,LTe47,1,0,1,0,14,0,14,0
MTe32,Sm41,2,1,1,0,14,5,9,0
cM04,Sm12,6,3,3,0,14,8,6,0
cM05,MTe18,3,1,2,0,14,5,9,0
LPT57,T5c,6,5,1,0,14,11,3,0
LPT57,LPT53,2,1,1,0,14,4,10,0
H2,LPT22,2,1,1,0,14,7,7,0
LC43,Li33,1,0,1,0,14,0,14,0
MeTu4c,Mi9,6,2,4,0,14,4,10,0
MeTu4a,Li03,4,0,4,0,14,0,14,0
cL03,Li15,6,5,1,0,14,12,2,0
LC19,LTe16,1,0,1,0,14,0,14,0
LTe43,LPLC4,5,4,1,0,14,12,2,0
LC10c,LC10e,3,1,2,0,14,2,12,0
MTe28,Tm8b,7,2,5,0,14,4,10,0
cL04,PLP051,4,2,2,0,14,8,6,0
cL04,LT69,3,2,1,0,14,12,2,0
LT58,Sm30,3,1,2,0,14,8,6,0
LT58,LT52,4,2,2,0,14,9,5,0
LT58,Sm36,4,2,2,0,14,5,9,0
LT58,LC31c,2,1,1,0,14,9,5,0
LTe38b,LLPt,6,2,4,0,14,5,9,0
LPT21,H1,2,1,1,0,14,3,11,0
MTe07,MLt6,4,0,4,0,14,0,14,0
LC36,LC10f,5,1,4,0,14,2,12,0
LC36,LTe63,6,3,3,0,14,6,8,0
LPC2,TmY9q⊥,4,3,1,0,14,11,3,0
cL09,LC18,4,1,3,0,14,4,10,0
cL09,LMa4,5,2,3,0,14,5,9,0
cL09,Tlp5,2,1,1,0,14,3,11,0
LC36,PLP051,3,1,2,0,14,5,9,0
cML01,cMLLP02,1,0,1,0,14,0,14,0
cML01,T4d,7,5,2,0,14,10,4,0
LPLC4,LT57,4,0,4,0,14,0,14,0
LC9,LC14b,6,5,1,0,14,12,2,0
LTe53,LTe37,1,0,1,0,14,0,14,0
cM10,Tm25,6,2,4,0,14,4,10,0
MTe30,MLt6,6,4,2,0,14,9,5,0
LCe07,cL22b,2,0,1,1,14,0,6,8
LC45,LC14b,4,2,2,0,14,8,6,0
LT70,Li12,5,4,1,0,14,12,2,0
cL05,LT81,4,2,2,0,14,8,6,0
cL05,LC29,5,2,3,0,14,4,10,0
aMe5,Tm35,5,3,2,0,14,7,7,0
MTe26,MeTu3c,6,0,6,0,14,0,14,0
cM08b,Li33,3,2,1,0,14,11,3,0
MeTu3c,MeTu2b,6,4,2,0,14,8,6,0
LCe01a,Li33,5,4,1,0,14,12,2,0
LC35,LT53,5,4,1,0,14,11,3,0
LC21,Tm5a,5,1,4,0,14,2,12,0
cLLPM02,LTe38c,3,1,2,0,14,2,12,0
cLLPM02,Li05,5,1,4,0,14,4,10,0
MTe54,MTe02,5,4,1,0,14,12,2,0
LT51,Li10,6,4,2,0,14,10,4,0
cMLLP01,MLt5,7,2,5,0,14,4,10,0
cMLLP01,Li06,4,3,1,0,14,6,8,0
cMLLP01,Y1,7,3,4,0,14,6,8,0
cL13,TmY10,2,1,1,0,14,12,2,0
aMe17a1,MTe26,2,1,1,0,14,8,6,0
aMe17a1,Sm27,5,3,2,0,14,9,5,0
aMe17a1,Tm35,3,2,1,0,14,5,9,0
LC28a,Tm21,6,5,1,0,14,12,2,0
MTe38,LPT47_vCal2,1,0,1,0,14,0,14,0
MTe38,LCe01b,2,1,1,0,14,8,6,0
LC18,LT56,6,5,1,0,14,12,2,0
LT80,Y11,6,5,1,0,14,12,2,0
cL22c,LC15,1,0,1,0,14,0,14,0
cL15,MLt2,5,1,4,0,14,3,11,0
LT39,LTe09,5,2,3,0,14,4,10,0
LT39,LC37a,4,2,2,0,14,7,7,0
LT39,Li29,2,1,1,0,14,8,6,0
LT39,LC14b,1,0,1,0,14,0,14,0
LT43,aMe8,4,3,1,0,14,9,5,0
MeMe_e07,Pm08,4,4,0,0,14,14,0,0
LT41,Tm16,3,1,2,0,14,2,12,0
LT66,MTe47,3,0,0,3,14,0,0,14
LPT53,T4b,6,3,3,0,14,7,7,0
Nod2,LLPC1,7,3,4,0,14,6,8,0
Tm36,LT52,6,6,0,0,14,14,0,0
Tm36,Y11,5,5,0,0,14,14,0,0
Lat,Lat,6,6,0,0,14,14,0,0
Y4,LC16,6,6,0,0,14,14,0,0
C2,Tm25,7,7,0,0,14,14,0,0
DmDRA1,Sm20,6,6,0,0,14,14,0,0
L5,aMe4,6,6,0,0,14,14,0,0
Sm42,MTe52,6,6,0,0,14,14,0,0
MLt6,Tm5b,4,4,0,0,14,14,0,0
Tm27,TmY9q,6,6,0,0,14,14,0,0
Tm7,Tm9,4,4,0,0,14,14,0,0
Li10,cL17,4,4,0,0,14,14,0,0
Dm9,Sm20,6,6,0,0,14,14,0,0
Dm9,Sm01,7,7,0,0,14,14,0,0
Tm32,MTe23,4,4,0,0,14,14,0,0
Lawf1,C2,7,7,0,0,14,14,0,0
Tlp4,LMt1,6,6,0,0,14,14,0,0
Tm5f,cLLP02,5,5,0,0,14,14,0,0
Pm03,Y11,5,5,0,0,14,14,0,0
TmY20,LT53,5,5,0,0,14,14,0,0
LMa5,Dm20,5,5,0,0,14,14,0,0
Pm07,AVLP534,2,2,0,0,14,14,0,0
T2a,cL07,6,6,0,0,14,14,0,0
Sm23,Dm20,5,5,0,0,14,14,0,0
Tm8a,Tlp14,3,3,0,0,14,14,0,0
LPi04,LLPt,7,7,0,0,14,14,0,0
Tlp14,DCH,5,5,0,0,14,14,0,0
Dm10,Sm21,4,4,0,0,14,14,0,0
Tm3,MLt2,5,5,0,0,14,14,0,0
Pm14,LLPC1,5,5,0,0,14,14,0,0
LPi11,LPi14,4,4,0,0,14,14,0,0
Li13,LT77,3,3,0,0,14,14,0,0
Sm24,Dm13,4,4,0,0,14,14,0,0
Li32,Tm34,3,3,0,0,14,14,0,0
LTe58,PLP022,2,2,0,0,14,14,0,0
PLP249,cL22b,1,0,0,1,14,0,0,14
LC20a,LC14a2,5,5,0,0,14,14,0,0
LC20a,LT53,3,3,0,0,14,14,0,0
LPC2,LTe19,3,3,0,0,14,14,0,0
PLP231,cL05,2,0,0,2,14,0,0,14
cLP03,LPT51,2,2,0,0,14,14,0,0
cL16,LT58,2,2,0,0,14,14,0,0
LC36,Li30,2,2,0,0,14,14,0,0
LHPV2i2a,CB0734,1,1,0,0,14,14,0,0
aMe8,aMe22,2,2,0,0,14,14,0,0
cM08c,MTe46,2,2,0,0,14,14,0,0
LTe33,LLPt,6,6,0,0,14,14,0,0
mALC5,Tm1,5,5,0,0,14,14,0,0
LTe51,cM08c,3,3,0,0,14,14,0,0
LT53,aMe17a2,2,2,0,0,14,14,0,0
PLP023,LPT49,1,0,0,1,14,0,0,14
MTe30,s-LNva,1,1,0,0,14,14,0,0
DNpe053,CB1770,1,1,0,0,14,14,0,0
LPT54,LPT04_HST,1,1,0,0,14,14,0,0
VS6,T4a,7,7,0,0,14,14,0,0
LTe38c,CB0734,1,1,0,0,14,14,0,0
LTe52,LTe64,1,1,0,0,14,14,0,0
MTe45,LT43,2,2,0,0,14,14,0,0
aMe1,CB1791,1,1,0,0,14,14,0,0
LPT49,LPLC4,3,3,0,0,14,14,0,0
LTe71,aMe15,1,0,0,1,14,0,0,14
DCH,Tm16,4,4,0,0,14,14,0,0
cL05,Lat,1,1,0,0,14,14,0,0
Li03,Tm5c,5,3,2,0,13,7,6,0
TmY11,cLPL01,6,1,5,0,13,2,11,0
Tm9,Dm4,3,2,1,0,13,6,7,0
Y3,LTe06,5,3,2,0,13,9,4,0
LPi06,Y1,6,2,4,0,13,4,9,0
T2a,MLt1,6,3,3,0,13,6,7,0
Sm16,Sm41,5,2,3,0,13,4,9,0
Tm8a,LTe31,5,2,3,0,13,5,8,0
Tm1,LC4,5,3,2,0,13,9,4,0
Tm5f,Sm40,6,3,3,0,13,6,7,0
Tm5b,MTe07,4,0,4,0,13,0,13,0
Y3,cL14,6,4,2,0,13,9,4,0
Li20,Li26,5,4,1,0,13,11,2,0
T2,LC16,6,0,6,0,13,0,13,0
Dm8b,MTe04,6,4,2,0,13,9,4,0
Tm8b,cL02d,5,1,4,0,13,3,10,0
Dm8a,Li10,2,0,2,0,13,0,13,0
Tm8b,LT74,6,2,4,0,13,4,9,0
R7,Sm20,6,1,5,0,13,2,11,0
Li02,LTe33,3,0,3,0,13,0,13,0
Li21,LT52,4,1,3,0,13,2,11,0
Pm05,Sm07,6,3,3,0,13,7,6,0
T3,Li26,5,0,5,0,13,0,13,0
Tm3,LC25,5,0,5,0,13,0,13,0
Sm02,MeMe_e05,4,2,2,0,13,9,4,0
Tm7,LC33a,6,2,4,0,13,4,9,0
Mi14,MTe44,6,1,5,0,13,2,11,0
Tm9,Tm27,6,1,5,0,13,2,11,0
Tm27,LT1b,2,0,2,0,13,0,13,0
Tm3,LC6,4,0,4,0,13,0,13,0
Dm2,R7,5,2,3,0,13,6,7,0
Sm07,MeMe_e09,6,3,3,0,13,6,7,0
Sm12,MTe40,6,2,4,0,13,4,9,0
Tm4,cLLP02,6,0,6,0,13,0,13,0
Mi13,Lawf1,6,1,5,0,13,2,11,0
LPi10,Y12,6,2,4,0,13,4,9,0
C3,Pm07,6,2,4,0,13,4,9,0
LMa5,Tm20,6,4,2,0,13,8,5,0
Sm01,Tm2,4,0,4,0,13,0,13,0
TmY15,Pm02,6,4,2,0,13,9,4,0
Tm32,Sm07,6,3,3,0,13,7,6,0
LPi06,cLP03,6,3,3,0,13,6,7,0
Sm40,cM11,4,0,4,0,13,0,13,0
Tm5e,MLt6,5,2,3,0,13,4,9,0
L1,Dm11,6,3,3,0,13,7,6,0
Sm12,TmY31,6,1,5,0,13,2,11,0
Sm09,Tm36,6,4,2,0,13,9,4,0
T3,Tm5c,5,2,3,0,13,6,7,0
Dm19,Dm1,6,1,5,0,13,2,11,0
Tm5e,Dm3v,6,2,4,0,13,5,8,0
Pm05,LMt1,6,2,4,0,13,4,9,0
Li17,LT74,4,2,2,0,13,5,8,0
LPi02,VSm,5,3,2,0,13,8,5,0
Li21,CB0592,6,1,5,0,13,2,11,0
TmY9q,Tm32,6,4,2,0,13,8,5,0
TmY31,LC4,4,1,3,0,13,4,9,0
Mi13,Tm16,6,1,5,0,13,2,11,0
MLt7,Tm5e,6,4,2,0,13,9,4,0
LMa1,LC10d,6,2,4,0,13,5,8,0
LMa4,PDt,6,3,3,0,13,7,6,0
LMt2,LC31c,6,3,3,0,13,7,6,0
LMt2,LT80,5,2,3,0,13,5,8,0
R7,L5,5,4,1,0,13,10,3,0
TmY16,Lawf2,6,3,3,0,13,7,6,0
Li03,MLt2,4,0,4,0,13,0,13,0
Dm8a,Dm12,3,2,1,0,13,11,2,0
Tm9,Dm2,5,1,4,0,13,3,10,0
Tm8b,LC39,6,3,3,0,13,7,6,0
Dm20,TmY9q,4,2,2,0,13,4,9,0
Tm5c,LT86,6,2,4,0,13,4,9,0
Pm01,MeMe_e08,6,5,1,0,13,10,3,0
Tm27,TmY4,5,1,4,0,13,3,10,0
Sm08,TmY31,6,1,5,0,13,2,11,0
Li03,Tm33,6,3,3,0,13,6,7,0
Tm1,Sm08,5,2,3,0,13,7,6,0
Pm08,TmY3,5,1,4,0,13,2,11,0
Y3,cL10,5,1,4,0,13,2,11,0
Mi4,LMa3,6,4,2,0,13,9,4,0
Tlp1,Li18,6,3,3,0,13,6,7,0
Sm01,Tm21,5,1,4,0,13,5,8,0
Sm07,Sm34,6,2,4,0,13,4,9,0
Sm21,Mi15,6,4,2,0,13,9,4,0
Tm16,MTe11,5,2,3,0,13,5,8,0
TmY10,LTe74,4,2,2,0,13,6,7,0
TmY16,MTe52,5,2,3,0,13,7,6,0
TmY16,LMa1,6,3,3,0,13,7,6,0
Dm6,L4,5,0,5,0,13,0,13,0
Tm2,MTe47,6,2,4,0,13,4,9,0
Tm4,LC9,6,4,2,0,13,9,4,0
DmDRA1,Tm5d,5,2,3,0,13,7,6,0
Sm31,Sm35,6,3,3,0,13,6,7,0
Sm12,Sm02,5,3,2,0,13,6,7,0
Pm08,Pm12,5,2,3,0,13,5,8,0
LMt4,LC12,6,1,5,0,13,2,11,0
Tm5c,LC18,5,0,5,0,13,0,13,0
Y3,T1,4,1,3,0,13,2,11,0
Tm5e,Li19,6,1,5,0,13,2,11,0
Dm8a,C2,6,2,4,0,13,5,8,0
Li07,cL05,4,0,4,0,13,0,13,0
Tm8b,LMa5,4,3,1,0,13,11,2,0
Tm8b,LC31a,4,3,1,0,13,10,3,0
Mi2,Sm32,6,1,5,0,13,2,11,0
MLt1,LT52,5,2,3,0,13,4,9,0
MLt1,LTe54,3,2,1,0,13,9,4,0
Y1,Pm03,6,2,4,0,13,4,9,0
Sm15,Lawf2,5,3,2,0,13,8,5,0
Tm3,LC10e,6,5,1,0,13,11,2,0
Dm3v,T2,6,3,3,0,13,6,7,0
TmY10,MeTu1,6,2,4,0,13,4,9,0
T5b,TmY3,6,2,4,0,13,4,9,0
Tlp4,LT60,4,1,3,0,13,3,10,0
Sm27,MTe22,4,3,1,0,13,9,4,0
MLt1,LatB,6,3,3,0,13,7,6,0
C3,PDt,5,3,2,0,13,6,7,0
Tm4,LPi03,3,0,3,0,13,0,13,0
LMa3,LTe52,4,3,1,0,13,11,2,0
T4a,Tm21,4,1,3,0,13,2,11,0
Sm18,MTe03,6,3,3,0,13,6,7,0
Tlp1,VS4,5,4,1,0,13,11,2,0
MLt1,OA-AL2b1,6,1,5,0,13,2,11,0
Mi15,CB0816,6,5,1,0,13,10,3,0
Sm01,TmY31,6,3,3,0,13,6,7,0
PDt,OA-AL2b2,6,2,4,0,13,4,9,0
R7,Sm31,6,3,3,0,13,6,7,0
LMt4,TmY31,6,4,2,0,13,9,4,0
TmY10,LTe49d,5,2,3,0,13,5,8,0
Sm12,Tm35,4,1,3,0,13,3,10,0
Mi2,Pm07,6,3,3,0,13,6,7,0
Mi2,Dm19,6,2,4,0,13,4,9,0
LMa1,Mi4,4,2,2,0,13,8,5,0
Sm09,OA-AL2i4,6,4,2,0,13,8,5,0
Tm3,cL21,4,2,2,0,13,6,7,0
Li11,Tm3,6,4,2,0,13,9,4,0
TmY11,MTe54,6,2,4,0,13,4,9,0
Pm10,MLt1,5,3,2,0,13,9,4,0
Tm8a,LPT51,5,0,5,0,13,0,13,0
Sm08,MLt5,6,3,3,0,13,7,6,0
MLt4,Tm7,6,3,3,0,13,6,7,0
Sm41,LMa2,4,3,1,0,13,11,2,0
Sm41,MTe03,5,0,5,0,13,0,13,0
Sm41,aMe25,2,1,1,0,13,6,7,0
Sm41,Sm34,4,3,1,0,13,8,5,0
Tm27,LTe52,6,3,3,0,13,6,7,0
TmY3,cLP02,6,5,1,0,13,11,2,0
Tm3,Tlp14,5,2,3,0,13,6,7,0
Sm08,Tm20,4,1,3,0,13,4,9,0
Sm08,OA-AL2i4,6,4,2,0,13,8,5,0
Y1,MLt2,5,1,4,0,13,3,10,0
Sm18,Sm14,6,2,4,0,13,5,8,0
Sm18,Tm5a,6,2,4,0,13,4,9,0
LPi08,LPT21,5,2,3,0,13,6,7,0
Mi4,MTe47,6,4,2,0,13,9,4,0
LMa1,LT61a,3,2,1,0,13,8,5,0
Li13,cL10,5,1,4,0,13,2,11,0
TmY14,TmY4,6,4,2,0,13,8,5,0
TmY5a,LT61b,6,3,3,0,13,7,6,0
LMa5,T4b,4,3,1,0,13,11,2,0
MLt3,L4,6,4,2,0,13,9,4,0
TmY9q⊥,LTe01,6,1,5,0,13,2,11,0
DmDRA1,DmDRA2,6,3,3,0,13,7,6,0
Tm25,MTe33,6,3,3,0,13,6,7,0
Tm5d,Mi10,6,1,5,0,13,2,11,0
Mi14,MTe52,6,5,1,0,13,11,2,0
LPi09,LPT48_vCal3,5,3,2,0,13,8,5,0
Sm01,Dm11,6,4,2,0,13,9,4,0
L5,DmDRA2,5,0,5,0,13,0,13,0
Sm25,Sm26,6,2,4,0,13,4,9,0
LMt1,Pm08,6,3,3,0,13,6,7,0
Li11,TmY4,5,0,5,0,13,0,13,0
Sm25,Sm27,6,5,1,0,13,10,3,0
TmY5a,LC43,6,2,4,0,13,4,9,0
Y4,LC40,6,2,4,0,13,5,8,0
Mi4,MTe28,6,4,2,0,13,9,4,0
Li01,Y3,6,5,1,0,13,11,2,0
TmY9q,Tm25,6,3,3,0,13,7,6,0
Tm31,LC43,6,2,4,0,13,4,9,0
Tm5e,Sm13,5,2,3,0,13,5,8,0
Lawf1,Tm27,5,2,3,0,13,4,9,0
LMt2,Pm02,6,3,3,0,13,6,7,0
Tm1,R8,4,0,4,0,13,0,13,0
LPi14,LPT04_HST,4,2,2,0,13,7,6,0
Li01,cL16,5,1,4,0,13,2,11,0
Sm06,Sm32,4,2,2,0,13,4,9,0
Mi10,Tm25,6,3,3,0,13,6,7,0
Y3,LTe44,4,1,3,0,13,2,11,0
Sm30,Mi4,4,1,3,0,13,2,11,0
T4b,T3,6,2,4,0,13,5,8,0
TmY4,LCe06,4,3,1,0,13,11,2,0
Tm8a,MLt6,4,0,4,0,13,0,13,0
Y11,LMt2,5,3,2,0,13,7,6,0
Y4,LC19,6,2,4,0,13,4,9,0
Li17,Tm1,6,5,1,0,13,11,2,0
MLt7,5-HTPMPV03,5,2,3,0,13,7,6,0
Sm32,Mi15,6,4,2,0,13,8,5,0
TmY4,LC11,6,4,2,0,13,9,4,0
TmY31,CB0472,5,3,2,0,13,8,5,0
Y4,Tlp4,6,3,3,0,13,7,6,0
TmY31,LT47,6,2,4,0,13,4,9,0
Y12,LPT23,6,2,4,0,13,4,9,0
Sm15,MeMe_e01,6,2,4,0,13,4,9,0
Pm06,Pm14,6,5,1,0,13,11,2,0
Y12,Li06,5,1,4,0,13,5,8,0
Tm4,LC6,5,2,3,0,13,7,6,0
LMa5,Mi10,5,4,1,0,13,11,2,0
Li03,Y4,6,2,4,0,13,4,9,0
Tm34,LC18,5,1,4,0,13,3,10,0
Tm8b,MLt6,4,1,3,0,13,4,9,0
Pm05,Sm11,5,4,1,0,13,10,3,0
Dm10,Li22,3,0,3,0,13,0,13,0
Dm10,T3,2,0,2,0,13,0,13,0
Sm28,Sm39,4,2,2,0,13,7,6,0
Dm19,Tm9,6,1,5,0,13,2,11,0
Tm36,TmY3,5,2,3,0,13,6,7,0
Tm36,LCe07,6,3,3,0,13,7,6,0
Lawf1,T2a,6,3,3,0,13,6,7,0
Sm13,MeTu1,4,0,4,0,13,0,13,0
T4c,Tm2,5,1,4,0,13,2,11,0
Tm35,LC20a,4,2,2,0,13,7,6,0
Dm3q,LPi05,3,0,3,0,13,0,13,0
Pm06,MeMe_e08,6,4,2,0,13,9,4,0
Dm12,Dm3p,5,1,4,0,13,2,11,0
LMa3,Pm07,6,3,3,0,13,6,7,0
LMa3,MTe52,5,4,1,0,13,11,2,0
LMa3,Pm12,6,3,3,0,13,7,6,0
Y11,Pm10,4,2,2,0,13,9,4,0
Dm8a,Mi13,6,4,2,0,13,9,4,0
TmY4,Li09,5,0,5,0,13,0,13,0
T2a,LC16,4,2,2,0,13,9,4,0
TmY3,cL08,6,2,4,0,13,4,9,0
Tm5d,LCe07,3,2,1,0,13,10,3,0
Sm12,MTe25,6,2,4,0,13,4,9,0
Dm13,MTe41,6,3,3,0,13,6,7,0
TmY10,LPi05,6,2,4,0,13,4,9,0
Li18,LCe08,6,3,3,0,13,6,7,0
Sm15,MLt5,6,4,2,0,13,8,5,0
Sm26,Tm5d,6,3,3,0,13,7,6,0
LPi10,VCH,5,2,3,0,13,4,9,0
PDt,MLt3,6,4,2,0,13,9,4,0
Tm5c,Li27,6,1,5,0,13,2,11,0
Li13,LC19,5,2,3,0,13,5,8,0
Li03,LTe38c,4,2,2,0,13,4,9,0
Li03,Tm32,5,1,4,0,13,2,11,0
Sm08,Sm31,6,2,4,0,13,4,9,0
Y11,LPi03,6,4,2,0,13,8,5,0
TmY9q⊥,cMLLP01,6,3,3,0,13,6,7,0
Mi2,LMa3,4,0,4,0,13,0,13,0
Mi15,Dm1,6,1,5,0,13,2,11,0
Tm7,Li29,5,4,1,0,13,10,3,0
Sm06,Tm34,6,2,4,0,13,5,8,0
Li10,5-HTPMPV03,6,3,3,0,13,7,6,0
TmY20,Li03,6,1,5,0,13,2,11,0
Li10,LTe21,6,1,5,0,13,2,11,0
TmY3,Dm20,6,5,1,0,13,11,2,0
Dm16,OA-AL2i3,6,4,2,0,13,9,4,0
Tm9,MTe50,6,2,4,0,13,5,8,0
L5,TmY31,4,0,4,0,13,0,13,0
LMa2,Tm5c,6,5,1,0,13,11,2,0
Tlp4,LPi01,4,1,3,0,13,2,11,0
Sm07,MTe04,6,2,4,0,13,4,9,0
Pm08,C2,5,3,2,0,13,7,6,0
Dm3v,Pm05,2,1,1,0,13,4,9,0
Li15,Li31,4,2,2,0,13,5,8,0
LPi15,OA-AL2i1,2,1,1,0,13,10,3,0
LPi15,LC10a,3,2,1,0,13,11,2,0
LPi15,cLLP02,4,2,2,0,13,6,7,0
LPi15,VSm,3,2,1,0,13,10,3,0
TmY9q,cL11,6,4,2,0,13,8,5,0
Li08,LC10c,6,4,2,0,13,9,4,0
Li09,LC17,5,1,4,0,13,2,11,0
Tm16,LC41,6,3,3,0,13,7,6,0
Li05,LMa2,5,2,3,0,13,6,7,0
LMt3,Li17,4,3,1,0,13,11,2,0
T4c,cML02,5,1,4,0,13,2,11,0
Li03,LTe29,4,2,2,0,13,4,9,0
Dm4,Sm08,4,1,3,0,13,2,11,0
MLt2,MeTu4c,6,2,4,0,13,4,9,0
Li13,LC28a,5,2,3,0,13,4,9,0
TmY20,LC21,6,2,4,0,13,4,9,0
Dm8b,Sm34,4,1,3,0,13,6,7,0
Sm07,MTe40,6,4,2,0,13,9,4,0
Tm20,LTe29,5,0,5,0,13,0,13,0
Sm05,Pm05,3,0,3,0,13,0,13,0
Li28,cL16,4,2,2,0,13,7,6,0
Li28,LT78,5,3,2,0,13,8,5,0
TmY15,LC28a,6,3,3,0,13,6,7,0
R7,Tm7,5,3,2,0,13,7,6,0
Li02,LPT31,5,3,2,0,13,9,4,0
Tm16,LTe56,6,4,2,0,13,9,4,0
LMa2,Mi9,6,5,1,0,13,11,2,0
T5c,LPT45_dCal1,5,4,1,0,13,11,2,0
TmY31,LTe16,6,1,5,0,13,2,11,0
Sm05,Pm13,5,3,2,0,13,9,4,0
Li03,Li20,4,3,1,0,13,9,4,0
Tm31,LTe65,5,2,3,0,13,5,8,0
Sm20,Sm13,3,0,3,0,13,0,13,0
Sm20,Tm5d,6,3,3,0,13,6,7,0
TmY16,T5d,6,3,3,0,13,6,7,0
TmY20,LT84,5,1,4,0,13,3,10,0
T3,Y11,5,3,2,0,13,9,4,0
Li01,LCe01a,6,3,3,0,13,7,6,0
Li04,LC4,6,5,1,0,13,11,2,0
Y3,LT56,4,2,2,0,13,5,8,0
L3,Tm8b,5,4,1,0,13,10,3,0
Tm34,Sm03,6,4,2,0,13,9,4,0
Sm23,Sm02,6,1,5,0,13,3,10,0
Lawf2,Pm10,5,0,5,0,13,0,13,0
T4c,TmY3,5,4,1,0,13,11,2,0
Tm21,LT52,5,1,4,0,13,2,11,0
Y3,Tlp14,5,1,4,0,13,4,9,0
MLt8,cL10,5,2,3,0,13,6,7,0
Sm03,Sm07,6,5,1,0,13,10,3,0
Sm03,Tm8a,6,5,1,0,13,10,3,0
TmY3,MLt2,6,4,2,0,13,9,4,0
Dm6,Lai,4,0,4,0,13,0,13,0
T4a,Tm25,5,0,5,0,13,0,13,0
Tlp4,LPT52,6,3,3,0,13,7,6,0
Li31,Tm36,6,3,3,0,13,7,6,0
Li31,LC14a1,6,2,4,0,13,4,9,0
Li26,TmY5a,6,1,5,0,13,2,11,0
Sm30,DmDRA1,5,3,2,0,13,6,7,0
TmY31,LMa4,6,2,4,0,13,4,9,0
Dm4,Dm3p,5,2,3,0,13,6,7,0
T5d,Y1,4,1,3,0,13,2,11,0
C2,TmY14,5,3,2,0,13,7,6,0
Tm9,Li20,2,1,1,0,13,9,4,0
Tm5e,cL05,5,2,3,0,13,5,8,0
MLt4,Sm05,3,1,2,0,13,2,11,0
MLt3,LMa2,5,3,2,0,13,6,7,0
MLt3,TmY4,5,3,2,0,13,7,6,0
Sm29,Sm04,6,2,4,0,13,4,9,0
Sm02,MTe35,6,2,4,0,13,5,8,0
T2,Tm16,5,3,2,0,13,7,6,0
R8,MLt3,6,1,5,0,13,3,10,0
Li13,LCe02,4,2,2,0,13,8,5,0
Tm4,Li12,4,1,3,0,13,2,11,0
Tm7,LC39,5,2,3,0,13,5,8,0
Sm42,aMe17a1,2,1,1,0,13,11,2,0
Sm42,MTe26,2,1,1,0,13,6,7,0
Sm42,Tm5a,6,3,3,0,13,7,6,0
Sm42,MTe46,2,1,1,0,13,6,7,0
Li08,Tm35,6,3,3,0,13,6,7,0
Tm7,LPT45_dCal1,3,2,1,0,13,11,2,0
Y4,LT65,5,3,2,0,13,6,7,0
MLt8,Li04,4,1,3,0,13,2,11,0
TmY5a,Li25,5,4,1,0,13,11,2,0
Sm13,Y12,6,4,2,0,13,9,4,0
Tm36,LTe24,5,1,4,0,13,3,10,0
Sm21,Mi10,6,4,2,0,13,9,4,0
Lawf2,Tm4,5,3,2,0,13,7,6,0
TmY31,Am1,5,3,2,0,13,7,6,0
Tm5b,LTe62,5,4,1,0,13,11,2,0
Li27,Y3,5,1,4,0,13,2,11,0
Sm04,MTe28,6,3,3,0,13,7,6,0
Tlp4,TmY9q,4,1,3,0,13,3,10,0
TmY5a,LTe15,6,4,2,0,13,8,5,0
Pm10,Sm11,5,1,4,0,13,2,11,0
Mi1,LPLC4,5,4,1,0,13,10,3,0
Tm21,Tm5b,6,5,1,0,13,11,2,0
Li09,LC43,6,4,2,0,13,9,4,0
Li09,LCe03,5,3,2,0,13,9,4,0
Li06,Li01,6,2,4,0,13,4,9,0
R1-6,Mi4,6,0,6,0,13,0,13,0
LPi12,LPi04,5,4,1,0,13,11,2,0
TmY4,Tm34,3,1,2,0,13,7,6,0
Tm25,LT58,4,2,2,0,13,7,6,0
Tm9,TmY16,6,5,1,0,13,11,2,0
Y12,LPi08,6,3,3,0,13,6,7,0
LPi10,LPT26,6,3,3,0,13,6,7,0
TmY15,LC29,6,4,2,0,13,8,5,0
LPi08,Tlp14,6,5,1,0,13,10,3,0
Y4,LC20b,6,4,2,0,13,9,4,0
Tm5b,aMe17b,6,2,4,0,13,5,8,0
Li33,LMa4,4,1,3,0,13,6,7,0
Li33,cLM01,2,1,1,0,13,4,9,0
Li33,T2a,5,4,1,0,13,11,2,0
Li33,LTe59,3,2,1,0,13,9,4,0
Li13,LTe26,4,3,1,0,13,10,3,0
Pm14,Sm30,4,3,1,0,13,11,2,0
Sm13,Tm8a,6,3,3,0,13,7,6,0
TmY3,LPi02,6,4,2,0,13,9,4,0
Tm5c,aMe10,5,4,1,0,13,8,5,0
LLPt,Am1,5,4,1,0,13,8,5,0
LMt1,Tm4,6,2,4,0,13,4,9,0
Tlp1,LMt1,6,4,2,0,13,8,5,0
Tm32,TmY9q,6,2,4,0,13,4,9,0
Sm29,Mi14,3,1,2,0,13,6,7,0
LPi08,LPi07,5,3,2,0,13,6,7,0
Sm36,Sm08,5,3,2,0,13,9,4,0
Sm36,T2,6,3,3,0,13,7,6,0
Sm16,Sm02,4,0,4,0,13,0,13,0
Tm36,MLt5,6,5,1,0,13,11,2,0
Sm12,Tm21,6,5,1,0,13,10,3,0
Dm6,Mi2,5,3,2,0,13,6,7,0
Dm8b,C3,6,4,2,0,13,9,4,0
Y3,LTe54,5,3,2,0,13,6,7,0
Dm3v,Lawf1,6,2,4,0,13,4,9,0
MLt3,LC39,6,4,2,0,13,9,4,0
Tm35,LTe17,6,4,2,0,13,8,5,0
Pm13,MTe44,3,1,2,0,13,7,6,0
Pm13,Tm21,4,3,1,0,13,10,3,0
Pm13,CB0592,2,1,1,0,13,9,4,0
LPi06,Y4,6,3,3,0,13,6,7,0
TmY4,LMt2,6,3,3,0,13,7,6,0
Li15,Tm21,6,3,3,0,13,6,7,0
Tm5c,MTe06,6,4,2,0,13,8,5,0
LPi10,LPi03,4,3,1,0,13,11,2,0
Dm12,R8,4,0,4,0,13,0,13,0
Tm5d,MLt2,6,3,3,0,13,6,7,0
TmY16,Tm5f,5,2,3,0,13,5,8,0
TmY20,OA-AL2i2,6,5,1,0,13,11,2,0
Sm38,Sm25,6,4,2,0,13,9,4,0
Sm38,OA-AL2i4,4,2,2,0,13,8,5,0
Dm4,Tm8b,4,1,3,0,13,3,10,0
MLt4,LC33a,3,1,2,0,13,2,11,0
Sm15,Dm8b,6,1,5,0,13,2,11,0
Mi4,LPLC4,6,5,1,0,13,11,2,0
MLt2,MLt7,4,0,4,0,13,0,13,0
TmY4,LCe03,6,4,2,0,13,9,4,0
Li32,LT63,2,1,1,0,13,3,10,0
Li32,LCe05,4,2,2,0,13,7,6,0
Li32,LTe12,2,1,1,0,13,6,7,0
Sm34,MTe33,4,2,2,0,13,9,4,0
Li24,Tm7,6,3,3,0,13,7,6,0
MLt1,MeTu3c,4,0,4,0,13,0,13,0
TmY4,OA-ASM1,3,1,2,0,13,2,11,0
TmY11,LC20a,6,5,1,0,13,11,2,0
Sm18,Sm43,6,3,3,0,13,7,6,0
Li10,Tm27,6,4,2,0,13,9,4,0
Pm07,MeMe_e08,5,2,3,0,13,5,8,0
CT1,Y1,1,0,1,0,13,0,13,0
Sm12,Tm36,6,5,1,0,13,11,2,0
Mi1,LMt3,2,1,1,0,13,11,2,0
Am1,LPT54,2,1,1,0,13,6,7,0
Am1,TmY11,6,5,1,0,13,11,2,0
Am1,HSS,2,1,1,0,13,9,4,0
TmY9q,LPT42_Nod4,3,1,2,0,13,2,11,0
TmY9q⊥,LPi02,6,3,3,0,13,7,6,0
Pm02,Tm3,6,3,3,0,13,7,6,0
Sm13,MTe50,6,4,2,0,13,9,4,0
Mi15,OA-AL2i1,3,1,2,0,13,2,11,0
MLt6,MTe01b,6,5,1,0,13,11,2,0
Li26,Am1,4,2,2,0,13,9,4,0
LMt4,Tm3,6,4,2,0,13,8,5,0
Li04,LTe23,6,4,2,0,13,8,5,0
TmY15,LLPt,6,4,2,0,13,9,4,0
Tm35,LTe33,4,3,1,0,13,10,3,0
TmY10,Li04,6,5,1,0,13,11,2,0
LMa3,Tm33,2,0,2,0,13,0,13,0
LMa3,LC16,4,3,1,0,13,7,6,0
LMa3,Li12,2,0,2,0,13,0,13,0
Tm5a,OA-AL2b1,4,3,1,0,13,11,2,0
Tm5b,LMa1,6,4,2,0,13,9,4,0
Sm22,MTe08,6,3,3,0,13,7,6,0
LPi02,LMa3,5,2,3,0,13,6,7,0
Sm03,MeMe_e06,5,3,2,0,13,9,4,0
TmY9q⊥,LMa5,6,5,1,0,13,11,2,0
TmY10,LMa3,5,3,2,0,13,9,4,0
Li02,LT59,4,2,2,0,13,5,8,0
Mi4,Pm06,4,3,1,0,13,9,4,0
Lawf1,Tm25,6,2,4,0,13,5,8,0
Pm05,aMe5,3,2,1,0,13,11,2,0
C2,Li33,1,0,1,0,13,0,13,0
Li10,LTe26,2,0,2,0,13,0,13,0
Tm5b,LC40,6,4,2,0,13,9,4,0
TmY31,MeMe_e08,6,5,1,0,13,11,2,0
Dm18,Dm17,6,4,2,0,13,9,4,0
Sm20,Dm2,4,2,2,0,13,8,5,0
Sm18,MeTu4b,5,2,3,0,13,4,9,0
Li12,LTe30,5,2,3,0,13,4,9,0
Li30,Li23,2,1,1,0,13,4,9,0
Li30,LMt3,6,4,2,0,13,9,4,0
Li30,LC43,5,4,1,0,13,9,4,0
Li30,LTe16,2,1,1,0,13,3,10,0
Li30,LTe45,2,1,1,0,13,8,5,0
Li30,OA-ASM1,5,3,2,0,13,8,5,0
Li30,LT70,5,3,2,0,13,8,5,0
TmY3,Li02,5,3,2,0,13,6,7,0
Tm5e,LMa5,4,3,1,0,13,10,3,0
Sm14,Sm23,6,3,3,0,13,7,6,0
Tm8a,MLt4,5,4,1,0,13,11,2,0
Dm3q,L5,6,4,2,0,13,9,4,0
Li18,TmY20,5,3,2,0,13,7,6,0
Tm20,LC31c,5,4,1,0,13,11,2,0
Li29,LC10b,6,5,1,0,13,11,2,0
Sm37,MTe30,2,1,1,0,13,6,7,0
Li12,Li18,6,4,2,0,13,9,4,0
Sm36,Li06,6,3,3,0,13,7,6,0
LPi13,VS7,2,1,1,0,13,11,2,0
LPi13,cMLLP02,3,2,1,0,13,10,3,0
LPi02,LPi04,4,3,1,0,13,11,2,0
Tm16,LC27,6,5,1,0,13,11,2,0
Sm04,cM08c,6,5,1,0,13,11,2,0
Li12,LC27,5,3,2,0,13,7,6,0
Li12,LTe67,4,3,1,0,13,11,2,0
Sm04,T2,2,0,2,0,13,0,13,0
Li23,TmY5a,5,2,3,0,13,7,6,0
Tm27,Tlp4,6,4,2,0,13,9,4,0
Li27,LC43,4,3,1,0,13,10,3,0
Tm33,Sm32,3,2,1,0,13,10,3,0
Tm21,Y1,4,1,3,0,13,2,11,0
Dm20,Sm27,2,0,2,0,13,0,13,0
LMa3,TmY16,4,2,2,0,13,4,9,0
LC21,cL02d,4,0,4,0,13,0,13,0
LC21,cL02c,4,2,2,0,13,6,7,0
LT55,LTe38b,4,2,2,0,13,8,5,0
LT55,LCe06,3,2,1,0,13,10,3,0
LC15,LT83,5,1,4,0,13,3,10,0
MeTu4c,MLt6,6,1,5,0,13,2,11,0
LC24,LC25,5,3,2,0,13,8,5,0
LC14b,MeTu4_unknown,1,0,1,0,13,0,13,0
MeTu2a,aMe4,5,1,4,0,13,3,10,0
MeTu2a,MeTu2a,6,4,2,0,13,8,5,0
LC11,Y4,5,1,4,0,13,5,8,0
LT66,LPLC1,3,0,3,0,13,0,13,0
LLPC1,LC18,5,4,1,0,13,11,2,0
LT11,Li05,6,3,3,0,13,6,7,0
LT11,cL20,2,1,1,0,13,10,3,0
LT11,T2a,6,1,5,0,13,2,11,0
LT11,CB3089,2,1,1,0,13,11,2,0
LT11,cLLP02,4,2,2,0,13,4,9,0
LTe49c,cL22b,2,0,0,2,13,0,0,13
LTe08,LT47,2,1,1,0,13,9,4,0
MTe07,Mi15,6,2,4,0,13,4,9,0
aMe4,Tm25,5,1,4,0,13,2,11,0
LC21,T2,6,2,4,0,13,5,8,0
LPLC4,LC9,5,2,3,0,13,4,9,0
LT42,Tlp1,1,0,1,0,13,0,13,0
MTe07,APDN3,3,0,3,0,13,0,13,0
MeMe_e02,Tm5c,6,2,4,0,13,5,8,0
MeMe_e02,TmY31,6,2,4,0,13,4,9,0
LT60,LC11,5,1,4,0,13,2,11,0
aMe12,Sm06,6,5,1,0,13,11,2,0
cLP02,Li29,4,0,4,0,13,0,13,0
LC18,LT66,5,1,4,0,13,2,11,0
LT43,MeTu4c,5,3,2,0,13,9,4,0
LC14b,Li32,6,3,3,0,13,6,7,0
LC14b,Li31,5,1,4,0,13,4,9,0
LPLC2,LT61b,6,2,4,0,13,4,9,0
MTe50,Mi4,6,2,4,0,13,4,9,0
LTe03,LC10d,6,2,4,0,13,4,9,0
LC17,LMa3,6,1,5,0,13,2,11,0
LC31a,LTe65,5,3,2,0,13,8,5,0
LC31a,Li19,5,1,4,0,13,2,11,0
LT78,Li30,6,2,4,0,13,4,9,0
LC20b,LPLC2,6,1,5,0,13,2,11,0
MeMe_e01,Sm39,5,2,3,0,13,6,7,0
LC21,Tm5b,6,1,5,0,13,2,11,0
cL16,cL18,2,1,1,0,13,5,8,0
cL16,TmY31,6,4,2,0,13,8,5,0
LPLC2,LPi07,6,3,3,0,13,6,7,0
LPLC2,LPi02,6,3,3,0,13,6,7,0
cLP01,TmY4,6,4,2,0,13,9,4,0
MTe50,Mi9,4,0,4,0,13,0,13,0
LC25,LT67,3,0,3,0,13,0,13,0
LCe05,Li06,6,3,3,0,13,7,6,0
LC14a1,Tm35,5,3,2,0,13,9,4,0
cL14,Tm5b,4,1,3,0,13,7,6,0
cL14,LMa2,5,2,3,0,13,5,8,0
cL14,Tm5f,4,2,2,0,13,8,5,0
cL14,LCe03,6,4,2,0,13,9,4,0
cL14,Y12,6,5,1,0,13,11,2,0
cL14,Li28,4,2,2,0,13,6,7,0
LT52,LT76,6,2,4,0,13,4,9,0
aMe17b,Tm27,6,1,5,0,13,2,11,0
cM18,Mi9,6,1,5,0,13,3,10,0
cM18,MLt2,6,4,2,0,13,9,4,0
cM18,MTe15,3,2,1,0,13,7,6,0
cM18,OA-AL2i4,2,1,1,0,13,8,5,0
LCe03,Tm35,5,4,1,0,13,11,2,0
CB0816,OA-AL2i1,3,2,1,0,13,6,7,0
MeTu3c,MeTu4d,5,3,2,0,13,7,6,0
MTe52,Tm27,6,2,4,0,13,4,9,0
LC10e,aMe17a2,5,3,2,0,13,7,6,0
LPLC4,LT64,6,4,2,0,13,9,4,0
LC14a2,LPLC2,5,4,1,0,13,11,2,0
MTe01a,MTe30,5,2,3,0,13,6,7,0
LPLC4,cLLP02,6,3,3,0,13,7,6,0
LLPC1,LPC2,6,3,3,0,13,6,7,0
LPT54,MLt1,5,1,4,0,13,2,11,0
LPT54,LPi14,4,2,2,0,13,7,6,0
LPT54,LPT23,5,2,3,0,13,5,8,0
LC16,LC6,5,1,4,0,13,2,11,0
MeTu1,MTe31,6,4,2,0,13,8,5,0
aMe9,DNp27,3,0,0,3,13,0,0,13
LC26,Tm5d,4,0,4,0,13,0,13,0
cL03,Pm13,4,1,3,0,13,4,9,0
LT69,LC10c,5,3,2,0,13,7,6,0
LT69,cL13,2,1,1,0,13,7,6,0
LT69,Tm16,6,3,3,0,13,6,7,0
MTe15,LTe73,2,0,2,0,13,0,13,0
LC28a,cL05,4,1,3,0,13,2,11,0
LPT23,VCH,5,3,2,0,13,8,5,0
LTe47,cL18,2,0,2,0,13,0,13,0
LC10c,LTe14,5,0,5,0,13,0,13,0
LC14b,Tm36,3,2,1,0,13,5,8,0
cL08,LT62,2,1,1,0,13,8,5,0
cLP01,cLLP02,5,4,1,0,13,10,3,0
AN_multi_124,Tm1,5,1,4,0,13,4,9,0
AN_multi_124,LMa4,5,1,4,0,13,2,11,0
MeMe_e08,Pm04,6,5,1,0,13,11,2,0
MeMe_e08,LT33,3,3,0,0,13,13,0,0
LLPC3,LT38,4,0,4,0,13,0,13,0
CB0816,Dm1,6,3,3,0,13,7,6,0
MTe25,TmY31,6,3,3,0,13,6,7,0
LT52,Li24,6,4,2,0,13,9,4,0
LT52,LTe53,5,3,2,0,13,9,4,0
LC16,LC10b,5,0,5,0,13,0,13,0
LC14a2,LT59,2,1,1,0,13,2,11,0
cM19,LC31a,4,1,3,0,13,3,10,0
cL10,MLt7,5,3,2,0,13,8,5,0
MeTu4c,LTe50,6,2,4,0,13,4,9,0
MeTu4c,Sm39,1,0,1,0,13,0,13,0
LLPC1,LMt2,6,4,2,0,13,9,4,0
LC14b,T2,6,4,2,0,13,8,5,0
LC25,Li05,3,2,1,0,13,11,2,0
cM08a,Sm09,6,2,4,0,13,5,8,0
cM17,MTe54,3,1,2,0,13,2,11,0
cM17,Y4,4,2,2,0,13,6,7,0
cM17,Mi15,2,0,2,0,13,0,13,0
aMe10,AOTU053,2,2,0,0,13,13,0,0
LCe01b,LTe33,6,3,3,0,13,7,6,0
LCe01b,LC4,6,3,3,0,13,7,6,0
OA-AL2i3,aMe12,3,1,2,0,13,3,10,0
LTe55,LC28a,4,2,2,0,13,7,6,0
LC22,Li27,6,4,2,0,13,9,4,0
LC12,LMt1,5,1,4,0,13,3,10,0
LC4,LT33,5,1,4,0,13,2,11,0
cM02b,MTe01b,4,2,2,0,13,4,9,0
cM02b,MTe37,2,1,1,0,13,6,7,0
LTe06,Tm31,4,2,2,0,13,8,5,0
cM06,Dm14,3,1,2,0,13,5,8,0
MeLp2,LPi04,4,3,1,0,13,10,3,0
MeLp2,cLP03,5,4,1,0,13,10,3,0
MeLp2,LLPt,6,4,2,0,13,8,5,0
cL02b,LC25,5,1,4,0,13,2,11,0
cL02b,Li06,3,0,3,0,13,0,13,0
LT72,LC34,4,3,1,0,13,11,2,0
MTe01b,Dm8a,6,2,4,0,13,4,9,0
cL20,Tm5d,6,4,2,0,13,8,5,0
cL20,LMa4,5,3,2,0,13,7,6,0
cL20,LC18,5,3,2,0,13,8,5,0
cL20,LCe07,2,1,1,0,13,3,10,0
cL20,LT60,2,1,1,0,13,3,10,0
LT37,Li29,2,1,1,0,13,4,9,0
LT37,TmY20,5,1,4,0,13,5,8,0
LT37,Li28,3,1,2,0,13,2,11,0
LT37,LT78,2,1,1,0,13,4,9,0
LC28a,LT38,4,2,2,0,13,5,8,0
LC20b,Tm35,6,1,5,0,13,2,11,0
5-HTPMPV03,Pm13,2,1,1,0,13,11,2,0
LT57,Li05,6,5,1,0,13,11,2,0
LC16,LC25,6,3,3,0,13,7,6,0
MTe50,Tm33,6,0,6,0,13,0,13,0
LTe22,LC9,5,2,3,0,13,5,8,0
LC35,TmY5a,5,2,3,0,13,4,9,0
LC35,LLPC1,5,3,2,0,13,8,5,0
aMe17c,Tm25,4,0,4,0,13,0,13,0
MeMe_e06,cM08c,2,1,1,0,13,9,4,0
MeMe_e06,aMe20,1,1,0,0,13,13,0,0
LTe30,Tm16,5,0,5,0,13,0,13,0
LPT50,LPT22,3,2,1,0,13,8,5,0
LPT50,LPi04,5,3,2,0,13,8,5,0
LPT50,LPi12,3,1,2,0,13,3,10,0
cM07,Dm19,5,2,3,0,13,7,6,0
LC24,TmY4,6,1,5,0,13,2,11,0
LC13,Tm16,6,3,3,0,13,7,6,0
LCe03,LLPt,5,3,2,0,13,7,6,0
mALD1,LTe03,2,1,1,0,13,9,4,0
LC15,cL16,4,3,1,0,13,9,4,0
LC14a2,LTe45,4,2,2,0,13,4,9,0
cLLP02,LC27,6,2,4,0,13,4,9,0
cLLP02,LTe65,6,3,3,0,13,7,6,0
cLLP02,LTe36,3,1,2,0,13,6,7,0
LT63,LPLC2,6,4,2,0,13,8,5,0
LTe26,LC10c,3,0,3,0,13,0,13,0
CB3833,Y3,4,0,4,0,13,0,13,0
CB3833,Mi4,5,0,5,0,13,0,13,0
MTe51,Li10,3,0,3,0,13,0,13,0
LC27,LT63,6,2,4,0,13,5,8,0
LTe41,LC6,5,1,4,0,13,3,10,0
MTe05,MC65,5,3,2,0,13,8,5,0
LTe04,Li10,4,3,1,0,13,10,3,0
LC22,LLPC1,6,3,3,0,13,7,6,0
cL17,LTe53,4,2,2,0,13,5,8,0
cL17,OA-AL2b1,3,0,0,3,13,0,0,13
cL17,LCe03,3,1,2,0,13,7,6,0
cL17,cM07,2,2,0,0,13,13,0,0
MeMe_e07,Mi15,5,3,2,0,13,8,5,0
cM02a,MTe01b,3,0,3,0,13,0,13,0
cM02a,Pm10,2,1,1,0,13,3,10,0
cM02a,MTe28,2,1,1,0,13,4,9,0
LC10a,LC22,5,2,3,0,13,4,9,0
LLPC1,LC10b,6,4,2,0,13,8,5,0
LLPC1,LTe24,4,1,3,0,13,3,10,0
DN1-l,DN1a,1,0,1,0,13,0,13,0
LC10d,LC20b,5,3,2,0,13,7,6,0
mALD2,LT65,2,1,1,0,13,6,7,0
mALD2,cL20,2,1,1,0,13,8,5,0
mALD2,cL17,2,1,1,0,13,6,7,0
MeMe_e05,LTe44,2,1,1,0,13,6,7,0
VST1,LPi09,5,3,2,0,13,8,5,0
OA-AL2b1,LT53,4,1,3,0,13,2,11,0
cLM01,Tm35,5,1,4,0,13,2,11,0
cM01c,cM01b,2,1,1,0,13,8,5,0
LPT48_vCal3,LPi07,6,5,1,0,13,11,2,0
LPT48_vCal3,LPT48_vCal3,2,0,0,2,13,0,0,13
cMLLP02,T5b,4,1,3,0,13,2,11,0
cMLLP02,Pm07,3,1,2,0,13,6,7,0
MeTu2a,Sm18,6,4,2,0,13,8,5,0
LT68,LT43,2,1,1,0,13,11,2,0
LT57,LTe63,5,3,2,0,13,9,4,0
cLP01,LPi11,6,2,4,0,13,4,9,0
LC20a,LC13,3,2,1,0,13,11,2,0
LC39,LC13,5,2,3,0,13,4,9,0
LC39,LTe21,3,0,3,0,13,0,13,0
HSS,LPi01,5,3,2,0,13,9,4,0
OA-AL2i2,MTe08,4,2,2,0,13,8,5,0
aMe5,Mi10,5,2,3,0,13,4,9,0
LLPC3,LPT57,2,0,0,2,13,0,0,13
LPLC4,TmY10,6,3,3,0,13,6,7,0
cLP02,LPi14,6,5,1,0,13,11,2,0
LC11,Tm5b,6,1,5,0,13,2,11,0
VS3,LLPC3,6,3,3,0,13,6,7,0
cLP05,LLPC3,6,4,2,0,13,9,4,0
MTe47,MLt1,6,2,4,0,13,4,9,0
LC15,LT79,3,0,3,0,13,0,13,0
LC19,LTe17,5,2,3,0,13,4,9,0
LC20b,LTe64,5,2,3,0,13,6,7,0
LTe47,LTe64,3,1,2,0,13,3,10,0
Nod3,LPi10,5,4,1,0,13,10,3,0
LC40,Tm5d,6,3,3,0,13,6,7,0
aMe19b,Sm30,6,2,4,0,13,4,9,0
LC28a,MeTu4c,6,2,4,0,13,4,9,0
MTe52,TmY14,6,2,4,0,13,4,9,0
MeMe_e04,Sm04,6,5,1,0,13,11,2,0
MeMe_e10,Sm03,4,1,3,0,13,3,10,0
aMe17a2,MLt1,5,3,2,0,13,9,4,0
aMe17a2,Sm27,5,3,2,0,13,8,5,0
aMe17a2,Sm11,4,1,3,0,13,5,8,0
aMe17a2,MTe43,2,1,1,0,13,7,6,0
aMe17a2,aMe9,4,2,2,0,13,8,5,0
PLP231,PLP185,2,1,1,0,13,7,6,0
cLLPM01,Tlp5,4,3,1,0,13,11,2,0
VS4,VST2,4,3,1,0,13,11,2,0
mALC5,TmY9q,6,3,3,0,13,7,6,0
mALC5,Tm5a,6,4,2,0,13,8,5,0
mALC5,LPT42_Nod4,2,1,1,0,13,7,6,0
LPT22,LPC2,5,2,3,0,13,5,8,0
LPT22,LPi08,4,1,3,0,13,7,6,0
MTe52,LMt1,6,5,1,0,13,11,2,0
MTe52,MTe46,6,4,2,0,13,9,4,0
OA-ASM1,MTe34,6,3,3,0,13,7,6,0
OA-ASM1,PDt,5,3,2,0,13,9,4,0
LPLC1,Li12,6,3,3,0,13,6,7,0
LTe51,OA-AL2b1,1,0,1,0,13,0,13,0
VS7,DCH,2,1,1,0,13,10,3,0
cM08c,Sm24,4,1,3,0,13,5,8,0
MTe01b,Tm27,5,2,3,0,13,5,8,0
LT68,LC10a,4,2,2,0,13,6,7,0
s-LNva,cL10,2,1,1,0,13,7,6,0
cM08a,Tm35,6,4,2,0,13,9,4,0
LT56,Tm16,5,3,2,0,13,8,5,0
LT56,LCe07,5,4,1,0,13,10,3,0
LC10b,LC16,5,3,2,0,13,6,7,0
OA-AL2b2,Tm27,6,4,2,0,13,9,4,0
OA-AL2b2,Pm03,2,0,2,0,13,0,13,0
OA-AL2b2,Dm18,6,2,4,0,13,5,8,0
LC24,Li30,6,4,2,0,13,8,5,0
LPLC4,LC6,3,0,3,0,13,0,13,0
LPT58,LPT29,2,1,1,0,13,9,4,0
LPT58,LPi09,6,3,3,0,13,7,6,0
LC37a,LC20b,6,4,2,0,13,9,4,0
LTe38b,Li10,6,4,2,0,13,9,4,0
LTe60,LTe37,1,0,1,0,13,0,13,0
LC10d,LTe30,2,1,1,0,13,5,8,0
CB0472,Li32,2,1,1,0,13,11,2,0
LT73,Li16,5,3,2,0,13,8,5,0
LT65,LC21,5,3,2,0,13,8,5,0
OA-AL2b2,Mi2,6,3,3,0,13,6,7,0
LC22,LT74,6,4,2,0,13,8,5,0
LT61b,Tlp4,5,3,2,0,13,9,4,0
LC16,Tm35,4,1,3,0,13,2,11,0
CB0592,aMe26,4,3,1,0,13,10,3,0
CB0592,CT1,3,1,2,0,13,7,6,0
CB0592,LMa3,6,3,3,0,13,6,7,0
VS5,T5a,6,3,3,0,13,7,6,0
LLPC2,Y1,6,2,4,0,13,4,9,0
LC13,LC25,4,0,4,0,13,0,13,0
LC22,LC17,3,2,1,0,13,6,7,0
cLLPM01,MTe44,3,2,1,0,13,10,3,0
MTe03,MLt6,5,3,2,0,13,9,4,0
LPC1,Tlp14,5,2,3,0,13,4,9,0
cL06,LC34,6,4,2,0,13,9,4,0
cL06,Li08,5,2,3,0,13,4,9,0
cL06,LC28a,5,4,1,0,13,11,2,0
LT53,LT78,5,3,2,0,13,9,4,0
MeTu3c,Mi10,6,2,4,0,13,4,9,0
CB0566,MTe03,5,2,3,0,13,5,8,0
LC24,LT73,2,1,1,0,13,10,3,0
H1,Nod3,1,0,1,0,13,0,13,0
LT74,LTe15,3,1,2,0,13,6,7,0
VCH,LPi07,6,3,3,0,13,6,7,0
VCH,LPT58,2,1,1,0,13,9,4,0
LCe01b,LTe12,4,2,2,0,13,9,4,0
LT84,LLPt,5,3,2,0,13,7,6,0
LT84,TmY10,5,1,4,0,13,2,11,0
LT84,LTe42b,2,1,1,0,13,8,5,0
MeTu4c,LT59,3,1,2,0,13,4,9,0
LC13,T2a,5,4,1,0,13,11,2,0
LC13,LC18,5,3,2,0,13,6,7,0
LTe31,LT52,3,1,2,0,13,5,8,0
MTe51,Tm31,4,1,3,0,13,2,11,0
HSN,LPi15,2,1,1,0,13,10,3,0
aMe22,aMe6a,1,0,1,0,13,0,13,0
aMe22,LTe51,2,1,1,0,13,6,7,0
cL22b,Li12,2,0,2,0,13,0,13,0
cL22b,TmY31,2,1,1,0,13,8,5,0
LT85,LTe69,2,1,1,0,13,8,5,0
cM08b,Sm09,6,3,3,0,13,7,6,0
cLP04,Y11,6,3,3,0,13,6,7,0
MeTu4b,Li10,6,2,4,0,13,5,8,0
OA-ASM1,cL14,4,1,3,0,13,3,10,0
LC17,Tm21,6,1,5,0,13,3,10,0
LT63,LTe24,3,2,1,0,13,11,2,0
LC10c,Tm5f,5,4,1,0,13,11,2,0
DNp27,Li24,4,2,2,0,13,9,4,0
DNp27,MTe43,2,1,1,0,13,5,8,0
MTe22,MLt1,5,2,3,0,13,7,6,0
MTe22,MLt6,4,3,1,0,13,11,2,0
LT53,LT53,5,3,2,0,13,8,5,0
HSE,Y12,6,2,4,0,13,4,9,0
LTe32,LTe74,3,1,2,0,13,4,9,0
OA-AL2i3,Lawf2,6,3,3,0,13,7,6,0
LT77,Li27,5,2,3,0,13,4,9,0
LTe27,LTe69,2,1,1,0,13,6,7,0
LLPC3,LMa4,6,4,2,0,13,8,5,0
LT80,cL16,3,2,1,0,13,9,4,0
LPT49,LPi10,5,3,2,0,13,9,4,0
LLPC3,T2a,4,0,4,0,13,0,13,0
LLPC3,LMa1,4,1,3,0,13,7,6,0
mALC4,OA-AL2i2,4,2,2,0,13,5,8,0
mALC4,TmY15,6,2,4,0,13,5,8,0
mALC4,LMa2,5,3,2,0,13,7,6,0
PLP032,PLP032,2,0,0,2,13,0,0,13
cL11,LC14a2,6,3,3,0,13,7,6,0
cL11,LTe04,2,1,1,0,13,5,8,0
LT38,Li15,4,3,1,0,13,11,2,0
LT38,cL02a,3,2,1,0,13,11,2,0
DCH,T5c,6,5,1,0,13,11,2,0
DCH,VST2,4,3,1,0,13,10,3,0
DCH,Tm3,5,4,1,0,13,11,2,0
OA-AL2i1,MLt4,5,3,2,0,13,6,7,0
OA-AL2i1,Li31,2,1,1,0,13,7,6,0
OA-AL2i1,LPLC2,6,5,1,0,13,11,2,0
cM15,Sm06,4,1,3,0,13,2,11,0
cM15,Y3,6,3,3,0,13,6,7,0
cM15,MTe13,4,2,2,0,13,5,8,0
cM15,MeTu4a,5,2,3,0,13,4,9,0
cM15,5-HTPMPV03,4,2,2,0,13,6,7,0
LTe17,Li32,2,1,1,0,13,4,9,0
LT47,Li06,6,2,4,0,13,4,9,0
LC45,LC36,4,3,1,0,13,11,2,0
OA-AL2i4,aMe26,5,2,3,0,13,4,9,0
OA-AL2i4,Tm8b,6,3,3,0,13,6,7,0
LTe46,LT36,2,1,1,0,13,6,7,0
MTe32,LC40,2,1,1,0,13,7,6,0
aMe3,cM10,2,1,1,0,13,6,7,0
LTe23,LC28a,2,1,1,0,13,8,5,0
LTe23,LTe75,2,1,1,0,13,8,5,0
cM04,cM08b,4,2,2,0,13,7,6,0
cM05,Dm3q,6,2,4,0,13,5,8,0
cM05,Tm3,5,1,4,0,13,2,11,0
cM05,Tm5c,6,4,2,0,13,9,4,0
LPT57,T4c,6,4,2,0,13,9,4,0
H2,LPT21,2,1,1,0,13,8,5,0
H2,LPLC2,6,3,3,0,13,7,6,0
cL03,Pm08,4,2,2,0,13,8,5,0
LC19,LTe38a,3,0,3,0,13,0,13,0
LT36,TmY9q,6,2,4,0,13,4,9,0
MTe28,LTe69,2,1,1,0,13,5,8,0
MTe28,MTe46,3,1,2,0,13,3,10,0
MTe28,PLP215,2,1,1,0,13,7,6,0
MC65,LTe48,3,2,1,0,13,10,3,0
LC17,Li16,5,3,2,0,13,9,4,0
mALC6,LTe20,2,1,1,0,13,7,6,0
cL04,LTe32,5,3,2,0,13,7,6,0
cL04,Li01,5,2,3,0,13,6,7,0
cL04,LT85,3,2,1,0,13,11,2,0
cL04,LT70,5,3,2,0,13,9,4,0
cL04,LTe71,3,1,2,0,13,5,8,0
cL04,LTe21,3,1,2,0,13,4,9,0
LT58,LC19,4,2,2,0,13,9,4,0
LT58,MTe16,2,1,1,0,13,11,2,0
LT58,LC39,3,2,1,0,13,11,2,0
LPLC4,LC35,6,5,1,0,13,11,2,0
LTe12,Li25,4,2,2,0,13,5,8,0
VS8,LPi13,2,1,1,0,13,9,4,0
LPT21,LPi04,6,2,4,0,13,5,8,0
LTe56,PLP217,1,0,1,0,13,0,13,0
LC27,LC39,5,4,1,0,13,11,2,0
LTe38b,cL11,2,1,1,0,13,8,5,0
cML01,LMt2,5,3,2,0,13,9,4,0
LTe53,Li13,3,1,2,0,13,4,9,0
LTe53,LC22,6,3,3,0,13,6,7,0
LTe53,LT64,3,1,2,0,13,2,11,0
cM10,cM08a,5,2,3,0,13,4,9,0
cM10,TmY4,6,3,3,0,13,6,7,0
LTe42b,cL11,2,1,1,0,13,7,6,0
PLP069,5-HTPMPV01,1,0,1,0,13,0,13,0
LPLC4,Tm16,4,1,3,0,13,2,11,0
LTe37,cL05,2,1,1,0,13,7,6,0
cL05,LCe01,3,1,2,0,13,5,8,0
cL05,LCe03,6,5,1,0,13,11,2,0
MTe26,MTe51,6,2,4,0,13,5,8,0
MTe26,MTe37,2,1,1,0,13,6,7,0
MTe26,LTe51,2,1,1,0,13,5,8,0
MTe26,MLt6,2,1,1,0,13,10,3,0
cLLPM02,MeMe_e07,2,1,1,0,13,2,11,0
cLLPM02,cL15,2,1,1,0,13,4,9,0
cLLPM02,MTe44,2,1,1,0,13,9,4,0
cM09,LC12,5,3,2,0,13,7,6,0
cM09,MLt3,6,3,3,0,13,7,6,0
cMLLP01,Y4,6,3,3,0,13,7,6,0
cMLLP01,MLt8,5,3,2,0,13,7,6,0
cMLLP01,Sm32,5,3,2,0,13,7,6,0
aMe17a1,Sm21,5,3,2,0,13,8,5,0
aMe17a1,MTe48,2,1,1,0,13,8,5,0
aMe12,cM08a,3,3,0,0,13,13,0,0
aMe19a,MeTu3c,4,1,3,0,13,2,11,0
aMe19a,Sm12,4,2,2,0,13,4,9,0
LTe49b,LT86,1,0,1,0,13,0,13,0
LTe49b,LTe07,1,0,1,0,13,0,13,0
LTe49b,Li10,4,0,4,0,13,0,13,0
MTe38,Tm5b,6,2,4,0,13,4,9,0
LT80,Tlp14,3,2,1,0,13,11,2,0
cL22c,LTe49b,1,0,1,0,13,0,13,0
LPT23,LPi04,4,3,1,0,13,6,7,0
LTe32,LC33a,3,1,2,0,13,8,5,0
cL15,LC29,5,2,3,0,13,4,9,0
cL15,TmY31,5,0,5,0,13,0,13,0
cL15,LPT26,1,0,1,0,13,0,13,0
cL15,TmY11,6,2,4,0,13,4,9,0
MTe27,aMe17a2,2,1,1,0,13,8,5,0
LT39,LPLC4,5,2,3,0,13,5,8,0
LT39,LCe01b,3,1,2,0,13,3,10,0
LT39,LTe47,1,0,1,0,13,0,13,0
LT43,LT84,3,2,1,0,13,11,2,0
VST1,LPi11,6,5,1,0,13,11,2,0
LTe25,LC26,2,0,2,0,13,0,13,0
LTe25,LTe35,2,1,1,0,13,8,5,0
LT66,LMa4,6,2,4,0,13,4,9,0
cM16,Sm11,4,2,2,0,13,8,5,0
cM16,Tm25,5,1,4,0,13,3,10,0
cM16,cM17,2,1,1,0,13,7,6,0
MeMe_e10,Sm08,5,1,4,0,13,2,11,0
LPT53,TmY5a,5,3,2,0,13,6,7,0
TmY15,LC9,6,6,0,0,13,13,0,0
T2,LT56,5,5,0,0,13,13,0,0
MLt1,aMe17a2,6,6,0,0,13,13,0,0
TmY3,LTe16,3,3,0,0,13,13,0,0
Sm02,Mi15,6,6,0,0,13,13,0,0
Dm20,MLt1,6,6,0,0,13,13,0,0
Sm03,MTe20,5,5,0,0,13,13,0,0
Tm27,Sm07,5,5,0,0,13,13,0,0
T5a,LT66,5,5,0,0,13,13,0,0
LPi05,Tm27,5,5,0,0,13,13,0,0
Pm10,TmY10,6,6,0,0,13,13,0,0
MLt1,T3,5,5,0,0,13,13,0,0
Sm08,AVLP534,4,4,0,0,13,13,0,0
LMa2,AVLP534,3,3,0,0,13,13,0,0
Tm5b,LMa3,5,5,0,0,13,13,0,0
Li24,cL07,3,3,0,0,13,13,0,0
Y11,C2,3,3,0,0,13,13,0,0
TmY10,AOTU026,4,4,0,0,13,13,0,0
MLt3,LT1a,5,5,0,0,13,13,0,0
Y3,LTe49f,5,5,0,0,13,13,0,0
MLt8,MLt7,6,6,0,0,13,13,0,0
LMa5,LPLC1,5,5,0,0,13,13,0,0
T5b,Nod5,6,6,0,0,13,13,0,0
Dm11,TmY11,2,2,0,0,13,13,0,0
Dm10,LMa1,3,3,0,0,13,13,0,0
LPi07,VST2,5,5,0,0,13,13,0,0
LMa2,LT64,5,5,0,0,13,13,0,0
Sm30,MeTu4c,6,6,0,0,13,13,0,0
Tm32,MTe54,6,6,0,0,13,13,0,0
Pm04,AVLP534,3,3,0,0,13,13,0,0
TmY31,LPT04_HST,6,6,0,0,13,13,0,0
Dm4,Tm5d,2,2,0,0,13,13,0,0
Sm01,Sm30,4,4,0,0,13,13,0,0
TmY11,MTe01b,5,5,0,0,13,13,0,0
DmDRA2,MTe06,6,6,0,0,13,13,0,0
Sm40,aMe19a,2,2,0,0,13,13,0,0
Tm5b,LCe03,4,4,0,0,13,13,0,0
Sm20,Tm7,5,5,0,0,13,13,0,0
L2,TmY9q⊥,4,4,0,0,13,13,0,0
Li13,LT53,4,4,0,0,13,13,0,0
Sm39,Sm02,1,1,0,0,13,13,0,0
Tlp1,DNp11,3,3,0,0,13,13,0,0
LPi03,Nod3,3,3,0,0,13,13,0,0
Tm31,Dm11,4,4,0,0,13,13,0,0
Sm14,Dm8a,3,3,0,0,13,13,0,0
Sm20,Tm9,4,4,0,0,13,13,0,0
Li32,LCe03,4,4,0,0,13,13,0,0
LLPC3,Pm14,3,3,0,0,13,13,0,0
cLP03,Y1,3,3,0,0,13,13,0,0
LC20b,LPT31,4,4,0,0,13,13,0,0
MTe01b,LPT58,2,0,0,2,13,0,0,13
MTe50,CL104,2,2,0,0,13,13,0,0
MeTu4c,Li01,6,6,0,0,13,13,0,0
LCe01a,cM10,4,4,0,0,13,13,0,0
LC10d,Li16,4,4,0,0,13,13,0,0
LC33a,cL06,1,1,0,0,13,13,0,0
MeTu3b,Sm38,5,5,0,0,13,13,0,0
aMe26,Sm38,4,4,0,0,13,13,0,0
LT82a,LT42,2,2,0,0,13,13,0,0
LC40,Li05,5,5,0,0,13,13,0,0
cL16,cL16,2,2,0,0,13,13,0,0
cL16,LT57,4,4,0,0,13,13,0,0
LCe03,LT78,6,6,0,0,13,13,0,0
LPT51,cL21,2,2,0,0,13,13,0,0
LC39,LT58,3,3,0,0,13,13,0,0
LC27,LT43,5,5,0,0,13,13,0,0
LC36,Li02,3,3,0,0,13,13,0,0
LC36,LC45,2,2,0,0,13,13,0,0
HSN,Tlp5,4,4,0,0,13,13,0,0
LPLC2,LC22,5,5,0,0,13,13,0,0
LTe38a,PLP104,2,2,0,0,13,13,0,0
LT64,Li10,5,5,0,0,13,13,0,0
cL07,LT1b,1,1,0,0,13,13,0,0
LTe64,Li10,4,4,0,0,13,13,0,0
LTe43,LTe32,2,2,0,0,13,13,0,0
MTe13,PLP163,2,2,0,0,13,13,0,0
cM07,LLPt,4,4,0,0,13,13,0,0
LC20a,CB0734,2,2,0,0,13,13,0,0
LT51,Tm5f,5,5,0,0,13,13,0,0
DN1a,DNp31,1,1,0,0,13,13,0,0
LT52,LC20a,5,5,0,0,13,13,0,0
LPT54,cM14,1,0,0,1,13,0,0,13
cMLLP02,LPT04_HST,2,2,0,0,13,13,0,0
LTe59,Li05,6,6,0,0,13,13,0,0
CB2848,AOTU026,1,1,0,0,13,13,0,0
LTe17,DNp31,1,1,0,0,13,13,0,0
LT11,LT56,1,1,0,0,13,13,0,0
LT43,LTe09,4,4,0,0,13,13,0,0
LTe21,mALC6,1,1,0,0,13,13,0,0
LPT26,LLPC2,2,2,0,0,13,13,0,0
LTe05,LTe43,1,1,0,0,13,13,0,0
cLLPM02,LPLC1,4,4,0,0,13,13,0,0
cLLPM02,cL16,1,1,0,0,13,13,0,0
cLP04,LC10d,3,3,0,0,13,13,0,0
MTe05,l-LNv,2,2,0,0,13,13,0,0
MTe44,aMe17c,1,1,0,0,13,13,0,0
cM02b,Sm09,3,3,0,0,13,13,0,0
cM02b,Pm10,3,3,0,0,13,13,0,0
PLP251,AVLP593,1,1,0,0,13,13,0,0
LC17,Lat,1,1,0,0,13,13,0,0
mALC3,LC18,1,1,0,0,13,13,0,0
VS3,LPLC2,5,5,0,0,13,13,0,0
aMe17c,MLt1,2,2,0,0,13,13,0,0
Li03,TmY15,5,1,4,0,12,2,10,0
TmY31,LTe02,5,2,3,0,12,4,8,0
Tm1,MTe46,2,0,2,0,12,0,12,0
TmY31,LCe07,3,1,2,0,12,2,10,0
Mi9,Sm10,5,3,2,0,12,6,6,0
Tm9,Mi15,3,0,3,0,12,0,12,0
Tm37,LMa1,3,1,2,0,12,3,9,0
Mi15,Sm22,5,0,5,0,12,0,12,0
MLt4,Tm36,3,0,3,0,12,0,12,0
L2,PDt,6,3,3,0,12,6,6,0
TmY20,cLLP02,5,3,2,0,12,8,4,0
Tlp4,Tm3,6,2,4,0,12,4,8,0
Sm08,Sm04,6,3,3,0,12,6,6,0
Tm7,Mi13,4,0,4,0,12,0,12,0
Tm8a,LTe35,4,2,2,0,12,4,8,0
Tm27,T4c,6,1,5,0,12,2,10,0
TmY11,Mi2,6,4,2,0,12,8,4,0
Sm24,Tm5b,6,3,3,0,12,6,6,0
Sm24,Sm09,6,2,4,0,12,4,8,0
Sm24,aMe12,4,2,2,0,12,4,8,0
R7,Tm3,4,0,4,0,12,0,12,0
C3,Pm02,5,2,3,0,12,4,8,0
Tm5f,MTe08,6,2,4,0,12,4,8,0
Tm5c,LMt1,6,1,5,0,12,2,10,0
Li20,Li20,4,2,2,0,12,5,7,0
Tm8b,Pm05,4,2,2,0,12,5,7,0
MLt3,LMa3,5,3,2,0,12,6,6,0
LPi05,TmY11,5,4,1,0,12,10,2,0
Sm34,Tm7,6,3,3,0,12,6,6,0
Sm19,Sm03,6,3,3,0,12,6,6,0
Y12,Mi9,6,3,3,0,12,6,6,0
DmDRA2,MLt5,2,0,2,0,12,0,12,0
Sm12,MeTu3c,4,2,2,0,12,5,7,0
TmY4,LT68,5,3,2,0,12,7,5,0
Dm8a,MeTu3b,4,1,3,0,12,5,7,0
Tm32,LC31a,5,3,2,0,12,6,6,0
R7,MeMe_e05,5,1,4,0,12,2,10,0
Tm5e,T2,6,2,4,0,12,4,8,0
Dm3p,Dm12,6,4,2,0,12,8,4,0
Tm27,MLt1,6,2,4,0,12,4,8,0
Pm12,Pm13,5,1,4,0,12,2,10,0
MLt3,LC29,5,2,3,0,12,5,7,0
Sm07,Li33,2,0,2,0,12,0,12,0
Tlp5,LPi13,4,2,2,0,12,5,7,0
Li08,LC29,6,1,5,0,12,2,10,0
Tm5d,Tm34,6,4,2,0,12,8,4,0
MLt7,TmY9q⊥,6,3,3,0,12,6,6,0
Tm5c,MTe22,5,3,2,0,12,6,6,0
Y3,MTe45,6,3,3,0,12,6,6,0
Tm3,LT78,5,0,5,0,12,0,12,0
Tm5b,Tm16,4,2,2,0,12,8,4,0
Tm21,LTe46,5,2,3,0,12,4,8,0
Tm5a,LLPC4,1,0,1,0,12,0,12,0
C2,Pm01,5,3,2,0,12,7,5,0
Tm4,LT40,6,4,2,0,12,8,4,0
Tm5c,LT75,5,1,4,0,12,3,9,0
T4c,Pm12,6,1,5,0,12,2,10,0
Li12,LT78,4,2,2,0,12,6,6,0
Li02,Tm32,6,4,2,0,12,8,4,0
Sm40,MTe10,3,1,2,0,12,5,7,0
Sm40,MTe06,4,3,1,0,12,9,3,0
Tm5e,MeTu3b,4,0,4,0,12,0,12,0
Tm4,CB3089,5,2,3,0,12,6,6,0
Tm3,LTe55,5,1,4,0,12,2,10,0
Mi15,Sm25,6,4,2,0,12,8,4,0
Tlp4,LC13,5,2,3,0,12,6,6,0
LMt3,Li28,4,2,2,0,12,7,5,0
Li05,cLM01,6,3,3,0,12,6,6,0
TmY10,Sm06,6,1,5,0,12,2,10,0
Sm32,C3,5,1,4,0,12,4,8,0
Tm35,cM09,5,2,3,0,12,6,6,0
Tm35,LTe53,6,2,4,0,12,4,8,0
Tm5e,mALD2,5,2,3,0,12,5,7,0
Tm5d,LC16,5,3,2,0,12,6,6,0
LPi11,TmY11,5,2,3,0,12,4,8,0
Sm23,Sm12,5,4,1,0,12,8,4,0
MLt2,LC20a,6,4,2,0,12,8,4,0
Li21,cM07,4,3,1,0,12,7,5,0
Y3,LT82a,5,2,3,0,12,5,7,0
TmY9q,LTe62,3,1,2,0,12,3,9,0
Tlp4,Mi14,4,2,2,0,12,8,4,0
MLt7,Sm15,6,2,4,0,12,4,8,0
LMa1,TmY11,5,2,3,0,12,5,7,0
Li14,LMt4,6,3,3,0,12,6,6,0
Sm28,Sm43,4,2,2,0,12,6,6,0
Sm28,MeTu2a,6,2,4,0,12,4,8,0
Li10,LMt3,6,4,2,0,12,8,4,0
MLt6,LTe54,5,3,2,0,12,6,6,0
Sm14,MTe10,3,1,2,0,12,7,5,0
TmY16,Tm8a,5,1,4,0,12,2,10,0
Tlp5,LT78,5,1,4,0,12,3,9,0
Li13,MeTu4a,6,2,4,0,12,4,8,0
T5d,LPT50,3,0,3,0,12,0,12,0
MLt2,Sm07,5,1,4,0,12,3,9,0
Tm36,aMe17b,6,2,4,0,12,4,8,0
Dm4,Dm3q,3,2,1,0,12,10,2,0
Tm32,LC45,6,4,2,0,12,8,4,0
Tm7,OA-AL2i4,6,3,3,0,12,6,6,0
Tm9,C3,4,1,3,0,12,2,10,0
Sm08,Mi15,5,3,2,0,12,7,5,0
Sm08,CB0566,4,0,4,0,12,0,12,0
Li01,LCe06,5,2,3,0,12,5,7,0
TmY31,MTe26,6,1,5,0,12,2,10,0
Sm07,Sm26,6,1,5,0,12,2,10,0
Sm13,MTe03,5,2,3,0,12,4,8,0
Tm21,C3,5,2,3,0,12,5,7,0
Tm16,LTe21,5,3,2,0,12,8,4,0
Tm16,Sm32,6,2,4,0,12,4,8,0
Tm5d,LC11,5,1,4,0,12,2,10,0
Tm37,LT82a,5,1,4,0,12,2,10,0
Tlp5,T5b,5,1,4,0,12,2,10,0
Li17,T5d,6,3,3,0,12,6,6,0
TmY3,Tm36,5,3,2,0,12,6,6,0
Sm17,Sm38,5,3,2,0,12,8,4,0
TmY11,Li26,6,2,4,0,12,4,8,0
Tm20,T3,5,3,2,0,12,6,6,0
Sm31,Tm25,6,2,4,0,12,4,8,0
Tm33,LC15,4,2,2,0,12,7,5,0
Tm33,Sm27,4,2,2,0,12,4,8,0
Tlp1,mALC5,5,2,3,0,12,5,7,0
Y11,LPi01,6,2,4,0,12,4,8,0
Mi15,l-LNv,5,2,3,0,12,5,7,0
Dm3q,Tm3,5,1,4,0,12,2,10,0
MLt1,Dm18,6,1,5,0,12,2,10,0
Tm25,Li22,5,0,5,0,12,0,12,0
MLt6,LC19,4,0,4,0,12,0,12,0
Tm2,OA-AL2i3,6,5,1,0,12,10,2,0
TmY3,TmY31,5,1,4,0,12,2,10,0
Tm20,Dm15,6,2,4,0,12,4,8,0
Mi13,MLt4,4,3,1,0,12,10,2,0
TmY9q⊥,Li25,2,0,2,0,12,0,12,0
Li20,Tm3,6,2,4,0,12,4,8,0
Tm2,LPi05,5,1,4,0,12,2,10,0
Tm33,LTe08,4,3,1,0,12,10,2,0
T5d,T4a,5,1,4,0,12,2,10,0
Tm27,C2,6,2,4,0,12,4,8,0
Tm34,LTe16,5,3,2,0,12,7,5,0
Tm34,LTe14,6,4,2,0,12,8,4,0
MLt1,Tm5d,5,2,3,0,12,4,8,0
LMa4,Tm5c,6,2,4,0,12,4,8,0
LPi04,TmY15,6,4,2,0,12,8,4,0
TmY5a,LTe42a,6,1,5,0,12,2,10,0
TmY10,Dm8b,5,2,3,0,12,6,6,0
TmY31,LTe11,5,0,5,0,12,0,12,0
T4c,LPT52,4,0,4,0,12,0,12,0
Tm35,MTe13,6,2,4,0,12,4,8,0
Tm27,Sm05,5,0,5,0,12,0,12,0
Tm27,CT1,6,0,6,0,12,0,12,0
L1,TmY15,4,1,3,0,12,2,10,0
Tm31,TmY31,4,2,2,0,12,7,5,0
LLPt,LTe01,5,2,3,0,12,6,6,0
PDt,TmY5a,6,2,4,0,12,4,8,0
Tm5c,LT11,6,1,5,0,12,2,10,0
Tm20,R7,2,0,2,0,12,0,12,0
Mi2,Dm17,6,2,4,0,12,4,8,0
TmY15,Tm20,6,4,2,0,12,8,4,0
Tm35,LTe49b,4,0,4,0,12,0,12,0
Sm09,Tm33,5,2,3,0,12,6,6,0
Sm09,Sm16,5,2,3,0,12,4,8,0
Sm09,Sm22,6,1,5,0,12,2,10,0
TmY15,LLPC4,5,4,1,0,12,10,2,0
Tm8a,MLt7,6,2,4,0,12,4,8,0
MLt5,Sm06,6,2,4,0,12,4,8,0
MLt5,MeTu1,5,2,3,0,12,5,7,0
Li10,LTe15,4,1,3,0,12,2,10,0
LPi04,LPLC1,4,2,2,0,12,7,5,0
Li11,LT52,5,3,2,0,12,8,4,0
Tm4,LT57,5,0,5,0,12,0,12,0
Tm20,LMt2,6,5,1,0,12,10,2,0
Pm05,MTe53,5,2,3,0,12,4,8,0
Dm9,Tm25,6,4,2,0,12,8,4,0
Sm01,MTe35,6,3,3,0,12,6,6,0
Tm20,Sm04,5,1,4,0,12,2,10,0
Tm37,TmY16,4,2,2,0,12,6,6,0
LMa4,LCe07,6,3,3,0,12,6,6,0
Li04,LC44,5,4,1,0,12,9,3,0
TmY20,Tm33,5,0,5,0,12,0,12,0
Sm41,MeTu4d,6,3,3,0,12,6,6,0
Sm41,TmY11,6,3,3,0,12,6,6,0
Sm41,Pm13,3,1,2,0,12,6,6,0
Sm41,MTe04,6,3,3,0,12,6,6,0
C3,TmY15,6,3,3,0,12,6,6,0
TmY5a,LTe51,5,2,3,0,12,5,7,0
LMa3,C2,2,0,2,0,12,0,12,0
R1-6,Pm05,2,0,2,0,12,0,12,0
TmY3,MLt3,6,3,3,0,12,6,6,0
TmY3,Y12,4,2,2,0,12,5,7,0
T2,Dm3p,6,4,2,0,12,8,4,0
LPi08,LPi09,6,2,4,0,12,4,8,0
T2a,LCe07,4,1,3,0,12,5,7,0
TmY11,MLt6,4,2,2,0,12,8,4,0
TmY10,Dm18,5,2,3,0,12,4,8,0
Sm12,Y1,6,3,3,0,12,6,6,0
LPi08,T5c,4,1,3,0,12,2,10,0
LPi08,T5d,6,3,3,0,12,6,6,0
Mi10,LC17,3,0,3,0,12,0,12,0
LMa1,Y3,6,4,2,0,12,8,4,0
TmY14,OA-AL2i2,6,4,2,0,12,8,4,0
MLt1,Tm5b,4,3,1,0,12,9,3,0
Mi10,Sm25,6,2,4,0,12,4,8,0
TmY31,MTe11,3,0,3,0,12,0,12,0
TmY31,MC65,2,0,2,0,12,0,12,0
Tm20,aMe4,5,0,5,0,12,0,12,0
Sm31,MTe08,5,3,2,0,12,8,4,0
Sm31,MTe47,5,2,3,0,12,5,7,0
Dm13,LMa4,6,3,3,0,12,6,6,0
Tm21,LT62,6,1,5,0,12,2,10,0
LMa1,LC16,5,3,2,0,12,8,4,0
LMa1,LT1a,5,2,3,0,12,6,6,0
Y4,Tm7,6,3,3,0,12,6,6,0
Sm06,MTe02,5,3,2,0,12,7,5,0
Y3,Li19,5,1,4,0,12,2,10,0
TmY11,LC29,5,0,5,0,12,0,12,0
Tm27,Dm8a,5,3,2,0,12,8,4,0
Sm07,Dm4,6,2,4,0,12,4,8,0
Tm7,LT84,3,2,1,0,12,9,3,0
Sm19,Tm25,6,2,4,0,12,4,8,0
TmY3,Dm1,6,3,3,0,12,6,6,0
Li22,LC17,6,5,1,0,12,10,2,0
Mi4,LMt1,6,5,1,0,12,10,2,0
Sm22,Tm5c,6,0,6,0,12,0,12,0
Pm10,Sm07,4,0,4,0,12,0,12,0
L4,Sm05,5,2,3,0,12,4,8,0
Dm2,MTe33,5,1,4,0,12,2,10,0
Sm08,Sm13,6,3,3,0,12,6,6,0
LMt3,Pm02,5,2,3,0,12,4,8,0
LPi03,LPi03,5,3,2,0,12,7,5,0
Sm10,Sm30,6,4,2,0,12,8,4,0
LPi09,TmY31,4,1,3,0,12,2,10,0
Tlp1,Tm7,6,2,4,0,12,4,8,0
Lai,Lawf2,6,4,2,0,12,8,4,0
Sm25,aMe9,5,2,3,0,12,5,7,0
Mi9,Tm31,4,2,2,0,12,5,7,0
Sm11,Sm09,5,3,2,0,12,8,4,0
LPi14,LPT48_vCal3,2,0,2,0,12,0,12,0
Sm30,MeMe_e02,5,3,2,0,12,7,5,0
TmY20,LT63,4,0,4,0,12,0,12,0
Sm15,Sm09,6,3,3,0,12,6,6,0
Tm5e,OA-AL2b1,6,3,3,0,12,6,6,0
Tm1,Dm14,6,4,2,0,12,8,4,0
Tm31,Tm34,6,3,3,0,12,6,6,0
Tm20,MTe36,5,2,3,0,12,6,6,0
Tm5f,Li21,6,2,4,0,12,4,8,0
Dm15,L1,3,0,3,0,12,0,12,0
Li10,MTe05,6,2,4,0,12,4,8,0
Tm8a,LCe01b,4,2,2,0,12,4,8,0
Li09,LT80,5,2,3,0,12,5,7,0
TmY16,Am1,6,3,3,0,12,6,6,0
Tm36,Tm4,5,2,3,0,12,4,8,0
Tm7,LC20a,5,2,3,0,12,4,8,0
T3,Pm13,3,2,1,0,12,10,2,0
Tm32,LTe07,4,1,3,0,12,3,9,0
Li17,LPLC2,5,2,3,0,12,4,8,0
T5d,Tm27,6,4,2,0,12,8,4,0
MLt7,Pm13,5,2,3,0,12,4,8,0
Sm01,Sm09,6,4,2,0,12,8,4,0
Tm37,MeTu1,3,2,1,0,12,10,2,0
Tm5e,cL17,5,2,3,0,12,5,7,0
Tm5e,cL14,4,2,2,0,12,6,6,0
Tm5d,Li03,5,3,2,0,12,7,5,0
Tm21,LTe29,5,1,4,0,12,2,10,0
Tm4,LC26,4,0,4,0,12,0,12,0
LPi11,LLPC1,5,2,3,0,12,4,8,0
Y1,LPi12,5,0,5,0,12,0,12,0
Tm25,Sm04,6,3,3,0,12,6,6,0
Sm31,MTe34,4,3,1,0,12,10,2,0
Sm22,Tm8a,5,1,4,0,12,2,10,0
Pm04,Tm36,5,4,1,0,12,10,2,0
Y4,Sm32,5,2,3,0,12,4,8,0
Tm20,MLt6,4,2,2,0,12,8,4,0
Y3,MTe47,5,3,2,0,12,8,4,0
TmY20,MTe08,6,3,3,0,12,6,6,0
Li22,Li24,5,3,2,0,12,7,5,0
Dm8a,MTe41,5,3,2,0,12,6,6,0
Y12,Li30,4,1,3,0,12,2,10,0
TmY20,LLPC3,5,3,2,0,12,8,4,0
TmY11,LMt4,5,2,3,0,12,5,7,0
L3,LC14b,5,4,1,0,12,10,2,0
Li18,LMa2,6,3,3,0,12,6,6,0
TmY31,MTe02,5,3,2,0,12,8,4,0
T5c,Tm27,4,1,3,0,12,2,10,0
Mi9,Dm19,6,4,2,0,12,8,4,0
Tm5c,LT73,5,2,3,0,12,5,7,0
Tm27,CB0592,6,3,3,0,12,6,6,0
LLPt,Li24,6,3,3,0,12,6,6,0
Tm35,Sm41,6,4,2,0,12,8,4,0
Sm32,L4,5,0,5,0,12,0,12,0
Mi14,LMa1,6,3,3,0,12,6,6,0
Y11,VST2,6,4,2,0,12,8,4,0
Mi9,Y12,4,1,3,0,12,2,10,0
TmY9q,Pm14,6,1,5,0,12,2,10,0
LMt3,LC16,3,1,2,0,12,5,7,0
Tm8b,TmY4,6,2,4,0,12,4,8,0
LLPt,LT47,3,0,3,0,12,0,12,0
LLPt,Tm16,5,4,1,0,12,10,2,0
Tm5a,LMt2,6,4,2,0,12,8,4,0
Tm8b,Li28,5,2,3,0,12,4,8,0
Sm15,Sm34,5,1,4,0,12,2,10,0
R8,T2,5,2,3,0,12,4,8,0
Tm20,LTe03,4,2,2,0,12,6,6,0
Tm35,LTe42c,5,2,3,0,12,4,8,0
Sm26,Mi15,6,1,5,0,12,2,10,0
Pm08,TmY9q,6,0,6,0,12,0,12,0
Li05,LT86,4,1,3,0,12,2,10,0
Li05,LTe58,4,2,2,0,12,6,6,0
TmY9q,Tm27,5,2,3,0,12,5,7,0
Sm08,MTe15,5,1,4,0,12,3,9,0
Tm20,LTe22,4,0,4,0,12,0,12,0
Y11,LPT21,4,2,2,0,12,5,7,0
Dm8b,C2,5,3,2,0,12,7,5,0
LLPt,MLt3,6,3,3,0,12,6,6,0
Sm07,Dm20,2,0,2,0,12,0,12,0
Li01,Tm33,6,2,4,0,12,4,8,0
MLt5,MeTu4a,5,2,3,0,12,5,7,0
Tm5b,LC45,3,0,3,0,12,0,12,0
LMa4,Sm41,5,4,1,0,12,9,3,0
LMa4,LLPt,2,0,2,0,12,0,12,0
Sm32,Tm32,4,2,2,0,12,4,8,0
Tm36,LC35,4,3,1,0,12,7,5,0
Dm14,Mi10,6,2,4,0,12,4,8,0
Sm01,aMe5,6,1,5,0,12,2,10,0
Tm4,Sm32,5,0,5,0,12,0,12,0
Tm32,MTe28,5,2,3,0,12,4,8,0
Li03,LT62,3,1,2,0,12,2,10,0
Sm13,MLt6,6,2,4,0,12,4,8,0
T3,LT61a,6,3,3,0,12,6,6,0
Pm01,OA-AL2i2,6,4,2,0,12,8,4,0
Pm03,T4a,3,0,3,0,12,0,12,0
Pm03,T4c,5,0,5,0,12,0,12,0
Sm12,Tm5a,5,2,3,0,12,4,8,0
Tm31,MTe01b,6,3,3,0,12,6,6,0
Tlp1,Li01,4,1,3,0,12,2,10,0
Dm3q,Lawf1,4,1,3,0,12,2,10,0
Tlp5,LPT23,6,3,3,0,12,6,6,0
Li11,Li11,5,4,1,0,12,10,2,0
Sm11,Pm07,3,1,2,0,12,4,8,0
Mi10,MTe36,6,3,3,0,12,6,6,0
Sm14,Sm37,4,1,3,0,12,3,9,0
LPi09,LPT28,4,1,3,0,12,3,9,0
R7,MTe40,6,2,4,0,12,4,8,0
Mi15,MeTu2a,6,2,4,0,12,4,8,0
Tm25,cL16,6,3,3,0,12,6,6,0
Y1,LC10a,5,2,3,0,12,4,8,0
Tm5d,LTe16,6,5,1,0,12,10,2,0
Sm12,aMe17c,6,3,3,0,12,6,6,0
TmY9q⊥,H1,6,2,4,0,12,4,8,0
TmY9q⊥,Tm37,5,1,4,0,12,2,10,0
L3,OA-AL2i1,5,4,1,0,12,10,2,0
Tm8a,5-HTPMPV03,6,4,2,0,12,8,4,0
Dm2,MTe51,6,1,5,0,12,2,10,0
Tm20,Pm04,5,3,2,0,12,7,5,0
Dm3v,Dm10,5,2,3,0,12,4,8,0
Li08,Tlp5,5,2,3,0,12,4,8,0
Tm5a,Mi10,5,2,3,0,12,6,6,0
Dm4,C3,4,2,2,0,12,5,7,0
Tm36,LTe20,4,1,3,0,12,2,10,0
T2,LT1b,2,0,2,0,12,0,12,0
Dm4,Sm06,4,3,1,0,12,8,4,0
Dm4,Sm07,2,0,2,0,12,0,12,0
Tm36,Li25,4,1,3,0,12,2,10,0
MLt5,Tm7,4,1,3,0,12,2,10,0
TmY10,Tm25,5,4,1,0,12,9,3,0
Y3,MeMe_e07,6,1,5,0,12,2,10,0
Tm37,Pm10,4,0,4,0,12,0,12,0
Tlp1,Tm27,6,3,3,0,12,6,6,0
TmY9q,LTe21,5,2,3,0,12,5,7,0
Sm12,Sm16,5,3,2,0,12,7,5,0
LMt3,Tm1,3,2,1,0,12,10,2,0
Li28,Tm35,6,4,2,0,12,8,4,0
Li28,LC10b,4,2,2,0,12,8,4,0
Li28,LTe76,4,2,2,0,12,7,5,0
R8,Dm3p,6,0,6,0,12,0,12,0
Dm8a,Mi2,5,3,2,0,12,6,6,0
T2a,L2,5,4,1,0,12,9,3,0
Y3,Li24,4,1,3,0,12,2,10,0
Tm35,MTe02,6,4,2,0,12,8,4,0
Y4,LPT31,6,5,1,0,12,10,2,0
Li02,LCe05,5,2,3,0,12,4,8,0
Li02,LC15,5,2,3,0,12,4,8,0
Tm21,LLPC3,6,3,3,0,12,6,6,0
Y3,MTe35,6,3,3,0,12,6,6,0
Pm14,Sm32,5,2,3,0,12,6,6,0
Li09,TmY5a,6,3,3,0,12,6,6,0
Dm9,Tm5d,6,4,2,0,12,8,4,0
Tm20,LTe47,5,1,4,0,12,2,10,0
Pm04,Tm5a,4,1,3,0,12,2,10,0
Tm2,Tm5a,6,1,5,0,12,2,10,0
Tm7,Sm17,4,3,1,0,12,10,2,0
TmY11,LTe41,6,2,4,0,12,4,8,0
MLt6,MTe28,4,0,4,0,12,0,12,0
Li04,LC10f,5,4,1,0,12,10,2,0
Y11,LC10d,6,4,2,0,12,8,4,0
Tm5d,MTe51,4,1,3,0,12,2,10,0
Sm10,cM08b,6,4,2,0,12,8,4,0
L4,TmY4,5,2,3,0,12,4,8,0
Li31,Tm4,6,1,5,0,12,2,10,0
Li31,cL21,3,1,2,0,12,2,10,0
Li31,LCe03,5,4,1,0,12,10,2,0
Li31,Li11,5,4,1,0,12,10,2,0
Li26,mALC3,5,3,2,0,12,7,5,0
Tm36,Sm08,6,2,4,0,12,4,8,0
TmY31,cMLLP01,4,2,2,0,12,8,4,0
TmY4,H2,3,1,2,0,12,8,4,0
Tm35,Li24,5,2,3,0,12,4,8,0
Li16,LC35,5,3,2,0,12,7,5,0
Lawf2,cM15,6,5,1,0,12,10,2,0
LPi11,LPT45_dCal1,3,2,1,0,12,10,2,0
Mi4,Y11,3,2,1,0,12,10,2,0
TmY20,T4b,4,3,1,0,12,9,3,0
MLt4,Y11,3,2,1,0,12,10,2,0
MLt3,Tm20,6,5,1,0,12,10,2,0
Y11,Li31,6,5,1,0,12,10,2,0
T4d,cLP03,6,5,1,0,12,10,2,0
Sm42,MTe49,2,1,1,0,12,5,7,0
MLt8,LC10b,5,4,1,0,12,10,2,0
MLt8,LC17,3,2,1,0,12,10,2,0
Li25,LMa1,5,4,1,0,12,10,2,0
Li25,LC28a,6,5,1,0,12,10,2,0
Mi9,cM06,5,4,1,0,12,10,2,0
Tm5d,Mi2,6,4,2,0,12,8,4,0
MLt8,Tm8b,5,3,2,0,12,6,6,0
TmY4,Pm14,5,3,2,0,12,7,5,0
Tm34,Mi10,1,0,1,0,12,0,12,0
LPi03,LPi05,5,0,5,0,12,0,12,0
LPi05,T4a,6,4,2,0,12,8,4,0
Sm10,Pm14,6,5,1,0,12,10,2,0
LMa2,LTe10,4,2,2,0,12,6,6,0
MLt1,Tlp4,3,2,1,0,12,9,3,0
TmY15,LPi01,6,3,3,0,12,6,6,0
MLt5,Mi15,5,3,2,0,12,7,5,0
LPi08,TmY4,6,5,1,0,12,10,2,0
Tm5e,LTe41,5,2,3,0,12,5,7,0
Sm22,Tm16,3,0,3,0,12,0,12,0
Pm01,MeMe_e07,6,4,2,0,12,8,4,0
TmY3,MLt4,3,1,2,0,12,5,7,0
Dm8b,MTe22,4,2,2,0,12,4,8,0
Li09,LT52,6,4,2,0,12,8,4,0
Li04,LC14b,5,2,3,0,12,4,8,0
Sm29,Sm09,6,3,3,0,12,6,6,0
Sm29,TmY10,4,1,3,0,12,2,10,0
Sm12,Sm31,6,2,4,0,12,4,8,0
TmY11,LC40,3,2,1,0,12,9,3,0
Mi4,Pm02,6,4,2,0,12,8,4,0
Sm15,MTe26,5,1,4,0,12,2,10,0
Sm01,Sm15,6,4,2,0,12,8,4,0
Li09,Li30,6,3,3,0,12,6,6,0
MLt3,Dm14,6,3,3,0,12,6,6,0
LPi12,T4c,6,4,2,0,12,8,4,0
Y4,MLt1,4,3,1,0,12,10,2,0
Li03,LT74,5,1,4,0,12,2,10,0
Tm7,LTe31,6,2,4,0,12,4,8,0
Mi4,Tm31,3,0,3,0,12,0,12,0
Sm07,LTe16,1,0,1,0,12,0,12,0
TmY31,LTe25,3,0,3,0,12,0,12,0
Dm10,Tm20,6,5,1,0,12,10,2,0
Dm3v,MeTu4a,6,5,1,0,12,10,2,0
Sm40,Mi10,6,2,4,0,12,4,8,0
Tm20,cL14,5,4,1,0,12,10,2,0
LMa1,LT64,5,4,1,0,12,10,2,0
Sm26,Sm03,4,2,2,0,12,8,4,0
Li11,Tm20,6,4,2,0,12,8,4,0
Tm4,T4c,5,4,1,0,12,10,2,0
T2,LT83,5,2,3,0,12,5,7,0
TmY11,LC41,6,3,3,0,12,6,6,0
Sm43,Tm5c,5,3,2,0,12,7,5,0
LMa5,Y1,4,3,1,0,12,8,4,0
Sm14,MeMe_e06,5,2,3,0,12,4,8,0
Li33,LC39,3,2,1,0,12,9,3,0
Li33,LT73,4,2,2,0,12,4,8,0
Li33,LT1d,2,1,1,0,12,2,10,0
Li16,Y4,6,2,4,0,12,4,8,0
Tm8a,LTe09,5,2,3,0,12,5,7,0
Pm14,MTe39,3,2,1,0,12,4,8,0
Tm27,Tm35,6,4,2,0,12,8,4,0
Li05,Li21,4,3,1,0,12,7,5,0
Tm2,Tm5b,5,3,2,0,12,7,5,0
Sm29,cL10,2,1,1,0,12,6,6,0
LMa3,LT53,5,2,3,0,12,4,8,0
L4,Mi10,5,2,3,0,12,4,8,0
Tlp1,LPi01,4,0,4,0,12,0,12,0
Mi14,C3,6,2,4,0,12,4,8,0
Pm04,Tm9,6,5,1,0,12,10,2,0
MLt4,LPLC4,6,4,2,0,12,8,4,0
Sm32,Sm42,5,4,1,0,12,10,2,0
Li05,Tm20,6,5,1,0,12,10,2,0
Pm13,TmY11,6,2,4,0,12,4,8,0
Pm13,Sm22,6,3,3,0,12,6,6,0
Tm5d,LC31a,5,4,1,0,12,10,2,0
Tlp1,LT53,6,4,2,0,12,8,4,0
Tm32,Tm33,5,4,1,0,12,10,2,0
Li10,T2,6,5,1,0,12,10,2,0
LMa2,LTe52,4,1,3,0,12,3,9,0
LMa2,Tm2,4,3,1,0,12,10,2,0
TmY9q,cL05,2,1,1,0,12,4,8,0
Li16,LC14a1,5,3,2,0,12,8,4,0
Tm2,PDt,6,2,4,0,12,4,8,0
Sm09,TmY4,4,2,2,0,12,7,5,0
Tm31,Li13,5,4,1,0,12,10,2,0
Sm09,Mi4,6,5,1,0,12,10,2,0
PDt,TmY3,6,5,1,0,12,10,2,0
Sm02,MTe06,3,0,3,0,12,0,12,0
Tm8a,LTe74,4,2,2,0,12,7,5,0
MLt4,LC34,2,0,2,0,12,0,12,0
TmY4,cLPL01,4,2,2,0,12,8,4,0
Tm7,Li24,6,5,1,0,12,10,2,0
Li32,MLt3,6,3,3,0,12,6,6,0
Li32,5-HTPMPV03,4,2,2,0,12,8,4,0
Li32,LT79,2,1,1,0,12,4,8,0
Li32,cLLPM02,2,1,1,0,12,8,4,0
Li32,LC45,2,1,1,0,12,7,5,0
Tm8a,cL07,4,3,1,0,12,10,2,0
Sm34,MTe07,5,3,2,0,12,8,4,0
Y4,LCe03,5,4,1,0,12,9,3,0
TmY9q,LPT23,6,4,2,0,12,8,4,0
TmY9q⊥,cL14,4,2,2,0,12,7,5,0
Sm12,cM14,6,3,3,0,12,6,6,0
TmY9q⊥,C2,3,1,2,0,12,3,9,0
Dm10,Li33,1,0,1,0,12,0,12,0
Dm10,LT58,1,0,1,0,12,0,12,0
MLt5,MTe51,4,1,3,0,12,5,7,0
Dm16,C3,6,4,2,0,12,8,4,0
Pm03,OA-AL2i2,5,4,1,0,12,10,2,0
CT1,Tm21,5,1,4,0,12,2,10,0
CT1,Pm12,3,2,1,0,12,4,8,0
TmY9q,MTe54,5,3,2,0,12,8,4,0
PDt,TmY14,4,3,1,0,12,8,4,0
TmY9q,MLt2,4,3,1,0,12,10,2,0
Li24,Li19,6,5,1,0,12,10,2,0
MLt1,MTe43,5,4,1,0,12,9,3,0
Li10,CB3089,5,4,1,0,12,9,3,0
Sm03,MTe03,5,3,2,0,12,6,6,0
Tm5e,Sm08,5,3,2,0,12,8,4,0
Tm16,LC20a,5,3,2,0,12,8,4,0
TmY31,LC45,5,3,2,0,12,8,4,0
Y4,TmY9q⊥,5,4,1,0,12,10,2,0
TmY3,H1,5,4,1,0,12,10,2,0
TmY10,LTe63,6,5,1,0,12,10,2,0
Tm5a,LTe35,4,3,1,0,12,10,2,0
T5c,OA-AL2i1,5,4,1,0,12,10,2,0
Li16,LC31c,6,4,2,0,12,8,4,0
Tm20,Dm10,6,4,2,0,12,8,4,0
LMt3,LC10d,6,5,1,0,12,10,2,0
Sm32,Sm27,3,2,1,0,12,5,7,0
Tm25,LC28a,6,5,1,0,12,10,2,0
Mi15,TmY15,6,5,1,0,12,10,2,0
Tm5c,MTe44,6,5,1,0,12,10,2,0
TmY11,LT56,5,3,2,0,12,7,5,0
Dm3q,Dm12,6,5,1,0,12,10,2,0
T5a,LC17,4,2,2,0,12,8,4,0
MLt1,LTe63,4,2,2,0,12,5,7,0
Tm3,LT1a,1,0,1,0,12,0,12,0
Tm3,Tlp5,5,3,2,0,12,8,4,0
L5,aMe5,6,3,3,0,12,6,6,0
Tm37,MLt6,5,3,2,0,12,7,5,0
LMt2,LC9,6,4,2,0,12,8,4,0
Sm08,Sm38,6,4,2,0,12,8,4,0
Li09,Tm5d,5,0,5,0,12,0,12,0
Sm17,aMe5,6,4,2,0,12,8,4,0
Li30,cL02d,3,1,2,0,12,7,5,0
Li30,Tm8b,6,4,2,0,12,8,4,0
Li30,LT86,2,1,1,0,12,8,4,0
Li30,LTe29,2,1,1,0,12,10,2,0
Li30,Tm5d,5,3,2,0,12,8,4,0
Li30,LT38,2,1,1,0,12,6,6,0
Dm15,Dm1,3,0,3,0,12,0,12,0
Pm07,PDt,6,5,1,0,12,10,2,0
Tm9,Pm03,4,3,1,0,12,9,3,0
TmY31,PLP051,5,4,1,0,12,10,2,0
Pm13,Tm25,5,3,2,0,12,6,6,0
Pm13,Tm16,6,5,1,0,12,10,2,0
Tm5c,Sm27,5,4,1,0,12,10,2,0
T2,MTe39,6,3,3,0,12,6,6,0
Tlp4,LPTe01,6,3,3,0,12,6,6,0
Sm11,MLt6,5,4,1,0,12,10,2,0
Li29,LTe05,2,1,1,0,12,6,6,0
Li29,LT73,3,1,2,0,12,2,10,0
Sm37,LT58,2,1,1,0,12,9,3,0
Sm37,Sm12,6,3,3,0,12,6,6,0
Sm02,Tm8b,5,3,2,0,12,8,4,0
Mi15,Sm14,4,2,2,0,12,4,8,0
Sm36,Pm14,4,3,1,0,12,8,4,0
TmY11,MTe51,3,2,1,0,12,8,4,0
TmY10,LMa2,4,3,1,0,12,7,5,0
MLt5,aMe24,4,2,2,0,12,4,8,0
LMa2,mALC4,5,3,2,0,12,8,4,0
Tm3,T1,1,0,1,0,12,0,12,0
Pm02,MLt4,5,4,1,0,12,10,2,0
Sm27,Dm8a,5,4,1,0,12,8,4,0
Sm43,MeMe_e10,4,3,1,0,12,10,2,0
Tlp4,LC31b,5,3,2,0,12,6,6,0
TmY11,Dm8a,5,4,1,0,12,10,2,0
Li23,Li33,2,1,1,0,12,2,10,0
TmY10,LCe07,3,2,1,0,12,10,2,0
Pm10,MTe27,5,4,1,0,12,10,2,0
Dm2,MTe48,5,4,1,0,12,10,2,0
Dm8a,Tm3,3,2,1,0,12,9,3,0
MLt7,LPLC4,4,3,1,0,12,6,6,0
Dm20,Sm07,4,1,3,0,12,2,10,0
LC21,LMa4,6,3,3,0,12,6,6,0
LC21,Li21,5,3,2,0,12,6,6,0
LC11,Tm27,6,2,4,0,12,4,8,0
LC17,Li10,6,1,5,0,12,2,10,0
MTe45,aMe17c,2,0,2,0,12,0,12,0
LT52,LTe58,5,2,3,0,12,4,8,0
LC40,Tm8a,6,3,3,0,12,6,6,0
LT1d,LC9,6,2,4,0,12,4,8,0
LT1d,LT1b,2,1,1,0,12,4,8,0
MTe01b,cL15,2,0,2,0,12,0,12,0
LPLC2,LPi10,6,2,4,0,12,4,8,0
LC10e,LTe17,6,0,6,0,12,0,12,0
MeLp1,TmY11,5,3,2,0,12,6,6,0
MeLp1,cM05,2,1,1,0,12,6,6,0
MeLp1,OA-AL2i3,2,1,1,0,12,7,5,0
MeLp1,cM19,2,0,0,2,12,0,0,12
LC14b,LC13,4,3,1,0,12,9,3,0
LT87,LT79,2,1,1,0,12,7,5,0
LT66,LT82a,4,1,3,0,12,2,10,0
LT66,T5b,5,3,2,0,12,8,4,0
cLP02,LPC2,6,2,4,0,12,4,8,0
LC17,LLPt,4,2,2,0,12,8,4,0
cL01,LT81,5,2,3,0,12,5,7,0
LC25,Li10,3,0,3,0,12,0,12,0
LC25,Li03,5,1,4,0,12,2,10,0
LT11,LC31b,3,0,3,0,12,0,12,0
LT11,LC14b,1,0,1,0,12,0,12,0
LT11,LTe18,2,1,1,0,12,6,6,0
LC14a1,Li25,4,2,2,0,12,8,4,0
LTe08,LC16,4,3,1,0,12,7,5,0
LT34,Li06,5,2,3,0,12,5,7,0
LT34,TmY31,4,2,2,0,12,5,7,0
LT34,Tm16,6,4,2,0,12,8,4,0
LT34,TmY10,5,2,3,0,12,4,8,0
MTe01a,Sm05,5,2,3,0,12,4,8,0
MTe07,TmY3,5,3,2,0,12,7,5,0
MTe07,LTe10,4,0,4,0,12,0,12,0
cLP01,TmY3,5,4,1,0,12,10,2,0
LT42,Tm5f,6,4,2,0,12,8,4,0
LT42,Tm27,5,2,3,0,12,4,8,0
LTe15,LT72,2,1,1,0,12,6,6,0
LC14a1,Tm34,5,3,2,0,12,8,4,0
LC14a2,LT72,4,2,2,0,12,6,6,0
aMe12,aMe5,6,2,4,0,12,4,8,0
aMe12,MTe31,5,4,1,0,12,10,2,0
MeTu4a,Sm31,6,4,2,0,12,8,4,0
MeTu4a,LTe60,2,0,2,0,12,0,12,0
LT43,LTe60,4,2,2,0,12,7,5,0
LLPC2,TmY31,5,0,5,0,12,0,12,0
LC4,TmY14,6,3,3,0,12,6,6,0
LT82a,LT1a,4,2,2,0,12,6,6,0
LC12,LMa4,6,3,3,0,12,6,6,0
MTe52,Mi13,5,2,3,0,12,5,7,0
LTe01,Li10,6,3,3,0,12,6,6,0
MTe41,Pm13,3,1,2,0,12,2,10,0
MeTu4a,LTe04,4,2,2,0,12,7,5,0
LT78,LC14a1,4,2,2,0,12,8,4,0
LC20b,LC34,3,1,2,0,12,3,9,0
LC10a,Tm20,5,1,4,0,12,2,10,0
LC21,LPLC2,5,2,3,0,12,4,8,0
cL16,LC31c,2,1,1,0,12,6,6,0
cL16,LTe21,3,2,1,0,12,7,5,0
cL16,LC20a,6,4,2,0,12,8,4,0
cL16,Li12,6,5,1,0,12,10,2,0
LC14b,LC24,2,2,0,0,12,12,0,0
LC21,Li02,6,3,3,0,12,6,6,0
LC14a1,Li12,5,3,2,0,12,6,6,0
LC14a1,Tlp1,5,3,2,0,12,7,5,0
MeMe_e08,TmY4,5,1,4,0,12,4,8,0
aMe5,Sm40,6,1,5,0,12,2,10,0
cL14,LC19,5,2,3,0,12,5,7,0
LT52,Li23,4,2,2,0,12,7,5,0
LC14a2,LC15,3,1,2,0,12,4,8,0
LC10b,Li09,5,2,3,0,12,4,8,0
MeTu4a,Tm5c,5,3,2,0,12,8,4,0
LCe01b,LT73,5,3,2,0,12,7,5,0
LTe64,Li07,5,2,3,0,12,6,6,0
MeTu1,Sm10,5,1,4,0,12,2,10,0
cM01a,Tm32,5,4,1,0,12,10,2,0
aMe17b,Sm35,4,2,2,0,12,8,4,0
aMe17b,aMe5,5,4,1,0,12,10,2,0
aMe17b,Dm20,4,1,3,0,12,3,9,0
LC17,LC15,5,0,5,0,12,0,12,0
cM18,Pm14,3,2,1,0,12,7,5,0
MTe01a,Sm04,6,3,3,0,12,6,6,0
H1,LPT54,2,1,1,0,12,8,4,0
MeTu1,MLt5,5,2,3,0,12,4,8,0
LC20b,Li12,5,2,3,0,12,5,7,0
LC20b,Tm31,5,0,5,0,12,0,12,0
LC14a1,Li28,5,3,2,0,12,8,4,0
LT62,LMt1,6,3,3,0,12,6,6,0
LT62,LC17,6,2,4,0,12,4,8,0
LCe03,LC37a,4,3,1,0,12,8,4,0
LPLC4,LTe20,5,4,1,0,12,9,3,0
CB0816,CT1,2,1,1,0,12,4,8,0
MeTu1,Sm25,5,3,2,0,12,6,6,0
LPLC2,Li10,6,2,4,0,12,4,8,0
LPLC2,LC20b,4,1,3,0,12,5,7,0
LT79,LT77,4,3,1,0,12,9,3,0
cM08c,OA-AL2b1,4,1,3,0,12,2,10,0
aMe26,Mi10,5,1,4,0,12,4,8,0
LPT54,Tm4,4,3,1,0,12,8,4,0
LPT54,T4c,5,2,3,0,12,4,8,0
LPT54,LPTe02,4,1,3,0,12,3,9,0
LPT54,cL10,2,1,1,0,12,5,7,0
LPT54,cLP01,5,3,2,0,12,8,4,0
LPT54,MTe45,2,1,1,0,12,6,6,0
LC10b,LTe54,6,4,2,0,12,8,4,0
LC14b,TmY16,5,4,1,0,12,9,3,0
LC26,LC10c,4,0,4,0,12,0,12,0
MTe15,Sm06,6,3,3,0,12,6,6,0
LC28a,LTe52,4,2,2,0,12,4,8,0
LC28a,cL02b,6,4,2,0,12,8,4,0
cL19,LC10f,4,3,1,0,12,9,3,0
LPT45_dCal1,LPT26,3,1,2,0,12,7,5,0
LCe01b,Tm32,5,2,3,0,12,4,8,0
OA-AL2b1,MLt4,5,4,1,0,12,8,4,0
OA-AL2b1,Li05,5,1,4,0,12,2,10,0
LTe01,LC19,5,1,4,0,12,2,10,0
LC14b,Dm4,5,3,2,0,12,7,5,0
cL08,LMa2,5,2,3,0,12,6,6,0
cL08,LMa4,5,3,2,0,12,8,4,0
MeTu3c,Tm8a,6,2,4,0,12,4,8,0
LPLC1,Li18,6,2,4,0,12,4,8,0
LPLC1,T5c,6,4,2,0,12,8,4,0
LC36,cLLPM02,2,0,2,0,12,0,12,0
DNc01,Dm10,6,1,5,0,12,2,10,0
LC37a,Li10,5,2,3,0,12,6,6,0
CB0816,Tm5e,4,1,3,0,12,2,10,0
MTe25,Tm37,6,2,4,0,12,4,8,0
MTe25,Sm42,2,1,1,0,12,4,8,0
LT70,LC10f,5,3,2,0,12,7,5,0
LLPC2,LC14b,4,3,1,0,12,9,3,0
cL10,LT53,3,2,1,0,12,10,2,0
cL10,PLP177,2,1,1,0,12,5,7,0
aMe26,MTe10,4,2,2,0,12,8,4,0
cM17,Tm20,5,3,2,0,12,6,6,0
cLP03,LPT29,2,1,1,0,12,7,5,0
aMe10,aMe19b,3,0,0,3,12,0,0,12
LTe69,aMe15,2,0,0,2,12,0,0,12
LCe01b,LC39,5,4,1,0,12,9,3,0
LTe55,LTe64,3,2,1,0,12,5,7,0
cM02b,Mi10,6,5,1,0,12,10,2,0
cM02b,aMe9,3,1,2,0,12,7,5,0
cM02b,5-HTPMPV03,3,2,1,0,12,10,2,0
MTe50,Tm1,4,1,3,0,12,3,9,0
LTe06,LCe06,4,2,2,0,12,7,5,0
LTe06,LTe11,2,1,1,0,12,3,9,0
LLPC3,Tm27,5,0,5,0,12,0,12,0
l-LNv,C3,6,2,4,0,12,4,8,0
cM06,Am1,2,1,1,0,12,5,7,0
cM06,Tm9,5,4,1,0,12,10,2,0
aMe1,LTe13,3,1,2,0,12,2,10,0
MeLp2,T5c,5,4,1,0,12,9,3,0
MTe54,Mi4,5,4,1,0,12,10,2,0
LT72,LTe69,2,1,1,0,12,2,10,0
LT72,CB3790,2,1,1,0,12,5,7,0
LT72,cL19,2,1,1,0,12,6,6,0
MTe01b,Tm5d,5,3,2,0,12,8,4,0
cL20,LTe20,2,1,1,0,12,4,8,0
LT37,cL02a,2,1,1,0,12,7,5,0
MTe46,MC65,3,1,2,0,12,5,7,0
5-HTPMPV03,Li30,3,1,2,0,12,2,10,0
cM08a,Tm5a,5,1,4,0,12,2,10,0
MeMe_e09,Sm02,5,3,2,0,12,7,5,0
LC46,LT76,3,2,1,0,12,8,4,0
LC10b,Li04,5,4,1,0,12,10,2,0
cL21,Tm9,4,1,3,0,12,5,7,0
cL21,LCe07,5,3,2,0,12,7,5,0
LC19,LTe42a,4,1,3,0,12,2,10,0
MTe42,OA-AL2i1,2,1,1,0,12,6,6,0
cL18,LT51,5,2,3,0,12,4,8,0
cL18,Tm27,4,2,2,0,12,4,8,0
LPLC4,LC13,5,1,4,0,12,2,10,0
LPLC4,LC24,4,2,2,0,12,8,4,0
MTe12,Sm32,5,3,2,0,12,8,4,0
LTe30,LTe02,4,2,2,0,12,5,7,0
LTe30,cLLP02,3,1,2,0,12,2,10,0
LPT50,LPT26,3,2,1,0,12,8,4,0
cM07,L4,5,4,1,0,12,10,2,0
cM07,LPT54,2,1,1,0,12,9,3,0
LT52,Li16,4,3,1,0,12,10,2,0
MeTu2a,Sm26,5,2,3,0,12,4,8,0
LT83,LC9,4,3,1,0,12,10,2,0
LT83,Li17,5,1,4,0,12,3,9,0
cL01,LT64,4,2,2,0,12,8,4,0
mALD1,Li12,4,3,1,0,12,10,2,0
mALD1,Li02,5,3,2,0,12,7,5,0
mALD1,LC21,3,1,2,0,12,2,10,0
mALD1,PLP069,1,0,1,0,12,0,12,0
mALD1,LTe42a,2,1,1,0,12,7,5,0
mALD1,MTe12,2,1,1,0,12,5,7,0
MeTu3b,MeTu2b,5,3,2,0,12,6,6,0
LTe11,Li06,4,1,3,0,12,2,10,0
LC25,LT58,2,1,1,0,12,5,7,0
LC25,LTe25,2,1,1,0,12,4,8,0
cLLP02,LCe03,6,5,1,0,12,10,2,0
LT57,LC14a2,5,3,2,0,12,7,5,0
LT63,LC10c,5,0,5,0,12,0,12,0
LT63,TmY4,5,0,5,0,12,0,12,0
LT63,LTe49b,5,2,3,0,12,4,8,0
DNp11,LC4,5,3,2,0,12,8,4,0
LCe07,LC11,5,0,5,0,12,0,12,0
LC22,LC31c,4,2,2,0,12,5,7,0
LPLC2,LC21,6,2,4,0,12,4,8,0
DNp30,Tm3,5,3,2,0,12,8,4,0
DNp30,Tm4,6,5,1,0,12,10,2,0
LTe41,LC10c,5,3,2,0,12,7,5,0
LTe41,LC20b,5,2,3,0,12,6,6,0
LT52,LTe05,3,2,1,0,12,10,2,0
LT38,LCe04,4,2,2,0,12,8,4,0
cL17,Li04,6,3,3,0,12,6,6,0
cL17,LTe23,3,2,1,0,12,8,4,0
cL17,LTe17,3,1,2,0,12,4,8,0
cLLPM01,LTe52,3,1,2,0,12,5,7,0
MeMe_e07,Dm17,3,2,1,0,12,7,5,0
MeMe_e07,DNc01,5,1,0,4,12,2,0,10
LT59,LC10b,4,3,1,0,12,9,3,0
cM02a,Sm30,3,2,1,0,12,4,8,0
cM02a,MTe05,5,4,1,0,12,10,2,0
MeTu4c,aMe9,2,1,1,0,12,2,10,0
DN1-l,MTe27,2,1,1,0,12,5,7,0
LC28a,LLPC3,4,2,2,0,12,5,7,0
LPC1,Nod5,6,4,2,0,12,8,4,0
LC36,CB3866,2,0,2,0,12,0,12,0
LT74,LT78,5,3,2,0,12,7,5,0
mALD2,LC26,2,1,1,0,12,7,5,0
mALD2,Li07,5,2,3,0,12,5,7,0
MeMe_e05,LT53,2,1,1,0,12,6,6,0
MeMe_e05,cM10,2,1,1,0,12,5,7,0
OA-AL2b1,LT39,2,1,1,0,12,7,5,0
OA-AL2b1,Tm5c,6,0,6,0,12,0,12,0
OA-AL2b1,LC37a,3,1,2,0,12,2,10,0
MTe51,Sm40,4,0,4,0,12,0,12,0
LC33a,MeTu4c,5,4,1,0,12,10,2,0
MeMe_e01,aMe9,5,0,0,5,12,0,0,12
cM11,MeTu1,5,0,5,0,12,0,12,0
cM11,Dm2,4,0,4,0,12,0,12,0
cM11,Sm41,2,0,2,0,12,0,12,0
cM11,LTe42a,1,0,1,0,12,0,12,0
cM01c,Sm07,4,3,1,0,12,8,4,0
cM01c,TmY4,3,1,2,0,12,3,9,0
MeTu3b,Tm31,5,2,3,0,12,4,8,0
LPT48_vCal3,TmY31,6,4,2,0,12,8,4,0
cMLLP02,T4a,5,2,3,0,12,6,6,0
cMLLP02,MeMe_e07,3,2,1,0,12,10,2,0
cMLLP02,T5c,5,4,1,0,12,10,2,0
LC39,LC10b,6,4,2,0,12,8,4,0
LC39,Tm5f,6,5,1,0,12,10,2,0
HSS,DCH,2,1,1,0,12,9,3,0
OA-AL2i2,Tm3,6,3,3,0,12,6,6,0
OA-AL2i2,Mi2,6,5,1,0,12,10,2,0
OA-AL2i2,LT1d,3,1,2,0,12,4,8,0
MeTu4a,LPLC4,5,3,2,0,12,6,6,0
aMe17c,Mi2,6,5,1,0,12,10,2,0
cL01,LC39,5,3,2,0,12,6,6,0
LPLC4,LC12,6,5,1,0,12,10,2,0
LTe33,LTe46,2,1,1,0,12,5,7,0
LTe33,LC14a1,4,2,2,0,12,7,5,0
cL12,LTe38a,3,2,1,0,12,8,4,0
MeMe_e08,Tlp1,4,2,2,0,12,7,5,0
PLP241,cL13,2,0,1,1,12,0,5,7
VS3,VS2,1,0,1,0,12,0,12,0
MeTu3b,Sm06,5,3,2,0,12,7,5,0
cLP05,Tlp1,4,2,2,0,12,4,8,0
LC40,Li13,6,2,4,0,12,4,8,0
LTe24,LC19,3,2,1,0,12,10,2,0
MeTu3b,MeTu2a,6,3,3,0,12,6,6,0
cM03,Sm41,4,1,3,0,12,2,10,0
cM03,MTe51,5,4,1,0,12,9,3,0
cML02,T4c,5,1,4,0,12,2,10,0
MeTu4a,aMe8,6,3,3,0,12,6,6,0
aMe19b,Sm39,1,1,0,0,12,12,0,0
aMe19b,MeMe_e06,4,0,0,4,12,0,0,12
aMe19b,Pm14,3,1,2,0,12,3,9,0
aMe19b,aMe17a1,2,1,1,0,12,5,7,0
LT40,Li33,2,1,1,0,12,2,10,0
MeMe_e10,MLt8,4,2,2,0,12,4,8,0
LC28a,LTe46,4,2,2,0,12,7,5,0
AN_multi_125,T2a,5,2,3,0,12,5,7,0
aMe17a2,Sm34,4,3,1,0,12,9,3,0
LPLC2,H1,5,2,3,0,12,4,8,0
LTe38a,LC19,5,2,3,0,12,5,7,0
LTe75,LPLC4,4,3,1,0,12,10,2,0
cLLPM01,TmY31,5,4,1,0,12,10,2,0
AVLP151,TmY20,5,3,2,0,12,8,4,0
AVLP151,APDN3,2,1,1,0,12,6,6,0
VS4,LPLC2,6,5,1,0,12,10,2,0
VS4,LLPC3,4,3,1,0,12,9,3,0
MTe51,Sm13,4,2,2,0,12,7,5,0
LC39,LC37a,3,1,2,0,12,5,7,0
mALC5,T4b,6,2,4,0,12,4,8,0
mALC5,cLPL01,2,1,1,0,12,6,6,0
mALC5,Li27,3,2,1,0,12,9,3,0
mALC5,LTe21,2,1,1,0,12,7,5,0
MTe01b,OA-AL2i4,2,1,1,0,12,7,5,0
OA-ASM1,Tm5b,6,3,3,0,12,6,6,0
OA-ASM1,Sm36,5,4,1,0,12,9,3,0
OA-ASM1,LC31c,5,3,2,0,12,7,5,0
OA-ASM1,TmY16,6,2,4,0,12,4,8,0
OA-ASM1,LT39,5,4,1,0,12,10,2,0
OA-ASM1,LC20a,6,6,0,0,12,12,0,0
LC39,LC24,5,3,2,0,12,6,6,0
LTe71,aMe10,2,1,1,0,12,6,6,0
VS7,LPi14,3,2,1,0,12,10,2,0
LT1b,AVLP151,2,1,1,0,12,6,6,0
cM08c,cM09,5,3,2,0,12,7,5,0
LTe45,LTe51,2,1,1,0,12,9,3,0
LTe45,LTe72,2,1,1,0,12,5,7,0
LTe45,LTe75,2,1,1,0,12,6,6,0
MTe01b,aMe4,6,5,1,0,12,10,2,0
MTe37,cM09,3,2,1,0,12,4,8,0
MTe37,MTe01a,6,3,3,0,12,6,6,0
OA-AL2b2,LatB,5,4,1,0,12,10,2,0
OA-AL2b2,Tm5e,5,3,2,0,12,8,4,0
OA-AL2b2,aMe17c,4,2,2,0,12,4,8,0
OA-AL2b2,DNc02,4,2,2,0,12,5,7,0
LPLC4,LMt2,5,1,4,0,12,2,10,0
LPT58,LPT28,2,1,1,0,12,10,2,0
LPT58,LPT30,2,1,1,0,12,4,8,0
LLPC2,LPi14,6,3,3,0,12,6,6,0
aMe10,LTe50,2,1,1,0,12,6,6,0
LTe60,LC27,5,2,3,0,12,4,8,0
LTe60,aMe17a1,2,1,1,0,12,7,5,0
MeTu1,Sm11,6,3,3,0,12,6,6,0
CB0472,MLt4,5,2,3,0,12,6,6,0
MTe03,Pm07,5,2,3,0,12,4,8,0
LT65,LTe42a,2,1,1,0,12,7,5,0
LT65,LTe66,5,3,2,0,12,8,4,0
OA-AL2b2,T2a,5,1,4,0,12,2,10,0
MC65,Sm09,5,3,2,0,12,8,4,0
MC65,TmY20,5,3,2,0,12,8,4,0
MeTu1,Sm19,6,3,3,0,12,6,6,0
LT61b,Tm21,6,2,4,0,12,4,8,0
LT61b,LC14b,5,2,3,0,12,6,6,0
MeTu3b,Sm40,6,2,4,0,12,4,8,0
CB0592,Tm4,6,2,4,0,12,4,8,0
CB0592,LPT54,3,1,2,0,12,4,8,0
CB0592,Tm3,6,3,3,0,12,6,6,0
VS1,LPi12,2,1,1,0,12,10,2,0
MTe04,MLt7,5,0,5,0,12,0,12,0
cLLPM01,Li10,4,2,2,0,12,7,5,0
LPLC1,LMt3,6,2,4,0,12,4,8,0
LPC1,LPC2,5,3,2,0,12,7,5,0
LC24,LC13,5,3,2,0,12,8,4,0
cL06,Li03,4,1,3,0,12,2,10,0
cL06,Li13,3,1,2,0,12,4,8,0
cL06,LTe43,4,2,2,0,12,5,7,0
LT53,LTe20,5,1,4,0,12,3,9,0
cM12,MTe01a,6,3,3,0,12,6,6,0
CB0566,Dm4,6,4,2,0,12,8,4,0
CB0566,TmY5a,6,4,2,0,12,8,4,0
CB0566,Sm27,5,3,2,0,12,6,6,0
LT78,LMa2,3,1,2,0,12,3,9,0
LT78,Li33,5,4,1,0,12,10,2,0
VCH,HSE,2,1,1,0,12,6,6,0
LT84,LC20b,3,1,2,0,12,2,10,0
LTe31,Li30,2,1,1,0,12,3,9,0
LC39,Li30,4,3,1,0,12,10,2,0
LC31a,LTe64,3,2,1,0,12,9,3,0
MTe51,MTe49,1,0,1,0,12,0,12,0
HSN,Y12,6,3,3,0,12,6,6,0
MTe05,MTe28,4,2,2,0,12,7,5,0
cL22b,Li01,4,2,2,0,12,7,5,0
cL22b,TmY5a,2,1,1,0,12,8,4,0
cL22b,LTe42a,2,1,1,0,12,10,2,0
LT85,LC20b,5,3,2,0,12,8,4,0
LT85,LTe36,2,1,1,0,12,7,5,0
cM01b,aMe9,3,1,2,0,12,8,4,0
cM01b,MTe01b,2,1,1,0,12,6,6,0
cM08b,Sm02,6,3,3,0,12,6,6,0
cM08b,MTe33,4,2,2,0,12,7,5,0
LCe01b,Li27,6,4,2,0,12,8,4,0
cL02a,LC6,5,0,5,0,12,0,12,0
cM14,MTe16,4,2,2,0,12,7,5,0
LT53,Li31,3,2,1,0,12,4,8,0
LT53,TmY15,5,1,4,0,12,2,10,0
cLP04,LLPC2,5,3,2,0,12,8,4,0
cLP04,Y4,3,2,1,0,12,8,4,0
LT63,LTe35,3,2,1,0,12,8,4,0
LT63,LTe69,3,2,1,0,12,8,4,0
LT51,LPLC4,3,1,2,0,12,2,10,0
cM19,Li17,6,3,3,0,12,6,6,0
MTe22,TmY10,6,2,4,0,12,4,8,0
MTe12,Sm31,5,3,2,0,12,8,4,0
HSE,TmY20,6,5,1,0,12,10,2,0
CB2197,cL22b,2,0,1,1,12,0,6,6
LPT49,cLP05,2,1,0,1,12,6,0,6
aMe4,L5,4,2,2,0,12,4,8,0
MeTu4a,Mi10,4,2,2,0,12,4,8,0
LC34,LT72,4,2,2,0,12,5,7,0
MeMe_e07,TmY16,5,0,5,0,12,0,12,0
CB3238,PLP241,1,0,1,0,12,0,12,0
mALC4,Tm4,6,2,4,0,12,4,8,0
MTe40,MTe22,2,1,1,0,12,6,6,0
LLPC1,TmY11,5,3,2,0,12,8,4,0
LPLC2,LC14b,6,5,1,0,12,10,2,0
PLP032,LT40,1,0,0,1,12,0,0,12
cL11,LT76,2,1,1,0,12,3,9,0
cL11,LTe19,2,1,1,0,12,3,9,0
LC14b,LMt4,3,3,0,0,12,12,0,0
LCe05,LTe76,6,4,2,0,12,8,4,0
cL03,cML01,4,3,1,0,12,10,2,0
LC20b,LT58,6,4,2,0,12,8,4,0
LT55,MeTu3b,2,2,0,0,12,12,0,0
LT38,LC14b,5,4,1,0,12,9,3,0
LT38,DNp11,2,1,1,0,12,4,8,0
OA-AL2i1,cMLLP01,2,1,1,0,12,8,4,0
OA-AL2i1,T4d,6,4,2,0,12,8,4,0
OA-AL2i1,Tm5e,5,2,3,0,12,5,7,0
OA-AL2i1,LMt3,5,3,2,0,12,8,4,0
OA-AL2i1,Y1,6,4,2,0,12,8,4,0
OA-AL2i1,cML01,2,1,1,0,12,9,3,0
cM15,Sm31,4,3,1,0,12,10,2,0
cM15,Tm4,6,3,3,0,12,6,6,0
cM15,cM05,2,1,1,0,12,7,5,0
cM15,cML01,2,1,1,0,12,9,3,0
LTe17,LTe51,2,1,1,0,12,6,6,0
LTe17,Tm8a,5,1,4,0,12,4,8,0
LC13,Li32,5,4,1,0,12,10,2,0
LT33,Tm1,6,1,5,0,12,2,10,0
OA-AL2i4,Sm30,5,2,3,0,12,6,6,0
OA-AL2i4,5-HTPMPV03,3,1,2,0,12,5,7,0
OA-AL2i4,Tm35,6,3,3,0,12,6,6,0
OA-AL2i4,Sm38,3,1,2,0,12,4,8,0
OA-AL2i4,Sm04,6,4,2,0,12,8,4,0
OA-AL2i2,Li06,6,3,3,0,12,6,6,0
LPT27,T5d,6,5,1,0,12,10,2,0
LPT27,VCH,2,1,1,0,12,10,2,0
LPT27,LPi06,3,1,2,0,12,2,10,0
LTe46,LC20b,3,2,1,0,12,8,4,0
MTe32,Sm40,3,1,2,0,12,3,9,0
LC40,TmY5a,5,4,1,0,12,10,2,0
LTe23,LT43,1,0,1,0,12,0,12,0
LPT57,OA-AL2i1,2,1,1,0,12,10,2,0
LTe43,LTe58,5,2,3,0,12,5,7,0
LTe43,LC10f,3,1,2,0,12,2,10,0
MTe35,MTe31,2,1,1,0,12,5,7,0
MTe28,MeTu4c,6,4,2,0,12,8,4,0
MTe28,TmY10,5,3,2,0,12,6,6,0
MTe28,LTe53,1,0,1,0,12,0,12,0
cL04,LC24,2,0,2,0,12,0,12,0
cL04,cL02c,3,1,2,0,12,4,8,0
cL04,OA-AL2b1,3,1,2,0,12,2,10,0
LT58,aMe19b,3,1,2,0,12,8,4,0
LT58,aMe9,3,1,2,0,12,3,9,0
LT58,Li30,2,1,1,0,12,8,4,0
LT58,cM07,2,1,1,0,12,6,6,0
LT58,Tm25,5,4,1,0,12,10,2,0
LTe12,cL21,2,1,1,0,12,5,7,0
LPT50,TmY5a,5,1,4,0,12,2,10,0
Nod5,Y3,6,4,2,0,12,8,4,0
VS8,DCH,2,1,1,0,12,9,3,0
LPT21,LPi12,2,1,1,0,12,6,6,0
LPT21,Am1,2,1,1,0,12,7,5,0
LPLC4,LPC2,6,5,1,0,12,10,2,0
LC20a,Li31,3,2,1,0,12,9,3,0
LCe06,LMa1,5,3,2,0,12,8,4,0
cML01,L4,5,2,3,0,12,4,8,0
cML01,C3,5,3,2,0,12,7,5,0
cML01,LC17,6,4,2,0,12,8,4,0
cML01,Lawf2,6,2,4,0,12,4,8,0
cML01,Tm20,3,1,2,0,12,8,4,0
cML01,LC21,6,3,3,0,12,6,6,0
cML01,LT11,2,1,1,0,12,6,6,0
LTe48,cL13,2,1,1,0,12,7,5,0
MTe01a,Sm32,6,2,4,0,12,4,8,0
LTe53,aMe20,2,1,1,0,12,6,6,0
cM10,TmY10,6,1,5,0,12,2,10,0
LLPC3,TmY20,6,5,1,0,12,10,2,0
PLP174,PLP174,2,0,2,0,12,0,12,0
LC14a2,LPT29,1,1,0,0,12,12,0,0
cL05,Li08,4,0,4,0,12,0,12,0
cL05,LTe04,2,1,1,0,12,4,8,0
cL05,LC6,5,4,1,0,12,10,2,0
cL05,TmY9q,4,1,3,0,12,3,9,0
cL05,Li29,2,1,1,0,12,3,9,0
MTe26,MeMe_e04,3,1,2,0,12,5,7,0
cM08b,DmDRA1,4,3,1,0,12,10,2,0
CB0472,LTe28,1,1,0,0,12,12,0,0
LC36,LTe17,4,2,2,0,12,6,6,0
MTe53,cL22a,1,0,1,0,12,0,12,0
cL18,LC15,6,3,3,0,12,6,6,0
cL18,LPLC1,5,4,1,0,12,8,4,0
LC21,Tm5d,3,2,1,0,12,5,7,0
LC15,Tm20,5,0,5,0,12,0,12,0
cMLLP01,LC20a,5,4,1,0,12,9,3,0
cMLLP01,cL04,2,1,1,0,12,5,7,0
cMLLP01,LC10f,4,2,2,0,12,4,8,0
LC36,Li01,5,4,1,0,12,10,2,0
cL13,LC10d,5,1,4,0,12,2,10,0
cL13,cLLP02,2,1,1,0,12,9,3,0
LC37a,LC17,5,4,1,0,12,9,3,0
VS2,LPLC2,6,3,3,0,12,6,6,0
LPT47_vCal2,LPi13,2,1,1,0,12,10,2,0
aMe17a1,Tm32,6,3,3,0,12,6,6,0
aMe17a1,Mi14,5,1,4,0,12,2,10,0
LTe73,LTe36,2,1,1,0,12,8,4,0
aMe19a,LTe71,2,1,1,0,12,10,2,0
LC31c,Li06,5,1,4,0,12,2,10,0
vCal1,LPT53,2,0,0,2,12,0,0,12
LC28a,Tm20,5,4,1,0,12,10,2,0
aMe9,Dm2,4,4,0,0,12,12,0,0
LTe49b,LTe66,2,0,2,0,12,0,12,0
LTe49b,LC33a,3,0,3,0,12,0,12,0
LPLC4,MLt6,2,0,2,0,12,0,12,0
MTe38,Sm15,5,2,3,0,12,6,6,0
LT80,LMt3,5,3,2,0,12,7,5,0
cL22c,LC44,2,1,1,0,12,6,6,0
cL22c,Li30,1,0,1,0,12,0,12,0
MTe27,MTe44,2,1,1,0,12,5,7,0
MTe05,aMe12,4,2,2,0,12,6,6,0
LTe25,LC10d,5,2,3,0,12,5,7,0
mALB5,cL17,1,0,1,0,12,0,12,0
LC27,LC14a2,3,2,1,0,12,7,5,0
VS6,Y1,5,3,2,0,12,8,4,0
VSm,cM01c,2,1,1,0,12,6,6,0
LC40,LPLC4,4,2,2,0,12,8,4,0
cM16,Tm27,5,2,3,0,12,4,8,0
cM16,Mi10,3,1,2,0,12,3,9,0
cL04,LTe06,3,2,1,0,12,8,4,0
cL04,LT86,3,2,1,0,12,7,5,0
MTe52,LMa3,6,5,1,0,12,10,2,0
MTe02,MTe35,5,4,1,0,12,10,2,0
Mi13,Tm35,4,4,0,0,12,12,0,0
TmY9q⊥,MTe03,5,5,0,0,12,12,0,0
Tm34,Tm37,6,6,0,0,12,12,0,0
TmY20,T4c,6,6,0,0,12,12,0,0
Tm5f,Sm41,4,4,0,0,12,12,0,0
Tlp4,Pm14,5,5,0,0,12,12,0,0
Tlp4,Tm34,5,5,0,0,12,12,0,0
T4b,LMa5,4,4,0,0,12,12,0,0
Tlp14,VST2,4,4,0,0,12,12,0,0
Tm9,Tm5b,4,4,0,0,12,12,0,0
Mi9,Tm33,5,5,0,0,12,12,0,0
Tlp5,VS6,3,3,0,0,12,12,0,0
Sm30,MTe01a,5,5,0,0,12,12,0,0
Li07,Li30,4,4,0,0,12,12,0,0
Sm42,Mi13,2,2,0,0,12,12,0,0
Tm5b,LTe38c,5,5,0,0,12,12,0,0
MLt4,mALD2,4,4,0,0,12,12,0,0
Mi14,Dm10,6,6,0,0,12,12,0,0
Mi10,MeTu3b,6,6,0,0,12,12,0,0
Tm35,LMt2,4,4,0,0,12,12,0,0
Li24,LTe52,2,2,0,0,12,12,0,0
Mi15,aMe17a1,5,5,0,0,12,12,0,0
Tm3,cL07,6,6,0,0,12,12,0,0
LMt4,Tm8a,3,3,0,0,12,12,0,0
Y3,H2,5,5,0,0,12,12,0,0
MLt8,LT77,4,4,0,0,12,12,0,0
Li27,LT11,2,2,0,0,12,12,0,0
LMa3,Dm16,4,4,0,0,12,12,0,0
Sm23,Sm34,6,6,0,0,12,12,0,0
TmY10,Li28,4,4,0,0,12,12,0,0
Mi15,MLt1,5,5,0,0,12,12,0,0
Tm27,LPC1,6,6,0,0,12,12,0,0
Y3,cL02a,4,4,0,0,12,12,0,0
Tm33,MTe52,4,4,0,0,12,12,0,0
TmY11,MTe02,2,2,0,0,12,12,0,0
LMt2,LTe13,5,5,0,0,12,12,0,0
Sm40,Dm4,5,5,0,0,12,12,0,0
Tm5c,T1,3,3,0,0,12,12,0,0
T4c,cLP05,5,5,0,0,12,12,0,0
Tm1,LPi09,2,2,0,0,12,12,0,0
MLt8,Sm24,5,5,0,0,12,12,0,0
Li01,LMt1,2,2,0,0,12,12,0,0
Sm09,LPLC2,1,1,0,0,12,12,0,0
Li31,LTe57,1,1,0,0,12,12,0,0
LC39,LT60,1,1,0,0,12,12,0,0
LC19,Tm5a,2,2,0,0,12,12,0,0
MeTu4a,LTe57,3,3,0,0,12,12,0,0
LPTe02,mALD1,2,2,0,0,12,12,0,0
MTe52,Sm22,4,4,0,0,12,12,0,0
LC28a,LCe01b,6,6,0,0,12,12,0,0
MTe25,cM08c,2,2,0,0,12,12,0,0
aMe26,Lat,3,3,0,0,12,12,0,0
cL09,LC12,5,5,0,0,12,12,0,0
LC36,PLP036,1,1,0,0,12,12,0,0
aMe17b,MeTu4d,5,5,0,0,12,12,0,0
LC28a,cL02a,4,4,0,0,12,12,0,0
LC10d,LTe58,4,4,0,0,12,12,0,0
cL10,LTe53,1,1,0,0,12,12,0,0
cL10,aMe17a1,1,1,0,0,12,12,0,0
LPTe01,LLPC3,6,6,0,0,12,12,0,0
LTe58,CB0734,1,1,0,0,12,12,0,0
LTe08,Li18,5,5,0,0,12,12,0,0
LPC2,LLPC1,6,6,0,0,12,12,0,0
LTe53,LTe68,2,2,0,0,12,12,0,0
PLP150a,LT53,2,0,0,2,12,0,0,12
LC31a,AVLP151,1,1,0,0,12,12,0,0
cM07,LC10c,5,5,0,0,12,12,0,0
cM07,LMa1,5,5,0,0,12,12,0,0
LT56,Li24,3,3,0,0,12,12,0,0
mALD2,LC46,4,4,0,0,12,12,0,0
CB0143,PLP163,1,1,0,0,12,12,0,0
LT51,LC11,2,2,0,0,12,12,0,0
aMe20,AVLP593,1,1,0,0,12,12,0,0
mALD1,LPT04_HST,1,1,0,0,12,12,0,0
LT37,LPLC2,4,4,0,0,12,12,0,0
LT39,LC36,1,1,0,0,12,12,0,0
LT39,LC14a1,2,2,0,0,12,12,0,0
cL14,Li16,4,4,0,0,12,12,0,0
DNpe053,LTe37,1,1,0,0,12,12,0,0
DNpe053,LTe35,1,1,0,0,12,12,0,0
LCe05,LT58,2,2,0,0,12,12,0,0
LT11,cL21,1,1,0,0,12,12,0,0
LT62,AVLP593,1,1,0,0,12,12,0,0
cM09,LTe56,2,2,0,0,12,12,0,0
LPT29,LCe06,3,3,0,0,12,12,0,0
LT82a,CB0143,1,1,0,0,12,12,0,0
MTe15,LC10a,3,3,0,0,12,12,0,0
aMe5,Dm11,3,3,0,0,12,12,0,0
aMe3,MTe46,3,3,0,0,12,12,0,0
cMLLP01,VCH,1,1,0,0,12,12,0,0
TmY31,cL14,4,0,4,0,11,0,11,0
Tm5a,Sm03,5,2,3,0,11,4,7,0
LPi06,T4c,5,3,2,0,11,7,4,0
Tm5b,Mi1,2,1,1,0,11,2,9,0
Sm02,Dm4,2,1,1,0,11,2,9,0
T5b,LMa3,5,2,3,0,11,5,6,0
Li08,Tm37,5,1,4,0,11,2,9,0
Pm01,Tm16,4,1,3,0,11,2,9,0
Dm2,MTe21,4,0,4,0,11,0,11,0
MLt4,LMa1,4,1,3,0,11,3,8,0
Y4,Li31,5,1,4,0,11,2,9,0
Sm34,Dm8a,5,2,3,0,11,4,7,0
TmY5a,cM07,4,1,3,0,11,2,9,0
Tm16,Pm04,4,3,1,0,11,6,5,0
TmY10,LLPC3,5,3,2,0,11,6,5,0
MLt5,Sm05,5,2,3,0,11,4,7,0
TmY11,Sm04,5,1,4,0,11,3,8,0
Tm27,T5b,4,0,4,0,11,0,11,0
Sm19,R8,3,0,3,0,11,0,11,0
MLt6,LT81,4,3,1,0,11,8,3,0
TmY16,Tm34,3,0,3,0,11,0,11,0
TmY16,LC11,4,3,1,0,11,9,2,0
T2a,Y11,5,2,3,0,11,4,7,0
Sm16,Pm14,2,0,2,0,11,0,11,0
Tm5d,MTe13,3,1,2,0,11,2,9,0
Sm23,cM03,5,0,5,0,11,0,11,0
Li08,Li08,5,1,4,0,11,2,9,0
Sm05,Tm36,4,0,4,0,11,0,11,0
Sm05,Sm31,2,0,2,0,11,0,11,0
MLt7,LPLC1,3,1,2,0,11,2,9,0
TmY9q,T5b,5,1,4,0,11,2,9,0
T4c,Tlp5,5,2,3,0,11,4,7,0
Tm8b,TmY9q⊥,5,2,3,0,11,4,7,0
Sm05,Tm8a,4,2,2,0,11,5,6,0
Sm12,cM13,5,4,1,0,11,8,3,0
TmY3,LPi07,4,2,2,0,11,5,6,0
Dm2,MTe06,5,2,3,0,11,4,7,0
Sm30,aMe19a,4,1,3,0,11,2,9,0
MLt5,LTe11,5,0,5,0,11,0,11,0
Dm16,L4,5,0,5,0,11,0,11,0
Tm5a,Li24,5,3,2,0,11,7,4,0
C3,Pm11,4,2,2,0,11,4,7,0
TmY15,LT80,5,2,3,0,11,4,7,0
Sm01,TmY5a,5,2,3,0,11,4,7,0
Sm01,Mi10,4,2,2,0,11,7,4,0
Tm32,cM08a,5,2,3,0,11,5,6,0
TmY15,Pm07,5,2,3,0,11,5,6,0
LPi06,LC14b,5,2,3,0,11,4,7,0
Sm40,Mi15,5,3,2,0,11,7,4,0
Sm40,MTe05,4,2,2,0,11,7,4,0
Sm40,MLt7,5,0,5,0,11,0,11,0
C2,Pm09,5,2,3,0,11,4,7,0
TmY4,LC26,5,1,4,0,11,2,9,0
Li01,LCe01b,5,2,3,0,11,4,7,0
Y4,Nod1,5,2,3,0,11,4,7,0
TmY4,LPT49,5,4,1,0,11,9,2,0
Tm25,Y1,5,3,2,0,11,7,4,0
LMt3,LC12,5,0,5,0,11,0,11,0
Sm24,Tm36,5,2,3,0,11,4,7,0
TmY14,LMt2,5,0,5,0,11,0,11,0
Tm5b,Pm10,5,1,4,0,11,2,9,0
Li20,LT82a,4,1,3,0,11,2,9,0
Li06,LT1d,4,2,2,0,11,4,7,0
MLt6,MTe32,4,2,2,0,11,6,5,0
Tm8b,LC33a,4,1,3,0,11,3,8,0
Y3,cL02c,4,2,2,0,11,4,7,0
TmY16,T4d,5,2,3,0,11,5,6,0
T3,Y12,3,0,3,0,11,0,11,0
Tm5e,Sm22,4,0,4,0,11,0,11,0
T3,Li31,5,2,3,0,11,4,7,0
Tm5c,LMa2,5,1,4,0,11,2,9,0
Li13,Tlp1,4,0,4,0,11,0,11,0
LPi05,Li10,3,0,3,0,11,0,11,0
Y4,MTe18,4,2,2,0,11,7,4,0
TmY4,T5a,5,2,3,0,11,4,7,0
Li17,Pm01,2,0,2,0,11,0,11,0
TmY31,T2,5,2,3,0,11,4,7,0
Tm36,Sm40,5,1,4,0,11,2,9,0
TmY20,LTe64,4,3,1,0,11,6,5,0
LLPt,LTe26,3,1,2,0,11,2,9,0
Dm2,MeTu4d,3,1,2,0,11,2,9,0
TmY31,TmY3,5,1,4,0,11,3,8,0
Sm13,Sm15,4,0,4,0,11,0,11,0
MLt2,LPLC1,3,2,1,0,11,4,7,0
Tm5a,LC22,5,3,2,0,11,6,5,0
Tm5c,LT72,5,2,3,0,11,4,7,0
Sm31,Dm12,4,0,4,0,11,0,11,0
Sm31,Tm16,4,1,3,0,11,3,8,0
TmY3,Lawf2,5,1,4,0,11,2,9,0
Tm32,MTe50,5,3,2,0,11,6,5,0
TmY9q⊥,LT84,4,2,2,0,11,6,5,0
Tm3,LC10c,2,1,1,0,11,6,5,0
Y1,MTe54,5,3,2,0,11,6,5,0
Mi15,MTe03,3,2,1,0,11,4,7,0
Y1,C2,5,3,2,0,11,6,5,0
Li04,LC37a,4,2,2,0,11,5,6,0
Li07,LT53,5,1,4,0,11,2,9,0
Li07,LT65,3,1,2,0,11,2,9,0
Li05,cL08,5,1,4,0,11,2,9,0
T4a,TmY31,5,2,3,0,11,4,7,0
T3,Tm9,5,3,2,0,11,7,4,0
Tm31,MeTu3b,4,1,3,0,11,3,8,0
TmY4,cL18,5,2,3,0,11,4,7,0
Tm27,MTe36,5,2,3,0,11,5,6,0
LMt1,LC16,5,2,3,0,11,5,6,0
Sm10,Pm13,5,2,3,0,11,4,7,0
Li20,Tm9,2,1,1,0,11,3,8,0
Li19,LC16,5,1,4,0,11,2,9,0
Tm34,LTe20,4,1,3,0,11,2,9,0
Tm34,LMa3,5,3,2,0,11,7,4,0
Sm27,TmY14,5,3,2,0,11,7,4,0
Tm33,LTe10,2,0,2,0,11,0,11,0
L1,MeMe_e07,5,2,3,0,11,4,7,0
Tm16,L1,2,0,2,0,11,0,11,0
LMa3,Tm20,5,3,2,0,11,6,5,0
T5a,T4b,5,3,2,0,11,6,5,0
LPi04,Am1,3,1,2,0,11,3,8,0
T2a,Dm15,4,0,4,0,11,0,11,0
T4b,LPi09,3,1,2,0,11,2,9,0
Tm16,mALD2,5,2,3,0,11,4,7,0
Tm20,LMt4,4,1,3,0,11,2,9,0
Mi1,MeTu3c,5,2,3,0,11,4,7,0
Dm9,Dm10,5,1,4,0,11,2,9,0
Tm25,Dm12,4,0,4,0,11,0,11,0
LMt4,LT66,4,2,2,0,11,4,7,0
Tm35,LTe45,5,1,4,0,11,2,9,0
Pm03,Y12,5,1,4,0,11,2,9,0
LMa1,LMa1,5,2,3,0,11,4,7,0
Li26,LC21,5,2,3,0,11,4,7,0
MLt8,Sm04,5,4,1,0,11,9,2,0
TmY5a,LTe43,4,1,3,0,11,2,9,0
Sm21,Sm26,5,3,2,0,11,6,5,0
MLt4,LMt3,5,2,3,0,11,4,7,0
Li12,MLt2,4,3,1,0,11,8,3,0
Li12,MeTu4c,5,3,2,0,11,7,4,0
Li06,LT51,5,0,5,0,11,0,11,0
Sm41,Tm4,5,3,2,0,11,7,4,0
Sm41,Pm05,4,2,2,0,11,4,7,0
Sm41,CB0566,2,1,1,0,11,4,7,0
Sm41,MTe30,2,1,1,0,11,4,7,0
Sm41,LT58,2,1,1,0,11,9,2,0
Li05,LPLC2,5,2,3,0,11,4,7,0
MLt5,Dm4,5,3,2,0,11,7,4,0
Tm1,LMt1,5,1,4,0,11,3,8,0
Y11,LTe52,5,3,2,0,11,6,5,0
Tm5b,LC14b,4,2,2,0,11,4,7,0
Tm5e,Sm04,5,1,4,0,11,3,8,0
Tm5e,LTe12,5,3,2,0,11,7,4,0
Tm5e,Tlp1,3,1,2,0,11,6,5,0
Tm5e,LTe43,5,3,2,0,11,6,5,0
Li13,LTe04,4,0,4,0,11,0,11,0
T4b,cML01,5,4,1,0,11,9,2,0
TmY9q,cM09,4,0,4,0,11,0,11,0
TmY31,CB2848,4,1,3,0,11,2,9,0
Sm05,Tm4,4,0,4,0,11,0,11,0
MLt4,Li02,5,2,3,0,11,4,7,0
Y3,MTe50,3,1,2,0,11,3,8,0
Tm5c,Sm36,4,1,3,0,11,2,9,0
Tm27,LC24,5,0,5,0,11,0,11,0
Pm04,TmY4,5,3,2,0,11,7,4,0
TmY16,Li10,5,3,2,0,11,6,5,0
Sm06,MTe53,5,1,4,0,11,2,9,0
Li10,LTe03,5,3,2,0,11,7,4,0
Li18,LT77,4,0,4,0,11,0,11,0
TmY4,Pm05,5,1,4,0,11,2,9,0
Pm03,MTe54,5,1,4,0,11,3,8,0
MLt6,Sm31,4,2,2,0,11,6,5,0
TmY16,LC29,5,1,4,0,11,3,8,0
LMt3,OA-AL2i2,4,3,1,0,11,9,2,0
Y12,LT53,5,3,2,0,11,6,5,0
Sm10,Sm34,5,3,2,0,11,6,5,0
Y3,LTe49b,5,0,5,0,11,0,11,0
Li06,LCe01b,4,2,2,0,11,7,4,0
Dm12,Sm04,5,1,4,0,11,2,9,0
Sm11,Sm12,4,2,2,0,11,4,7,0
LPi14,LPC2,5,2,3,0,11,5,6,0
TmY11,LTe38a,5,3,2,0,11,6,5,0
TmY4,Tm3,5,2,3,0,11,4,7,0
Tlp14,LPT21,4,1,3,0,11,5,6,0
Tlp14,T2,4,3,1,0,11,9,2,0
TmY4,Pm08,5,3,2,0,11,6,5,0
R8,MeTu3b,4,0,4,0,11,0,11,0
Tm16,LT81,5,2,3,0,11,4,7,0
TmY10,MLt6,5,1,4,0,11,2,9,0
MLt5,Sm41,5,4,1,0,11,9,2,0
Tlp4,Tm36,5,3,2,0,11,7,4,0
Tm3,5-HTPMPV03,5,3,2,0,11,6,5,0
TmY5a,LT87,5,1,4,0,11,2,9,0
Tm25,Mi10,4,2,2,0,11,7,4,0
TmY9q⊥,cL16,5,2,3,0,11,5,6,0
T4b,DCH,4,1,3,0,11,2,9,0
L1,Sm02,5,4,1,0,11,9,2,0
TmY4,Pm03,4,1,3,0,11,4,7,0
L4,Dm18,5,1,4,0,11,2,9,0
Tm4,Mi15,5,1,4,0,11,2,9,0
Dm11,MTe02,5,1,4,0,11,2,9,0
Sm14,Sm18,4,2,2,0,11,5,6,0
Tm27,MeTu1,4,2,2,0,11,4,7,0
Pm06,MTe18,4,3,1,0,11,8,3,0
Tm33,Tm5c,4,2,2,0,11,6,5,0
Tm37,Sm41,3,2,1,0,11,4,7,0
Tm5a,Sm42,5,1,4,0,11,2,9,0
Sm06,MeTu3c,5,2,3,0,11,5,6,0
Tm34,Pm10,4,1,3,0,11,2,9,0
Dm10,TmY14,3,2,1,0,11,5,6,0
Tm5b,Li17,5,3,2,0,11,7,4,0
Tm31,Tm3,5,2,3,0,11,4,7,0
Y1,LT65,5,3,2,0,11,6,5,0
Sm01,Sm41,4,3,1,0,11,7,4,0
Sm01,MTe22,2,0,2,0,11,0,11,0
T4c,Nod3,5,1,4,0,11,2,9,0
Tm8a,MTe40,5,4,1,0,11,8,3,0
TmY16,LPC1,5,4,1,0,11,9,2,0
Li18,LT51,4,1,3,0,11,2,9,0
Li18,Li13,5,2,3,0,11,4,7,0
Tm34,Pm14,5,3,2,0,11,7,4,0
Tm5c,cM15,4,2,2,0,11,7,4,0
T3,Tm5b,5,4,1,0,11,9,2,0
Tm35,LC46,4,0,4,0,11,0,11,0
Li05,LTe54,5,2,3,0,11,4,7,0
LPi10,TmY31,4,2,2,0,11,4,7,0
Tm32,LTe15,5,1,4,0,11,2,9,0
Mi4,Dm8b,5,1,4,0,11,2,9,0
TmY11,Dm13,5,1,4,0,11,3,8,0
Li13,Sm07,3,0,3,0,11,0,11,0
Y4,LT83,3,1,2,0,11,3,8,0
Sm22,Lawf2,4,1,3,0,11,2,9,0
Sm22,TmY31,4,0,4,0,11,0,11,0
TmY10,TmY3,5,2,3,0,11,4,7,0
Li02,LCe06,4,3,1,0,11,8,3,0
Tm34,Li32,4,1,3,0,11,4,7,0
LPi01,LLPC2,4,0,4,0,11,0,11,0
Tm16,PLP155,4,2,2,0,11,6,5,0
Tm16,LTe14,5,2,3,0,11,4,7,0
LLPt,LCe09,5,3,2,0,11,6,5,0
Tm34,LTe37,5,1,4,0,11,2,9,0
MLt7,C2,4,0,4,0,11,0,11,0
LMa3,MeMe_e08,4,1,3,0,11,4,7,0
Tm16,LC26,5,1,4,0,11,2,9,0
Mi4,Y1,5,2,3,0,11,5,6,0
MLt5,Sm35,5,4,1,0,11,9,2,0
Tm21,Pm12,5,2,3,0,11,4,7,0
Tm5b,LT40,5,3,2,0,11,7,4,0
Tm32,LT55,4,0,4,0,11,0,11,0
Tm5b,Sm06,5,4,1,0,11,9,2,0
Tm32,LTe16,3,2,1,0,11,7,4,0
C3,Tm5f,2,1,1,0,11,2,9,0
Tm3,DNp27,5,2,3,0,11,4,7,0
LMa2,LC10e,4,0,4,0,11,0,11,0
LMa2,TmY10,5,0,5,0,11,0,11,0
LMa2,LTe24,3,2,1,0,11,8,3,0
Tm20,Li17,4,1,3,0,11,2,9,0
Dm2,CB0816,4,2,2,0,11,4,7,0
Li18,LT69,4,2,2,0,11,4,7,0
Tlp5,Tm5f,4,1,3,0,11,3,8,0
Li08,LTe15,4,2,2,0,11,7,4,0
Tm5c,Lawf2,5,3,2,0,11,6,5,0
Y1,Li06,5,2,3,0,11,5,6,0
Mi2,T4d,4,0,4,0,11,0,11,0
Li05,cL19,5,3,2,0,11,7,4,0
TmY11,LTe31,3,0,3,0,11,0,11,0
Li06,LC4,5,1,4,0,11,2,9,0
Mi10,Sm16,5,1,4,0,11,2,9,0
Tm5a,LMa5,3,1,2,0,11,4,7,0
Li09,LTe18,4,0,4,0,11,0,11,0
TmY5a,LTe49b,5,0,5,0,11,0,11,0
T2,MTe18,3,0,3,0,11,0,11,0
Tm36,LLPC3,5,4,1,0,11,8,3,0
Tm36,TmY14,5,2,3,0,11,4,7,0
Dm4,Sm02,2,1,1,0,11,7,4,0
Tm35,Sm08,5,3,2,0,11,6,5,0
TmY15,Li24,5,2,3,0,11,4,7,0
TmY10,aMe5,5,1,4,0,11,2,9,0
Y1,LC11,5,0,5,0,11,0,11,0
MLt5,MTe47,5,4,1,0,11,9,2,0
MLt3,LC17,5,2,3,0,11,4,7,0
Pm09,TmY10,4,3,1,0,11,8,3,0
LLPt,LTe53,4,1,3,0,11,3,8,0
R8,Sm12,5,4,1,0,11,9,2,0
T3,cL08,5,3,2,0,11,7,4,0
Sm12,MTe19,3,1,2,0,11,6,5,0
Tm5c,LTe27,5,4,1,0,11,9,2,0
MLt2,LMa5,5,4,1,0,11,9,2,0
MLt4,Tm1,3,1,2,0,11,7,4,0
Sm12,Tm31,5,1,4,0,11,2,9,0
Sm17,MeMe_e10,4,1,3,0,11,2,9,0
LMt3,Mi1,2,1,1,0,11,7,4,0
LMt3,LT83,1,0,1,0,11,0,11,0
Li28,LCe07,4,3,1,0,11,9,2,0
Li28,LTe21,3,1,2,0,11,4,7,0
Li28,LT75,3,1,2,0,11,4,7,0
Li28,LT57,5,2,3,0,11,4,7,0
Li28,LTe20,3,2,1,0,11,8,3,0
Li11,Li30,5,3,2,0,11,6,5,0
Li01,Tm5a,5,3,2,0,11,7,4,0
Tm35,Sm12,5,2,3,0,11,4,7,0
Dm8b,Sm06,5,1,4,0,11,3,8,0
Y4,MLt3,5,1,4,0,11,3,8,0
Dm4,Dm11,5,0,5,0,11,0,11,0
TmY10,MeTu4a,5,3,2,0,11,7,4,0
Pm14,TmY31,5,4,1,0,11,9,2,0
LMa2,Mi4,5,3,2,0,11,7,4,0
TmY4,LT65,3,0,3,0,11,0,11,0
Tm5b,Dm11,5,3,2,0,11,7,4,0
LPi04,LPi03,5,4,1,0,11,8,3,0
TmY31,cM11,2,0,2,0,11,0,11,0
Li03,Li09,5,3,2,0,11,6,5,0
L5,Tm37,3,0,3,0,11,0,11,0
T5d,LPi02,5,1,4,0,11,2,9,0
Sm27,MeTu4c,5,2,3,0,11,5,6,0
Tm7,LT68,3,2,1,0,11,6,5,0
Mi1,MTe44,5,2,3,0,11,4,7,0
L4,Tm5f,5,3,2,0,11,6,5,0
Sm10,Mi9,5,3,2,0,11,6,5,0
Sm22,cM08a,5,2,3,0,11,4,7,0
LMa3,LC29,5,3,2,0,11,7,4,0
TmY3,LC15,4,3,1,0,11,6,5,0
Sm10,MTe25,5,4,1,0,11,9,2,0
Tm2,L3,5,4,1,0,11,8,3,0
Y1,LPT50,1,0,1,0,11,0,11,0
Li31,Tm31,5,1,4,0,11,2,9,0
Li31,Tm3,5,2,3,0,11,4,7,0
Li31,LT1a,2,1,1,0,11,9,2,0
Li31,LTe58,3,2,1,0,11,6,5,0
Sm30,R7,3,0,3,0,11,0,11,0
Sm30,TmY9q⊥,5,1,4,0,11,2,9,0
Pm09,MTe03,4,2,2,0,11,7,4,0
Li22,LT80,4,3,1,0,11,6,5,0
Tm36,LT74,5,4,1,0,11,9,2,0
Tm36,Li12,5,1,4,0,11,2,9,0
TmY11,LTe16,4,1,3,0,11,2,9,0
Sm39,Sm07,5,1,4,0,11,3,8,0
Sm39,Dm2,5,4,1,0,11,9,2,0
Sm39,cM07,2,1,1,0,11,6,5,0
Tm5e,Dm13,4,1,3,0,11,2,9,0
Y11,LPTe02,5,4,1,0,11,9,2,0
Li05,cL02c,3,1,2,0,11,3,8,0
Tm16,LC12,4,0,4,0,11,0,11,0
Sm32,Mi1,5,2,3,0,11,5,6,0
Y12,TmY9q,5,3,2,0,11,6,5,0
Sm06,Tm5b,4,1,3,0,11,3,8,0
T2,CB0592,5,4,1,0,11,8,3,0
Sm09,MTe42,4,2,2,0,11,5,6,0
TmY14,LC35,3,1,2,0,11,5,6,0
MLt6,LC10c,5,4,1,0,11,9,2,0
MLt8,LT78,3,0,3,0,11,0,11,0
T5b,TmY31,4,1,3,0,11,4,7,0
LPi09,T4a,5,2,3,0,11,4,7,0
T3,Pm11,5,3,2,0,11,6,5,0
Li10,mALC5,4,2,2,0,11,7,4,0
Sm06,Tm37,3,2,1,0,11,9,2,0
LMt1,LC43,5,4,1,0,11,9,2,0
Sm06,Tm5c,5,1,4,0,11,2,9,0
T2,T4b,5,1,4,0,11,2,9,0
TmY15,Pm11,5,3,2,0,11,7,4,0
Tm5e,L5,3,0,3,0,11,0,11,0
T3,Li14,4,0,4,0,11,0,11,0
Pm12,Mi13,5,0,5,0,11,0,11,0
Tm5b,Li30,5,3,2,0,11,6,5,0
Li13,LMa1,4,1,3,0,11,2,9,0
Pm06,MTe52,5,3,2,0,11,6,5,0
Dm9,MeTu3b,5,3,2,0,11,6,5,0
Tm21,MeMe_e07,5,3,2,0,11,7,4,0
Tm25,LMt2,5,1,4,0,11,2,9,0
Sm03,Dm11,5,4,1,0,11,9,2,0
Sm42,Tm5b,4,2,2,0,11,5,6,0
Sm42,MTe14,4,2,2,0,11,6,5,0
Sm42,TmY4,3,1,2,0,11,7,4,0
Sm42,Y3,4,1,3,0,11,3,8,0
Sm42,aMe25,2,1,1,0,11,5,6,0
Sm42,cM03,3,2,1,0,11,5,6,0
Sm42,MeTu3c,5,1,4,0,11,2,9,0
Sm42,MTe29,2,1,1,0,11,9,2,0
Tm5a,LC9,4,2,2,0,11,7,4,0
Li25,LC31c,4,2,2,0,11,5,6,0
Tm27,LPC2,5,3,2,0,11,7,4,0
Tm5e,LTe28,3,2,1,0,11,6,5,0
Pm08,Sm05,4,0,4,0,11,0,11,0
TmY14,5-HTPMPV03,5,3,2,0,11,7,4,0
Tm8b,LC14b,5,3,2,0,11,7,4,0
Tm5c,LTe42a,3,1,2,0,11,3,8,0
Tm8a,Tm5a,5,3,2,0,11,7,4,0
Li14,LLPC1,5,4,1,0,11,9,2,0
R8,Tm3,4,1,3,0,11,2,9,0
Y3,LTe12,5,2,3,0,11,4,7,0
L5,Tm16,5,2,3,0,11,4,7,0
Sm08,MTe47,4,2,2,0,11,6,5,0
LPi11,TmY3,3,2,1,0,11,9,2,0
LPi06,TmY31,5,3,2,0,11,6,5,0
LMa5,LC14a1,5,4,1,0,11,9,2,0
Li27,LT57,4,1,3,0,11,2,9,0
Li27,cM07,3,2,1,0,11,7,4,0
Li27,LCe01,3,1,2,0,11,5,6,0
R7,Sm07,3,2,1,0,11,9,2,0
Li08,LT77,5,3,2,0,11,7,4,0
Tm5a,Li32,4,0,4,0,11,0,11,0
T2a,MTe08,4,2,2,0,11,7,4,0
TmY16,TmY10,5,1,4,0,11,2,9,0
Tm21,LC12,4,0,4,0,11,0,11,0
Sm33,Sm06,5,4,1,0,11,8,3,0
Sm33,Tm34,4,2,2,0,11,6,5,0
C3,Tm5e,3,1,2,0,11,2,9,0
TmY9q,T5c,4,1,3,0,11,2,9,0
TmY3,TmY10,5,3,2,0,11,7,4,0
Tm21,C2,5,3,2,0,11,7,4,0
LPi12,VCH,2,1,1,0,11,5,6,0
MLt2,LC10c,5,4,1,0,11,9,2,0
Li13,LTe30,4,2,2,0,11,6,5,0
Pm09,Mi10,3,2,1,0,11,9,2,0
MLt5,5-HTPMPV03,5,3,2,0,11,6,5,0
Tm7,Tm3,4,1,3,0,11,4,7,0
Mi14,MTe43,5,4,1,0,11,9,2,0
L4,Dm4,5,2,3,0,11,5,6,0
Y11,LT51,3,2,1,0,11,9,2,0
Sm40,LMa5,5,4,1,0,11,9,2,0
Tlp1,LPT47_vCal2,4,2,2,0,11,4,7,0
Sm26,Sm15,2,0,2,0,11,0,11,0
Li12,Sm07,2,0,2,0,11,0,11,0
Tm27,Y11,5,4,1,0,11,9,2,0
Y11,LC39,4,3,1,0,11,7,4,0
Li33,LT80,3,1,2,0,11,4,7,0
Li33,LTe42c,2,1,1,0,11,7,4,0
Li33,MLt3,5,4,1,0,11,9,2,0
Li33,OA-AL2i1,2,1,1,0,11,7,4,0
Pm14,T4b,4,0,4,0,11,0,11,0
Pm14,cM05,3,2,1,0,11,8,3,0
Pm14,Tm5d,4,3,1,0,11,9,2,0
Mi2,MTe51,5,4,1,0,11,9,2,0
Tm32,LCe01a,2,1,1,0,11,6,5,0
TmY4,LPT31,5,4,1,0,11,9,2,0
Dm2,Pm13,4,1,3,0,11,4,7,0
Li05,cL02b,3,2,1,0,11,9,2,0
Tm31,Sm15,4,2,2,0,11,4,7,0
Tm5c,Sm19,4,2,2,0,11,7,4,0
Dm20,MTe50,5,3,2,0,11,6,5,0
Tm5f,MLt4,5,3,2,0,11,7,4,0
Y3,LT41,5,3,2,0,11,7,4,0
Li18,Tm31,5,1,4,0,11,2,9,0
MLt2,Tm5a,4,2,2,0,11,4,7,0
Pm13,TmY14,4,1,3,0,11,2,9,0
Sm35,MeMe_e09,4,2,2,0,11,7,4,0
Sm02,cM08b,5,0,5,0,11,0,11,0
C2,Tm5c,5,4,1,0,11,8,3,0
MLt2,aMe5,5,3,2,0,11,6,5,0
Sm14,Sm09,4,1,3,0,11,4,7,0
Mi15,L1,5,1,4,0,11,2,9,0
Y11,MTe03,5,4,1,0,11,9,2,0
Mi13,Tm5f,4,0,4,0,11,0,11,0
Mi13,Tm5b,3,2,1,0,11,7,4,0
Tlp14,TmY31,2,0,2,0,11,0,11,0
Tm3,LC9,4,2,2,0,11,6,5,0
Sm38,Sm30,5,3,2,0,11,7,4,0
Dm12,MLt1,5,3,2,0,11,6,5,0
L4,OA-AL2i1,5,2,3,0,11,4,7,0
Li32,Tm5e,3,1,2,0,11,5,6,0
Li32,LCe01b,3,0,3,0,11,0,11,0
Li32,OA-AL2b1,2,1,1,0,11,6,5,0
Sm34,Sm10,4,2,2,0,11,5,6,0
Tm31,MTe05,4,3,1,0,11,9,2,0
Pm05,MTe13,5,3,2,0,11,7,4,0
Tm32,Tm34,5,4,1,0,11,9,2,0
LMt1,LT80,3,2,1,0,11,9,2,0
TmY4,T4b,5,2,3,0,11,4,7,0
T2a,LT53,3,2,1,0,11,9,2,0
Tm5a,Dm2,5,4,1,0,11,9,2,0
C3,TmY16,5,2,3,0,11,4,7,0
TmY31,Sm35,5,3,2,0,11,7,4,0
Dm10,Li05,2,0,2,0,11,0,11,0
Sm35,Sm21,4,3,1,0,11,9,2,0
DmDRA1,aMe9,5,4,1,0,11,8,3,0
Tm35,Mi10,4,3,1,0,11,9,2,0
PDt,Mi9,3,2,1,0,11,9,2,0
LMa2,TmY20,5,4,1,0,11,8,3,0
Li24,Tm5d,5,1,4,0,11,2,9,0
MLt1,OA-AL2i3,5,2,3,0,11,4,7,0
Mi13,TmY16,4,3,1,0,11,9,2,0
Sm15,Tm5b,4,1,3,0,11,2,9,0
T2,LT62,3,2,1,0,11,6,5,0
Dm15,T5b,1,0,1,0,11,0,11,0
Am1,LPT50,2,1,1,0,11,5,6,0
Am1,LPT28,2,1,1,0,11,8,3,0
Am1,LPi04,3,2,1,0,11,9,2,0
Li22,mALC3,4,1,3,0,11,2,9,0
Mi14,LMa4,5,4,1,0,11,9,2,0
Tm32,MTe47,5,2,3,0,11,5,6,0
TmY10,CB0472,5,4,1,0,11,9,2,0
Tm5c,MLt5,5,3,2,0,11,6,5,0
Pm10,C3,5,1,4,0,11,2,9,0
Pm03,LMt3,5,3,2,0,11,6,5,0
Tlp1,Tm36,3,1,2,0,11,3,8,0
DmDRA2,R7,4,3,1,0,11,9,2,0
Dm2,T2a,5,4,1,0,11,9,2,0
DmDRA2,Tm5b,4,3,1,0,11,9,2,0
Lawf1,R7,3,0,3,0,11,0,11,0
LPi14,VS7,3,2,1,0,11,8,3,0
LPi14,OA-AL2i1,3,2,1,0,11,8,3,0
Dm15,Lawf1,5,2,3,0,11,5,6,0
Tm37,LC14a2,2,0,2,0,11,0,11,0
LLPt,LTe05,5,4,1,0,11,9,2,0
Dm10,Tm5b,5,4,1,0,11,9,2,0
Sm14,MLt2,5,3,2,0,11,6,5,0
Mi4,5-HTPMPV03,5,3,2,0,11,6,5,0
Sm15,Sm13,3,0,3,0,11,0,11,0
Sm12,Sm34,4,2,2,0,11,5,6,0
MLt3,L5,4,1,3,0,11,2,9,0
Sm07,MTe18,5,4,1,0,11,8,3,0
TmY14,MeMe_e07,5,3,2,0,11,7,4,0
Li13,LTe42b,5,4,1,0,11,9,2,0
Sm04,MLt1,4,2,2,0,11,6,5,0
Sm04,Sm22,3,0,3,0,11,0,11,0
Li12,LTe49b,4,1,3,0,11,2,9,0
MLt1,LTe38c,4,3,1,0,11,7,4,0
Tm8a,Tm4,4,2,2,0,11,4,7,0
Y12,cLLPM02,5,4,1,0,11,9,2,0
Li30,cL02a,3,2,1,0,11,6,5,0
Li30,LC9,5,3,2,0,11,7,4,0
Li30,LT73,3,1,2,0,11,3,8,0
Li30,LTe42c,2,1,1,0,11,6,5,0
Li30,LPLC2,5,2,3,0,11,5,6,0
Li30,LCe06,3,2,1,0,11,8,3,0
LMa2,Li03,5,4,1,0,11,9,2,0
TmY10,PDt,5,4,1,0,11,9,2,0
Pm09,MTe54,5,3,2,0,11,7,4,0
L4,TmY9q,5,2,3,0,11,4,7,0
LMt3,LPT30,2,1,1,0,11,9,2,0
Y12,MLt4,5,3,2,0,11,6,5,0
Sm07,aMe19b,5,4,1,0,11,9,2,0
Mi2,MTe54,4,3,1,0,11,8,3,0
TmY31,LMt2,5,4,1,0,11,9,2,0
LMt1,CB3089,3,2,1,0,11,8,3,0
Dm10,Li28,1,0,1,0,11,0,11,0
Tm8b,LT84,4,2,2,0,11,6,5,0
MLt1,LMa4,2,1,1,0,11,8,3,0
Tm25,T5c,5,0,5,0,11,0,11,0
Li29,Y11,5,3,2,0,11,7,4,0
Li29,Tm20,4,3,1,0,11,9,2,0
Li29,LC4,4,1,3,0,11,4,7,0
Li29,Y12,5,3,2,0,11,6,5,0
Li29,Li28,2,1,1,0,11,8,3,0
Mi2,MeLp2,5,4,1,0,11,9,2,0
Sm36,TmY14,5,4,1,0,11,9,2,0
Sm09,Mi15,4,3,1,0,11,9,2,0
Sm32,CB0566,2,0,2,0,11,0,11,0
LPi13,LPT26,2,1,1,0,11,3,8,0
LPi13,VS8,2,1,1,0,11,8,3,0
MLt4,LT51,4,2,2,0,11,7,4,0
Mi10,cM08b,5,4,1,0,11,9,2,0
TmY20,LTe42c,4,3,1,0,11,9,2,0
MLt3,Li29,4,2,2,0,11,5,6,0
Lawf1,T2,4,3,1,0,11,8,3,0
Li23,LT72,2,1,1,0,11,4,7,0
Li23,LC27,4,3,1,0,11,9,2,0
Li23,LTe27,2,1,1,0,11,6,5,0
LMa2,Tm5d,5,4,1,0,11,9,2,0
Li12,Li23,4,3,1,0,11,7,4,0
TmY9q,Mi10,4,3,1,0,11,6,5,0
TmY11,Dm20,5,3,2,0,11,7,4,0
Y1,MTe47,5,4,1,0,11,8,3,0
Tm5b,LCe06,5,4,1,0,11,9,2,0
C3,Lawf2,5,3,2,0,11,7,4,0
LPi03,LPT52,1,0,1,0,11,0,11,0
Sm22,LMa2,5,4,1,0,11,9,2,0
Tm5e,Pm14,4,3,1,0,11,7,4,0
Li02,LTe76,5,4,1,0,11,9,2,0
Dm20,Sm20,3,0,3,0,11,0,11,0
Dm8a,Tm32,3,2,1,0,11,8,3,0
MeTu3a,Mi14,5,4,1,0,11,8,3,0
LC21,LTe47,4,2,2,0,11,7,4,0
LC15,LT11,5,2,3,0,11,4,7,0
LT55,LC10e,5,2,3,0,11,5,6,0
LT55,cL10,2,1,1,0,11,8,3,0
LT55,MLt8,4,2,2,0,11,6,5,0
MeTu4c,LT58,4,1,3,0,11,5,6,0
LCe04,aMe20,5,2,3,0,11,5,6,0
MeLp1,cML01,2,2,0,0,11,11,0,0
LT66,Li16,4,1,3,0,11,4,7,0
LC18,Li31,5,4,1,0,11,9,2,0
cM09,LTe72,3,2,1,0,11,6,5,0
cM09,MLt1,5,3,2,0,11,7,4,0
LC25,Li11,5,2,3,0,11,4,7,0
LT11,Li16,5,4,1,0,11,8,3,0
LC15,LT76,5,2,3,0,11,5,6,0
cLPL01,Li19,2,1,1,0,11,4,7,0
MTe21,DNp27,1,0,1,0,11,0,11,0
MTe46,aMe8,2,2,0,0,11,11,0,0
LTe08,LLPt,5,4,1,0,11,9,2,0
LT34,TmY4,2,0,2,0,11,0,11,0
LLPC2,LT64,4,2,2,0,11,7,4,0
LT42,LTe15,2,1,1,0,11,6,5,0
LTe15,LT36,1,0,1,0,11,0,11,0
LTe15,Li05,5,3,2,0,11,6,5,0
LC13,Li02,5,3,2,0,11,7,4,0
MeMe_e02,MTe28,5,2,3,0,11,4,7,0
MeTu1,aMe17b,5,2,3,0,11,4,7,0
LT60,LT66,2,1,1,0,11,6,5,0
LC16,LC31c,5,3,2,0,11,7,4,0
aMe12,LTe71,3,1,2,0,11,6,5,0
MeTu4a,MTe26,4,0,4,0,11,0,11,0
LT43,Li10,5,3,2,0,11,7,4,0
LC17,LC31a,5,1,4,0,11,2,9,0
MeTu4c,Sm03,4,1,3,0,11,2,9,0
LC10d,Li24,5,3,2,0,11,7,4,0
cL02d,Li19,3,0,3,0,11,0,11,0
MeTu4a,Tm5d,4,0,4,0,11,0,11,0
LTe03,Li10,5,2,3,0,11,4,7,0
MeTu4c,LCe09,5,3,2,0,11,6,5,0
MTe01a,Pm05,5,2,3,0,11,5,6,0
MTe41,MTe42,2,1,1,0,11,7,4,0
LCe05,LTe42b,4,1,3,0,11,4,7,0
LCe05,LTe64,5,0,5,0,11,0,11,0
LT78,LT78,3,0,3,0,11,0,11,0
LC20b,Y4,5,2,3,0,11,5,6,0
cL16,LC28a,5,3,2,0,11,7,4,0
cL16,LT39,3,2,1,0,11,5,6,0
LC14b,cM07,4,3,1,0,11,9,2,0
MTe01b,MTe19,4,1,3,0,11,3,8,0
LC14b,Tm8b,4,1,3,0,11,3,8,0
LC24,LT86,4,2,2,0,11,5,6,0
MTe50,Dm12,5,1,4,0,11,2,9,0
LC25,LC17,4,2,2,0,11,6,5,0
LC10c,LT58,5,2,3,0,11,4,7,0
MeMe_e08,Tm5e,5,2,3,0,11,5,6,0
LPT04_HST,cLP03,2,0,2,0,11,0,11,0
LPT04_HST,LPi14,4,2,2,0,11,6,5,0
LPT04_HST,cM01b,1,0,1,0,11,0,11,0
LPT04_HST,VCH,2,1,1,0,11,6,5,0
cL14,TmY16,5,2,3,0,11,4,7,0
cL14,cL10,2,1,1,0,11,2,9,0
LT52,LC37a,4,2,2,0,11,6,5,0
LT52,LT58,5,3,2,0,11,7,4,0
LC10b,Tm16,5,2,3,0,11,4,7,0
LPC2,T4d,5,1,4,0,11,2,9,0
LC10b,LTe64,4,2,2,0,11,6,5,0
aMe17b,Tm5d,5,3,2,0,11,6,5,0
aMe17b,Sm15,5,2,3,0,11,4,7,0
MTe14,Tm5d,5,2,3,0,11,5,6,0
LC13,cL02d,4,1,3,0,11,4,7,0
LLPC3,LPi03,3,1,2,0,11,4,7,0
H1,LPi13,1,1,0,0,11,11,0,0
LT62,Li31,2,1,1,0,11,6,5,0
CB0816,Tm7,4,1,3,0,11,2,9,0
CB0816,Sm05,5,4,1,0,11,9,2,0
cM08c,LTe69,3,1,2,0,11,5,6,0
cM08c,LT64,4,3,1,0,11,8,3,0
aMe26,Tm32,4,1,3,0,11,2,9,0
aMe26,MeMe_e02,5,1,4,0,11,2,9,0
LC14a1,Tm5c,4,1,3,0,11,2,9,0
LPT54,cM17,2,1,1,0,11,4,7,0
LC34,LT55,3,1,2,0,11,5,6,0
LC34,LTe58,4,2,2,0,11,7,4,0
LC34,LC10f,5,1,4,0,11,2,9,0
MeMe_e02,Tm35,5,4,1,0,11,9,2,0
aMe9,Tm35,5,3,2,0,11,7,4,0
aMe9,MTe28,4,2,2,0,11,5,6,0
LC41,LC33a,5,2,3,0,11,5,6,0
LPLC2,Tm20,3,2,1,0,11,9,2,0
LT52,LTe38a,4,3,1,0,11,8,3,0
cL03,cMLLP02,4,3,1,0,11,9,2,0
LT69,Tm33,5,1,4,0,11,2,9,0
LT69,CB3089,1,0,1,0,11,0,11,0
LC14b,T3,4,3,1,0,11,9,2,0
LPT45_dCal1,VS8,2,1,1,0,11,5,6,0
LPT45_dCal1,LPi15,3,1,2,0,11,6,5,0
LPT45_dCal1,LPi05,3,2,1,0,11,6,5,0
LPLC4,LC4,5,1,4,0,11,3,8,0
LC4,Li16,5,4,1,0,11,9,2,0
LPTe01,LPC2,5,1,4,0,11,2,9,0
LC22,PLP241,3,0,3,0,11,0,11,0
OA-AL2b1,LC28a,5,3,2,0,11,7,4,0
aMe20,LTe56,1,0,1,0,11,0,11,0
cL08,LPLC2,3,1,2,0,11,6,5,0
cL08,Li17,5,2,3,0,11,5,6,0
LPLC1,LT87,5,0,5,0,11,0,11,0
AN_multi_124,T2a,4,0,4,0,11,0,11,0
MeMe_e08,OA-AL2i2,4,2,2,0,11,5,6,0
MeMe_e08,MLt1,5,3,2,0,11,7,4,0
MTe54,T2a,5,1,4,0,11,2,9,0
MTe25,aMe24,1,0,1,0,11,0,11,0
MTe25,Tm5b,5,1,4,0,11,2,9,0
MTe25,MTe22,2,1,1,0,11,8,3,0
MTe25,Sm31,4,3,1,0,11,9,2,0
LT70,TmY5a,4,2,2,0,11,4,7,0
LT70,LTe17,5,3,2,0,11,7,4,0
cM19,cM19,3,0,1,2,11,0,2,9
cM19,PLP177,3,0,3,0,11,0,11,0
LTe29,LTe15,2,1,1,0,11,4,7,0
LTe29,Li05,4,3,1,0,11,9,2,0
cL10,aMe10,2,0,2,0,11,0,11,0
cL10,PLP231,2,1,1,0,11,2,9,0
cL10,Sm06,4,3,1,0,11,9,2,0
LC22,Li12,5,3,2,0,11,7,4,0
MTe51,PLP155,2,0,2,0,11,0,11,0
MeTu4c,LC10b,5,1,4,0,11,2,9,0
aMe17b,Sm21,5,4,1,0,11,9,2,0
aMe17b,aMe17b,3,2,1,0,11,8,3,0
MeTu4c,LTe16,5,1,4,0,11,2,9,0
LC17,Li33,3,1,2,0,11,2,9,0
LC43,LC43,2,0,2,0,11,0,11,0
aMe26,PLP069,2,0,1,1,11,0,6,5
MeMe_e01,MeMe_e03,4,0,0,4,11,0,0,11
MeTu4a,LC19,5,1,4,0,11,3,8,0
cM08a,MTe07,2,0,2,0,11,0,11,0
cM17,cM10,2,1,1,0,11,4,7,0
LPT30,LMt3,5,4,1,0,11,9,2,0
MeMe_e01,Pm14,2,2,0,0,11,11,0,0
LTe69,cL17,1,0,1,0,11,0,11,0
LC14a2,cL02d,3,0,3,0,11,0,11,0
OA-AL2i3,aMe17a2,3,1,2,0,11,5,6,0
LCe01b,LTe54,2,0,2,0,11,0,11,0
cM02b,MTe50,4,2,2,0,11,5,6,0
cM02b,Pm07,3,1,2,0,11,5,6,0
l-LNv,aMe4,5,1,4,0,11,2,9,0
LPLC2,MLt3,5,4,1,0,11,9,2,0
LTe58,cL05,3,2,1,0,11,8,3,0
LTe58,CB0472,3,1,2,0,11,7,4,0
MTe54,PLP231,2,0,2,0,11,0,11,0
LT72,LC14b,3,1,2,0,11,4,7,0
LT72,LTe75,2,1,1,0,11,6,5,0
LC27,LTe38c,4,2,2,0,11,5,6,0
PLP004,LTe51,1,0,1,0,11,0,11,0
LLPC3,VS4,5,2,3,0,11,5,6,0
cL20,LC12,5,1,4,0,11,2,9,0
cL20,LTe03,3,2,1,0,11,7,4,0
LT37,LTe15,2,1,1,0,11,4,7,0
LT37,Li11,4,2,2,0,11,4,7,0
LT37,LMa3,5,3,2,0,11,7,4,0
LT37,MeTu4c,4,1,3,0,11,2,9,0
LTe63,MTe19,2,0,0,2,11,0,0,11
LC28a,Tm5d,4,1,3,0,11,2,9,0
MeMe_e09,CB0566,4,0,0,4,11,0,0,11
MeMe_e09,Sm09,3,2,1,0,11,6,5,0
LC46,LC14a2,3,0,3,0,11,0,11,0
MeMe_e08,MTe54,4,3,1,0,11,9,2,0
cL21,LMt2,5,3,2,0,11,6,5,0
cL21,LLPC3,5,3,2,0,11,7,4,0
MTe50,Pm05,4,1,3,0,11,2,9,0
MTe50,LTe50,2,0,2,0,11,0,11,0
LPLC2,LC10d,5,4,1,0,11,9,2,0
LC10e,LC28a,5,3,2,0,11,7,4,0
LC4,Y4,5,1,4,0,11,3,8,0
LTe22,LTe69,2,1,1,0,11,3,8,0
LTe22,LC28a,3,2,1,0,11,8,3,0
MTe42,OA-AL2b1,2,1,1,0,11,6,5,0
cL18,LC14b,5,3,2,0,11,7,4,0
cL18,LC31a,4,3,1,0,11,8,3,0
LC29,LC36,5,1,4,0,11,2,9,0
MeMe_e06,MeMe_e06,2,0,0,2,11,0,0,11
MeMe_e06,LCe04,1,1,0,0,11,11,0,0
LC9,Tm3,5,3,2,0,11,6,5,0
MTe12,MeTu3c,5,2,3,0,11,5,6,0
LTe30,cM08c,4,3,1,0,11,7,4,0
cM07,Dm16,4,2,2,0,11,7,4,0
cM07,cL17,3,2,1,0,11,7,4,0
LC9,LTe52,2,0,2,0,11,0,11,0
LCe03,LPLC4,5,2,3,0,11,4,7,0
cL01,LC22,5,3,2,0,11,6,5,0
LLPC1,Tm5e,5,4,1,0,11,8,3,0
LC33a,LTe17,2,1,1,0,11,4,7,0
mALD1,Tm32,4,3,1,0,11,7,4,0
LPLC4,LPi07,5,3,2,0,11,7,4,0
LC17,LC4,5,1,4,0,11,2,9,0
LC25,LC22,5,1,4,0,11,2,9,0
LC24,Y3,3,2,1,0,11,8,3,0
cLLP02,LTe30,4,2,2,0,11,6,5,0
cLLP02,LC37a,5,2,3,0,11,4,7,0
cLLP02,LT37,4,2,2,0,11,6,5,0
LC25,LC14a1,4,3,1,0,11,9,2,0
LT63,cL20,2,1,1,0,11,5,6,0
LT63,Tm34,3,0,3,0,11,0,11,0
LT63,LTe58,4,2,2,0,11,7,4,0
LT63,Li12,5,3,2,0,11,7,4,0
LTe26,Tm5d,5,0,5,0,11,0,11,0
LC43,LT57,2,1,1,0,11,6,5,0
LT1a,Li25,3,1,2,0,11,5,6,0
MeTu3b,Sm28,5,4,1,0,11,9,2,0
LC21,LC4,5,2,3,0,11,5,6,0
LC27,LC14b,4,3,1,0,11,8,3,0
LTe41,Tm35,5,2,3,0,11,5,6,0
LPLC4,Li16,5,2,3,0,11,5,6,0
LC28a,LTe55,4,2,2,0,11,5,6,0
MeTu1,Sm01,5,1,4,0,11,2,9,0
LC22,Tm7,4,2,2,0,11,7,4,0
cLLPM01,TmY10,5,3,2,0,11,7,4,0
cLLPM01,CB0592,4,2,2,0,11,5,6,0
aMe1,cM08a,3,2,1,0,11,8,3,0
LTe20,Y4,5,1,4,0,11,2,9,0
LTe20,LC17,3,1,2,0,11,2,9,0
cM02a,aMe5,3,1,2,0,11,2,9,0
cM02a,Sm42,2,1,1,0,11,5,6,0
cM02a,CB0816,3,2,1,0,11,8,3,0
cM02a,DmDRA1,4,3,1,0,11,8,3,0
LC10a,LTe12,4,2,2,0,11,7,4,0
LPT28,TmY14,4,0,4,0,11,0,11,0
LPT28,LPT50,2,1,1,0,11,3,8,0
LC14a1,LT84,5,2,3,0,11,5,6,0
DN1-l,aMe1,2,1,1,0,11,6,5,0
LC37a,cM07,4,2,2,0,11,7,4,0
LLPC1,Tm4,4,3,1,0,11,8,3,0
LT57,LTe76,4,1,3,0,11,2,9,0
LT74,LT61b,4,2,2,0,11,6,5,0
LC20b,LT81,4,3,1,0,11,9,2,0
LC18,LPLC4,5,2,3,0,11,4,7,0
mALD2,LCe03,5,4,1,0,11,9,2,0
mALD2,LT78,3,2,1,0,11,5,6,0
mALD2,LTe43,2,1,1,0,11,7,4,0
cL18,LCe06,5,1,4,0,11,2,9,0
cL18,Tm36,5,2,3,0,11,4,7,0
cL18,LC16,4,2,2,0,11,6,5,0
MeMe_e05,Tm32,4,0,4,0,11,0,11,0
OA-AL2b1,cL16,2,1,1,0,11,6,5,0
OA-AL2b1,Li28,3,1,2,0,11,4,7,0
MeTu1,cM08b,3,0,3,0,11,0,11,0
LPLC1,TmY16,5,2,3,0,11,5,6,0
LC20b,LC26,4,1,3,0,11,2,9,0
LC10b,LC34,4,2,2,0,11,4,7,0
LT57,cL19,4,2,2,0,11,5,6,0
MTe03,TmY20,3,0,3,0,11,0,11,0
MTe03,LC33a,2,0,2,0,11,0,11,0
MeTu4a,Sm10,5,3,2,0,11,6,5,0
cM11,Pm10,3,0,3,0,11,0,11,0
cM11,LCe03,1,0,1,0,11,0,11,0
LPT48_vCal3,cM01b,2,1,0,1,11,5,0,6
LPT48_vCal3,LPi09,5,1,4,0,11,2,9,0
LPT48_vCal3,TmY14,4,2,2,0,11,7,4,0
LC16,LC10d,4,1,3,0,11,2,9,0
LT68,LC27,5,3,2,0,11,7,4,0
LT68,LC10f,4,2,2,0,11,6,5,0
LC20a,Li02,5,2,3,0,11,5,6,0
LC39,LT53,1,0,1,0,11,0,11,0
HSS,LPLC2,5,2,3,0,11,4,7,0
LC37a,LC15,1,0,1,0,11,0,11,0
LTe50,LTe37,2,1,1,0,11,6,5,0
LLPC3,Y4,4,2,2,0,11,7,4,0
cM11,aMe6a,1,0,1,0,11,0,11,0
MeMe_e03,DmDRA1,3,0,3,0,11,0,11,0
MeMe_e03,MTe28,2,1,1,0,11,3,8,0
MeMe_e03,Sm39,2,1,1,0,11,5,6,0
VS3,Tlp1,5,3,2,0,11,6,5,0
VS3,VSm,4,2,2,0,11,7,4,0
cLP05,T4c,5,3,2,0,11,7,4,0
LC40,LTe51,3,2,1,0,11,9,2,0
MTe47,Mi13,4,4,0,0,11,11,0,0
MTe47,Li10,5,3,2,0,11,7,4,0
MeMe_e07,C2,5,0,5,0,11,0,11,0
cM03,aMe26,5,1,4,0,11,2,9,0
LPT26,Y1,5,4,1,0,11,8,3,0
aMe19b,Sm35,2,1,1,0,11,8,3,0
aMe19b,Sm15,5,4,1,0,11,9,2,0
LT40,Li24,4,3,1,0,11,8,3,0
LT40,Li03,4,2,2,0,11,4,7,0
AN_multi_125,Tm4,3,2,1,0,11,9,2,0
AN_multi_125,Tm21,3,1,2,0,11,4,7,0
aMe17a2,Tm25,3,0,3,0,11,0,11,0
aMe17a2,Mi13,5,2,3,0,11,5,6,0
aMe17a2,aMe5,3,2,1,0,11,4,7,0
aMe17a2,MLt7,5,2,3,0,11,5,6,0
LTe38a,LTe53,2,1,1,0,11,5,6,0
LC10e,LTe65,1,0,1,0,11,0,11,0
mALC3,Pm06,4,1,3,0,11,2,9,0
AVLP151,LMa3,3,1,2,0,11,3,8,0
mALC5,MLt6,4,1,3,0,11,3,8,0
mALC5,LTe55,2,1,1,0,11,6,5,0
mALC5,LC20a,3,1,2,0,11,5,6,0
mALC5,Dm2,3,1,2,0,11,2,9,0
mALC5,MTe38,2,1,1,0,11,2,9,0
mALC5,Li10,5,1,4,0,11,2,9,0
cM13,MeMe_e04,2,1,1,0,11,5,6,0
LPT22,LPC1,5,3,2,0,11,6,5,0
LPT22,VCH,2,1,1,0,11,2,9,0
LTe38c,Li09,4,2,2,0,11,4,7,0
OA-ASM1,LTe18,4,2,2,0,11,6,5,0
OA-ASM1,LT74,5,3,2,0,11,6,5,0
OA-ASM1,LC26,5,3,2,0,11,7,4,0
cM08c,LTe22,2,1,1,0,11,2,9,0
LTe45,LTe57,2,1,1,0,11,8,3,0
LPLC1,Tlp14,5,4,1,0,11,8,3,0
MTe36,LTe51,1,0,1,0,11,0,11,0
LT56,LT51,2,1,1,0,11,4,7,0
LT56,TmY16,1,0,1,0,11,0,11,0
LT56,LC31b,5,3,2,0,11,6,5,0
LC10b,Tm5d,4,2,2,0,11,4,7,0
LC10b,LT79,3,2,1,0,11,9,2,0
LC10b,Li06,4,3,1,0,11,9,2,0
OA-AL2b2,Tm4,5,2,3,0,11,5,6,0
LC20b,Li31,5,2,3,0,11,4,7,0
LC20b,Tm5b,5,3,2,0,11,6,5,0
LPLC4,LMt1,4,2,2,0,11,4,7,0
LPT58,TmY20,4,3,1,0,11,8,3,0
aMe10,Tm8a,5,3,2,0,11,7,4,0
aMe10,MeMe_e02,3,0,0,3,11,0,0,11
LTe33,5-HTPMPV01,3,1,2,0,11,3,8,0
LTe60,Li04,4,2,2,0,11,6,5,0
CB0472,Li08,5,3,2,0,11,6,5,0
LPT42_Nod4,LPC1,5,3,2,0,11,7,4,0
LPT42_Nod4,Am1,2,1,1,0,11,9,2,0
LT73,Li30,2,0,2,0,11,0,11,0
LT65,LT78,3,1,2,0,11,7,4,0
LT65,Tm21,4,0,4,0,11,0,11,0
LT65,Tm16,3,2,1,0,11,4,7,0
LT65,LTe24,2,1,1,0,11,7,4,0
OA-AL2b2,L2,4,3,1,0,11,6,5,0
LT61b,LT62,2,1,1,0,11,5,6,0
LT61b,DNp11,2,1,1,0,11,4,7,0
LT61b,LT87,1,0,1,0,11,0,11,0
LT61b,LTe66,2,1,1,0,11,9,2,0
CB0592,LLPC3,4,4,0,0,11,11,0,0
CB0592,LC12,5,3,2,0,11,7,4,0
CB0592,OA-ASM1,3,0,0,3,11,0,0,11
LC22,cL13,4,3,1,0,11,8,3,0
LC20a,Li33,3,0,3,0,11,0,11,0
MTe54,cM15,2,1,1,0,11,2,9,0
LLPC2,LMt2,5,2,3,0,11,4,7,0
cL06,Tm8b,5,3,2,0,11,7,4,0
cL06,Y4,3,1,2,0,11,4,7,0
cL06,LTe16,2,1,1,0,11,8,3,0
LC9,Li19,5,1,4,0,11,3,8,0
cM12,Sm41,2,1,1,0,11,8,3,0
CB0566,Sm36,5,1,4,0,11,2,9,0
LTe62,MLt6,5,3,2,0,11,6,5,0
LC28a,T5d,5,0,5,0,11,0,11,0
VCH,OA-AL2i1,2,1,1,0,11,6,5,0
LTe64,LC37a,2,1,1,0,11,3,8,0
aMe22,OA-AL2i3,3,2,1,0,11,8,3,0
aMe22,MTe34,1,0,1,0,11,0,11,0
aMe22,MTe17,3,2,1,0,11,5,6,0
aMe22,Tm16,3,1,2,0,11,4,7,0
aMe22,MeTu1,3,1,2,0,11,4,7,0
cL22b,LC46,2,1,1,0,11,7,4,0
cL22b,LTe58,4,3,1,0,11,6,5,0
cL22b,LC13,2,1,1,0,11,9,2,0
LT85,LC36,4,2,2,0,11,7,4,0
cM01b,MeMe_e09,2,1,1,0,11,7,4,0
cM08b,aMe4,4,2,2,0,11,6,5,0
cM08b,Sm10,4,1,3,0,11,3,8,0
LC22,Y4,5,4,1,0,11,9,2,0
LT53,LC11,3,0,3,0,11,0,11,0
LC10a,LPLC1,4,3,1,0,11,7,4,0
MTe51,MTe54,4,3,1,0,11,9,2,0
LT51,TmY20,3,2,1,0,11,9,2,0
LT51,Li30,4,3,1,0,11,7,4,0
LLPC3,Li02,5,4,1,0,11,9,2,0
LT53,LLPt,4,3,1,0,11,9,2,0
aMe4,Tm27,5,1,4,0,11,2,9,0
LC24,LT52,5,4,1,0,11,9,2,0
HSE,cLP03,2,1,1,0,11,5,6,0
MTe02,MTe51,5,1,4,0,11,2,9,0
OA-ASM1,cMLLP01,4,2,2,0,11,6,5,0
LT77,LC15,5,2,3,0,11,4,7,0
LTe27,Li12,4,2,2,0,11,5,6,0
MTe03,MeMe_e09,4,2,2,0,11,7,4,0
LC14b,MLt6,2,0,2,0,11,0,11,0
LT80,LT83,3,1,2,0,11,5,6,0
LCe01b,Li10,5,1,4,0,11,2,9,0
MTe16,Sm04,5,3,2,0,11,7,4,0
MTe16,Sm10,5,3,2,0,11,7,4,0
MeMe_e07,LLPC1,5,0,5,0,11,0,11,0
LLPC1,LPi12,3,1,2,0,11,2,9,0
MTe40,Sm12,5,2,3,0,11,4,7,0
PLP032,Li10,4,1,3,0,11,3,8,0
PLP032,5-HTPMPV03,2,1,1,0,11,5,6,0
cL11,LC14b,5,2,3,0,11,4,7,0
cL11,LC20b,5,2,3,0,11,4,7,0
LC14b,MTe47,2,0,0,2,11,0,0,11
aMe9,Sm29,4,3,1,0,11,9,2,0
LT55,LC14a2,2,0,0,2,11,0,0,11
LT38,LTe03,2,1,1,0,11,7,4,0
OA-AL2i1,MLt5,5,3,2,0,11,7,4,0
OA-AL2i1,Li32,2,1,1,0,11,7,4,0
cM15,Dm12,5,1,4,0,11,3,8,0
cM15,MTe52,5,2,3,0,11,5,6,0
LTe17,LTe58,4,1,3,0,11,2,9,0
aMe26,Sm15,5,3,2,0,11,7,4,0
LT33,DNc02,2,1,1,0,11,7,4,0
LC29,LC31a,3,2,1,0,11,9,2,0
LC45,Li10,3,2,1,0,11,5,6,0
MTe02,Sm19,4,3,1,0,11,8,3,0
LPLC1,Tm5b,4,2,2,0,11,7,4,0
aMe6a,aMe8,2,1,1,0,11,6,5,0
aMe6a,cM04,2,0,2,0,11,0,11,0
OA-AL2i4,MTe02,5,2,3,0,11,4,7,0
OA-AL2i2,MLt4,5,4,1,0,11,9,2,0
LPT27,LPi05,2,0,2,0,11,0,11,0
LTe46,LTe05,1,0,1,0,11,0,11,0
cM05,Tm8a,5,2,3,0,11,4,7,0
cM05,cM15,2,1,1,0,11,7,4,0
cM05,Tm16,5,2,3,0,11,4,7,0
LPT57,TmY31,5,3,2,0,11,6,5,0
LLPC3,LTe65,4,3,1,0,11,8,3,0
H2,TmY14,5,0,5,0,11,0,11,0
LC19,Tm8b,4,0,4,0,11,0,11,0
LT77,Tm5d,5,2,3,0,11,4,7,0
LT36,LC14b,4,1,3,0,11,4,7,0
MTe28,aMe17c,2,0,2,0,11,0,11,0
MTe28,aMe15,2,1,1,0,11,6,5,0
MTe28,Sm05,5,3,2,0,11,6,5,0
MTe28,Tm16,4,0,4,0,11,0,11,0
MTe28,MTe45,2,1,1,0,11,7,4,0
MC65,TmY4,3,2,1,0,11,9,2,0
MC65,OA-AL2i4,4,3,1,0,11,8,3,0
cL04,LTe14,4,2,2,0,11,6,5,0
cL04,LTe01,4,3,1,0,11,9,2,0
LT58,Sm32,5,2,3,0,11,5,6,0
LT58,MeTu1,3,1,2,0,11,7,4,0
LT58,LLPt,1,0,1,0,11,0,11,0
LTe12,Li24,4,3,1,0,11,9,2,0
Nod5,TmY14,4,0,4,0,11,0,11,0
MTe01a,MTe02,4,3,1,0,11,7,4,0
LC20a,LC19,5,2,3,0,11,5,6,0
LTe42c,LT36,1,0,1,0,11,0,11,0
MTe01b,MTe02,5,4,1,0,11,8,3,0
LTe56,LC33a,4,2,2,0,11,6,5,0
LCe06,Li13,2,0,2,0,11,0,11,0
aMe25,cL17,1,0,1,0,11,0,11,0
LNda,APDN3,2,1,1,0,11,5,6,0
cML01,Sm32,5,1,4,0,11,2,9,0
cML01,Tm2,5,1,4,0,11,2,9,0
cML01,MeLp1,2,1,1,0,11,7,4,0
cML01,MLt4,5,2,3,0,11,5,6,0
cML01,LT61a,2,1,1,0,11,5,6,0
MTe30,aMe19b,2,1,1,0,11,8,3,0
PLP069,LC45,2,0,2,0,11,0,11,0
LLPC2,Tlp1,4,1,3,0,11,3,8,0
LPT45_dCal1,Tlp4,3,1,2,0,11,3,8,0
LPT45_dCal1,Y3,5,4,1,0,11,9,2,0
cL05,LC10c,4,1,3,0,11,4,7,0
cL05,LTe47,3,1,2,0,11,2,9,0
cL05,Li32,2,1,1,0,11,8,3,0
cL05,LC37a,4,2,2,0,11,6,5,0
MTe26,aMe25,2,1,1,0,11,8,3,0
MTe50,Sm27,5,4,1,0,11,9,2,0
LTe28,Li10,5,3,2,0,11,6,5,0
cL18,Y3,1,0,1,0,11,0,11,0
cLLPM02,Li07,5,3,2,0,11,6,5,0
cMLLP01,LPi06,4,2,2,0,11,6,5,0
cMLLP01,LTe21,2,1,1,0,11,8,3,0
cMLLP01,LMa2,3,2,1,0,11,4,7,0
DNpe053,cM08a,2,1,1,0,11,5,6,0
LC36,LT36,2,0,1,1,11,0,6,5
CB2848,LTe43,2,0,2,0,11,0,11,0
cL13,LT57,3,2,1,0,11,9,2,0
LC11,Li28,5,3,2,0,11,6,5,0
MTe12,Sm30,3,2,1,0,11,7,4,0
aMe12,LTe51,2,1,1,0,11,5,6,0
VS2,cM02b,2,1,1,0,11,5,6,0
VS2,VST2,4,3,1,0,11,8,3,0
LPT47_vCal2,AOTU065,1,0,0,1,11,0,0,11
aMe17a1,aMe19b,3,2,1,0,11,7,4,0
aMe17a1,CB0816,4,2,2,0,11,5,6,0
aMe17a1,MTe12,4,2,2,0,11,4,7,0
aMe17a1,MTe05,5,4,1,0,11,9,2,0
aMe19a,Tm5c,5,1,4,0,11,2,9,0
cL22c,Tm32,3,0,3,0,11,0,11,0
cL22c,Sm07,1,0,1,0,11,0,11,0
cL15,cL13,2,0,1,1,11,0,6,5
cL15,LC24,5,1,4,0,11,2,9,0
cL15,Y11,3,0,3,0,11,0,11,0
cL15,Li28,3,2,1,0,11,9,2,0
LT39,TmY9q⊥,4,1,3,0,11,3,8,0
LT39,MeTu4a,2,1,1,0,11,2,9,0
MTe05,LTe30,3,2,1,0,11,9,2,0
LC24,Li13,5,4,1,0,11,9,2,0
LTe25,LC10c,3,1,2,0,11,2,9,0
LT41,Li12,4,3,1,0,11,9,2,0
cM16,Sm06,5,1,4,0,11,2,9,0
cM16,TmY14,5,4,1,0,11,9,2,0
cM16,Sm41,2,1,1,0,11,7,4,0
cL04,LTe27,3,2,1,0,11,7,4,0
LC24,Tm5a,3,1,2,0,11,2,9,0
LPT53,TmY4,3,2,1,0,11,8,3,0
LPT53,TmY9q,5,1,4,0,11,2,9,0
PLP215,LTe22,2,1,1,0,11,8,3,0
aMe19a,MTe48,1,1,0,0,11,11,0,0
LT77,LC28a,4,2,2,0,11,5,6,0
Tlp5,cL09,3,3,0,0,11,11,0,0
Li06,Li11,4,4,0,0,11,11,0,0
Pm04,MTe18,4,4,0,0,11,11,0,0
Li01,LTe35,4,4,0,0,11,11,0,0
Pm13,MTe52,5,5,0,0,11,11,0,0
Sm03,Sm25,5,5,0,0,11,11,0,0
Li05,LTe49a,4,4,0,0,11,11,0,0
Tm36,MTe47,4,4,0,0,11,11,0,0
Tm5e,LT83,5,5,0,0,11,11,0,0
Pm05,AVLP534,4,4,0,0,11,11,0,0
Sm32,DmDRA1,5,5,0,0,11,11,0,0
LMa4,Pm11,5,5,0,0,11,11,0,0
TmY9q⊥,DNp11,1,1,0,0,11,11,0,0
TmY9q⊥,LC31b,3,3,0,0,11,11,0,0
Dm9,L5,5,5,0,0,11,11,0,0
Sm08,OA-ASM1,5,5,0,0,11,11,0,0
Pm02,MTe52,4,4,0,0,11,11,0,0
Y11,LC22,4,4,0,0,11,11,0,0
Tlp4,Tm5c,4,4,0,0,11,11,0,0
Tm16,LT76,4,4,0,0,11,11,0,0
Li16,OA-AL2i2,5,5,0,0,11,11,0,0
Li09,LTe36,3,3,0,0,11,11,0,0
Pm06,MTe43,4,4,0,0,11,11,0,0
Tm5f,LTe42b,3,3,0,0,11,11,0,0
LMt4,Sm09,4,4,0,0,11,11,0,0
LMt4,TmY14,4,4,0,0,11,11,0,0
Tm5c,LT65,4,4,0,0,11,11,0,0
Li05,LC20a,4,4,0,0,11,11,0,0
Tlp1,LLPC4,4,4,0,0,11,11,0,0
TmY11,Sm41,5,5,0,0,11,11,0,0
Sm08,Tm21,4,4,0,0,11,11,0,0
Pm11,LC12,2,2,0,0,11,11,0,0
Pm05,Pm11,5,5,0,0,11,11,0,0
LPi13,LPi02,5,5,0,0,11,11,0,0
TmY9q⊥,Li17,5,5,0,0,11,11,0,0
TmY31,AVLP534,4,4,0,0,11,11,0,0
LMa5,T4a,3,3,0,0,11,11,0,0
LPi07,LLPt,5,5,0,0,11,11,0,0
LPi02,VS8,3,3,0,0,11,11,0,0
LLPt,cLP01,4,4,0,0,11,11,0,0
Pm12,LMt4,4,4,0,0,11,11,0,0
LMt2,LT87,3,3,0,0,11,11,0,0
Pm14,MTe01a,4,4,0,0,11,11,0,0
Pm14,TmY9q⊥,5,5,0,0,11,11,0,0
Pm14,Pm04,2,2,0,0,11,11,0,0
Tm33,LT84,4,4,0,0,11,11,0,0
Y12,Tm35,1,1,0,0,11,11,0,0
Tm7,Sm35,5,5,0,0,11,11,0,0
Am1,VST1,2,2,0,0,11,11,0,0
LPi01,VS6,4,4,0,0,11,11,0,0
Lawf2,Y1,3,3,0,0,11,11,0,0
Sm33,Pm13,1,1,0,0,11,11,0,0
Lat,Li33,1,1,0,0,11,11,0,0
Y3,cL07,3,3,0,0,11,11,0,0
Lawf2,Dm6,3,3,0,0,11,11,0,0
MLt2,LT80,1,1,0,0,11,11,0,0
LPi03,VST2,4,4,0,0,11,11,0,0
Sm20,C3,1,1,0,0,11,11,0,0
Li19,LC28a,4,4,0,0,11,11,0,0
Li31,LT51,3,3,0,0,11,11,0,0
Sm21,LCe03,4,4,0,0,11,11,0,0
MeTu2a,MeTu3b,4,4,0,0,11,11,0,0
MeTu4a,MLt8,3,3,0,0,11,11,0,0
LC39,LT64,3,3,0,0,11,11,0,0
LC20a,LC40,4,4,0,0,11,11,0,0
LLPC1,LPT48_vCal3,4,4,0,0,11,11,0,0
LC15,LMt2,5,5,0,0,11,11,0,0
aMe25,LTe19,1,1,0,0,11,11,0,0
LC33a,SIP017,2,0,0,2,11,0,0,11
LPT23,Li29,3,3,0,0,11,11,0,0
cL09,T5c,3,3,0,0,11,11,0,0
LPTe02,PLP155,2,2,0,0,11,11,0,0
LC39,LT38,1,1,0,0,11,11,0,0
LC36,TmY5a,5,5,0,0,11,11,0,0
LC36,TmY20,3,3,0,0,11,11,0,0
LPLC1,VSm,4,4,0,0,11,11,0,0
aMe17b,Mi15,3,3,0,0,11,11,0,0
CB3235,cM14,1,0,0,1,11,0,0,11
MeTu2a,Sm38,5,5,0,0,11,11,0,0
CB0734,AVLP593,1,1,0,0,11,11,0,0
MTe23,LT68,1,1,0,0,11,11,0,0
LTe08,Tm5d,3,3,0,0,11,11,0,0
LC31a,LMa3,5,5,0,0,11,11,0,0
MTe01a,Pm13,3,3,0,0,11,11,0,0
LT64,LTe17,2,2,0,0,11,11,0,0
cL07,LMa3,4,4,0,0,11,11,0,0
LC10b,SIP017,2,0,0,2,11,0,0,11
LC33a,LTe32,3,3,0,0,11,11,0,0
LPTe01,LTe64,1,1,0,0,11,11,0,0
LC20a,LTe49f,3,3,0,0,11,11,0,0
mALC5,Tlp4,3,3,0,0,11,11,0,0
cM07,LTe25,1,1,0,0,11,11,0,0
Nod3,T4b,3,3,0,0,11,11,0,0
CB0143,cM14,1,0,0,1,11,0,0,11
LT51,Li06,3,3,0,0,11,11,0,0
OA-AL2i1,LPi04,5,5,0,0,11,11,0,0
LC10a,Li12,3,3,0,0,11,11,0,0
PLP023,LCe01a,1,1,0,0,11,11,0,0
cL02b,LPT31,3,3,0,0,11,11,0,0
cL02b,LC6,5,5,0,0,11,11,0,0
DNpe053,APDN3,1,1,0,0,11,11,0,0
LTe62,MTe03,2,2,0,0,11,11,0,0
cL04,Y3,2,2,0,0,11,11,0,0
cL04,LTe16,2,2,0,0,11,11,0,0
LC28a,LMt1,3,3,0,0,11,11,0,0
LC28a,LTe59,4,4,0,0,11,11,0,0
LT84,LT42,1,1,0,0,11,11,0,0
LTe35,Li10,4,4,0,0,11,11,0,0
MeTu4d,MTe01a,2,2,0,0,11,11,0,0
cMLLP02,AVLP151,2,2,0,0,11,11,0,0
cMLLP02,LPT28,2,2,0,0,11,11,0,0
LC22,PLP249,2,2,0,0,11,11,0,0
MeTu3a,LC13,2,2,0,0,11,11,0,0
MTe27,cM07,1,1,0,0,11,11,0,0
LT38,LLPC3,3,3,0,0,11,11,0,0
LT58,LT11,1,1,0,0,11,11,0,0
AOTU065,LPLC4,4,4,0,0,11,11,0,0
AOTU065,AOTU026,1,1,0,0,11,11,0,0
cL22a,LCe06,3,3,0,0,11,11,0,0
LC10e,LC22,3,3,0,0,11,11,0,0
LTe21,PLP252,1,1,0,0,11,11,0,0
MC65,CB0734,2,2,0,0,11,11,0,0
LCe02,LCe02,2,2,0,0,11,11,0,0
LTe26,cL16,2,2,0,0,11,11,0,0
cLLP02,LTe32,2,2,0,0,11,11,0,0
MTe44,LTe43,1,1,0,0,11,11,0,0
LPT29,LPT51,1,1,0,0,11,11,0,0
cM13,Sm15,4,4,0,0,11,11,0,0
PLP251,cL16,2,2,0,0,11,11,0,0
DCH,Tm25,4,4,0,0,11,11,0,0
LC17,LC40,2,2,0,0,11,11,0,0
LMTe01,Lat,3,3,0,0,11,11,0,0
aMe3,cL10,1,1,0,0,11,11,0,0
PLP081,cLP03,2,1,0,1,11,5,0,6
cL02a,LC14b,3,3,0,0,11,11,0,0
cL05,LC19,2,2,0,0,11,11,0,0
cL05,TmY31,4,4,0,0,11,11,0,0
PLP163,LTe20,1,1,0,0,11,11,0,0
PLP032,cM15,1,1,0,0,11,11,0,0
VS4,T4a,5,5,0,0,11,11,0,0
Y3,LTe16,4,2,2,0,10,5,5,0
Tm16,LTe27,4,1,3,0,10,2,8,0
Y4,T5b,5,2,3,0,10,4,6,0
Sm24,Sm35,4,1,3,0,10,2,8,0
LPi06,LPi14,4,1,3,0,10,2,8,0
Tlp14,LC13,4,2,2,0,10,6,4,0
T2a,L4,3,1,2,0,10,2,8,0
TmY11,PDt,4,3,1,0,10,7,3,0
Tm5c,LTe02,4,2,2,0,10,6,4,0
Tm5f,Dm2,5,2,3,0,10,4,6,0
Y1,Tm25,5,2,3,0,10,4,6,0
TmY10,LC9,5,2,3,0,10,4,6,0
Li20,Li19,4,2,2,0,10,6,4,0
Dm8b,TmY31,5,1,4,0,10,2,8,0
Tm5f,LC27,5,1,4,0,10,2,8,0
MLt3,Tm27,4,1,3,0,10,3,7,0
Tm5e,LTe16,2,0,2,0,10,0,10,0
Tm5e,LTe21,1,0,1,0,10,0,10,0
Tm5e,LTe42a,4,2,2,0,10,4,6,0
Tm5f,Sm09,5,3,2,0,10,6,4,0
Sm34,Tm5b,5,3,2,0,10,6,4,0
Sm34,Sm03,5,2,3,0,10,4,6,0
R1-6,Dm8a,4,0,4,0,10,0,10,0
Y3,LPT21,3,1,2,0,10,6,4,0
LPi06,cLP01,4,3,1,0,10,8,2,0
LPi06,T5c,4,2,2,0,10,4,6,0
Dm11,C2,5,3,2,0,10,6,4,0
Li05,LCe03,4,3,1,0,10,8,2,0
MLt5,Dm20,5,1,4,0,10,2,8,0
MLt5,Tm4,5,2,3,0,10,4,6,0
T4a,cLLPM01,5,2,3,0,10,4,6,0
Lawf2,LMa1,3,0,3,0,10,0,10,0
Li14,TmY3,5,3,2,0,10,6,4,0
Sm19,Sm12,4,1,3,0,10,2,8,0
R8,Sm26,4,2,2,0,10,4,6,0
Li02,cL22a,2,0,2,0,10,0,10,0
TmY14,CT1,5,1,4,0,10,2,8,0
Pm05,Tm34,4,2,2,0,10,4,6,0
MLt3,T2a,5,1,4,0,10,2,8,0
Sm07,LC10c,2,0,2,0,10,0,10,0
Tlp5,LPi11,5,4,1,0,10,8,2,0
Li08,LC10d,5,3,2,0,10,6,4,0
Tm5d,OA-ASM1,5,2,3,0,10,4,6,0
Tm35,Pm05,5,3,2,0,10,6,4,0
Tm31,LC14a1,5,2,3,0,10,4,6,0
MLt7,LC6,5,3,2,0,10,6,4,0
Tm27,LT80,1,0,1,0,10,0,10,0
Mi2,Tm36,5,2,3,0,10,4,6,0
Tm25,L5,5,1,4,0,10,2,8,0
Sm05,Li05,2,0,2,0,10,0,10,0
Sm05,LC13,3,0,3,0,10,0,10,0
Tm32,MTe21,4,2,2,0,10,6,4,0
Tm5b,MTe03,5,3,2,0,10,6,4,0
Tm7,MeLp1,5,3,2,0,10,6,4,0
Tm25,LC14a1,5,1,4,0,10,2,8,0
Li17,Tm9,2,1,1,0,10,5,5,0
Sm05,Pm10,4,0,4,0,10,0,10,0
Tm32,Sm15,4,1,3,0,10,2,8,0
Li12,Li31,4,3,1,0,10,7,3,0
Li02,Li18,4,1,3,0,10,2,8,0
Sm40,MTe04,4,2,2,0,10,4,6,0
Sm40,TmY10,4,0,4,0,10,0,10,0
Sm40,MTe38,3,1,2,0,10,4,6,0
Sm40,5-HTPMPV03,3,2,1,0,10,8,2,0
Tm5e,MLt7,4,0,4,0,10,0,10,0
TmY4,LPi02,5,1,4,0,10,2,8,0
Tm20,R8,3,0,3,0,10,0,10,0
Tm5e,Sm39,3,0,3,0,10,0,10,0
Li01,LTe49b,4,1,3,0,10,2,8,0
Tm1,TmY31,2,0,2,0,10,0,10,0
Sm22,Tm25,5,3,2,0,10,6,4,0
LMt3,Tm5f,5,1,4,0,10,2,8,0
Li06,LC29,4,1,3,0,10,2,8,0
TmY14,LC18,5,3,2,0,10,6,4,0
Li02,Tm36,5,4,1,0,10,8,2,0
Li20,Tm5c,5,1,4,0,10,2,8,0
Pm09,LMt1,5,3,2,0,10,6,4,0
Sm07,Tm3,5,1,4,0,10,2,8,0
Tm5d,LTe55,3,1,2,0,10,6,4,0
LPi11,LPC1,5,2,3,0,10,4,6,0
TmY4,TmY3,4,1,3,0,10,3,7,0
Tm34,MTe26,5,1,4,0,10,2,8,0
Dm14,PDt,5,2,3,0,10,4,6,0
TmY14,LC11,4,1,3,0,10,2,8,0
Sm32,5-HTPMPV03,4,2,2,0,10,5,5,0
Pm05,TmY9q,5,2,3,0,10,4,6,0
Tm33,T2a,5,3,2,0,10,6,4,0
Tm33,TmY16,5,4,1,0,10,8,2,0
Li21,Li32,3,0,3,0,10,0,10,0
Li21,OA-AL2i2,5,3,2,0,10,6,4,0
TmY31,LT43,4,2,2,0,10,5,5,0
Tlp4,Pm09,5,3,2,0,10,6,4,0
MLt7,Tm7,5,0,5,0,10,0,10,0
LMa1,Li32,3,2,1,0,10,8,2,0
Tm37,LTe33,4,2,2,0,10,4,6,0
Tm5c,Pm02,5,2,3,0,10,4,6,0
Sm27,Tm16,4,2,2,0,10,4,6,0
Sm28,Sm08,5,3,2,0,10,6,4,0
T5c,LPT52,4,0,4,0,10,0,10,0
Li03,cL17,4,0,4,0,10,0,10,0
Tm5b,MLt2,5,2,3,0,10,4,6,0
Mi1,MLt5,4,2,2,0,10,6,4,0
Tm7,TmY14,4,1,3,0,10,2,8,0
LPi02,LLPC2,5,1,4,0,10,2,8,0
Dm16,TmY3,5,2,3,0,10,4,6,0
Dm16,Dm16,5,3,2,0,10,6,4,0
Sm09,Sm04,5,3,2,0,10,6,4,0
Sm09,Pm10,4,3,1,0,10,8,2,0
LPi05,Dm3v,4,0,4,0,10,0,10,0
LPi05,Li05,3,0,3,0,10,0,10,0
Sm21,Sm12,5,1,4,0,10,2,8,0
TmY31,LC17,5,3,2,0,10,6,4,0
LLPt,LT58,4,2,2,0,10,4,6,0
Tm36,LMt3,4,2,2,0,10,4,6,0
T5d,cLP02,5,3,2,0,10,6,4,0
LLPt,MTe03,2,0,2,0,10,0,10,0
Tm20,Sm15,5,3,2,0,10,6,4,0
LMa2,Sm32,4,1,3,0,10,2,8,0
Dm3q,Tm2,5,1,4,0,10,2,8,0
MLt2,LC33a,4,0,4,0,10,0,10,0
Sm02,CB0592,5,2,3,0,10,4,6,0
C2,Tm5f,3,0,3,0,10,0,10,0
Li06,Li15,5,3,2,0,10,6,4,0
TmY16,Pm13,4,2,2,0,10,5,5,0
Li03,LT85,4,2,2,0,10,5,5,0
Y11,LPT51,4,1,3,0,10,3,7,0
TmY11,LC6,4,2,2,0,10,5,5,0
Tm5c,Dm15,5,4,1,0,10,8,2,0
Tlp1,LT75,4,2,2,0,10,6,4,0
Pm05,Sm05,5,1,4,0,10,2,8,0
Pm10,Pm04,3,1,2,0,10,3,7,0
MLt3,MLt2,3,1,2,0,10,2,8,0
Sm12,Sm22,4,1,3,0,10,2,8,0
Tm5d,Li32,4,1,3,0,10,3,7,0
Mi10,aMe6a,4,1,3,0,10,4,6,0
MLt1,TmY4,4,2,2,0,10,6,4,0
Dm8a,MTe37,4,2,2,0,10,5,5,0
Tm34,LC21,5,3,2,0,10,6,4,0
Tm34,Tm5c,5,2,3,0,10,4,6,0
Sm07,Sm11,4,2,2,0,10,4,6,0
Li07,MeTu4c,5,1,4,0,10,2,8,0
Sm27,TmY5a,5,3,2,0,10,6,4,0
Tm31,Li11,5,0,5,0,10,0,10,0
MLt4,Tm25,3,0,3,0,10,0,10,0
Li20,Li06,5,3,2,0,10,6,4,0
Dm8a,MeTu3c,5,2,3,0,10,4,6,0
Li19,T2a,4,1,3,0,10,2,8,0
Sm27,Sm27,5,3,2,0,10,6,4,0
Pm11,Y3,5,3,2,0,10,6,4,0
TmY9q,LTe57,4,1,3,0,10,3,7,0
TmY9q,LTe54,4,2,2,0,10,4,6,0
Dm10,Dm13,4,2,2,0,10,4,6,0
LMa3,Mi14,5,4,1,0,10,8,2,0
LMa3,LT74,4,1,3,0,10,2,8,0
LPi04,LPi01,5,3,2,0,10,6,4,0
TmY20,HSE,5,4,1,0,10,8,2,0
TmY31,aMe17a2,5,2,3,0,10,4,6,0
Sm16,Sm29,5,4,1,0,10,8,2,0
Tm27,Tm32,4,2,2,0,10,4,6,0
Y12,Tm7,5,1,4,0,10,2,8,0
MLt2,LC19,4,1,3,0,10,2,8,0
Sm07,L3,3,0,3,0,10,0,10,0
Sm07,Dm10,4,2,2,0,10,4,6,0
T5d,T4b,5,2,3,0,10,4,6,0
LPi07,LPi03,4,3,1,0,10,7,3,0
R1-6,Dm2,4,0,4,0,10,0,10,0
Sm20,Sm01,5,1,4,0,10,2,8,0
LLPt,Tm31,4,3,1,0,10,6,4,0
Tm36,Tm21,5,2,3,0,10,4,6,0
Dm8a,Mi1,4,3,1,0,10,8,2,0
LMt4,MTe34,3,1,2,0,10,2,8,0
Pm03,Mi10,4,2,2,0,10,4,6,0
TmY10,LT62,5,0,5,0,10,0,10,0
Pm09,Tm37,4,1,3,0,10,2,8,0
Li26,LC31a,5,1,4,0,10,2,8,0
MLt5,LTe49f,5,2,3,0,10,4,6,0
TmY11,LT80,4,1,3,0,10,2,8,0
Pm10,Sm09,5,2,3,0,10,4,6,0
Tm21,Tm36,5,2,3,0,10,4,6,0
Dm20,Dm15,5,2,3,0,10,4,6,0
T4b,Tm25,4,2,2,0,10,4,6,0
C3,C3,5,2,3,0,10,4,6,0
Li12,TmY20,4,0,4,0,10,0,10,0
Li12,LT53,4,2,2,0,10,4,6,0
Sm41,Sm01,5,3,2,0,10,6,4,0
Sm41,Mi14,5,2,3,0,10,4,6,0
Sm41,MTe19,1,0,1,0,10,0,10,0
Li21,cL07,4,2,2,0,10,5,5,0
R1-6,LC12,2,0,2,0,10,0,10,0
R1-6,T5c,3,0,3,0,10,0,10,0
MLt5,Li01,4,2,2,0,10,4,6,0
TmY3,LC18,4,1,3,0,10,2,8,0
Sm20,R7,5,4,1,0,10,8,2,0
Tm31,Sm19,4,1,3,0,10,2,8,0
Pm06,Mi13,5,3,2,0,10,6,4,0
C3,Dm4,5,4,1,0,10,8,2,0
Tm16,MTe13,4,1,3,0,10,2,8,0
LPi08,Tlp5,5,1,4,0,10,2,8,0
LPi08,LMt4,3,0,3,0,10,0,10,0
LPi08,TmY9q,4,2,2,0,10,6,4,0
Tm5e,Y12,5,2,3,0,10,4,6,0
Tm5d,LCe05,4,2,2,0,10,6,4,0
Tm5a,TmY9q⊥,3,1,2,0,10,2,8,0
LMa1,Tm3,5,1,4,0,10,2,8,0
TmY9q,LC18,4,1,3,0,10,2,8,0
Li13,Tm8b,4,2,2,0,10,6,4,0
TmY3,DNp11,5,2,3,0,10,4,6,0
LPi02,TmY15,4,2,2,0,10,5,5,0
Tm3,LT83,3,1,2,0,10,2,8,0
Mi14,TmY14,5,2,3,0,10,4,6,0
T4c,Pm14,3,1,2,0,10,4,6,0
L4,TmY9q⊥,5,2,3,0,10,4,6,0
TmY14,LPi02,5,2,3,0,10,4,6,0
TmY9q⊥,LC26,3,0,3,0,10,0,10,0
MLt1,Li04,4,3,1,0,10,8,2,0
Tm5c,Tlp5,5,3,2,0,10,6,4,0
Tm35,MLt4,4,3,1,0,10,7,3,0
Tm25,Li32,4,2,2,0,10,5,5,0
DmDRA1,Sm02,3,1,2,0,10,3,7,0
Li09,LC19,4,3,1,0,10,7,3,0
LMt4,Pm07,5,0,5,0,10,0,10,0
Dm11,Sm41,4,3,1,0,10,8,2,0
C3,Dm10,4,2,2,0,10,5,5,0
Y4,Li15,5,1,4,0,10,2,8,0
Sm06,5-HTPMPV03,5,3,2,0,10,6,4,0
Tm8b,LC25,4,1,3,0,10,2,8,0
Sm19,MTe01a,5,3,2,0,10,6,4,0
Sm25,T2,5,3,2,0,10,6,4,0
L4,R8,2,0,2,0,10,0,10,0
Li01,LT87,5,2,3,0,10,4,6,0
Li22,DNp11,2,1,1,0,10,8,2,0
Tm20,LT73,4,1,3,0,10,2,8,0
Tm36,Tm31,5,3,2,0,10,6,4,0
Sm14,Sm03,5,3,2,0,10,6,4,0
Sm14,Tm34,4,1,3,0,10,3,7,0
Sm14,MTe36,4,0,4,0,10,0,10,0
TmY4,LT57,4,0,4,0,10,0,10,0
MLt1,Pm03,4,1,3,0,10,2,8,0
Mi9,LMt3,5,4,1,0,10,8,2,0
Pm06,Tm2,4,0,4,0,10,0,10,0
TmY11,Tm32,5,3,2,0,10,6,4,0
Mi2,Dm13,5,3,2,0,10,6,4,0
Tm32,MLt4,5,4,1,0,10,8,2,0
TmY16,LLPC2,4,0,4,0,10,0,10,0
LMt3,Li06,5,3,2,0,10,6,4,0
Tm20,LMt3,3,2,1,0,10,8,2,0
LMt2,Tm1,5,3,2,0,10,6,4,0
Tm5b,LTe30,4,1,3,0,10,2,8,0
Sm11,Tm8b,4,1,3,0,10,2,8,0
LPi14,Nod1,3,2,1,0,10,8,2,0
T5d,TmY3,5,1,4,0,10,2,8,0
Sm06,Sm03,4,2,2,0,10,6,4,0
Sm30,MeMe_e06,5,1,4,0,10,2,8,0
TmY14,Dm8b,5,2,3,0,10,4,6,0
Li01,LT1b,4,1,3,0,10,2,8,0
Tm5b,Mi9,4,3,1,0,10,8,2,0
Tm20,MLt8,3,1,2,0,10,3,7,0
Li03,LC33a,4,2,2,0,10,5,5,0
Li03,LTe74,5,2,3,0,10,4,6,0
Tm20,MTe09,3,0,3,0,10,0,10,0
TmY4,MeLp2,5,3,2,0,10,6,4,0
Tm8a,Tm20,5,3,2,0,10,6,4,0
Tm8a,mALC4,1,0,1,0,10,0,10,0
LMa1,Tm25,5,3,2,0,10,6,4,0
Tm1,T4a,4,0,4,0,10,0,10,0
Tm37,LT67,3,2,1,0,10,8,2,0
TmY31,LTe56,5,2,3,0,10,4,6,0
Sm15,Mi10,2,0,2,0,10,0,10,0
Tm8b,LT81,4,1,3,0,10,2,8,0
Tm16,LT1c,3,1,2,0,10,2,8,0
Dm4,T2,2,0,2,0,10,0,10,0
Mi10,C3,5,2,3,0,10,4,6,0
Y4,Tm5f,5,4,1,0,10,8,2,0
Tm35,LC34,5,2,3,0,10,4,6,0
MLt7,MTe01b,4,1,3,0,10,2,8,0
T5a,OA-AL2i1,5,2,3,0,10,4,6,0
TmY20,Tm5d,4,2,2,0,10,4,6,0
LPi05,LPT54,4,3,1,0,10,8,2,0
Tm5e,Tm31,4,1,3,0,10,2,8,0
Dm4,MLt5,2,0,2,0,10,0,10,0
T1,Dm1,5,1,4,0,10,2,8,0
Sm23,Mi15,5,1,4,0,10,2,8,0
Sm14,MTe09,5,2,3,0,10,4,6,0
Sm03,MTe46,4,3,1,0,10,8,2,0
Sm31,cM07,3,0,3,0,10,0,10,0
Tm8a,LT84,4,2,2,0,10,4,6,0
Y4,Tm8b,3,1,2,0,10,2,8,0
TmY10,LMa4,5,4,1,0,10,8,2,0
TmY20,cL16,5,4,1,0,10,8,2,0
Li15,Li05,4,2,2,0,10,5,5,0
Li03,TmY10,4,3,1,0,10,6,4,0
Tm8b,Li31,3,0,3,0,10,0,10,0
Sm28,Sm07,5,4,1,0,10,8,2,0
Tm20,5-HTPMPV03,5,1,4,0,10,2,8,0
LMa1,Li33,5,2,3,0,10,4,6,0
Li22,T5c,5,1,4,0,10,2,8,0
Tm5d,LC17,5,1,4,0,10,2,8,0
Li22,LLPC2,4,2,2,0,10,5,5,0
Tm8a,MeTu3c,5,3,2,0,10,6,4,0
LMt2,Li05,5,3,2,0,10,6,4,0
Tm5a,TmY20,5,3,2,0,10,6,4,0
T5d,LPi10,5,0,5,0,10,0,10,0
Li10,TmY11,5,3,2,0,10,6,4,0
Mi15,Tm2,4,1,3,0,10,2,8,0
Li18,LTe25,3,0,3,0,10,0,10,0
Tm8b,MeTu4c,4,2,2,0,10,5,5,0
Sm15,Sm24,5,1,4,0,10,2,8,0
T4c,Tm3,5,1,4,0,10,2,8,0
Dm4,Tm21,3,0,3,0,10,0,10,0
DmDRA1,MeMe_e05,4,3,1,0,10,8,2,0
Sm10,Tm33,4,3,1,0,10,8,2,0
TmY10,LT64,5,4,1,0,10,8,2,0
Tm8a,cM09,4,1,3,0,10,2,8,0
Tm8a,LT74,4,1,3,0,10,2,8,0
Tm4,cL16,4,2,2,0,10,4,6,0
TmY9q⊥,LPi04,4,3,1,0,10,8,2,0
LMa3,OA-AL2i2,5,2,3,0,10,4,6,0
LMt3,Y3,5,4,1,0,10,8,2,0
LMt3,Li24,5,1,4,0,10,2,8,0
Y11,HSN,5,3,2,0,10,6,4,0
MLt1,LTe51,5,1,4,0,10,2,8,0
MLt1,cM10,4,2,2,0,10,5,5,0
Mi1,Dm15,4,1,3,0,10,2,8,0
TmY5a,MeTu1,5,2,3,0,10,4,6,0
Tm8b,TmY20,4,3,1,0,10,6,4,0
Tm8b,LC10e,5,4,1,0,10,8,2,0
T5c,T4a,4,2,2,0,10,4,6,0
Sm15,Sm27,4,2,2,0,10,6,4,0
TmY9q⊥,LPC1,5,2,3,0,10,4,6,0
Sm26,Sm10,4,1,3,0,10,3,7,0
Dm20,Mi13,5,2,3,0,10,4,6,0
TmY31,cL02d,4,1,3,0,10,4,6,0
TmY20,Li28,5,1,4,0,10,2,8,0
LPi01,Y11,4,2,2,0,10,4,6,0
LMa2,LCe09,3,1,2,0,10,4,6,0
Tm5e,C3,5,1,4,0,10,2,8,0
Tm5f,Li20,5,2,3,0,10,4,6,0
LPi01,LPLC2,4,1,3,0,10,2,8,0
Dm10,TmY9q,3,0,3,0,10,0,10,0
Dm3q,Dm10,5,2,3,0,10,4,6,0
TmY15,cL18,5,0,5,0,10,0,10,0
TmY9q⊥,LTe33,4,3,1,0,10,8,2,0
T5b,Tm21,3,0,3,0,10,0,10,0
LPi11,cLP02,5,2,3,0,10,4,6,0
LMa3,Li28,5,4,1,0,10,8,2,0
Sm12,Dm8a,4,2,2,0,10,5,5,0
Y1,Tm5c,4,1,3,0,10,2,8,0
Mi1,OA-AL2b2,5,3,2,0,10,6,4,0
MLt5,Sm18,5,3,2,0,10,6,4,0
Y3,VST2,5,3,2,0,10,6,4,0
TmY15,Lawf1,5,3,2,0,10,6,4,0
Tm16,OA-AL2b1,5,3,2,0,10,6,4,0
Dm18,MLt1,5,3,2,0,10,6,4,0
Tm25,cM07,5,2,3,0,10,4,6,0
Y1,Mi13,5,2,3,0,10,4,6,0
Li10,cL10,5,2,3,0,10,4,6,0
Li03,Tm37,5,1,4,0,10,2,8,0
LMa2,Li13,5,3,2,0,10,6,4,0
T2,L1,5,0,5,0,10,0,10,0
Tm25,Pm14,5,3,2,0,10,6,4,0
TmY31,LPT28,4,3,1,0,10,8,2,0
Tlp5,LLPC4,4,2,2,0,10,6,4,0
Li11,LLPC2,5,2,3,0,10,4,6,0
TmY3,Tm8b,5,3,2,0,10,6,4,0
Tlp1,LTe21,5,1,4,0,10,2,8,0
Mi9,Dm14,5,3,2,0,10,6,4,0
Li14,Tm27,5,3,2,0,10,6,4,0
Dm3v,T3,2,0,2,0,10,0,10,0
Dm3v,Pm02,2,0,2,0,10,0,10,0
LPi15,Nod5,2,1,1,0,10,3,7,0
LPi15,LPT52,2,1,1,0,10,3,7,0
LPi15,LPi06,3,1,2,0,10,2,8,0
Sm03,C2,4,0,4,0,10,0,10,0
Tm31,LC26,5,3,2,0,10,6,4,0
Y1,cLPL01,4,0,4,0,10,0,10,0
Tm20,LC31b,5,4,1,0,10,8,2,0
MLt1,APDN3,3,1,2,0,10,2,8,0
T2a,PDt,4,2,2,0,10,6,4,0
Sm21,Tm5d,5,2,3,0,10,4,6,0
Tm5b,MTe28,4,1,3,0,10,4,6,0
TmY31,cL02b,4,2,2,0,10,5,5,0
Tm36,LT1c,3,2,1,0,10,5,5,0
TmY15,TmY10,5,4,1,0,10,8,2,0
MLt2,LC10d,3,0,3,0,10,0,10,0
MLt2,Tm36,5,1,4,0,10,2,8,0
T4d,Tlp5,5,3,2,0,10,6,4,0
Tm34,LCe02,3,1,2,0,10,5,5,0
TmY9q⊥,Pm14,4,3,1,0,10,8,2,0
LPi04,LPi13,5,3,2,0,10,6,4,0
MLt5,CB0802,3,0,3,0,10,0,10,0
Dm20,Sm05,5,0,5,0,10,0,10,0
Pm07,TmY11,5,2,3,0,10,4,6,0
Pm09,Y11,5,3,2,0,10,6,4,0
TmY9q⊥,LC9,5,4,1,0,10,8,2,0
L1,L1,5,1,4,0,10,2,8,0
Sm07,MTe07,5,1,4,0,10,2,8,0
T4b,OA-AL2i1,5,3,2,0,10,6,4,0
TmY10,LTe41,5,3,2,0,10,6,4,0
TmY9q⊥,Tm8a,5,2,3,0,10,4,6,0
Tm32,LTe17,4,2,2,0,10,4,6,0
R8,TmY14,4,1,3,0,10,2,8,0
Mi14,Sm05,5,3,2,0,10,6,4,0
Dm4,TmY9q⊥,3,0,3,0,10,0,10,0
Tm5b,TmY20,4,1,3,0,10,2,8,0
Tm36,LC12,5,2,3,0,10,4,6,0
T3,TmY16,5,2,3,0,10,4,6,0
Tm21,OA-AL2i2,5,2,3,0,10,4,6,0
TmY9q⊥,VCH,5,1,4,0,10,2,8,0
Tlp14,T4b,5,2,3,0,10,4,6,0
TmY10,Dm19,4,1,3,0,10,2,8,0
Mi2,T4c,4,0,4,0,10,0,10,0
Tm4,Tm32,5,1,4,0,10,2,8,0
LMt3,Li31,3,0,3,0,10,0,10,0
Li28,LPLC4,4,1,3,0,10,2,8,0
Li28,TmY20,3,1,2,0,10,6,4,0
Li28,Li29,3,2,1,0,10,7,3,0
TmY9q⊥,MLt3,4,2,2,0,10,5,5,0
Tm34,Li15,5,4,1,0,10,8,2,0
Tm35,Tm25,4,1,3,0,10,2,8,0
Tm35,Sm40,4,3,1,0,10,8,2,0
Y11,Pm13,5,3,2,0,10,6,4,0
Tm5e,Mi14,4,3,1,0,10,8,2,0
Tm5f,MTe01a,4,2,2,0,10,5,5,0
Tm33,LC31a,5,3,2,0,10,6,4,0
Pm14,MTe46,4,2,2,0,10,5,5,0
Pm14,LMt4,5,4,1,0,10,8,2,0
TmY4,MeTu1,4,0,4,0,10,0,10,0
Li11,LTe52,4,2,2,0,10,6,4,0
Dm9,Sm02,5,4,1,0,10,8,2,0
TmY11,LPi04,5,3,2,0,10,6,4,0
Tm37,LT72,5,3,2,0,10,6,4,0
LMa4,Tm7,5,2,3,0,10,4,6,0
Tm25,OA-AL2i2,4,2,2,0,10,5,5,0
Dm10,Dm1,5,4,1,0,10,8,2,0
TmY31,aMe19b,5,4,1,0,10,8,2,0
Dm20,MLt7,4,3,1,0,10,7,3,0
LMt2,TmY4,5,4,1,0,10,8,2,0
LMa5,Tm36,5,3,2,0,10,6,4,0
Li15,LC10a,5,4,1,0,10,8,2,0
Li12,LT59,3,2,1,0,10,8,2,0
Li01,PLP251,4,1,3,0,10,2,8,0
T5b,LC15,3,0,3,0,10,0,10,0
Sm16,MTe19,4,2,2,0,10,5,5,0
Tm37,T2a,5,2,3,0,10,4,6,0
MLt6,Sm01,4,0,4,0,10,0,10,0
Li04,Li12,4,2,2,0,10,4,6,0
TmY11,Mi1,4,2,2,0,10,4,6,0
Li12,LTe12,4,1,3,0,10,3,7,0
TmY10,LMt3,5,3,2,0,10,6,4,0
Tm35,LT65,4,0,4,0,10,0,10,0
Tm5a,Pm14,3,2,1,0,10,8,2,0
Sm32,Tm1,4,0,4,0,10,0,10,0
Sm13,Sm42,5,4,1,0,10,8,2,0
Li19,LT82a,3,2,1,0,10,8,2,0
Tm36,LTe47,4,2,2,0,10,5,5,0
Sm03,Tm7,4,3,1,0,10,8,2,0
Sm24,MeMe_e05,4,3,1,0,10,8,2,0
Sm15,cM03,5,2,3,0,10,4,6,0
Tm3,CB0816,5,3,2,0,10,6,4,0
Sm10,Tm8a,5,4,1,0,10,8,2,0
Li31,T3,4,1,3,0,10,2,8,0
Li31,LC10c,5,3,2,0,10,6,4,0
Tm5f,LTe49c,4,3,1,0,10,8,2,0
Sm30,Sm21,4,1,3,0,10,3,7,0
Sm07,Dm12,5,4,1,0,10,8,2,0
Sm39,MeMe_e05,2,1,1,0,10,6,4,0
TmY3,Tm5f,5,2,3,0,10,4,6,0
Li08,LT52,5,3,2,0,10,6,4,0
TmY11,Dm3q,5,2,3,0,10,4,6,0
LMt4,Tm21,5,3,2,0,10,6,4,0
Tm4,T4a,4,3,1,0,10,8,2,0
Y3,LPi08,5,3,2,0,10,6,4,0
Tm1,MTe50,5,4,1,0,10,8,2,0
Sm06,aMe1,3,2,1,0,10,5,5,0
Tm9,MTe51,5,4,1,0,10,8,2,0
Tm5a,LC14b,5,3,2,0,10,6,4,0
T2a,Sm09,4,2,2,0,10,5,5,0
TmY5a,MTe32,5,2,3,0,10,4,6,0
Sm02,MTe19,3,2,1,0,10,7,3,0
Li02,cL16,5,4,1,0,10,8,2,0
MLt4,LC19,4,0,4,0,10,0,10,0
Tm5a,cL02a,2,0,2,0,10,0,10,0
Tm5f,LTe55,5,3,2,0,10,6,4,0
Sm29,cM17,4,3,1,0,10,8,2,0
Tm37,TmY4,5,0,5,0,10,0,10,0
Y11,LC11,3,2,1,0,10,8,2,0
T4d,Y1,5,0,5,0,10,0,10,0
TmY31,LC25,5,2,3,0,10,4,6,0
Tm5f,MTe34,4,3,1,0,10,8,2,0
Li07,Li04,4,1,3,0,10,2,8,0
Tm3,LTe47,3,2,1,0,10,6,4,0
Sm21,Sm41,4,1,3,0,10,3,7,0
TmY10,LC10a,5,2,3,0,10,4,6,0
Sm42,cM18,2,1,1,0,10,3,7,0
TmY15,LT64,4,2,2,0,10,6,4,0
Li08,LC26,3,0,3,0,10,0,10,0
Li08,LC36,4,3,1,0,10,8,2,0
Dm2,MeMe_e07,4,1,3,0,10,3,7,0
Tm7,aMe19b,4,2,2,0,10,4,6,0
TmY20,PLP251,4,3,1,0,10,8,2,0
LMa1,LT1b,5,1,4,0,10,2,8,0
TmY20,LTe25,4,2,2,0,10,4,6,0
TmY5a,MeTu4c,4,2,2,0,10,5,5,0
Li09,LC9,5,1,4,0,10,2,8,0
Tm16,T1,4,3,1,0,10,8,2,0
LPi10,LPT50,4,2,2,0,10,5,5,0
Dm2,MeMe_e10,5,2,3,0,10,4,6,0
Tm5e,LC9,5,3,2,0,10,6,4,0
Li22,Li06,4,3,1,0,10,6,4,0
LPi08,Tm27,5,4,1,0,10,8,2,0
R7,Sm03,4,2,2,0,10,5,5,0
TmY15,LT1a,2,0,2,0,10,0,10,0
Li10,LTe48,4,3,1,0,10,8,2,0
Pm08,T4c,5,2,3,0,10,4,6,0
MLt1,LTe22,4,3,1,0,10,8,2,0
Pm08,LMt2,5,3,2,0,10,6,4,0
TmY31,LTe51,4,2,2,0,10,6,4,0
T2a,cM10,4,3,1,0,10,6,4,0
Sm04,Sm29,5,3,2,0,10,6,4,0
L1,Mi14,5,4,1,0,10,8,2,0
Sm22,MeTu4b,2,0,2,0,10,0,10,0
Sm02,MLt1,5,2,3,0,10,4,6,0
Li28,Tm5e,4,3,1,0,10,7,3,0
Li27,cLLP02,4,3,1,0,10,7,3,0
MLt3,Dm13,3,0,3,0,10,0,10,0
TmY4,LT11,4,3,1,0,10,8,2,0
TmY3,LPi14,5,2,3,0,10,4,6,0
Sm31,Sm19,4,3,1,0,10,6,4,0
Sm31,Mi2,5,4,1,0,10,8,2,0
Li09,cM10,5,4,1,0,10,8,2,0
Tm4,LTe59,4,3,1,0,10,8,2,0
Tm27,Dm4,5,4,1,0,10,8,2,0
LPi07,TmY11,4,3,1,0,10,8,2,0
LPi07,VS4,4,2,2,0,10,5,5,0
TmY9q,LPC2,5,4,1,0,10,8,2,0
Sm06,Pm05,5,0,5,0,10,0,10,0
Tm33,LC10d,4,3,1,0,10,8,2,0
Sm05,Y3,4,1,3,0,10,3,7,0
Tm37,LC43,5,2,3,0,10,4,6,0
LPi07,LMa3,4,2,2,0,10,6,4,0
Tm7,Li07,5,2,3,0,10,4,6,0
Li06,Li20,5,4,1,0,10,8,2,0
Mi9,Dm17,5,4,1,0,10,8,2,0
Sm33,Sm15,3,2,1,0,10,5,5,0
Mi1,Li06,4,1,3,0,10,3,7,0
Y3,LTe68,4,3,1,0,10,7,3,0
MLt7,Tm34,5,4,1,0,10,8,2,0
Tm20,LC36,4,2,2,0,10,6,4,0
Tm8a,OA-ASM1,5,3,2,0,10,6,4,0
LPi12,DCH,2,1,1,0,10,2,8,0
LPi12,LPT22,2,1,1,0,10,5,5,0
T1,T2,4,1,3,0,10,3,7,0
Pm08,Tm36,5,1,4,0,10,2,8,0
Tm25,TmY10,4,1,3,0,10,2,8,0
Tm32,LC36,5,3,2,0,10,6,4,0
LMa2,MeLp2,4,2,2,0,10,4,6,0
Tm7,LTe41,4,2,2,0,10,4,6,0
Sm07,MTe34,3,2,1,0,10,7,3,0
Tm5a,LTe11,2,0,2,0,10,0,10,0
Sm12,Sm13,5,3,2,0,10,6,4,0
Li05,LT53,4,3,1,0,10,8,2,0
Li06,Tm5b,5,3,2,0,10,6,4,0
Sm27,MeMe_e09,4,1,3,0,10,2,8,0
Sm26,L3,5,4,1,0,10,8,2,0
Y3,LTe04,4,0,4,0,10,0,10,0
T2,Tm8a,5,4,1,0,10,8,2,0
Mi2,Dm14,3,0,3,0,10,0,10,0
Li33,TmY16,3,2,1,0,10,8,2,0
Li33,Tm33,4,2,2,0,10,5,5,0
Li33,LT74,4,1,3,0,10,2,8,0
Li33,Tm2,5,1,4,0,10,2,8,0
Li33,PLP155,2,1,1,0,10,6,4,0
Li33,Tlp4,4,2,2,0,10,6,4,0
Li33,LTe19,2,1,1,0,10,5,5,0
Li33,LT69,2,1,1,0,10,4,6,0
Li33,LTe76,2,1,1,0,10,3,7,0
TmY15,Dm13,5,3,2,0,10,6,4,0
Mi9,MTe08,5,3,2,0,10,6,4,0
Tm27,MeLp2,4,2,2,0,10,6,4,0
Tm5c,DmDRA1,5,3,2,0,10,6,4,0
LMa2,LCe02,4,1,3,0,10,2,8,0
Tm32,Tm31,3,0,3,0,10,0,10,0
Tm5c,LMa1,5,2,3,0,10,4,6,0
T5a,Li26,5,4,1,0,10,8,2,0
TmY20,LTe47,4,1,3,0,10,2,8,0
TmY20,LTe55,5,2,3,0,10,4,6,0
LLPt,Li08,5,4,1,0,10,8,2,0
TmY4,Nod2,4,3,1,0,10,8,2,0
Sm36,Tm5c,5,2,3,0,10,4,6,0
Sm36,MLt5,5,4,1,0,10,8,2,0
TmY16,MTe54,4,3,1,0,10,7,3,0
Tm8a,LTe38a,5,2,3,0,10,4,6,0
TmY3,L1,5,4,1,0,10,8,2,0
MLt1,OA-AL2i2,5,3,2,0,10,6,4,0
Li04,LTe53,4,3,1,0,10,8,2,0
Dm8b,Sm10,4,1,3,0,10,2,8,0
Dm6,C2,5,2,3,0,10,4,6,0
T2,Dm2,4,3,1,0,10,8,2,0
Tm35,MTe01a,4,3,1,0,10,8,2,0
Tm27,LLPC2,5,4,1,0,10,8,2,0
TmY16,HSE,3,1,2,0,10,4,6,0
TmY16,LC19,4,2,2,0,10,4,6,0
Li11,cL02d,4,2,2,0,10,6,4,0
Li25,LLPC3,4,0,4,0,10,0,10,0
Mi15,MTe07,5,2,3,0,10,4,6,0
Pm13,OA-ASM1,4,1,3,0,10,2,8,0
Pm13,Tm4,4,1,3,0,10,2,8,0
Pm13,Sm10,4,1,3,0,10,3,7,0
Pm13,Dm12,4,0,4,0,10,0,10,0
Pm13,T2,3,0,3,0,10,0,10,0
Pm13,Tm34,5,3,2,0,10,6,4,0
TmY5a,LPT28,5,4,1,0,10,8,2,0
TmY5a,LTe49a,5,3,2,0,10,6,4,0
Tm2,Pm13,3,1,2,0,10,4,6,0
LMa2,Tm5a,5,2,3,0,10,4,6,0
Y3,LPT54,4,2,2,0,10,5,5,0
Li16,LT83,5,3,2,0,10,6,4,0
Sm14,Tm32,5,2,3,0,10,4,6,0
T2,AN_multi_125,4,3,1,0,10,8,2,0
R7,T1,5,4,1,0,10,8,2,0
TmY5a,Sm04,4,1,3,0,10,3,7,0
TmY9q⊥,LC10c,5,4,1,0,10,8,2,0
LPi08,TmY11,5,2,3,0,10,4,6,0
PDt,LMa2,4,3,1,0,10,7,3,0
Li32,LT83,1,0,1,0,10,0,10,0
Li32,Tm33,5,2,3,0,10,4,6,0
Li32,Tm5c,5,1,4,0,10,2,8,0
Li32,Tm32,3,2,1,0,10,6,4,0
Li32,LTe36,2,1,1,0,10,6,4,0
Li32,LC14a1,4,3,1,0,10,8,2,0
Li32,LTe58,2,1,1,0,10,5,5,0
MLt2,Pm05,5,3,2,0,10,6,4,0
TmY15,Mi2,5,3,2,0,10,6,4,0
Sm08,MLt8,5,3,2,0,10,6,4,0
Li24,Tm5a,4,3,1,0,10,8,2,0
Y11,Tm25,4,1,3,0,10,2,8,0
LLPt,Tm5c,3,2,1,0,10,8,2,0
MLt7,Sm13,4,3,1,0,10,7,3,0
LMa2,TmY4,5,4,1,0,10,8,2,0
Dm10,LC26,2,0,2,0,10,0,10,0
Tm5e,T5a,5,4,1,0,10,8,2,0
Sm35,MeTu3c,4,3,1,0,10,8,2,0
Pm10,cM15,3,0,3,0,10,0,10,0
Sm34,Sm01,5,1,4,0,10,2,8,0
LPi04,LPT49,4,3,1,0,10,8,2,0
MLt5,Pm05,5,4,1,0,10,8,2,0
TmY3,Tlp1,5,4,1,0,10,8,2,0
Lat,Sm42,3,2,1,0,10,8,2,0
Li01,Li11,5,4,1,0,10,8,2,0
CT1,Tm3,3,0,3,0,10,0,10,0
Sm12,MTe05,3,1,2,0,10,2,8,0
PDt,Mi10,4,3,1,0,10,8,2,0
Li24,OA-AL2i2,4,3,1,0,10,7,3,0
LMt4,T5d,4,3,1,0,10,8,2,0
TmY10,LTe37,4,2,2,0,10,6,4,0
Pm10,TmY20,5,3,2,0,10,6,4,0
Tm1,MTe43,5,2,3,0,10,4,6,0
Li17,TmY4,4,2,2,0,10,4,6,0
TmY5a,MeMe_e09,5,4,1,0,10,8,2,0
Am1,MeMe_e08,3,1,2,0,10,3,7,0
Am1,LPi13,1,0,1,0,10,0,10,0
Am1,MTe54,2,0,2,0,10,0,10,0
Am1,Pm01,4,3,1,0,10,8,2,0
Li09,LC37a,4,2,2,0,10,4,6,0
Li05,cL05,5,2,3,0,10,4,6,0
Y1,LC20b,4,3,1,0,10,7,3,0
T5d,DNp27,2,0,2,0,10,0,10,0
MLt6,MeTu1,3,2,1,0,10,5,5,0
TmY3,Dm18,5,1,4,0,10,2,8,0
LMt4,Pm01,5,4,1,0,10,8,2,0
Sm09,aMe17b,5,2,3,0,10,4,6,0
LPi09,LLPC1,3,1,2,0,10,2,8,0
Y12,Tm20,4,3,1,0,10,6,4,0
Dm11,Sm07,4,1,3,0,10,3,7,0
Tm25,Sm07,4,2,2,0,10,5,5,0
Tm16,MLt8,5,3,2,0,10,6,4,0
TmY15,Tm5b,5,4,1,0,10,8,2,0
DmDRA2,aMe5,3,1,2,0,10,3,7,0
Li06,LT61a,4,3,1,0,10,8,2,0
LPi03,LPi07,4,2,2,0,10,6,4,0
Y3,LCe05,4,3,1,0,10,6,4,0
Li08,LT73,4,2,2,0,10,6,4,0
TmY20,Li29,5,4,1,0,10,8,2,0
TmY11,LTe65,5,2,3,0,10,4,6,0
MLt5,Tm31,4,2,2,0,10,4,6,0
Y12,LTe47,2,0,2,0,10,0,10,0
Tm7,Dm11,4,3,1,0,10,8,2,0
T5d,Li06,5,4,1,0,10,8,2,0
Li09,Tm5e,4,2,2,0,10,5,5,0
TmY9q,LT76,4,3,1,0,10,6,4,0
Tm1,LMt4,3,2,1,0,10,6,4,0
Li11,LTe58,5,4,1,0,10,8,2,0
LPi02,TmY31,3,2,1,0,10,4,6,0
Tm5b,Lawf2,4,2,2,0,10,4,6,0
Dm2,Li12,2,0,2,0,10,0,10,0
Dm2,LC16,1,0,1,0,10,0,10,0
Dm2,Sm22,3,0,3,0,10,0,10,0
Pm10,Sm04,5,1,4,0,10,2,8,0
LMa4,cL21,5,4,1,0,10,8,2,0
TmY4,cL02d,4,3,1,0,10,8,2,0
R8,TmY5a,5,3,2,0,10,6,4,0
Mi10,cM08a,5,3,2,0,10,6,4,0
LPi11,TmY20,4,2,2,0,10,6,4,0
Mi15,TmY11,4,3,1,0,10,8,2,0
C2,LPLC4,1,0,1,0,10,0,10,0
C2,LC26,1,0,1,0,10,0,10,0
Li10,Sm41,1,0,1,0,10,0,10,0
LLPt,LC25,3,2,1,0,10,6,4,0
Tm16,LTe25,3,0,3,0,10,0,10,0
TmY9q⊥,Tm1,4,3,1,0,10,7,3,0
TmY14,Li29,4,3,1,0,10,8,2,0
Dm12,CB0592,4,1,3,0,10,4,6,0
TmY11,LPT23,4,3,1,0,10,8,2,0
Li30,LTe38c,4,2,2,0,10,4,6,0
Li30,LT84,2,1,1,0,10,5,5,0
Li30,LT41,2,1,1,0,10,6,4,0
Li30,Tm16,4,3,1,0,10,7,3,0
Li30,cL17,2,1,1,0,10,8,2,0
Li30,LT74,2,1,1,0,10,5,5,0
Pm09,Tm8a,4,1,3,0,10,3,7,0
Tm8a,Mi15,4,0,4,0,10,0,10,0
Dm3q,Tm36,4,3,1,0,10,8,2,0
R1-6,Dm13,3,0,3,0,10,0,10,0
Pm13,Sm08,5,2,3,0,10,4,6,0
Dm8b,Tm21,3,2,1,0,10,6,4,0
Y11,Tm16,4,3,1,0,10,7,3,0
Tlp1,LTe20,5,3,2,0,10,6,4,0
Tm2,LC31a,4,1,3,0,10,3,7,0
Sm25,aMe26,4,3,1,0,10,7,3,0
Sm11,Sm07,4,2,2,0,10,6,4,0
Li29,Li27,4,2,2,0,10,4,6,0
Sm37,Sm35,2,1,1,0,10,8,2,0
Sm37,cM08c,2,1,1,0,10,3,7,0
T3,MTe08,4,2,2,0,10,6,4,0
Mi10,Lawf2,4,3,1,0,10,8,2,0
Tm8a,Sm22,5,3,2,0,10,6,4,0
Sm36,Sm15,3,1,2,0,10,2,8,0
Sm36,TmY31,5,1,4,0,10,2,8,0
Y3,cML01,4,3,1,0,10,8,2,0
R8,T4d,2,0,2,0,10,0,10,0
Dm9,MTe07,5,4,1,0,10,8,2,0
LMt4,T5b,4,2,2,0,10,5,5,0
TmY15,L3,3,0,3,0,10,0,10,0
Tm27,Tm9,5,4,1,0,10,8,2,0
MLt3,Tm5f,4,3,1,0,10,7,3,0
Sm27,Pm05,4,2,2,0,10,6,4,0
R8,Li33,1,0,1,0,10,0,10,0
MLt3,Dm16,5,3,2,0,10,6,4,0
TmY10,LC11,3,0,3,0,10,0,10,0
Dm3v,TmY31,5,4,1,0,10,8,2,0
Li23,LT57,3,2,1,0,10,7,3,0
LMa2,T5a,4,0,4,0,10,0,10,0
Tm35,LT64,4,3,1,0,10,8,2,0
Li27,LPLC2,5,3,2,0,10,6,4,0
Li27,LT52,4,2,2,0,10,4,6,0
Li27,LTe40,3,2,1,0,10,8,2,0
Mi13,Pm01,5,4,1,0,10,8,2,0
DmDRA1,MLt8,4,3,1,0,10,8,2,0
Sm07,aMe19a,4,3,1,0,10,8,2,0
Pm08,Tm20,5,4,1,0,10,8,2,0
Li09,cM07,5,4,1,0,10,8,2,0
TmY4,Sm22,4,3,1,0,10,8,2,0
Tm8b,Tm33,3,2,1,0,10,6,4,0
Sm04,MLt5,5,4,1,0,10,8,2,0
LCe06,LC10b,5,0,5,0,10,0,10,0
LC18,TmY15,5,2,3,0,10,4,6,0
MeMe_e01,Mi14,4,3,1,0,10,7,3,0
MeTu3a,Sm07,5,1,4,0,10,2,8,0
LLPC3,LCe06,5,2,3,0,10,4,6,0
LT55,LTe73,2,1,1,0,10,3,7,0
LLPC3,cL18,5,3,2,0,10,6,4,0
LC15,LC18,5,1,4,0,10,2,8,0
LC10e,LC33a,4,2,2,0,10,4,6,0
LC10d,Li13,5,3,2,0,10,6,4,0
LC27,LT86,3,0,3,0,10,0,10,0
MTe45,cL10,1,0,1,0,10,0,10,0
LC10b,Tm8b,3,1,2,0,10,2,8,0
LC10d,Li30,4,0,4,0,10,0,10,0
MTe03,Sm40,3,0,3,0,10,0,10,0
MTe02,Tm5c,5,1,4,0,10,2,8,0
LC18,LT53,3,0,3,0,10,0,10,0
LT11,LT1b,1,0,1,0,10,0,10,0
LT11,Li31,2,1,1,0,10,6,4,0
cLPL01,LPi11,3,2,1,0,10,7,3,0
cL22a,Li12,4,1,3,0,10,3,7,0
MTe21,aMe5,4,2,2,0,10,5,5,0
LPLC2,Li31,4,2,2,0,10,5,5,0
MTe46,Tm16,5,2,3,0,10,4,6,0
LC14a1,LC10e,4,3,1,0,10,8,2,0
LTe08,LTe58,3,2,1,0,10,8,2,0
LTe08,Li32,2,1,1,0,10,5,5,0
LPLC2,LC6,5,4,1,0,10,8,2,0
LT34,LMa2,2,1,1,0,10,2,8,0
LT34,OA-ASM1,3,2,1,0,10,5,5,0
MeTu3a,MeMe_e05,4,3,1,0,10,8,2,0
LT42,cL02b,3,2,1,0,10,4,6,0
LT42,cMLLP01,2,1,1,0,10,5,5,0
LT42,LPLC4,4,1,3,0,10,2,8,0
LTe15,Y1,3,1,2,0,10,2,8,0
LTe15,Tm7,4,1,3,0,10,4,6,0
cLP03,LMa4,5,2,3,0,10,4,6,0
LC14a2,Tm8b,2,0,2,0,10,0,10,0
LC14a2,LT75,4,1,3,0,10,2,8,0
LC14a2,Li04,4,2,2,0,10,4,6,0
LT60,LT61a,2,1,1,0,10,5,5,0
LT60,LMt1,5,3,2,0,10,6,4,0
LC16,LC10c,5,1,4,0,10,2,8,0
aMe12,cM04,4,1,3,0,10,2,8,0
aMe12,Sm12,5,3,2,0,10,6,4,0
MeTu1,Sm18,5,0,5,0,10,0,10,0
LT43,LT72,2,0,2,0,10,0,10,0
LT43,PLP215,3,2,1,0,10,8,2,0
LC10e,Li01,5,2,3,0,10,4,6,0
MeTu4c,Sm10,4,0,4,0,10,0,10,0
LTe03,Li05,4,1,3,0,10,2,8,0
LC31a,Tm31,5,3,2,0,10,6,4,0
LC18,Li19,4,2,2,0,10,4,6,0
LLPC3,Li32,4,1,3,0,10,2,8,0
MTe41,cM05,2,1,1,0,10,8,2,0
LC20b,LC37a,4,1,3,0,10,4,6,0
LC20b,LCe05,4,1,3,0,10,2,8,0
MeMe_e01,Sm21,4,2,2,0,10,6,4,0
cL16,Li02,5,3,2,0,10,6,4,0
cL16,LT36,2,1,1,0,10,2,8,0
cL16,Li08,5,4,1,0,10,8,2,0
cLP01,T4b,5,3,2,0,10,6,4,0
MeTu1,Tm34,5,2,3,0,10,4,6,0
LC13,Li01,4,3,1,0,10,8,2,0
MTe50,L3,3,0,3,0,10,0,10,0
LPLC2,Li30,3,0,3,0,10,0,10,0
LPLC2,T2,4,2,2,0,10,5,5,0
LC24,LTe12,3,2,1,0,10,6,4,0
cL14,Tm8b,4,0,4,0,10,0,10,0
cL14,LCe06,4,0,4,0,10,0,10,0
cL14,LC6,4,2,2,0,10,4,6,0
cL14,LLPt,5,4,1,0,10,8,2,0
LT52,LC43,2,1,1,0,10,2,8,0
LT52,LT81,4,0,4,0,10,0,10,0
LT52,cLLP02,4,0,4,0,10,0,10,0
LC14a2,Li07,4,3,1,0,10,8,2,0
LC4,LLPt,5,3,2,0,10,6,4,0
LCe01a,TmY10,5,3,2,0,10,6,4,0
LC28a,TmY20,5,2,3,0,10,4,6,0
MeMe_e08,Pm02,4,2,2,0,10,4,6,0
MeMe_e08,T2,4,1,3,0,10,3,7,0
aMe17b,Sm05,3,0,3,0,10,0,10,0
MeMe_e02,aMe17a1,2,2,0,0,10,10,0,0
MeMe_e02,OA-AL2i4,4,4,0,0,10,10,0,0
cM18,Sm12,4,1,3,0,10,2,8,0
cM18,MTe37,2,1,1,0,10,5,5,0
H1,LPi06,4,3,1,0,10,7,3,0
aMe8,cM04,3,2,1,0,10,7,3,0
LC29,LTe66,3,0,3,0,10,0,10,0
LC20b,Tm37,5,3,2,0,10,6,4,0
LC17,LC9,5,2,3,0,10,4,6,0
LC10e,LT69,2,0,2,0,10,0,10,0
LPLC2,LTe18,4,1,3,0,10,2,8,0
CB0816,Dm4,5,2,3,0,10,4,6,0
CB0816,MTe43,3,1,2,0,10,4,6,0
LT79,LC37a,1,0,1,0,10,0,10,0
LT79,LT82a,3,1,2,0,10,4,6,0
cM08c,cM08a,4,2,2,0,10,5,5,0
aMe26,Tm5c,5,0,5,0,10,0,10,0
aMe26,LC28a,2,1,1,0,10,5,5,0
LPLC4,Tm27,5,1,4,0,10,2,8,0
LPLC4,LPi10,5,3,2,0,10,6,4,0
LPT54,T5c,1,0,1,0,10,0,10,0
LPT54,LPT51,2,1,1,0,10,5,5,0
LC15,LT52,4,2,2,0,10,5,5,0
aMe9,MTe01a,4,3,1,0,10,7,3,0
LT57,TmY20,3,2,1,0,10,5,5,0
LPLC2,Li01,5,2,3,0,10,4,6,0
LC9,Tm36,5,0,5,0,10,0,10,0
LC10e,LTe58,5,2,3,0,10,4,6,0
MTe54,Tm20,5,2,3,0,10,4,6,0
LC4,Tm27,5,2,3,0,10,4,6,0
LC15,Tm5e,4,2,2,0,10,6,4,0
LPT45_dCal1,Tlp5,4,1,3,0,10,2,8,0
LPT45_dCal1,T4c,4,3,1,0,10,8,2,0
LC6,LC13,4,2,2,0,10,4,6,0
LPT23,LLPC1,5,3,2,0,10,6,4,0
LPT23,LPT51,3,2,1,0,10,7,3,0
LC22,LC33a,5,1,4,0,10,2,8,0
OA-AL2b1,Li32,3,1,2,0,10,4,6,0
LTe01,LC37a,4,3,1,0,10,8,2,0
LC11,LTe05,4,2,2,0,10,4,6,0
aMe20,cL19,2,1,1,0,10,5,5,0
MeTu1,Sm36,5,3,2,0,10,6,4,0
LT51,LC10b,4,0,4,0,10,0,10,0
cL08,LC11,4,2,2,0,10,4,6,0
cL08,LC15,3,2,1,0,10,8,2,0
cL08,LT51,3,2,1,0,10,4,6,0
LPLC1,LC10c,5,0,5,0,10,0,10,0
LPLC1,Tm37,4,2,2,0,10,4,6,0
AN_multi_124,Tm21,4,3,1,0,10,8,2,0
MTe25,CB0816,2,1,1,0,10,6,4,0
MTe25,MC65,3,2,1,0,10,8,2,0
LT70,LT80,4,0,4,0,10,0,10,0
LT70,TmY10,4,2,2,0,10,6,4,0
LT52,LT47,4,2,2,0,10,6,4,0
LC14a2,LC37a,4,2,2,0,10,5,5,0
LTe29,Tm5d,4,2,2,0,10,4,6,0
cL10,LT51,3,1,2,0,10,2,8,0
cL10,Mi15,3,1,2,0,10,2,8,0
LC14b,LTe20,4,1,3,0,10,2,8,0
LC14b,OA-AL2b1,5,0,0,5,10,0,0,10
MeTu4c,LC20b,4,1,3,0,10,2,8,0
cLP03,VS2,3,1,2,0,10,2,8,0
MeMe_e01,MeTu2b,5,3,2,0,10,6,4,0
cL07,LC31c,2,1,1,0,10,2,8,0
cL07,LT83,2,1,1,0,10,7,3,0
LLPC3,cL15,2,0,2,0,10,0,10,0
LC9,LTe17,4,2,2,0,10,6,4,0
cM17,TmY9q⊥,3,1,2,0,10,2,8,0
LPT30,LPi07,4,3,1,0,10,6,4,0
LPT30,LPi11,3,2,1,0,10,5,5,0
LC9,LLPt,5,2,3,0,10,4,6,0
aMe10,MeMe_e01,3,0,0,3,10,0,0,10
MTe08,TmY5a,5,3,2,0,10,6,4,0
OA-AL2i3,Mi4,2,1,1,0,10,2,8,0
OA-AL2i3,MLt1,5,1,4,0,10,2,8,0
OA-AL2i3,MeTu3b,2,0,2,0,10,0,10,0
LC4,LLPC1,5,1,4,0,10,2,8,0
LTe06,LTe69,2,1,1,0,10,8,2,0
l-LNv,Dm10,5,4,1,0,10,8,2,0
l-LNv,OA-AL2i3,4,2,2,0,10,4,6,0
cM06,LMa3,4,3,1,0,10,6,4,0
MTe03,MeTu1,5,1,4,0,10,2,8,0
aMe1,MTe50,2,1,1,0,10,5,5,0
LTe58,LTe46,2,1,1,0,10,6,4,0
MeLp2,LPi07,4,1,3,0,10,2,8,0
MeLp2,Tm1,5,2,3,0,10,4,6,0
LPLC2,LMa4,4,2,2,0,10,5,5,0
MTe54,LMt2,5,3,2,0,10,6,4,0
MeTu4a,LT43,4,0,4,0,10,0,10,0
MeMe_e08,T4d,4,2,2,0,10,4,6,0
MeMe_e08,cM15,3,2,1,0,10,7,3,0
MeMe_e08,Mi9,4,3,1,0,10,8,2,0
MeTu4a,MeTu3b,5,1,4,0,10,2,8,0
LT72,LT59,2,1,1,0,10,4,6,0
LT72,Li33,2,1,1,0,10,2,8,0
LT72,LTe58,2,1,1,0,10,7,3,0
cM19,Li05,4,1,3,0,10,2,8,0
LPLC4,TmY9q,5,2,3,0,10,4,6,0
LLPC3,LTe15,3,1,2,0,10,3,7,0
cL20,Tm27,5,2,3,0,10,4,6,0
cL20,LC29,3,2,1,0,10,7,3,0
cL20,Li10,3,1,2,0,10,2,8,0
LT37,TmY9q⊥,5,3,2,0,10,6,4,0
LT37,Y3,5,2,3,0,10,4,6,0
LT37,LLPt,5,1,4,0,10,2,8,0
LC28a,Tm8b,4,2,2,0,10,4,6,0
LC28a,Tm33,4,1,3,0,10,2,8,0
5-HTPMPV03,TmY31,3,2,1,0,10,4,6,0
5-HTPMPV03,Pm10,5,2,3,0,10,4,6,0
5-HTPMPV03,MTe02,4,4,0,0,10,10,0,0
LT57,Li27,4,2,2,0,10,5,5,0
LC28a,Tm37,4,3,1,0,10,7,3,0
LC28a,LT59,4,1,3,0,10,2,8,0
cM08a,Sm18,5,4,1,0,10,8,2,0
MeMe_e09,Tm37,4,1,3,0,10,2,8,0
MeMe_e09,MeTu3c,3,0,3,0,10,0,10,0
MeMe_e09,Sm08,4,1,3,0,10,4,6,0
LC10b,TmY5a,3,1,2,0,10,5,5,0
MeMe_e08,MLt2,4,3,1,0,10,7,3,0
PLP177,LTe04,1,0,1,0,10,0,10,0
PLP177,LT36,1,0,1,0,10,0,10,0
5-HTPMPV01,MLt5,5,0,5,0,10,0,10,0
5-HTPMPV01,Li10,4,0,4,0,10,0,10,0
LC10a,Y4,3,1,2,0,10,2,8,0
MTe08,LT1a,2,1,1,0,10,5,5,0
LTe22,LTe67,2,1,1,0,10,2,8,0
LTe22,LTe41,2,1,1,0,10,3,7,0
LTe22,LCe04,4,2,2,0,10,5,5,0
cL18,Li13,4,2,2,0,10,5,5,0
LC10c,LT51,4,1,3,0,10,2,8,0
aMe17c,Tm9,4,3,1,0,10,6,4,0
aMe17c,Tm5b,5,3,2,0,10,6,4,0
aMe17c,MeLp1,4,2,2,0,10,4,6,0
aMe17c,MLt5,4,1,3,0,10,2,8,0
LC29,Li33,3,1,2,0,10,2,8,0
LTe30,Tm31,4,0,4,0,10,0,10,0
LPT50,T4d,3,1,2,0,10,2,8,0
cM07,Pm14,3,2,1,0,10,5,5,0
cM07,5-HTPMPV03,3,2,1,0,10,6,4,0
cM07,Sm32,4,3,1,0,10,7,3,0
cM07,LC14a1,4,3,1,0,10,8,2,0
LT52,TmY3,4,1,3,0,10,2,8,0
LT52,TmY14,5,2,3,0,10,4,6,0
LT52,MLt3,4,3,1,0,10,8,2,0
LT83,Li31,2,1,1,0,10,4,6,0
LT83,Li19,3,1,2,0,10,3,7,0
LLPC1,LC4,4,1,3,0,10,2,8,0
MeTu4a,LC20b,5,1,4,0,10,2,8,0
LC6,Tm31,5,3,2,0,10,6,4,0
LC17,T2,4,1,3,0,10,2,8,0
cL01,cLLPM02,2,0,2,0,10,0,10,0
cL01,LTe49c,4,1,3,0,10,3,7,0
LC21,LT83,5,1,4,0,10,2,8,0
mALD1,LTe30,2,1,1,0,10,5,5,0
mALD1,LC34,3,2,1,0,10,6,4,0
mALD1,LT63,3,2,1,0,10,8,2,0
LC17,Li05,4,2,2,0,10,4,6,0
LTe11,Tm5e,5,2,3,0,10,4,6,0
MTe01b,Dm11,3,2,1,0,10,5,5,0
MTe14,TmY9q⊥,4,2,2,0,10,5,5,0
LC14a2,LTe16,5,3,2,0,10,6,4,0
cLLP02,LTe52,3,1,2,0,10,2,8,0
cLLP02,TmY5a,5,2,3,0,10,4,6,0
cLLP02,LC20a,5,4,1,0,10,8,2,0
LT63,LTe40,3,1,2,0,10,4,6,0
LT63,LTe33,2,0,2,0,10,0,10,0
LT63,LT53,2,1,1,0,10,2,8,0
LT63,Li02,4,3,1,0,10,8,2,0
LTe26,LPLC1,4,1,3,0,10,2,8,0
LLPC3,Li21,5,2,3,0,10,4,6,0
MTe51,Tm8a,5,2,3,0,10,4,6,0
LT1a,Li31,2,1,1,0,10,8,2,0
MeMe_e02,cM02b,3,2,1,0,10,7,3,0
MeMe_e02,MTe26,5,2,3,0,10,4,6,0
LC27,LT78,4,0,4,0,10,0,10,0
MeTu1,Mi4,3,1,2,0,10,6,4,0
MTe07,MTe20,2,0,1,1,10,0,5,5
LC28a,LTe42a,2,1,1,0,10,8,2,0
LTe04,LTe59,2,1,1,0,10,2,8,0
LLPC1,LT41,4,3,1,0,10,8,2,0
LPTe02,LCe05,2,0,2,0,10,0,10,0
LC15,T3,4,1,3,0,10,2,8,0
LT38,cL16,3,1,2,0,10,3,7,0
LT38,Li03,4,2,2,0,10,4,6,0
LT38,LLPt,5,4,1,0,10,8,2,0
cL17,cLLP02,3,1,2,0,10,2,8,0
LT1c,LC22,4,2,2,0,10,5,5,0
LPLC4,TmY4,4,2,2,0,10,4,6,0
aMe1,Pm13,2,1,1,0,10,5,5,0
MeMe_e07,L5,5,5,0,0,10,10,0,0
LT59,LTe38a,3,2,1,0,10,6,4,0
LT59,LT72,2,1,1,0,10,6,4,0
LT59,LT57,4,3,1,0,10,7,3,0
LT59,LTe42a,2,1,1,0,10,7,3,0
LTe20,LC11,4,1,3,0,10,2,8,0
cM02a,Sm36,3,0,3,0,10,0,10,0
cM02a,Dm2,4,1,3,0,10,3,7,0
LC10a,Li30,1,0,1,0,10,0,10,0
LPT28,cLP02,2,1,1,0,10,5,5,0
LPT28,Am1,2,1,1,0,10,6,4,0
CB0230,cL13,1,0,0,1,10,0,0,10
CB0230,cLP03,2,0,1,1,10,0,5,5
CB0230,LC20b,2,0,2,0,10,0,10,0
LC37a,cM08a,4,2,2,0,10,5,5,0
LC10d,Y3,3,1,2,0,10,2,8,0
LC13,Tm21,4,0,4,0,10,0,10,0
LT74,LC21,5,1,4,0,10,2,8,0
cLP02,TmY5a,5,1,4,0,10,2,8,0
LC10b,LT72,5,2,3,0,10,4,6,0
LC18,LT83,5,0,5,0,10,0,10,0
LPT23,LPLC1,3,1,2,0,10,2,8,0
LTe35,LT86,2,1,1,0,10,6,4,0
LTe35,LC14b,4,2,2,0,10,6,4,0
LTe35,Li13,4,2,2,0,10,5,5,0
LTe35,Li09,3,2,1,0,10,7,3,0
LTe35,LTe07,2,1,1,0,10,4,6,0
mALD2,LTe17,2,1,1,0,10,6,4,0
mALD2,MLt2,5,4,1,0,10,8,2,0
cL18,Li33,2,1,1,0,10,2,8,0
cL18,LC19,3,2,1,0,10,8,2,0
MeMe_e05,Sm42,2,1,1,0,10,3,7,0
MeMe_e05,Dm2,5,1,4,0,10,2,8,0
MeMe_e05,MTe38,2,1,1,0,10,4,6,0
VST1,Y12,5,4,1,0,10,8,2,0
LC9,LT77,4,2,2,0,10,5,5,0
OA-AL2b1,aMe17a2,2,1,1,0,10,7,3,0
OA-AL2b1,LC19,3,0,3,0,10,0,10,0
OA-AL2b1,aMe17b,2,1,1,0,10,5,5,0
LC14a1,Y3,3,2,1,0,10,4,6,0
MTe03,LLPt,2,0,2,0,10,0,10,0
MeTu1,MTe51,4,1,3,0,10,2,8,0
LTe42a,PLP051,2,1,1,0,10,5,5,0
LTe42a,cM13,2,0,0,2,10,0,0,10
cLM01,MTe51,4,2,2,0,10,4,6,0
cLM01,Li33,2,1,1,0,10,2,8,0
cM11,MTe13,1,0,1,0,10,0,10,0
cM11,Tm25,3,0,3,0,10,0,10,0
cM11,T2a,5,0,5,0,10,0,10,0
cM11,Y4,2,0,2,0,10,0,10,0
cM11,MTe40,2,0,2,0,10,0,10,0
cMLLP02,LPi04,3,2,1,0,10,5,5,0
cMLLP02,C3,3,2,1,0,10,6,4,0
LT57,LTe27,3,2,1,0,10,5,5,0
OA-AL2i2,LC16,4,1,3,0,10,2,8,0
aMe5,TmY10,4,0,4,0,10,0,10,0
LC37a,Tm35,5,3,2,0,10,6,4,0
LTe33,Tm31,4,1,3,0,10,3,7,0
cL12,TmY31,2,0,2,0,10,0,10,0
cL12,cL01,3,0,3,0,10,0,10,0
cL12,Li33,2,1,1,0,10,4,6,0
cL12,TmY10,4,2,2,0,10,5,5,0
cL12,LT55,3,1,2,0,10,5,5,0
cL12,LTe22,2,1,1,0,10,2,8,0
MTe50,LTe45,2,0,2,0,10,0,10,0
LC14a2,cM09,4,1,3,0,10,2,8,0
VS3,TmY14,2,0,2,0,10,0,10,0
LC40,LTe63,4,1,3,0,10,2,8,0
LC40,LTe27,4,2,2,0,10,5,5,0
cLP05,LPi13,2,1,1,0,10,7,3,0
LTe24,LPLC4,3,2,1,0,10,7,3,0
MTe47,Y4,5,3,2,0,10,6,4,0
MTe33,Sm40,3,1,2,0,10,4,6,0
LC20b,LT84,5,2,3,0,10,4,6,0
MeTu3b,MTe01a,4,2,2,0,10,6,4,0
cM03,cM01a,4,1,3,0,10,2,8,0
cM03,MTe47,5,3,2,0,10,6,4,0
LC29,LC14a1,5,3,2,0,10,6,4,0
LC40,LTe38b,4,2,2,0,10,5,5,0
LPT26,LPT49,2,1,1,0,10,3,7,0
LPT26,LPT04_HST,2,1,1,0,10,2,8,0
aMe19b,Mi15,5,2,3,0,10,4,6,0
VST2,LPi09,5,1,4,0,10,2,8,0
LT40,LC39,2,1,1,0,10,5,5,0
MeMe_e04,Tm8b,4,3,1,0,10,8,2,0
aMe17a2,Sm06,5,4,1,0,10,8,2,0
aMe17a2,T2,5,2,3,0,10,4,6,0
aMe17a2,cM07,2,1,1,0,10,7,3,0
aMe17a2,MLt3,3,1,2,0,10,2,8,0
aMe17a2,cM08b,3,2,1,0,10,7,3,0
aMe17a2,MTe42,2,1,1,0,10,6,4,0
SIP017,LC46,2,0,2,0,10,0,10,0
LTe75,LTe02,3,2,1,0,10,6,4,0
cLLPM01,Y3,5,2,3,0,10,4,6,0
MeTu4a,Tm16,5,4,1,0,10,8,2,0
MeTu4a,LTe09,4,1,3,0,10,3,7,0
AVLP151,LPTe02,3,0,3,0,10,0,10,0
AVLP151,PLP032,1,0,1,0,10,0,10,0
VS4,LPi14,3,2,1,0,10,8,2,0
VS4,LPi09,4,3,1,0,10,8,2,0
VS4,LPT45_dCal1,2,1,1,0,10,6,4,0
LPLC1,cL20,2,1,1,0,10,2,8,0
cM13,Sm14,4,2,2,0,10,6,4,0
LLPC1,LMa3,5,3,2,0,10,6,4,0
LC36,LC10b,5,2,3,0,10,4,6,0
LTe38c,LC16,5,2,3,0,10,4,6,0
LC10b,LTe49b,4,0,4,0,10,0,10,0
OA-ASM1,MeMe_e08,4,0,0,4,10,0,0,10
OA-ASM1,Mi14,5,2,3,0,10,4,6,0
OA-ASM1,LC37a,4,3,1,0,10,8,2,0
OA-ASM1,T2,5,4,1,0,10,8,2,0
OA-ASM1,cM10,4,1,3,0,10,2,8,0
OA-ASM1,MLt2,5,1,4,0,10,2,8,0
OA-ASM1,MTe52,3,3,0,0,10,10,0,0
LTe05,LTe59,2,1,1,0,10,5,5,0
LTe05,LTe37,2,0,2,0,10,0,10,0
LPLC1,LT1a,5,3,2,0,10,6,4,0
MTe11,cML02,2,1,0,1,10,5,0,5
MTe01b,Tm5a,4,3,1,0,10,7,3,0
LTe45,LT36,2,1,1,0,10,6,4,0
LTe45,cL10,2,1,1,0,10,4,6,0
LTe45,LTe68,3,2,1,0,10,6,4,0
mALC6,aMe8,2,1,1,0,10,5,5,0
MTe01b,TmY10,4,2,2,0,10,5,5,0
LT68,LT52,3,2,1,0,10,8,2,0
MTe01b,Tm8a,4,2,2,0,10,5,5,0
MeTu3c,Mi14,4,2,2,0,10,4,6,0
cLP02,LLPC1,5,3,2,0,10,6,4,0
LT56,LPLC4,4,1,3,0,10,2,8,0
LT56,Tm37,5,2,3,0,10,4,6,0
LT56,Li20,4,3,1,0,10,7,3,0
LT56,LMt3,4,2,2,0,10,4,6,0
LT56,LT83,2,1,1,0,10,6,4,0
PLP051,LTe01,2,0,0,2,10,0,0,10
LAL047,cL17,1,0,1,0,10,0,10,0
Nod1,LPT52,3,2,1,0,10,6,4,0
LPT58,LPLC2,5,2,3,0,10,4,6,0
MTe02,Sm01,4,2,2,0,10,4,6,0
MeMe_e09,AVLP534,1,1,0,0,10,10,0,0
MeTu3b,Pm13,4,2,2,0,10,4,6,0
LC10d,LC37a,5,3,2,0,10,6,4,0
LC14a2,T5d,3,2,1,0,10,5,5,0
cM19,DNp11,1,0,1,0,10,0,10,0
CB0472,Tm16,5,2,3,0,10,4,6,0
CB0472,LTe42b,2,1,1,0,10,5,5,0
CB0472,LC10b,4,1,3,0,10,3,7,0
CB0472,LC45,3,1,2,0,10,2,8,0
LT65,Y11,5,2,3,0,10,4,6,0
cL01,LTe09,3,1,2,0,10,3,7,0
MC65,TmY31,3,1,2,0,10,2,8,0
LT61b,LT83,2,1,1,0,10,6,4,0
CB0592,LPT45_dCal1,2,0,0,2,10,0,0,10
CB0592,LMt4,4,3,1,0,10,8,2,0
CB0592,LMt1,5,1,4,0,10,2,8,0
VS5,DCH,2,1,1,0,10,8,2,0
VS5,LPT45_dCal1,2,1,1,0,10,8,2,0
VS1,LPT27,2,1,1,0,10,4,6,0
LMTe01,aMe17b,4,2,2,0,10,4,6,0
MeTu4b,MeTu4c,5,1,4,0,10,2,8,0
LC6,LPLC4,5,2,3,0,10,4,6,0
cL06,Li02,4,2,2,0,10,5,5,0
LT53,LTe42b,2,1,1,0,10,6,4,0
LT53,Tm4,4,1,3,0,10,2,8,0
LC10a,LTe49f,3,2,1,0,10,6,4,0
LC10b,LT64,4,2,2,0,10,4,6,0
LC11,LTe24,5,3,2,0,10,6,4,0
LC10c,LC39,5,3,2,0,10,6,4,0
cM12,Sm38,3,1,2,0,10,4,6,0
MeMe_e08,LMa4,4,1,3,0,10,2,8,0
CB0566,Sm01,5,4,1,0,10,8,2,0
CB0566,Sm07,4,1,3,0,10,2,8,0
LC19,LC46,4,0,4,0,10,0,10,0
LC24,LC24,4,3,1,0,10,8,2,0
LC28a,LC6,5,4,1,0,10,8,2,0
LC28a,cL10,2,1,1,0,10,3,7,0
LC28a,LPi11,2,0,2,0,10,0,10,0
VCH,Tm16,5,3,2,0,10,6,4,0
LTe64,LT47,2,1,1,0,10,2,8,0
LT84,LC10c,5,1,4,0,10,2,8,0
LT84,LTe30,1,0,1,0,10,0,10,0
LT84,Li03,2,0,2,0,10,0,10,0
LTe31,Li05,2,1,1,0,10,5,5,0
LC14a1,Li32,3,2,1,0,10,7,3,0
LC14a1,LCe05,2,2,0,0,10,10,0,0
LC10c,Li12,4,1,3,0,10,3,7,0
MTe51,MTe02,5,3,2,0,10,6,4,0
HSN,TmY16,5,4,1,0,10,8,2,0
HSN,LPT26,2,1,1,0,10,7,3,0
aMe22,cM07,2,1,1,0,10,8,2,0
cL22b,cLLP02,3,2,1,0,10,7,3,0
cL22b,LC20b,4,3,1,0,10,7,3,0
cM01b,Sm37,2,1,1,0,10,3,7,0
LC13,TmY5a,5,3,2,0,10,6,4,0
cLP01,LPC1,5,4,1,0,10,8,2,0
LC27,LC28a,5,2,3,0,10,4,6,0
cM14,T2a,3,0,3,0,10,0,10,0
LT53,Li02,4,2,2,0,10,5,5,0
LT53,LCe07,5,2,3,0,10,4,6,0
cLP04,mALC5,1,0,1,0,10,0,10,0
OA-ASM1,Tm16,5,3,2,0,10,6,4,0
LC14b,LTe64,2,2,0,0,10,10,0,0
LT63,LC28a,4,3,1,0,10,6,4,0
MTe02,aMe5,4,1,3,0,10,2,8,0
DNp27,TmY15,4,2,2,0,10,4,6,0
MTe47,LC12,5,3,2,0,10,6,4,0
MTe12,Sm42,3,2,1,0,10,4,6,0
aMe4,Mi4,5,2,3,0,10,4,6,0
LC24,LTe33,3,2,1,0,10,7,3,0
LLPC1,TmY9q⊥,4,2,2,0,10,4,6,0
LC46,LC46,5,3,2,0,10,6,4,0
CB2197,LT63,2,0,2,0,10,0,10,0
LC11,LC4,5,3,2,0,10,6,4,0
LT77,TmY31,4,1,3,0,10,3,7,0
LT77,LT79,4,2,2,0,10,4,6,0
MTe52,PDt,5,3,2,0,10,6,4,0
MTe52,Y4,5,3,2,0,10,6,4,0
AN_multi_125,T1,1,1,0,0,10,10,0,0
LC9,Li05,5,4,1,0,10,8,2,0
LT80,LMa2,3,1,2,0,10,2,8,0
LPT49,cLP02,4,2,2,0,10,5,5,0
MeTu3a,DmDRA1,5,4,1,0,10,8,2,0
MTe16,MLt7,4,3,1,0,10,8,2,0
LC34,Li33,4,1,3,0,10,2,8,0
LC13,Li19,5,2,3,0,10,4,6,0
mALC4,LMt1,2,0,2,0,10,0,10,0
mALC4,Y4,4,3,1,0,10,6,4,0
MTe40,MLt5,4,1,3,0,10,3,7,0
LPTe01,LPi09,3,0,3,0,10,0,10,0
LLPC2,LC10d,4,3,1,0,10,6,4,0
PLP032,LT39,1,0,1,0,10,0,10,0
cL11,Tm5a,5,3,2,0,10,6,4,0
cL11,LC14a1,3,2,1,0,10,8,2,0
cL03,T2a,4,3,1,0,10,8,2,0
aMe9,MLt8,5,2,3,0,10,4,6,0
aMe9,aMe8,2,1,1,0,10,5,5,0
aMe9,Pm13,2,1,1,0,10,3,7,0
DCH,VS7,2,1,1,0,10,6,4,0
DCH,HSS,2,1,1,0,10,7,3,0
DCH,T5d,5,4,1,0,10,8,2,0
DCH,VS6,2,1,1,0,10,5,5,0
OA-AL2i1,Tm16,5,2,3,0,10,4,6,0
OA-AL2i1,TmY9q⊥,3,1,2,0,10,2,8,0
OA-AL2i1,MTe13,3,1,2,0,10,5,5,0
OA-AL2i1,LPi15,2,1,1,0,10,8,2,0
OA-AL2i1,LPT04_HST,2,1,1,0,10,7,3,0
cM15,Sm36,3,2,1,0,10,5,5,0
LTe17,LT53,3,1,2,0,10,2,8,0
LTe17,LTe54,3,2,1,0,10,6,4,0
LT47,LTe21,2,1,1,0,10,3,7,0
MC65,MTe36,4,2,2,0,10,5,5,0
LC29,Li09,3,0,3,0,10,0,10,0
LPTe01,Y4,4,3,1,0,10,6,4,0
LC10d,LPLC2,4,3,1,0,10,8,2,0
OA-AL2i4,Sm37,2,1,1,0,10,8,2,0
LPT27,Tm5b,4,3,1,0,10,7,3,0
LPT27,Pm07,2,1,1,0,10,6,4,0
LPT27,LPT47_vCal2,2,1,1,0,10,7,3,0
LPT27,LPT21,2,1,1,0,10,4,6,0
cL17,LC33a,2,1,1,0,10,4,6,0
cL17,Li10,3,2,1,0,10,4,6,0
MTe32,MTe35,2,1,1,0,10,5,5,0
aMe3,PLP231,2,1,1,0,10,5,5,0
LTe74,LTe67,2,0,2,0,10,0,10,0
LT61a,LCe07,3,2,1,0,10,6,4,0
cM05,TmY11,4,2,2,0,10,4,6,0
LPT57,LLPC3,4,2,2,0,10,4,6,0
H2,Tlp1,5,2,3,0,10,4,6,0
H2,VS1,2,1,1,0,10,5,5,0
LC43,TmY31,2,0,2,0,10,0,10,0
LC19,LTe19,2,0,1,1,10,0,3,7
LC19,LT78,1,0,1,0,10,0,10,0
MTe35,MTe33,1,0,1,0,10,0,10,0
MTe50,LTe07,2,0,2,0,10,0,10,0
LT36,LC20b,4,2,2,0,10,4,6,0
LT36,LTe42b,2,1,1,0,10,3,7,0
MTe28,Sm04,5,2,3,0,10,4,6,0
MTe28,OA-AL2i4,2,1,1,0,10,6,4,0
MTe28,Sm34,4,2,2,0,10,6,4,0
MTe28,Sm06,5,3,2,0,10,6,4,0
LC13,Li28,5,3,2,0,10,6,4,0
cL04,cL14,3,1,2,0,10,3,7,0
cL04,LTe23,3,1,2,0,10,3,7,0
cL04,LTe04,3,1,2,0,10,2,8,0
cL04,cL19,4,2,2,0,10,6,4,0
MTe43,CB0802,1,0,1,0,10,0,10,0
MTe43,cL16,2,1,1,0,10,5,5,0
MTe43,Tm4,5,4,1,0,10,8,2,0
MeTu4b,MeTu4b,5,4,1,0,10,8,2,0
Nod5,LPi10,4,3,1,0,10,8,2,0
LLPC1,LT77,2,0,2,0,10,0,10,0
LPT21,TmY4,3,0,3,0,10,0,10,0
LT51,LC6,3,2,1,0,10,8,2,0
LPT31,LPT31,2,1,1,0,10,5,5,0
MeTu3b,MTe14,4,2,2,0,10,4,6,0
LTe38b,LC34,2,1,1,0,10,7,3,0
LCe06,LCe06,2,1,1,0,10,7,3,0
MeTu3b,MTe13,3,1,2,0,10,3,7,0
aMe25,cL10,2,1,1,0,10,5,5,0
LNda,cM08c,2,0,2,0,10,0,10,0
cML01,Mi2,5,1,4,0,10,2,8,0
cML01,cL21,2,1,1,0,10,2,8,0
cML01,Li29,2,1,1,0,10,5,5,0
cML01,Mi10,5,3,2,0,10,6,4,0
LTe53,LC33a,3,1,2,0,10,5,5,0
LTe53,PLP215,2,1,1,0,10,8,2,0
cM10,Li06,2,0,2,0,10,0,10,0
MTe30,aMe20,1,0,1,0,10,0,10,0
LTe42b,Li33,2,1,1,0,10,6,4,0
cL01,Li05,4,3,1,0,10,7,3,0
LLPC2,Y12,3,0,3,0,10,0,10,0
LT70,LTe63,4,2,2,0,10,4,6,0
MeTu1,Tm37,4,3,1,0,10,8,2,0
LT51,Li32,3,2,1,0,10,8,2,0
LPT45_dCal1,T4d,5,3,2,0,10,6,4,0
cL05,LTe36,1,0,1,0,10,0,10,0
cL05,LTe52,1,0,1,0,10,0,10,0
MeTu4c,LTe73,4,3,1,0,10,7,3,0
LPC2,T5b,5,4,1,0,10,8,2,0
MTe26,MTe38,2,1,1,0,10,4,6,0
MTe26,MTe28,2,1,1,0,10,6,4,0
LC16,LLPC3,4,0,4,0,10,0,10,0
LC14b,Sm22,1,0,1,0,10,0,10,0
cL02c,LLPC3,4,1,3,0,10,2,8,0
cL02c,Tm16,4,0,4,0,10,0,10,0
cL02c,LC21,4,1,3,0,10,2,8,0
cL02c,cL05,2,1,1,0,10,7,3,0
cL02c,Li32,2,1,1,0,10,5,5,0
MeTu3b,Sm43,4,2,2,0,10,4,6,0
VST2,Tlp1,5,3,2,0,10,6,4,0
LTe28,LT51,2,1,1,0,10,3,7,0
cL18,LT60,1,0,1,0,10,0,10,0
LPLC2,T2a,5,3,2,0,10,6,4,0
cM09,Li28,2,0,2,0,10,0,10,0
cMLLP01,LC13,4,2,2,0,10,5,5,0
cMLLP01,Tm20,5,3,2,0,10,6,4,0
cMLLP01,LTe16,2,1,1,0,10,7,3,0
cMLLP01,LT84,2,1,1,0,10,7,3,0
cL13,LC20a,2,1,1,0,10,7,3,0
cL13,TmY5a,4,3,1,0,10,8,2,0
cL13,TmY31,2,0,2,0,10,0,10,0
MeTu4d,MTe30,4,3,1,0,10,7,3,0
LPT52,PLP032,2,1,1,0,10,5,5,0
VS2,VST1,3,2,1,0,10,8,2,0
LPT47_vCal2,cLLPM02,2,0,0,2,10,0,0,10
aMe17a1,Sm02,4,2,2,0,10,6,4,0
aMe17a1,cM08c,2,0,2,0,10,0,10,0
aMe17a1,MeTu4d,5,3,2,0,10,6,4,0
aMe19a,PLP174,2,0,2,0,10,0,10,0
vCal1,LPi10,4,1,3,0,10,2,8,0
LTe49b,LC36,2,0,2,0,10,0,10,0
LPLC4,Li11,3,1,2,0,10,2,8,0
LT51,Li33,4,3,1,0,10,7,3,0
LT80,Y1,4,3,1,0,10,8,2,0
cL15,LC15,5,2,3,0,10,4,6,0
cL15,LC14b,3,1,2,0,10,3,7,0
cL15,LTe42c,2,1,1,0,10,5,5,0
cL15,LTe58,3,2,1,0,10,6,4,0
LT39,Li11,5,3,2,0,10,6,4,0
LT39,Tm35,2,1,1,0,10,2,8,0
LT43,OA-AL2b1,3,2,1,0,10,7,3,0
LTe25,LTe36,2,1,1,0,10,7,3,0
LT41,LC29,4,1,3,0,10,2,8,0
LT41,Li29,2,1,1,0,10,5,5,0
LT41,cL02d,2,0,2,0,10,0,10,0
LT41,LT72,2,1,1,0,10,5,5,0
LT41,LTe10,2,1,1,0,10,5,5,0
LT66,LC9,4,2,2,0,10,5,5,0
cM16,LMa4,3,2,1,0,10,6,4,0
cM16,T2a,3,0,3,0,10,0,10,0
cM16,Tm20,3,1,2,0,10,3,7,0
aMe24,aMe24,1,0,0,1,10,0,0,10
LC22,Tm27,4,3,1,0,10,6,4,0
PLP215,LT73,2,1,1,0,10,5,5,0
LPLC4,T5c,5,4,1,0,10,8,2,0
LT52,LLPC2,5,4,1,0,10,8,2,0
aMe19a,s-LNva,1,1,0,0,10,10,0,0
TmY3,Li24,5,5,0,0,10,10,0,0
TmY31,LPT22,4,4,0,0,10,10,0,0
T2a,Dm1,4,4,0,0,10,10,0,0
Sm09,Sm26,5,5,0,0,10,10,0,0
TmY14,Tm8a,5,5,0,0,10,10,0,0
Li24,LTe42b,1,1,0,0,10,10,0,0
Li24,cM07,2,2,0,0,10,10,0,0
Li19,LT56,1,1,0,0,10,10,0,0
MLt4,LMt2,5,5,0,0,10,10,0,0
L5,aMe17c,2,2,0,0,10,10,0,0
Tm36,LC28a,3,3,0,0,10,10,0,0
TmY11,cL02a,5,5,0,0,10,10,0,0
Dm10,PDt,5,5,0,0,10,10,0,0
MLt6,MTe31,3,3,0,0,10,10,0,0
LPi02,T5a,5,5,0,0,10,10,0,0
TmY10,LTe49e,3,3,0,0,10,10,0,0
TmY9q⊥,LT79,3,3,0,0,10,10,0,0
Tm31,MLt3,5,5,0,0,10,10,0,0
Li03,LC39,2,2,0,0,10,10,0,0
Dm20,Sm35,5,5,0,0,10,10,0,0
TmY9q⊥,MTe54,3,3,0,0,10,10,0,0
Tm5d,Mi15,2,2,0,0,10,10,0,0
Pm03,AVLP534,3,3,0,0,10,10,0,0
TmY16,MLt2,5,5,0,0,10,10,0,0
Li12,LTe57,4,4,0,0,10,10,0,0
Sm02,Sm03,4,4,0,0,10,10,0,0
TmY5a,LPT22,5,5,0,0,10,10,0,0
LMa4,Mi10,4,4,0,0,10,10,0,0
LMt3,Tm7,3,3,0,0,10,10,0,0
Tlp1,VS6,4,4,0,0,10,10,0,0
L5,Sm40,3,3,0,0,10,10,0,0
LPi06,LPi05,5,5,0,0,10,10,0,0
T2a,LTe24,3,3,0,0,10,10,0,0
Y11,Pm07,3,3,0,0,10,10,0,0
TmY31,LPi08,5,5,0,0,10,10,0,0
TmY15,cL02b,2,2,0,0,10,10,0,0
TmY4,LMa5,5,5,0,0,10,10,0,0
Tm5c,TmY14,5,5,0,0,10,10,0,0
Tm25,Dm11,5,5,0,0,10,10,0,0
Dm9,Mi2,5,5,0,0,10,10,0,0
LMt4,Li10,3,3,0,0,10,10,0,0
LMt4,Pm06,3,3,0,0,10,10,0,0
Pm03,MTe41,5,5,0,0,10,10,0,0
Li06,LT58,1,1,0,0,10,10,0,0
MLt8,MTe26,4,4,0,0,10,10,0,0
T3,Li29,2,2,0,0,10,10,0,0
Tm27,LC31c,4,4,0,0,10,10,0,0
Lawf2,Tm2,3,3,0,0,10,10,0,0
Pm08,PDt,5,5,0,0,10,10,0,0
LMa3,LC14a2,4,4,0,0,10,10,0,0
TmY14,Lawf1,4,4,0,0,10,10,0,0
L3,Sm12,2,2,0,0,10,10,0,0
Sm07,AVLP534,4,4,0,0,10,10,0,0
Tm8a,LTe08,3,3,0,0,10,10,0,0
TmY9q,VST2,4,4,0,0,10,10,0,0
LMt3,Li03,2,2,0,0,10,10,0,0
LLPt,LCe08,4,4,0,0,10,10,0,0
T2a,Li29,2,2,0,0,10,10,0,0
Mi2,LC11,4,4,0,0,10,10,0,0
Pm09,MeMe_e07,4,4,0,0,10,10,0,0
T2a,Dm18,3,3,0,0,10,10,0,0
Mi15,L2,3,3,0,0,10,10,0,0
Tm5a,Li03,4,4,0,0,10,10,0,0
Li13,Tm37,5,5,0,0,10,10,0,0
Li12,aMe4,4,4,0,0,10,10,0,0
Tm16,MTe08,3,3,0,0,10,10,0,0
LLPt,cM08c,5,5,0,0,10,10,0,0
LPi07,cLP03,5,5,0,0,10,10,0,0
Tm5e,Dm9,3,3,0,0,10,10,0,0
Sm33,Sm09,4,4,0,0,10,10,0,0
Pm14,TmY9q,4,4,0,0,10,10,0,0
Pm14,Sm31,4,4,0,0,10,10,0,0
Pm14,DCH,1,1,0,0,10,10,0,0
Tm20,LTe01,3,3,0,0,10,10,0,0
T5b,HSN,3,3,0,0,10,10,0,0
Tm8a,LT81,3,3,0,0,10,10,0,0
Dm9,TmY3,5,5,0,0,10,10,0,0
Li13,cL16,4,4,0,0,10,10,0,0
CT1,LMt2,3,3,0,0,10,10,0,0
LPi14,Tm27,5,5,0,0,10,10,0,0
Li28,Tm7,5,5,0,0,10,10,0,0
Sm25,Sm33,4,4,0,0,10,10,0,0
Tm37,MTe26,2,2,0,0,10,10,0,0
Tm37,MTe01b,3,3,0,0,10,10,0,0
TmY20,cL17,4,4,0,0,10,10,0,0
LPi12,T4d,4,4,0,0,10,10,0,0
Sm29,Tm7,5,5,0,0,10,10,0,0
Dm3q,Dm13,2,2,0,0,10,10,0,0
Tm4,LTe08,2,2,0,0,10,10,0,0
R8,MeTu2a,4,4,0,0,10,10,0,0
Sm11,MeTu1,2,2,0,0,10,10,0,0
LPi01,Pm10,2,2,0,0,10,10,0,0
Li03,LMt1,2,2,0,0,10,10,0,0
Li30,LMa1,4,4,0,0,10,10,0,0
Li30,LT64,2,2,0,0,10,10,0,0
Li32,LT84,1,1,0,0,10,10,0,0
MTe04,Sm16,5,5,0,0,10,10,0,0
LTe48,cM14,1,0,0,1,10,0,0,10
LTe31,AVLP593,1,1,0,0,10,10,0,0
LC39,Li02,4,4,0,0,10,10,0,0
LC20a,LTe48,5,5,0,0,10,10,0,0
LC40,MLt1,4,4,0,0,10,10,0,0
LC13,LC22,4,4,0,0,10,10,0,0
PLP020,PLP036,1,1,0,0,10,10,0,0
PLP020,LPT42_Nod4,1,1,0,0,10,10,0,0
LC10d,LTe51,3,3,0,0,10,10,0,0
aMe17a1,Tm8a,4,4,0,0,10,10,0,0
LC28a,TmY9q,3,3,0,0,10,10,0,0
aMe5,Sm20,3,3,0,0,10,10,0,0
LT82a,cLP03,2,2,0,0,10,10,0,0
cM05,Tm33,3,3,0,0,10,10,0,0
LC10b,LCe03,4,4,0,0,10,10,0,0
MTe01a,5-HTPMPV03,4,4,0,0,10,10,0,0
LPLC4,LMt3,4,4,0,0,10,10,0,0
LPLC4,LPTe01,4,4,0,0,10,10,0,0
LC4,LC31a,5,5,0,0,10,10,0,0
LT61b,LMa5,5,5,0,0,10,10,0,0
MTe12,aMe4,2,2,0,0,10,10,0,0
PLP252,cL05,1,1,0,0,10,10,0,0
LT40,LT51,2,2,0,0,10,10,0,0
LC20a,PLP155,2,2,0,0,10,10,0,0
LPLC2,Li28,3,3,0,0,10,10,0,0
LC20a,TmY5a,5,5,0,0,10,10,0,0
cL07,LT1d,1,1,0,0,10,10,0,0
MTe01a,Tm5f,5,5,0,0,10,10,0,0
AOTU053,cL11,1,1,0,0,10,10,0,0
LTe53,LTe23,1,1,0,0,10,10,0,0
LLPC4,Tm5f,3,3,0,0,10,10,0,0
cL01,LTe18,2,2,0,0,10,10,0,0
s-LNva,LatB,1,1,0,0,10,10,0,0
MC65,LTe68,3,3,0,0,10,10,0,0
cLLPM01,Tm8a,4,4,0,0,10,10,0,0
mALC5,Tm32,3,3,0,0,10,10,0,0
LT57,Tm8b,4,4,0,0,10,10,0,0
LC34,LC34,2,2,0,0,10,10,0,0
LT56,T2,2,2,0,0,10,10,0,0
LT69,Li11,4,4,0,0,10,10,0,0
CB0143,PLP248,1,1,0,0,10,10,0,0
CB0143,LLPC1,2,2,0,0,10,10,0,0
LC33a,PLP036,1,1,0,0,10,10,0,0
LLPC1,Tlp1,5,5,0,0,10,10,0,0
LC28a,Tm8a,4,4,0,0,10,10,0,0
OA-AL2i1,LPC1,5,5,0,0,10,10,0,0
mALD1,LC24,3,3,0,0,10,10,0,0
MeTu4a,cM09,4,4,0,0,10,10,0,0
VST2,LLPC3,4,4,0,0,10,10,0,0
MeTu3b,aMe17a2,4,4,0,0,10,10,0,0
LT39,LMa2,1,1,0,0,10,10,0,0
cL02b,Tm5a,4,4,0,0,10,10,0,0
LC10e,Lat,4,4,0,0,10,10,0,0
cL14,LT42,1,1,0,0,10,10,0,0
cL04,Tm5c,2,2,0,0,10,10,0,0
cL04,LPT51,2,2,0,0,10,10,0,0
LTe38b,PLP023,1,1,0,0,10,10,0,0
LTe24,LTe35,1,1,0,0,10,10,0,0
LT84,LC19,2,2,0,0,10,10,0,0
aMe12,LTe43,2,2,0,0,10,10,0,0
cLP05,LPC2,4,4,0,0,10,10,0,0
MTe02,MTe01b,5,5,0,0,10,10,0,0
MTe28,LPT51,1,1,0,0,10,10,0,0
LTe01,LTe01,2,0,0,2,10,0,0,10
LC39,LTe52,1,1,0,0,10,10,0,0
LC28a,LC43,4,4,0,0,10,10,0,0
LPT22,LPi02,4,4,0,0,10,10,0,0
LCe01a,MTe03,2,2,0,0,10,10,0,0
AOTU065,LC11,2,2,0,0,10,10,0,0
LT43,PLP231,2,2,0,0,10,10,0,0
LPT53,T5b,3,3,0,0,10,10,0,0
AVLP151,LTe69,1,1,0,0,10,10,0,0
LPT28,Tlp4,4,4,0,0,10,10,0,0
cLLPM01,Li15,2,2,0,0,10,10,0,0
PLP035,LPT42_Nod4,1,1,0,0,10,10,0,0
LT77,PLP249,1,1,0,0,10,10,0,0
LC16,LT58,1,1,0,0,10,10,0,0
MTe05,LC27,3,3,0,0,10,10,0,0
LC10c,Tm5d,2,2,0,0,10,10,0,0
DCH,LPTe01,4,4,0,0,10,10,0,0
DCH,cMLLP02,2,2,0,0,10,10,0,0
DCH,LPT45_dCal1,1,1,0,0,10,10,0,0
mALC3,T5c,4,4,0,0,10,10,0,0
LTe15,CB0143,1,1,0,0,10,10,0,0
LTe15,cM15,1,0,0,1,10,0,0,10
LTe25,LT64,1,1,0,0,10,10,0,0
PLP081,cL20,2,1,0,1,10,5,0,5
LTe20,CB0734,1,1,0,0,10,10,0,0
cMLLP01,LPi04,4,4,0,0,10,10,0,0
cMLLP01,cM14,1,0,0,1,10,0,0,10
Tm27,Li29,2,0,2,0,9,0,9,0
T5c,Tm5f,4,0,4,0,9,0,9,0
Tm37,Pm05,4,1,3,0,9,2,7,0
T2a,LT41,3,0,3,0,9,0,9,0
T2,TmY10,4,0,4,0,9,0,9,0
Sm16,MeTu2b,4,3,1,0,9,7,2,0
Tm5b,Tm4,4,2,2,0,9,4,5,0
Sm08,Mi9,4,1,3,0,9,2,7,0
Tm7,CB0566,4,0,4,0,9,0,9,0
Sm08,Tm5e,4,0,4,0,9,0,9,0
Li06,LLPC4,4,1,3,0,9,3,6,0
TmY11,L3,3,1,2,0,9,3,6,0
Tm5a,Li30,4,1,3,0,9,2,7,0
MLt4,Tm8b,4,0,4,0,9,0,9,0
TmY31,Li23,4,1,3,0,9,2,7,0
T2a,LT65,4,0,4,0,9,0,9,0
Li02,Tm5d,2,0,2,0,9,0,9,0
Tm1,Tm33,4,2,2,0,9,5,4,0
TmY9q,Li18,3,0,3,0,9,0,9,0
Li09,Tm5c,4,2,2,0,9,5,4,0
Tm27,T5d,3,1,2,0,9,3,6,0
Pm11,MeLp2,4,3,1,0,9,7,2,0
Li02,LT85,3,0,3,0,9,0,9,0
Tm8b,LTe40,4,1,3,0,9,2,7,0
TmY10,T3,4,1,3,0,9,2,7,0
Pm12,T4b,4,0,4,0,9,0,9,0
Pm04,Tm8b,4,2,2,0,9,5,4,0
MLt3,TmY9q⊥,4,1,3,0,9,2,7,0
Tm7,Dm4,4,1,3,0,9,2,7,0
LLPt,CB3089,2,1,1,0,9,7,2,0
Pm05,Li12,3,0,3,0,9,0,9,0
Pm07,Y12,2,0,2,0,9,0,9,0
Pm07,T4c,4,1,3,0,9,3,6,0
TmY9q,LC26,4,2,2,0,9,5,4,0
C3,Mi15,4,2,2,0,9,4,5,0
Sm09,Tm31,4,2,2,0,9,5,4,0
Sm05,Li09,3,0,3,0,9,0,9,0
Sm03,Tm35,4,2,2,0,9,4,5,0
Sm03,MTe09,4,0,4,0,9,0,9,0
Sm30,Dm11,3,0,3,0,9,0,9,0
Mi9,LMt1,4,1,3,0,9,2,7,0
Tm36,LC18,4,1,3,0,9,2,7,0
TmY4,LTe49c,3,0,3,0,9,0,9,0
Dm2,Sm29,3,0,3,0,9,0,9,0
Sm03,Tm5e,4,0,4,0,9,0,9,0
Dm17,OA-AL2i3,3,1,2,0,9,2,7,0
Dm17,L1,4,2,2,0,9,4,5,0
Sm40,MTe22,3,1,2,0,9,3,6,0
Sm40,Dm20,4,3,1,0,9,6,3,0
Tm21,LT66,4,2,2,0,9,5,4,0
Mi15,MTe40,4,2,2,0,9,4,5,0
Li02,LTe06,3,1,2,0,9,2,7,0
Tm20,LC19,3,1,2,0,9,3,6,0
Tm20,LC12,4,1,3,0,9,2,7,0
Tm32,LLPt,3,1,2,0,9,4,5,0
Tm5e,Sm07,4,0,4,0,9,0,9,0
Tm5e,LT43,4,2,2,0,9,4,5,0
Tlp4,LPi03,4,2,2,0,9,4,5,0
Tm20,cM16,4,2,2,0,9,4,5,0
Li05,LLPC1,4,3,1,0,9,7,2,0
Sm24,MTe19,4,2,2,0,9,4,5,0
TmY15,MTe11,4,3,1,0,9,6,3,0
Mi10,MTe08,4,2,2,0,9,5,4,0
TmY10,MTe47,4,1,3,0,9,3,6,0
Li02,Tm5a,2,0,2,0,9,0,9,0
DmDRA2,C3,3,0,3,0,9,0,9,0
TmY3,Dm14,4,1,3,0,9,3,6,0
Tm34,Sm06,4,2,2,0,9,5,4,0
R8,Tm2,3,0,3,0,9,0,9,0
Sm32,Dm16,4,1,3,0,9,2,7,0
Li21,Tm2,4,1,3,0,9,2,7,0
Y3,Dm12,4,0,4,0,9,0,9,0
Pm07,Tm8a,4,1,3,0,9,3,6,0
Li06,LT56,2,0,2,0,9,0,9,0
Li03,Tm5b,2,0,2,0,9,0,9,0
Sm28,Sm16,4,2,2,0,9,4,5,0
Tm16,PLP068,3,2,1,0,9,5,4,0
Tm37,LC31b,4,3,1,0,9,7,2,0
Tm5a,LC40,4,1,3,0,9,2,7,0
T2,AN_multi_124,4,1,3,0,9,2,7,0
MLt5,LT53,4,1,3,0,9,3,6,0
Tm5e,MLt5,4,2,2,0,9,4,5,0
Tlp5,LC24,4,0,4,0,9,0,9,0
Tm7,cM15,4,3,1,0,9,6,3,0
LPi02,LMa4,3,2,1,0,9,5,4,0
Tm9,TmY31,4,1,3,0,9,2,7,0
T5b,Nod1,4,1,3,0,9,2,7,0
Tm34,cM07,4,2,2,0,9,4,5,0
Y3,L1,2,0,2,0,9,0,9,0
Li12,LTe73,3,1,2,0,9,2,7,0
TmY20,LTe42b,4,2,2,0,9,4,5,0
MLt7,cM03,4,3,1,0,9,7,2,0
Li12,LTe49c,4,1,3,0,9,2,7,0
Pm10,TmY4,4,0,4,0,9,0,9,0
Tm5f,Li29,4,1,3,0,9,3,6,0
TmY31,LPi04,4,1,3,0,9,2,7,0
Sm02,aMe17b,4,2,2,0,9,5,4,0
DmDRA1,Tm7,3,0,3,0,9,0,9,0
Tm33,Sm07,2,0,2,0,9,0,9,0
MLt3,Dm17,4,2,2,0,9,5,4,0
Tm36,Sm41,4,2,2,0,9,5,4,0
Tm5a,Y3,3,1,2,0,9,2,7,0
Tm32,MTe45,4,2,2,0,9,4,5,0
Dm10,Dm15,4,0,4,0,9,0,9,0
Li01,LMt2,4,2,2,0,9,5,4,0
Y1,Pm13,4,2,2,0,9,5,4,0
Mi14,Dm8a,4,1,3,0,9,2,7,0
T4b,VCH,3,0,3,0,9,0,9,0
MLt6,LC15,3,0,3,0,9,0,9,0
Dm9,Dm3p,4,2,2,0,9,4,5,0
Sm27,Dm8b,4,2,2,0,9,4,5,0
Li16,LC13,4,1,3,0,9,2,7,0
Tm27,LPi04,4,0,4,0,9,0,9,0
TmY4,LT77,4,2,2,0,9,4,5,0
MLt1,LC10d,4,1,3,0,9,2,7,0
Y1,Tm7,4,1,3,0,9,2,7,0
Sm15,Sm30,4,3,1,0,9,7,2,0
Pm11,T4b,3,0,3,0,9,0,9,0
Tm33,LC22,4,1,3,0,9,2,7,0
TmY9q,LT85,4,1,3,0,9,2,7,0
T2,Tm36,3,0,3,0,9,0,9,0
LPi04,LPi12,3,1,2,0,9,2,7,0
Pm11,PDt,4,2,2,0,9,5,4,0
MLt1,Sm41,4,1,3,0,9,2,7,0
MLt1,cL16,4,2,2,0,9,5,4,0
Pm01,Li06,2,0,2,0,9,0,9,0
Pm01,LPLC1,2,0,2,0,9,0,9,0
TmY5a,MTe44,4,2,2,0,9,4,5,0
Sm20,Tm27,4,2,2,0,9,5,4,0
PDt,TmY16,4,2,2,0,9,5,4,0
Tm5d,Tm4,3,1,2,0,9,2,7,0
TmY11,LPi10,4,2,2,0,9,5,4,0
R1-6,Dm14,3,0,3,0,9,0,9,0
Tm8a,LC45,4,2,2,0,9,4,5,0
Tm33,Li13,4,3,1,0,9,7,2,0
TmY16,Li01,4,1,3,0,9,2,7,0
T5b,LPi11,4,1,3,0,9,3,6,0
Sm21,Sm15,4,1,3,0,9,2,7,0
Sm08,MTe29,3,1,2,0,9,2,7,0
Pm09,T4a,4,2,2,0,9,4,5,0
MLt4,aMe5,4,2,2,0,9,5,4,0
TmY9q⊥,LT74,3,1,2,0,9,3,6,0
Li04,LT86,4,1,3,0,9,2,7,0
Li12,LT74,2,0,2,0,9,0,9,0
Sm41,MeMe_e09,2,0,2,0,9,0,9,0
Sm41,aMe26,3,1,2,0,9,3,6,0
Sm41,MTe08,4,3,1,0,9,7,2,0
Sm41,Dm11,3,0,3,0,9,0,9,0
Tm5b,LLPC4,4,2,2,0,9,5,4,0
Li21,mALC4,3,0,3,0,9,0,9,0
Tm5f,LTe21,3,0,3,0,9,0,9,0
Tm3,MTe42,4,1,3,0,9,3,6,0
TmY4,LC10c,4,0,4,0,9,0,9,0
TmY16,Li29,4,1,3,0,9,2,7,0
Mi9,MTe01a,3,2,1,0,9,5,4,0
Sm13,Dm9,4,3,1,0,9,6,3,0
TmY9q⊥,CB2848,4,1,3,0,9,3,6,0
Tm31,LC21,4,1,3,0,9,2,7,0
TmY5a,cMLLP01,4,3,1,0,9,7,2,0
Tm16,Y12,4,1,3,0,9,2,7,0
LPi08,LMa4,3,0,3,0,9,0,9,0
LPi08,LLPt,4,2,2,0,9,4,5,0
TmY9q⊥,Tm2,4,2,2,0,9,4,5,0
LMa1,TmY14,4,2,2,0,9,5,4,0
Tm5b,Tm2,3,2,1,0,9,6,3,0
Li10,LT66,4,3,1,0,9,6,3,0
Mi15,Sm13,4,1,3,0,9,2,7,0
TmY3,Tm5a,4,1,3,0,9,2,7,0
MLt1,Li09,1,0,1,0,9,0,9,0
Tm21,LC43,4,3,1,0,9,6,3,0
Li01,LT69,4,1,3,0,9,3,6,0
TmY31,MTe09,3,0,3,0,9,0,9,0
MLt1,LTe36,4,1,3,0,9,2,7,0
TmY10,LTe49b,4,0,4,0,9,0,9,0
LMa5,LC18,4,0,4,0,9,0,9,0
LMa3,Tm2,3,2,1,0,9,7,2,0
MLt1,cM05,3,1,2,0,9,3,6,0
Tm8a,LTe60,4,1,3,0,9,2,7,0
Li09,Tm31,4,2,2,0,9,4,5,0
Dm11,MeTu3c,4,2,2,0,9,4,5,0
Pm04,Dm10,2,0,2,0,9,0,9,0
Sm06,Sm02,4,1,3,0,9,2,7,0
L1,Sm20,4,1,3,0,9,2,7,0
Sm01,Tm27,4,2,2,0,9,5,4,0
Sm25,Sm21,4,2,2,0,9,4,5,0
Y1,LTe14,3,1,2,0,9,3,6,0
Tm36,LTe26,2,1,1,0,9,2,7,0
Li15,Li26,4,2,2,0,9,5,4,0
TmY3,Li26,4,2,2,0,9,5,4,0
MLt1,LC34,3,0,3,0,9,0,9,0
Tm27,LT53,4,1,3,0,9,2,7,0
LMt3,MTe08,3,1,2,0,9,2,7,0
L1,Dm19,4,0,4,0,9,0,9,0
Dm8b,Tm3,3,0,3,0,9,0,9,0
Tm1,Li11,2,0,2,0,9,0,9,0
TmY15,Li25,4,2,2,0,9,4,5,0
Tlp1,VST1,4,3,1,0,9,7,2,0
TmY5a,Dm10,4,0,4,0,9,0,9,0
Mi4,MTe08,4,3,1,0,9,7,2,0
LPi14,LC28a,2,0,2,0,9,0,9,0
Mi10,MTe51,4,0,4,0,9,0,9,0
Tm5e,LMt3,4,1,3,0,9,2,7,0
Li03,Li30,3,1,2,0,9,4,5,0
Li10,LTe49f,3,1,2,0,9,2,7,0
LMa1,LC10c,3,0,3,0,9,0,9,0
LMa1,Tm5f,3,2,1,0,9,6,3,0
Y3,LTe31,2,0,2,0,9,0,9,0
MLt5,cL10,3,1,2,0,9,4,5,0
TmY31,T1,3,0,3,0,9,0,9,0
Li01,TmY9q⊥,4,1,3,0,9,2,7,0
Dm20,Dm8b,4,0,4,0,9,0,9,0
Y12,LPT42_Nod4,4,2,2,0,9,5,4,0
Mi9,Tm37,4,1,3,0,9,2,7,0
Li05,Tm4,3,1,2,0,9,4,5,0
MLt2,cL02d,3,1,2,0,9,3,6,0
Y4,Tm5a,4,2,2,0,9,4,5,0
MLt7,Tm35,4,1,3,0,9,3,6,0
MLt7,Pm14,3,1,2,0,9,2,7,0
Mi9,LPT27,3,2,1,0,9,7,2,0
Tm37,MTe01a,4,3,1,0,9,7,2,0
Tm4,L1,3,0,3,0,9,0,9,0
Y1,LPC2,4,1,3,0,9,2,7,0
TmY10,LTe09,4,2,2,0,9,5,4,0
LMt4,Tlp1,3,0,3,0,9,0,9,0
Y4,aMe5,4,2,2,0,9,5,4,0
Li11,LCe02,4,2,2,0,9,4,5,0
Tm8a,Pm07,4,2,2,0,9,5,4,0
R7,Sm34,4,2,2,0,9,5,4,0
TmY20,LC19,4,3,1,0,9,6,3,0
Tm5d,Tm2,3,0,3,0,9,0,9,0
Tm5d,T2,3,1,2,0,9,3,6,0
Dm8a,Tm34,3,2,1,0,9,6,3,0
Sm05,MLt5,4,0,4,0,9,0,9,0
Pm05,Tm5a,4,1,3,0,9,2,7,0
Tm36,Mi9,3,0,3,0,9,0,9,0
Li18,MLt1,2,0,2,0,9,0,9,0
Tm34,MLt4,3,1,2,0,9,2,7,0
Tm16,PDt,4,2,2,0,9,5,4,0
Li15,LMt1,4,1,3,0,9,2,7,0
Tm35,MeTu1,4,0,4,0,9,0,9,0
Tm4,MeTu4a,4,2,2,0,9,4,5,0
R7,Tm1,4,1,3,0,9,2,7,0
Y11,Tm32,4,1,3,0,9,3,6,0
Dm8a,L1,3,1,2,0,9,3,6,0
Tm8b,Sm40,4,2,2,0,9,5,4,0
MLt1,Dm14,4,1,3,0,9,2,7,0
MLt1,cL05,3,2,1,0,9,4,5,0
LMa4,LPT52,4,2,2,0,9,5,4,0
Dm18,Lawf2,4,2,2,0,9,4,5,0
LLPt,LT11,3,2,1,0,9,7,2,0
LLPt,LT80,3,2,1,0,9,7,2,0
LLPt,Li21,4,2,2,0,9,4,5,0
LLPt,LT69,4,2,2,0,9,5,4,0
LMt1,mALC4,4,2,2,0,9,4,5,0
Tm16,LC9,4,1,3,0,9,2,7,0
L2,Pm05,2,0,2,0,9,0,9,0
Li10,LTe49a,4,2,2,0,9,5,4,0
Mi15,DmDRA2,3,0,3,0,9,0,9,0
Sm03,MTe01b,4,1,3,0,9,2,7,0
Sm26,Sm40,4,1,3,0,9,2,7,0
PDt,Dm19,4,1,3,0,9,2,7,0
Tm31,TmY11,4,3,1,0,9,7,2,0
Sm15,Mi2,2,0,2,0,9,0,9,0
Sm15,Tm25,3,2,1,0,9,4,5,0
LMa2,cL07,4,0,4,0,9,0,9,0
Tm34,Sm42,3,2,1,0,9,4,5,0
Tm5b,cL16,4,3,1,0,9,6,3,0
R8,Sm32,4,2,2,0,9,5,4,0
Y1,MeMe_e03,2,1,1,0,9,5,4,0
LMt3,Tm3,4,2,2,0,9,4,5,0
TmY16,LMt2,3,2,1,0,9,7,2,0
Sm16,Tm32,4,2,2,0,9,4,5,0
TmY4,cL20,4,3,1,0,9,7,2,0
Tm4,LT80,3,0,3,0,9,0,9,0
Mi15,Tm5f,4,2,2,0,9,4,5,0
TmY20,LTe28,4,2,2,0,9,4,5,0
T4d,Pm04,4,2,2,0,9,4,5,0
LMa2,LT84,4,2,2,0,9,5,4,0
LMa2,LCe03,3,1,2,0,9,3,6,0
LMa2,LCe01a,4,2,2,0,9,4,5,0
TmY31,L5,2,0,2,0,9,0,9,0
Li18,LLPt,4,2,2,0,9,4,5,0
TmY5a,LTe52,4,3,1,0,9,7,2,0
Li11,TmY10,4,2,2,0,9,4,5,0
TmY9q,LCe06,4,1,3,0,9,2,7,0
Sm14,Tm5b,4,2,2,0,9,4,5,0
Dm3v,CT1,1,0,1,0,9,0,9,0
LPi15,LPT45_dCal1,2,1,1,0,9,6,3,0
LPi15,LPTe02,4,0,4,0,9,0,9,0
Tm35,LTe32,3,2,1,0,9,6,3,0
LPi10,TmY9q,4,2,2,0,9,4,5,0
R1-6,R7,4,0,4,0,9,0,9,0
TmY11,Pm02,4,0,4,0,9,0,9,0
Li08,cL10,3,0,3,0,9,0,9,0
Li08,LCe09,4,1,3,0,9,2,7,0
TmY15,LTe12,3,1,2,0,9,3,6,0
LMt3,LTe09,3,2,1,0,9,7,2,0
LMt3,Li16,3,2,1,0,9,7,2,0
Tm36,T3,4,1,3,0,9,2,7,0
Lawf2,TmY3,4,2,2,0,9,5,4,0
Y1,C3,4,3,1,0,9,7,2,0
Tm27,LTe47,4,1,3,0,9,2,7,0
Li13,cL17,3,2,1,0,9,6,3,0
Li13,LTe76,2,1,1,0,9,2,7,0
Li13,LC20a,4,3,1,0,9,7,2,0
Tlp1,LPT52,3,1,2,0,9,4,5,0
TmY11,Dm2,3,2,1,0,9,7,2,0
TmY11,Pm04,3,0,3,0,9,0,9,0
T2,Dm3v,4,1,3,0,9,2,7,0
Pm08,T4a,3,0,3,0,9,0,9,0
Tm25,Sm19,4,1,3,0,9,2,7,0
Sm05,Mi2,2,1,1,0,9,7,2,0
LPi10,LPT48_vCal3,4,0,4,0,9,0,9,0
Pm02,Y11,4,3,1,0,9,7,2,0
C2,Pm05,3,1,2,0,9,3,6,0
Li28,LC37a,3,2,1,0,9,6,3,0
MLt1,MTe46,4,1,3,0,9,2,7,0
T2,T4d,4,1,3,0,9,2,7,0
Li05,LTe32,4,3,1,0,9,7,2,0
TmY15,LCe07,4,3,1,0,9,6,3,0
Y12,LC21,4,3,1,0,9,7,2,0
TmY31,Sm03,3,2,1,0,9,6,3,0
TmY31,Tm1,4,1,3,0,9,2,7,0
Pm14,MTe50,4,3,1,0,9,7,2,0
Pm14,MeTu4a,4,0,4,0,9,0,9,0
TmY11,LT62,4,1,3,0,9,2,7,0
TmY11,LC26,4,1,3,0,9,2,7,0
Y3,PLP051,4,2,2,0,9,4,5,0
Tm25,T5a,3,0,3,0,9,0,9,0
Dm15,Dm9,4,3,1,0,9,7,2,0
Tm2,Li20,4,2,2,0,9,5,4,0
Tlp4,VS2,3,2,1,0,9,6,3,0
Li16,Li18,4,2,2,0,9,5,4,0
Sm32,Tm16,4,2,2,0,9,5,4,0
Tm33,MLt4,3,2,1,0,9,7,2,0
Li03,Li15,3,2,1,0,9,6,3,0
Tlp5,LC20a,4,3,1,0,9,7,2,0
Li05,cL06,4,2,2,0,9,5,4,0
TmY16,Li21,2,1,1,0,9,2,7,0
Sm03,MeTu2b,2,0,2,0,9,0,9,0
Sm27,MTe49,3,1,2,0,9,3,6,0
TmY10,LC44,4,0,4,0,9,0,9,0
Sm04,TmY4,4,2,2,0,9,5,4,0
Tm20,C2,4,2,2,0,9,4,5,0
TmY15,MLt1,4,2,2,0,9,4,5,0
Dm11,MeMe_e07,3,0,3,0,9,0,9,0
MLt6,MeMe_e09,4,2,2,0,9,5,4,0
Y3,Sm03,3,0,3,0,9,0,9,0
Li04,LTe49f,2,1,1,0,9,4,5,0
TmY10,Dm9,4,2,2,0,9,4,5,0
Li17,LC24,4,1,3,0,9,2,7,0
Sm32,Tm35,4,2,2,0,9,4,5,0
TmY10,T1,4,2,2,0,9,4,5,0
Li19,LTe18,3,2,1,0,9,6,3,0
Sm19,MLt6,4,1,3,0,9,2,7,0
Sm22,Dm2,3,0,3,0,9,0,9,0
TmY5a,Nod2,4,3,1,0,9,7,2,0
Sm07,Sm14,4,2,2,0,9,4,5,0
Pm07,MTe51,4,3,1,0,9,6,3,0
TmY10,LTe07,4,2,2,0,9,4,5,0
TmY31,LPT21,3,1,2,0,9,3,6,0
Sm04,Y4,4,3,1,0,9,7,2,0
Mi15,MLt3,4,3,1,0,9,6,3,0
Li01,LT58,3,1,2,0,9,5,4,0
Tm16,LMt4,4,2,2,0,9,4,5,0
T4c,VSm,3,0,3,0,9,0,9,0
TmY9q,Pm05,3,2,1,0,9,6,3,0
Li31,LCe02,3,2,1,0,9,6,3,0
Li31,LC14b,4,3,1,0,9,6,3,0
Sm30,Sm37,4,2,2,0,9,4,5,0
Sm30,Sm28,4,1,3,0,9,2,7,0
Sm30,Sm34,3,1,2,0,9,4,5,0
Sm26,Tm5a,4,2,2,0,9,4,5,0
Sm39,aMe19b,2,1,1,0,9,7,2,0
Sm39,Sm03,2,0,2,0,9,0,9,0
Sm39,R8,2,0,2,0,9,0,9,0
Sm39,LT58,2,1,1,0,9,5,4,0
LPi01,VCH,3,2,1,0,9,7,2,0
Dm9,Tm35,4,3,1,0,9,7,2,0
Tm9,Tm5d,4,1,3,0,9,2,7,0
Tm35,Sm14,4,3,1,0,9,7,2,0
Sm32,LMa1,4,2,2,0,9,5,4,0
TmY9q⊥,MTe14,3,0,3,0,9,0,9,0
Li24,LC10d,4,3,1,0,9,7,2,0
Li24,Li20,4,1,3,0,9,2,7,0
Tm8a,Li31,4,2,2,0,9,4,5,0
Tm2,Tm8a,4,1,3,0,9,2,7,0
LPi11,VS8,3,2,1,0,9,7,2,0
LMt3,LC14b,4,3,1,0,9,7,2,0
Tm9,LC14a1,2,1,1,0,9,4,5,0
T4c,T5a,4,0,4,0,9,0,9,0
Dm14,Tm9,4,2,2,0,9,4,5,0
Tm5b,LT82a,4,2,2,0,9,4,5,0
Tm27,Li22,3,1,2,0,9,4,5,0
Tlp1,LC20b,3,1,2,0,9,3,6,0
Sm23,MeTu2b,4,3,1,0,9,7,2,0
MLt6,TmY10,4,2,2,0,9,4,5,0
Tm5c,LT79,3,1,2,0,9,2,7,0
TmY4,LTe21,3,1,2,0,9,2,7,0
Tm4,MLt2,4,3,1,0,9,6,3,0
Sm42,TmY11,4,2,2,0,9,4,5,0
Sm42,MTe43,2,1,1,0,9,6,3,0
Sm42,Li12,2,0,2,0,9,0,9,0
Sm42,Sm25,3,1,2,0,9,5,4,0
Sm42,Y4,4,1,3,0,9,3,6,0
Sm42,cMLLP01,2,1,1,0,9,4,5,0
Sm42,MeMe_e08,4,2,2,0,9,4,5,0
TmY9q,LCe07,4,2,2,0,9,4,5,0
Li05,T2a,4,3,1,0,9,7,2,0
Li03,LTe58,4,2,2,0,9,4,5,0
TmY14,LPT26,1,0,1,0,9,0,9,0
Tm8b,Sm36,3,1,2,0,9,2,7,0
Li05,Tm5c,4,2,2,0,9,4,5,0
MLt8,MLt8,4,3,1,0,9,7,2,0
LPi10,LPT47_vCal2,4,3,1,0,9,6,3,0
Tm5c,LTe45,4,1,3,0,9,2,7,0
Dm14,Mi2,3,1,2,0,9,2,7,0
TmY3,LT65,4,2,2,0,9,5,4,0
Tlp1,LT74,4,1,3,0,9,2,7,0
Mi10,cM11,4,0,4,0,9,0,9,0
Y1,cLP03,4,3,1,0,9,6,3,0
Y1,LTe11,4,3,1,0,9,7,2,0
TmY31,LTe61,4,1,3,0,9,3,6,0
Sm06,Sm14,4,3,1,0,9,6,3,0
TmY9q,T4c,4,1,3,0,9,2,7,0
Mi10,Pm11,4,1,3,0,9,3,6,0
Li27,cL05,3,2,1,0,9,5,4,0
Li27,LC10d,4,1,3,0,9,3,6,0
LMa5,MLt1,2,1,1,0,9,4,5,0
MLt3,Tlp5,4,2,2,0,9,5,4,0
TmY3,Pm02,4,1,3,0,9,2,7,0
Li08,LTe60,4,3,1,0,9,7,2,0
Li09,LT82a,4,2,2,0,9,5,4,0
L5,MTe02,4,0,4,0,9,0,9,0
Li05,LT63,4,2,2,0,9,5,4,0
Dm13,MeLp1,4,3,1,0,9,7,2,0
Li09,LMa1,4,1,3,0,9,2,7,0
Li09,Tm16,3,2,1,0,9,6,3,0
Tm9,Pm10,3,2,1,0,9,5,4,0
Tm31,LT47,4,0,4,0,9,0,9,0
Tm21,MTe08,4,3,1,0,9,7,2,0
Dm2,Dm3q,4,3,1,0,9,7,2,0
TmY5a,LTe46,4,1,3,0,9,3,6,0
Tm5e,aMe5,4,1,3,0,9,2,7,0
LMt3,MTe43,4,3,1,0,9,7,2,0
Li11,Li05,4,2,2,0,9,4,5,0
LPi12,Tm27,4,3,1,0,9,7,2,0
Li13,Tm16,4,1,3,0,9,2,7,0
Dm2,L2,1,0,1,0,9,0,9,0
Tm27,LC14a2,4,3,1,0,9,6,3,0
Tm32,Li11,4,2,2,0,9,4,5,0
MLt2,LTe01,4,3,1,0,9,7,2,0
LMa4,cL09,2,1,1,0,9,6,3,0
Tm16,LT56,3,2,1,0,9,5,4,0
Dm10,TmY10,3,2,1,0,9,6,3,0
Mi4,Sm02,4,1,3,0,9,2,7,0
LMa3,Li10,3,2,1,0,9,5,4,0
Dm17,Lawf2,4,3,1,0,9,7,2,0
Mi2,Dm12,3,1,2,0,9,2,7,0
Tm5c,Pm08,4,1,3,0,9,3,6,0
Y3,LTe56,2,0,2,0,9,0,9,0
Sm40,Tm34,4,3,1,0,9,7,2,0
Sm40,OA-AL2i1,2,1,1,0,9,4,5,0
Sm40,cM10,3,2,1,0,9,6,3,0
Sm40,MTe31,2,1,1,0,9,4,5,0
Sm40,CB0816,3,2,1,0,9,6,3,0
Dm1,Sm01,4,1,3,0,9,3,6,0
Sm21,MTe40,4,1,3,0,9,2,7,0
LMt2,Mi4,4,1,3,0,9,3,6,0
Tm7,Mi1,4,1,3,0,9,2,7,0
Mi4,Sm19,4,0,4,0,9,0,9,0
Li13,Tm31,3,1,2,0,9,2,7,0
Sm04,Tm4,3,0,3,0,9,0,9,0
Mi9,MTe45,3,2,1,0,9,7,2,0
MLt6,Li12,4,3,1,0,9,7,2,0
TmY4,LC19,4,0,4,0,9,0,9,0
Li33,Li07,4,3,1,0,9,7,2,0
Li33,LT55,2,1,1,0,9,3,6,0
Li33,cL10,2,1,1,0,9,5,4,0
Li33,cM08c,3,1,2,0,9,2,7,0
Tm8a,Dm8a,4,2,2,0,9,5,4,0
Sm05,Y1,2,0,2,0,9,0,9,0
Li16,LLPC1,3,0,3,0,9,0,9,0
Tm7,Li18,4,2,2,0,9,4,5,0
MLt1,LTe67,3,2,1,0,9,6,3,0
Dm14,Sm32,4,1,3,0,9,3,6,0
TmY10,MTe28,4,2,2,0,9,5,4,0
Tm37,LPLC4,4,2,2,0,9,4,5,0
Li05,LC37a,4,1,3,0,9,2,7,0
LMt1,LC35,3,2,1,0,9,6,3,0
TmY10,Sm24,4,3,1,0,9,7,2,0
MLt1,MTe41,4,3,1,0,9,7,2,0
Y12,Li18,4,2,2,0,9,4,5,0
Tm31,Mi4,3,2,1,0,9,6,3,0
Sm05,TmY31,1,0,1,0,9,0,9,0
Tm5c,LC14a1,3,2,1,0,9,4,5,0
Sm22,MTe54,4,3,1,0,9,7,2,0
MLt3,TmY31,3,2,1,0,9,7,2,0
Li25,LC14b,4,3,1,0,9,6,3,0
TmY31,Nod5,4,2,2,0,9,5,4,0
Li05,LT82a,3,1,2,0,9,2,7,0
Pm13,Pm08,4,2,2,0,9,5,4,0
Pm13,Mi9,3,1,2,0,9,2,7,0
Pm13,Mi2,3,1,2,0,9,4,5,0
LMa4,LC22,4,3,1,0,9,7,2,0
Lawf2,Mi14,4,3,1,0,9,7,2,0
TmY20,LCe04,3,2,1,0,9,7,2,0
Li16,LC10a,4,0,4,0,9,0,9,0
Y3,LT87,3,2,1,0,9,7,2,0
Sm10,Sm19,4,2,2,0,9,5,4,0
Tm8b,cL05,4,1,3,0,9,2,7,0
Tm7,Tm21,4,1,3,0,9,2,7,0
Mi15,MLt2,4,3,1,0,9,6,3,0
Tm16,LCe07,4,1,3,0,9,2,7,0
TmY3,LT82a,4,2,2,0,9,4,5,0
Mi2,Li22,1,0,1,0,9,0,9,0
Tm31,LC28a,4,1,3,0,9,2,7,0
TmY4,LTe01,4,2,2,0,9,4,5,0
Sm38,MeTu2b,4,1,3,0,9,2,7,0
Sm38,Sm37,3,2,1,0,9,6,3,0
Tm5e,Sm30,4,1,3,0,9,2,7,0
Tm32,LC46,4,3,1,0,9,7,2,0
T2a,MTe13,4,1,3,0,9,2,7,0
Tm7,MTe22,3,2,1,0,9,7,2,0
LMa4,Nod5,4,3,1,0,9,7,2,0
Li32,LTe45,2,1,1,0,9,6,3,0
Li32,Tm5d,3,1,2,0,9,2,7,0
Li32,LTe65,4,2,2,0,9,4,5,0
Li32,LTe46,2,1,1,0,9,7,2,0
Li32,LTe41,2,1,1,0,9,5,4,0
Li24,Tm4,4,2,2,0,9,4,5,0
Y11,LLPC4,3,2,1,0,9,7,2,0
TmY11,cLM01,4,2,2,0,9,5,4,0
LMa4,LPT26,3,1,2,0,9,3,6,0
Li08,Tm8a,4,3,1,0,9,7,2,0
Dm18,L4,4,2,2,0,9,4,5,0
TmY9q⊥,cM15,2,1,1,0,9,2,7,0
MLt6,LTe42b,4,3,1,0,9,7,2,0
LMa2,LTe29,3,1,2,0,9,3,6,0
LMa2,LLPC2,4,2,2,0,9,4,5,0
Sm01,Tm5e,4,3,1,0,9,7,2,0
L3,MeMe_e07,4,2,2,0,9,4,5,0
T2,Lawf1,4,2,2,0,9,5,4,0
Tm4,Sm05,3,1,2,0,9,3,6,0
MLt5,MTe31,2,1,1,0,9,5,4,0
Sm34,Sm15,4,3,1,0,9,6,3,0
Tm35,Dm2,4,3,1,0,9,7,2,0
LLPt,Li18,3,1,2,0,9,2,7,0
CT1,cL21,3,1,2,0,9,3,6,0
Mi2,L1,4,2,2,0,9,4,5,0
Tm31,Dm9,4,3,1,0,9,7,2,0
Tm5a,MTe15,2,0,2,0,9,0,9,0
Li24,Tm5b,4,1,3,0,9,2,7,0
Li24,LTe05,4,3,1,0,9,6,3,0
Li24,LCe05,4,3,1,0,9,6,3,0
Li24,LT65,3,2,1,0,9,4,5,0
L4,MLt2,2,0,2,0,9,0,9,0
TmY10,MLt7,4,0,4,0,9,0,9,0
Lawf1,OA-AL2i1,4,2,2,0,9,5,4,0
Am1,LPi11,4,2,2,0,9,4,5,0
Am1,TmY9q,3,0,3,0,9,0,9,0
Am1,VS1,2,1,1,0,9,7,2,0
Am1,Nod1,3,1,2,0,9,2,7,0
Am1,TmY9q⊥,3,2,1,0,9,7,2,0
Li22,LT33,3,2,1,0,9,7,2,0
Li09,LT77,3,1,2,0,9,2,7,0
Tm36,LT65,3,1,2,0,9,4,5,0
Tm5d,LC14a1,4,1,3,0,9,2,7,0
L1,Dm17,4,1,3,0,9,2,7,0
TmY31,cL13,4,1,3,0,9,2,7,0
Tm16,LTe76,4,3,1,0,9,7,2,0
Y12,Nod3,4,2,2,0,9,4,5,0
Y11,LT73,4,3,1,0,9,7,2,0
Li06,Tm16,4,2,2,0,9,5,4,0
Li08,MeTu1,4,3,1,0,9,6,3,0
C3,Li22,1,0,1,0,9,0,9,0
Tm35,MeMe_e02,1,0,1,0,9,0,9,0
T5b,LPT47_vCal2,4,2,2,0,9,5,4,0
T4a,Pm03,4,3,1,0,9,7,2,0
Li10,Y1,3,2,1,0,9,6,3,0
Sm09,Sm27,4,2,2,0,9,4,5,0
Tm5b,Tm3,4,3,1,0,9,7,2,0
Tm5f,LT80,4,2,2,0,9,4,5,0
Sm32,Sm06,4,3,1,0,9,6,3,0
Y4,Y4,4,3,1,0,9,7,2,0
Li10,Li23,4,2,2,0,9,4,5,0
Tm25,LT63,3,0,3,0,9,0,9,0
Mi1,Sm20,4,1,3,0,9,3,6,0
TmY4,C2,4,3,1,0,9,7,2,0
Dm1,T2a,4,1,3,0,9,3,6,0
Tm7,LTe03,4,3,1,0,9,7,2,0
Li13,LTe15,4,3,1,0,9,7,2,0
Tm34,LC31a,3,1,2,0,9,4,5,0
Tm5b,LC31a,4,3,1,0,9,7,2,0
Li11,LMa3,4,3,1,0,9,7,2,0
MLt2,Li24,3,2,1,0,9,5,4,0
Tlp4,Tm5f,4,2,2,0,9,5,4,0
T2,MLt1,4,2,2,0,9,5,4,0
Li05,LT81,3,0,3,0,9,0,9,0
Li17,LT87,4,2,2,0,9,5,4,0
MLt2,LTe58,4,2,2,0,9,4,5,0
Tm8a,cL13,3,2,1,0,9,6,3,0
TmY9q⊥,Tm34,4,3,1,0,9,7,2,0
TmY14,TmY31,3,1,2,0,9,2,7,0
LPi01,LPC1,3,1,2,0,9,2,7,0
Li30,Y4,4,1,3,0,9,2,7,0
Li30,LT76,2,1,1,0,9,6,3,0
Li30,LTe03,2,1,1,0,9,3,6,0
Li30,LC35,3,2,1,0,9,7,2,0
Li30,LCe01b,3,1,2,0,9,2,7,0
Li03,LT65,3,2,1,0,9,4,5,0
MLt8,MTe28,4,2,2,0,9,4,5,0
LMt2,Mi13,2,1,1,0,9,6,3,0
Tm1,OA-AL2i1,4,3,1,0,9,6,3,0
Li05,LC4,4,3,1,0,9,6,3,0
C2,Dm17,4,1,3,0,9,2,7,0
Dm18,C3,4,3,1,0,9,6,3,0
LPi08,LPT57,4,3,1,0,9,7,2,0
Dm9,DmDRA2,4,3,1,0,9,6,3,0
Tm21,LT1b,3,2,1,0,9,5,4,0
Sm23,l-LNv,2,0,2,0,9,0,9,0
Tlp1,Tm5f,2,0,2,0,9,0,9,0
Tlp1,LC34,1,0,1,0,9,0,9,0
LMt2,LC15,4,3,1,0,9,7,2,0
Dm10,Li27,1,0,1,0,9,0,9,0
Sm29,Sm15,4,3,1,0,9,7,2,0
Dm4,Tm8a,3,2,1,0,9,6,3,0
Li29,Tlp4,4,1,3,0,9,2,7,0
Li29,LT39,2,1,1,0,9,3,6,0
Li29,LT86,2,1,1,0,9,7,2,0
Li29,LC14a1,3,2,1,0,9,5,4,0
LMt3,MeMe_e07,4,2,2,0,9,5,4,0
Tm5f,Y11,2,1,1,0,9,7,2,0
C2,MLt1,4,3,1,0,9,6,3,0
LPi13,T2,3,2,1,0,9,7,2,0
Tm3,mALC3,4,3,1,0,9,7,2,0
R1-6,LC14b,1,0,1,0,9,0,9,0
Li24,LTe10,3,2,1,0,9,7,2,0
LMt4,T5c,4,3,1,0,9,7,2,0
Li02,TmY16,4,2,2,0,9,5,4,0
Y1,Sm06,4,2,2,0,9,4,5,0
T4c,LPT27,1,0,1,0,9,0,9,0
Sm27,MTe08,3,2,1,0,9,4,5,0
R8,Tm5f,4,3,1,0,9,6,3,0
MLt4,Mi10,3,2,1,0,9,7,2,0
Tm8b,aMe17a2,3,2,1,0,9,5,4,0
Li23,cL05,2,1,1,0,9,3,6,0
LMa2,T5d,2,0,2,0,9,0,9,0
LMa2,Li22,3,2,1,0,9,4,5,0
Li12,LTe58,4,3,1,0,9,7,2,0
Sm36,MTe23,3,2,1,0,9,6,3,0
Li27,LT73,4,2,2,0,9,5,4,0
TmY4,MTe54,4,3,1,0,9,6,3,0
MLt4,LC28a,4,3,1,0,9,7,2,0
LPi07,LC21,3,0,3,0,9,0,9,0
LPi07,T2,3,2,1,0,9,5,4,0
LPi07,LC11,2,0,2,0,9,0,9,0
Li10,LT87,3,2,1,0,9,6,3,0
LMt1,Pm03,4,3,1,0,9,6,3,0
Li12,LTe43,3,2,1,0,9,6,3,0
Dm3q,LC14b,4,3,1,0,9,7,2,0
T4b,Pm10,3,1,2,0,9,5,4,0
Mi4,MeTu3b,3,2,1,0,9,6,3,0
Sm31,Dm4,4,2,2,0,9,4,5,0
TmY11,cLLP02,4,3,1,0,9,6,3,0
LC28a,LC9,4,2,2,0,9,5,4,0
LPLC2,LPT23,4,1,3,0,9,3,6,0
LC10d,Tm8a,4,0,4,0,9,0,9,0
LC11,Li30,3,1,2,0,9,4,5,0
LT55,LTe22,2,1,1,0,9,5,4,0
LT55,LC34,3,1,2,0,9,3,6,0
aMe5,aMe17b,3,1,2,0,9,5,4,0
LC27,LTe22,3,0,3,0,9,0,9,0
MTe45,MTe39,2,1,1,0,9,2,7,0
MTe45,CB1329,1,0,1,0,9,0,9,0
MTe01b,MTe51,4,0,4,0,9,0,9,0
LPLC2,Tm7,4,0,4,0,9,0,9,0
MeLp1,Dm13,3,0,3,0,9,0,9,0
MeLp1,Li16,2,2,0,0,9,9,0,0
LC14b,LTe66,4,1,3,0,9,2,7,0
LC21,Tm37,4,1,3,0,9,2,7,0
LT87,LT82a,3,1,2,0,9,2,7,0
LT87,LT74,2,1,1,0,9,2,7,0
cM09,PDt,4,2,2,0,9,5,4,0
cM09,MTe23,3,1,2,0,9,2,7,0
LT11,LMt4,3,0,3,0,9,0,9,0
LT11,Tm4,2,0,2,0,9,0,9,0
LT11,LC17,3,2,1,0,9,5,4,0
LT11,Y3,3,0,3,0,9,0,9,0
cL22a,aMe17a2,1,0,1,0,9,0,9,0
MTe21,Sm14,4,1,3,0,9,2,7,0
MTe46,LTe71,3,2,1,0,9,4,5,0
LTe08,LC24,4,2,2,0,9,5,4,0
LTe08,LC20b,3,0,3,0,9,0,9,0
LT34,LC13,4,2,2,0,9,4,5,0
LT34,MLt6,4,3,1,0,9,7,2,0
LPT51,LLPt,1,0,1,0,9,0,9,0
MTe07,Tm5b,4,0,4,0,9,0,9,0
LT42,TmY4,4,1,3,0,9,2,7,0
LTe15,LC45,2,1,1,0,9,6,3,0
LTe15,LTe24,2,1,1,0,9,4,5,0
LC13,LC10d,4,2,2,0,9,4,5,0
cLP03,cM11,1,0,1,0,9,0,9,0
LT60,LPLC4,2,1,1,0,9,7,2,0
LC20a,LC14a1,3,1,2,0,9,4,5,0
cLP02,Tm36,4,3,1,0,9,7,2,0
LC14a2,cM08c,3,1,2,0,9,2,7,0
MeTu4a,LC46,2,0,2,0,9,0,9,0
LT43,MeTu4a,4,1,3,0,9,2,7,0
LC14b,Li28,3,3,0,0,9,9,0,0
LC14b,LC43,2,1,1,0,9,5,4,0
LT82a,Li31,3,1,2,0,9,2,7,0
MTe01b,MTe14,3,1,2,0,9,4,5,0
LC31a,LC17,4,3,1,0,9,7,2,0
LC31a,LMt2,4,2,2,0,9,5,4,0
LTe01,LC14a2,4,2,2,0,9,5,4,0
LTe01,LTe36,3,2,1,0,9,7,2,0
LPC1,VCH,3,1,2,0,9,2,7,0
LT78,LC40,4,1,3,0,9,2,7,0
LC20b,Tm8b,4,2,2,0,9,4,5,0
LC21,TmY31,3,1,2,0,9,2,7,0
cL16,Li09,4,3,1,0,9,7,2,0
cL16,LC22,4,3,1,0,9,7,2,0
cL16,LT37,3,2,1,0,9,7,2,0
LPC2,Tlp1,4,1,3,0,9,2,7,0
LC14a1,LT56,4,2,2,0,9,5,4,0
aMe5,Sm21,4,1,3,0,9,2,7,0
cL14,LC24,2,0,2,0,9,0,9,0
cL14,Li29,2,1,1,0,9,2,7,0
LC12,T3,3,0,3,0,9,0,9,0
LT52,cL11,3,1,2,0,9,2,7,0
LC10b,Tm8a,4,3,1,0,9,7,2,0
LPLC2,LC16,4,2,2,0,9,4,5,0
LPLC1,LPi12,4,2,2,0,9,4,5,0
LC20a,Li06,4,3,1,0,9,6,3,0
MeMe_e08,Tm20,3,1,2,0,9,3,6,0
cM01a,TmY10,4,2,2,0,9,5,4,0
cM01a,Mi10,2,0,2,0,9,0,9,0
cM01a,Sm04,4,3,1,0,9,6,3,0
cM01a,Sm30,1,0,1,0,9,0,9,0
cM01a,Dm2,4,3,1,0,9,7,2,0
cM01a,cLM01,1,0,1,0,9,0,9,0
MTe29,Sm07,4,2,2,0,9,5,4,0
aMe17b,Sm27,4,1,3,0,9,2,7,0
aMe17b,Sm02,4,1,3,0,9,2,7,0
aMe17b,Tm8b,3,2,1,0,9,7,2,0
aMe17b,MTe25,2,1,1,0,9,6,3,0
cM18,Sm04,4,1,3,0,9,2,7,0
cM18,cL10,1,0,1,0,9,0,9,0
cM18,MTe39,2,1,1,0,9,5,4,0
H1,T4d,4,2,2,0,9,4,5,0
H1,CB0592,2,0,0,2,9,0,0,9
aMe8,LTe50,3,1,2,0,9,2,7,0
LC29,Li10,4,1,3,0,9,2,7,0
LC20b,LC25,4,0,4,0,9,0,9,0
LC4,LTe20,4,2,2,0,9,4,5,0
LC14a1,LCe07,4,3,1,0,9,7,2,0
MTe07,MeMe_e07,4,0,0,4,9,0,0,9
MTe07,DmDRA2,4,3,1,0,9,7,2,0
LTe01,Li33,3,2,1,0,9,7,2,0
CB0816,Dm16,4,2,2,0,9,4,5,0
CB0816,MLt5,4,2,2,0,9,4,5,0
LC14b,LTe65,3,1,2,0,9,5,4,0
LC14a2,aMe20,4,3,1,0,9,7,2,0
LT79,cL17,1,0,1,0,9,0,9,0
LT79,LTe29,2,1,1,0,9,5,4,0
LT79,LTe26,2,1,1,0,9,3,6,0
LC14a2,LT58,3,1,2,0,9,2,7,0
LC20b,LC29,4,3,1,0,9,7,2,0
LTe72,5-HTPMPV01,1,0,1,0,9,0,9,0
LPLC1,Tlp5,4,3,1,0,9,7,2,0
LPT54,TmY31,4,0,4,0,9,0,9,0
LPT54,LPi11,2,0,2,0,9,0,9,0
LPT54,cMLLP01,2,1,1,0,9,3,6,0
LPT54,LPi13,2,1,1,0,9,3,6,0
MeMe_e02,Sm21,3,2,1,0,9,5,4,0
MeMe_e02,MTe23,4,1,3,0,9,3,6,0
aMe9,MLt7,4,3,1,0,9,7,2,0
aMe9,Sm42,3,1,2,0,9,4,5,0
LC14b,LC22,3,3,0,0,9,9,0,0
LPC2,Y12,4,0,4,0,9,0,9,0
LC26,Li06,3,0,3,0,9,0,9,0
LC9,Tm16,4,1,3,0,9,2,7,0
LT69,LC39,3,2,1,0,9,4,5,0
LT69,LC10b,2,1,1,0,9,7,2,0
LC10e,LT77,4,3,1,0,9,7,2,0
MeTu3b,Tm8a,4,3,1,0,9,7,2,0
LC28a,LC40,4,1,3,0,9,2,7,0
LC28a,OA-ASM1,4,1,3,0,9,2,7,0
cL19,LC20a,4,3,1,0,9,7,2,0
LPT45_dCal1,TmY16,4,3,1,0,9,7,2,0
LPT23,T4c,4,2,2,0,9,5,4,0
LTe47,LC10c,4,0,4,0,9,0,9,0
LTe01,LTe49f,3,2,1,0,9,6,3,0
cL08,LC14a1,3,1,2,0,9,2,7,0
cL08,Li31,2,1,1,0,9,4,5,0
cL08,LC12,4,1,3,0,9,3,6,0
LPLC1,Tm33,4,2,2,0,9,4,5,0
LT82a,LT61a,4,2,2,0,9,4,5,0
AN_multi_124,T4b,4,2,2,0,9,4,5,0
AN_multi_124,TmY15,3,1,2,0,9,4,5,0
MeMe_e08,LPi10,4,3,1,0,9,7,2,0
MeMe_e08,Mi10,4,1,3,0,9,2,7,0
MeMe_e08,TmY20,4,2,2,0,9,4,5,0
LC14a2,LMt4,3,1,2,0,9,4,5,0
LC37a,PLP004,2,0,2,0,9,0,9,0
MTe25,DNp27,1,0,1,0,9,0,9,0
MTe25,Sm40,2,1,1,0,9,3,6,0
MTe25,Tm34,4,3,1,0,9,6,3,0
LT70,LTe14,4,1,3,0,9,2,7,0
LC16,LTe36,2,0,2,0,9,0,9,0
MTe54,MTe47,4,3,1,0,9,7,2,0
MTe06,aMe26,4,3,1,0,9,7,2,0
MTe06,aMe19b,4,3,1,0,9,7,2,0
LPLC2,T5a,4,3,1,0,9,7,2,0
LTe29,LT36,1,0,1,0,9,0,9,0
cL10,mALC6,2,1,1,0,9,2,7,0
LC22,LTe24,4,0,4,0,9,0,9,0
LC22,LTe49b,4,0,4,0,9,0,9,0
LC22,LT69,3,1,2,0,9,2,7,0
LC14b,Li23,3,0,3,0,9,0,9,0
MTe08,Pm05,4,2,2,0,9,5,4,0
aMe17b,T2a,4,2,2,0,9,5,4,0
LPT31,TmY14,2,0,2,0,9,0,9,0
LC17,LC24,1,0,1,0,9,0,9,0
LC17,LT51,4,2,2,0,9,5,4,0
LLPC4,Tm36,4,2,2,0,9,4,5,0
LLPC4,LC9,3,1,2,0,9,3,6,0
cM17,Sm07,4,3,1,0,9,6,3,0
cM17,MLt8,4,2,2,0,9,4,5,0
cM17,MTe16,3,2,1,0,9,5,4,0
cM17,Sm41,2,1,1,0,9,5,4,0
LPLC1,Y3,4,1,3,0,9,2,7,0
LCe01b,Li29,4,2,2,0,9,4,5,0
LCe01b,Li01,4,1,3,0,9,2,7,0
cM02b,MeMe_e06,1,0,1,0,9,0,9,0
cM02b,Sm20,3,2,1,0,9,4,5,0
cM02b,Mi13,3,2,1,0,9,6,3,0
cM02b,Mi2,3,2,1,0,9,4,5,0
cM02b,Tm5b,3,1,2,0,9,5,4,0
MeTu3c,aMe4,3,1,2,0,9,4,5,0
LC14b,Mi13,3,2,1,0,9,7,2,0
cM06,MTe53,4,3,1,0,9,6,3,0
cM06,Pm01,4,1,3,0,9,2,7,0
cM06,TmY3,4,2,2,0,9,4,5,0
cM06,Tm5f,3,2,1,0,9,4,5,0
MeLp2,Pm03,4,1,3,0,9,2,7,0
MeLp2,TmY4,3,2,1,0,9,7,2,0
MTe54,Pm09,4,1,3,0,9,3,6,0
MTe54,Pm02,2,1,1,0,9,2,7,0
MTe54,Pm12,3,0,3,0,9,0,9,0
LC10a,Tm27,4,1,3,0,9,2,7,0
MeMe_e08,Mi1,3,0,3,0,9,0,9,0
cL02b,TmY31,4,3,1,0,9,7,2,0
cL02b,TmY10,3,2,1,0,9,7,2,0
LPLC4,LPi14,4,2,2,0,9,5,4,0
cL20,Li26,3,2,1,0,9,7,2,0
cL20,Tm5e,3,1,2,0,9,3,6,0
LT37,Tlp1,3,2,1,0,9,7,2,0
LT37,LC10c,4,3,1,0,9,7,2,0
LT37,CB2848,2,1,1,0,9,7,2,0
LT37,LT57,4,2,2,0,9,5,4,0
LT37,LC10e,2,1,1,0,9,4,5,0
LC28a,LTe61,2,1,1,0,9,4,5,0
MTe46,LTe25,2,1,1,0,9,6,3,0
LC20b,LC17,3,2,1,0,9,7,2,0
5-HTPMPV03,MTe03,2,1,1,0,9,7,2,0
5-HTPMPV03,LC20a,4,3,1,0,9,7,2,0
LC28a,LTe01,4,1,3,0,9,2,7,0
MeMe_e09,MTe30,3,1,2,0,9,2,7,0
MeMe_e09,Sm06,3,1,2,0,9,5,4,0
LC46,LTe42a,4,3,1,0,9,7,2,0
cL21,LT62,3,1,2,0,9,2,7,0
cL21,CB0592,3,1,2,0,9,3,6,0
MTe50,Tm8b,3,2,1,0,9,7,2,0
LTe57,Li06,4,1,3,0,9,2,7,0
MTe08,TmY14,3,0,3,0,9,0,9,0
LTe22,LC34,3,1,2,0,9,3,6,0
LTe22,LT64,3,2,1,0,9,7,2,0
LTe22,LTe75,2,1,1,0,9,2,7,0
MTe42,LT64,1,0,1,0,9,0,9,0
LC35,LT78,3,2,1,0,9,7,2,0
LC35,Li32,4,2,2,0,9,4,5,0
cL18,Li07,3,2,1,0,9,6,3,0
aMe17c,Tm36,2,0,2,0,9,0,9,0
MeMe_e06,Tm5c,4,1,3,0,9,3,6,0
MeMe_e06,MLt4,4,2,2,0,9,5,4,0
MeTu1,Tm36,2,0,2,0,9,0,9,0
LTe30,LTe24,2,1,1,0,9,3,6,0
LTe30,LTe33,2,1,1,0,9,6,3,0
LPT50,LLPC2,4,1,3,0,9,2,7,0
LTe58,LC37a,4,1,3,0,9,2,7,0
LTe58,Li31,2,1,1,0,9,6,3,0
LTe58,LLPt,4,3,1,0,9,6,3,0
cM07,Tm33,4,2,2,0,9,4,5,0
cM07,Tm2,4,2,2,0,9,4,5,0
cM07,LT79,2,1,1,0,9,6,3,0
LT52,LC12,4,2,2,0,9,5,4,0
LT83,LMa1,4,2,2,0,9,5,4,0
LT83,Li32,2,1,1,0,9,7,2,0
LC14a1,OA-AL2i2,4,2,2,0,9,4,5,0
cM19,Dm17,2,0,2,0,9,0,9,0
mALD1,Tm35,4,3,1,0,9,7,2,0
mALD1,Li05,4,2,2,0,9,5,4,0
mALD1,LTe57,2,1,1,0,9,6,3,0
MTe48,CB1791,2,1,1,0,9,2,7,0
LC17,Li25,2,1,1,0,9,3,6,0
LTe11,LT86,2,1,1,0,9,2,7,0
LTe11,LC19,1,0,1,0,9,0,9,0
aMe8,aMe17a2,2,1,1,0,9,2,7,0
LT51,LMa2,4,2,2,0,9,5,4,0
LT51,LTe65,4,3,1,0,9,7,2,0
cLLP02,LTe42c,3,1,2,0,9,3,6,0
cLLP02,Li06,4,0,4,0,9,0,9,0
cLLP02,Tlp5,4,2,2,0,9,5,4,0
cLLP02,TmY20,4,3,1,0,9,7,2,0
cLLP02,cL06,3,1,2,0,9,4,5,0
cLLP02,LT36,3,1,2,0,9,3,6,0
cLLP02,LT86,3,1,2,0,9,2,7,0
LT63,LTe03,3,1,2,0,9,2,7,0
LT63,TmY31,4,2,2,0,9,4,5,0
LT63,LTe27,3,2,1,0,9,6,3,0
LT63,Li30,2,1,1,0,9,5,4,0
LTe26,Li33,1,0,1,0,9,0,9,0
LCe03,LT59,3,2,1,0,9,6,3,0
LCe03,LT77,4,2,2,0,9,4,5,0
MeMe_e02,Dm8b,2,0,2,0,9,0,9,0
DNp11,Tm4,4,2,2,0,9,4,5,0
DNp11,LC9,4,1,3,0,9,2,7,0
DNp30,Pm12,4,1,3,0,9,2,7,0
MeMe_e07,MLt3,3,0,3,0,9,0,9,0
LC28a,LTe64,4,1,3,0,9,2,7,0
LC28a,LTe42b,3,2,1,0,9,6,3,0
LTe04,LTe74,2,1,1,0,9,7,2,0
LTe04,LTe72,2,1,1,0,9,4,5,0
MeTu4d,Sm31,3,1,2,0,9,4,5,0
LT38,LT81,2,1,1,0,9,5,4,0
LT38,LTe08,1,0,1,0,9,0,9,0
cL17,Tm5e,4,2,2,0,9,4,5,0
LT1c,LTe12,2,1,1,0,9,3,6,0
LT59,LT52,2,0,2,0,9,0,9,0
LT59,LT55,2,1,1,0,9,4,5,0
LTe20,LC16,3,0,3,0,9,0,9,0
LTe20,LT83,2,1,1,0,9,3,6,0
cM02a,Sm20,4,0,4,0,9,0,9,0
cM02a,MeTu3b,3,1,2,0,9,3,6,0
LPT28,Y11,4,2,2,0,9,4,5,0
LC14a1,Y12,4,2,2,0,9,4,5,0
CB0230,PLP104,1,0,0,1,9,0,0,9
LT52,LC9,4,1,3,0,9,2,7,0
MeTu4a,MeMe_e04,4,3,1,0,9,7,2,0
MeTu1,Sm39,4,3,1,0,9,7,2,0
LC18,LC4,4,2,2,0,9,4,5,0
LPT23,cLP04,2,1,1,0,9,3,6,0
mALD2,LTe51,2,1,1,0,9,7,2,0
mALD2,LT39,1,0,1,0,9,0,9,0
mALD2,LTe42a,2,1,1,0,9,5,4,0
mALD2,LTe11,2,1,1,0,9,2,7,0
MeMe_e05,aMe20,2,1,1,0,9,2,7,0
aMe4,TmY10,4,1,3,0,9,2,7,0
aMe4,aMe10,3,0,3,0,9,0,9,0
OA-AL2b1,Li23,2,1,1,0,9,3,6,0
LC10e,LC16,4,0,4,0,9,0,9,0
LT57,Tm5e,4,3,1,0,9,6,3,0
MeMe_e08,LLPC1,4,3,1,0,9,7,2,0
cLM01,MTe50,4,2,2,0,9,5,4,0
cLM01,MTe47,3,1,2,0,9,3,6,0
LC18,Li21,4,2,2,0,9,5,4,0
LC27,Li01,4,3,1,0,9,7,2,0
cM11,Sm09,3,0,3,0,9,0,9,0
LPLC2,LC10b,4,2,2,0,9,4,5,0
LT57,Li09,4,2,2,0,9,5,4,0
LPT48_vCal3,LPi04,4,3,1,0,9,7,2,0
cMLLP02,T2,4,2,2,0,9,5,4,0
cMLLP02,LPi15,2,1,1,0,9,7,2,0
MTe04,CB0566,4,2,2,0,9,4,5,0
LC16,LTe65,2,1,1,0,9,2,7,0
LC20a,5-HTPMPV03,4,3,1,0,9,7,2,0
HSS,LPT04_HST,2,1,1,0,9,7,2,0
HSS,LT40,1,0,1,0,9,0,9,0
OA-AL2i2,LT33,2,0,2,0,9,0,9,0
OA-AL2i2,LT74,4,3,1,0,9,7,2,0
aMe5,Dm8a,4,3,1,0,9,7,2,0
LC37a,LC25,4,1,3,0,9,2,7,0
LC13,Li13,4,3,1,0,9,7,2,0
LTe33,LTe02,4,1,3,0,9,2,7,0
cM11,OA-AL2i3,2,0,2,0,9,0,9,0
cL12,LTe36,2,1,1,0,9,4,5,0
MeLp1,Pm12,2,2,0,0,9,9,0,0
LC14b,cL17,2,0,0,2,9,0,0,9
VS3,cM02b,1,0,1,0,9,0,9,0
MTe54,MTe53,4,0,4,0,9,0,9,0
MeTu3b,Sm32,4,0,4,0,9,0,9,0
cLP05,LPi14,3,1,2,0,9,2,7,0
cLP05,TmY11,3,2,1,0,9,4,5,0
LC20b,Li08,4,3,1,0,9,6,3,0
MeMe_e07,C3,4,4,0,0,9,9,0,0
MeMe_e02,Sm25,4,2,2,0,9,5,4,0
cML02,Am1,2,1,1,0,9,3,6,0
cML02,Li16,2,1,1,0,9,4,5,0
LPT26,LPi09,4,3,1,0,9,6,3,0
LPT26,cL15,1,0,1,0,9,0,9,0
MeTu3c,Dm4,2,0,2,0,9,0,9,0
aMe19b,Dm2,4,2,2,0,9,5,4,0
aMe19b,Sm34,4,3,1,0,9,7,2,0
aMe19b,TmY10,4,2,2,0,9,4,5,0
LT40,LTe18,1,0,1,0,9,0,9,0
LT40,LPLC2,4,1,3,0,9,3,6,0
LT40,LTe11,2,1,1,0,9,4,5,0
LC21,Tm3,4,0,4,0,9,0,9,0
MTe52,Tm3,4,1,3,0,9,2,7,0
MeMe_e10,Sm28,3,2,1,0,9,5,4,0
AN_multi_125,Dm10,3,0,3,0,9,0,9,0
AN_multi_125,TmY3,3,1,2,0,9,4,5,0
aMe17a2,Sm20,3,1,2,0,9,3,6,0
aMe17a2,CB0816,3,1,2,0,9,3,6,0
aMe17a2,aMe10,2,1,1,0,9,6,3,0
LC16,LC14a1,4,2,2,0,9,5,4,0
MeTu2a,Sm20,3,1,2,0,9,2,7,0
SIP017,LC19,1,0,1,0,9,0,9,0
MeTu4a,Tm33,3,0,3,0,9,0,9,0
AVLP151,LPLC4,4,2,2,0,9,5,4,0
AVLP151,Tm7,4,2,2,0,9,5,4,0
AVLP151,Y4,4,3,1,0,9,7,2,0
LC39,LTe24,3,2,1,0,9,7,2,0
LC39,LCe09,3,1,2,0,9,5,4,0
LPLC1,Tm36,4,2,2,0,9,4,5,0
mALC5,Li21,4,3,1,0,9,6,3,0
mALC5,Nod1,3,1,2,0,9,3,6,0
mALC5,5-HTPMPV03,2,1,1,0,9,3,6,0
cM13,Sm13,3,0,3,0,9,0,9,0
cM13,Lawf1,3,2,1,0,9,7,2,0
LPT22,LPT21,2,1,1,0,9,7,2,0
MeTu4a,aMe20,3,2,1,0,9,7,2,0
MTe09,Tm34,4,3,1,0,9,7,2,0
LTe38c,LTe38a,3,1,2,0,9,3,6,0
LTe38c,LLPt,4,1,3,0,9,2,7,0
MTe03,Mi2,4,3,1,0,9,7,2,0
OA-ASM1,cM14,3,0,3,0,9,0,9,0
OA-ASM1,MTe39,4,3,1,0,9,7,2,0
OA-ASM1,LT37,4,2,2,0,9,4,5,0
OA-ASM1,LC19,3,2,1,0,9,6,3,0
OA-ASM1,Tm21,4,3,1,0,9,6,3,0
OA-ASM1,MTe50,4,1,3,0,9,3,6,0
OA-ASM1,LCe02,3,3,0,0,9,9,0,0
LPLC1,LC6,4,3,1,0,9,7,2,0
LC39,LTe33,4,3,1,0,9,7,2,0
LC39,LTe35,2,1,1,0,9,7,2,0
LC37a,LTe53,3,2,1,0,9,5,4,0
LT1b,Li06,4,2,2,0,9,4,5,0
cL21,TmY3,4,3,1,0,9,7,2,0
cL21,LT87,3,2,1,0,9,6,3,0
LTe45,LC33a,2,1,1,0,9,6,3,0
MTe52,Sm32,4,0,4,0,9,0,9,0
LT56,LTe18,2,1,1,0,9,4,5,0
cL02b,LTe49f,3,2,1,0,9,7,2,0
PLP051,mALD1,1,0,0,1,9,0,0,9
LAL047,PLP021,1,0,1,0,9,0,9,0
MTe37,Sm06,4,1,3,0,9,2,7,0
MTe37,Sm29,3,2,1,0,9,6,3,0
MTe04,Sm06,4,2,2,0,9,5,4,0
LPT58,Am1,2,1,1,0,9,3,6,0
LLPC3,LLPC4,3,2,1,0,9,7,2,0
CB0472,LT37,2,1,1,0,9,4,5,0
MTe47,Li32,2,0,2,0,9,0,9,0
MTe47,Tm4,2,2,0,0,9,9,0,0
LPT42_Nod4,LPi10,3,2,1,0,9,7,2,0
LT73,Li01,4,2,2,0,9,4,5,0
LT65,LC14b,4,1,3,0,9,2,7,0
LT65,LTe42c,2,1,1,0,9,6,3,0
LT65,Li05,4,3,1,0,9,7,2,0
LT65,LLPt,3,2,1,0,9,4,5,0
LT70,Li16,4,1,3,0,9,2,7,0
MTe54,TmY4,4,0,4,0,9,0,9,0
MC65,OA-ASM1,3,1,2,0,9,5,4,0
MTe50,Lawf1,4,1,3,0,9,3,6,0
LT61b,LT60,2,1,1,0,9,4,5,0
LT61b,LMt2,4,3,1,0,9,6,3,0
LT61b,Li32,2,1,1,0,9,4,5,0
LT61b,LTe12,2,1,1,0,9,6,3,0
LC16,LC29,4,1,3,0,9,2,7,0
LPLC2,LLPt,4,1,3,0,9,3,6,0
CB0592,T5a,4,3,1,0,9,7,2,0
CB0592,Li06,4,1,3,0,9,2,7,0
CB0592,DNp30,3,0,0,3,9,0,0,9
CB0592,Sm06,3,1,2,0,9,2,7,0
LPLC4,Li25,3,1,2,0,9,2,7,0
VS1,LPi07,4,2,2,0,9,5,4,0
LC13,Li17,4,3,1,0,9,7,2,0
LTe13,LTe20,1,0,1,0,9,0,9,0
LT78,LC20b,4,1,3,0,9,2,7,0
LCe09,LC22,2,0,2,0,9,0,9,0
LPC1,LPi09,3,0,3,0,9,0,9,0
LT78,LTe10,3,2,1,0,9,6,3,0
LT53,LTe64,3,0,3,0,9,0,9,0
CB2216,aMe15,1,0,1,0,9,0,9,0
cM12,Tm7,4,3,1,0,9,7,2,0
cM12,Sm06,4,1,3,0,9,2,7,0
MTe02,Pm10,3,2,1,0,9,6,3,0
CB0566,MTe07,4,0,2,2,9,0,5,4
CB0566,Sm24,2,1,1,0,9,2,7,0
LT78,LT69,1,0,1,0,9,0,9,0
LT74,LT52,3,1,2,0,9,5,4,0
LC28a,LPi15,1,0,1,0,9,0,9,0
VCH,LPT54,2,1,1,0,9,4,5,0
LTe64,LTe42a,3,1,2,0,9,3,6,0
LC33a,PLP021,1,0,1,0,9,0,9,0
LT84,LC40,4,0,4,0,9,0,9,0
LT84,cM09,2,1,1,0,9,3,6,0
MeTu4c,Li31,4,1,3,0,9,2,7,0
LC39,cL02a,1,0,0,1,9,0,0,9
LC39,LTe36,3,2,1,0,9,6,3,0
LC28a,LMt3,4,2,2,0,9,4,5,0
cL02a,LCe06,3,2,1,0,9,7,2,0
LC10b,cLLP02,4,2,2,0,9,5,4,0
MTe51,Sm02,4,0,4,0,9,0,9,0
HSN,LPT04_HST,2,1,1,0,9,3,6,0
HSN,TmY14,4,3,1,0,9,7,2,0
HSN,VS6,2,1,1,0,9,3,6,0
cL22b,LTe38b,2,1,1,0,9,4,5,0
cM01b,Tm7,2,1,1,0,9,4,5,0
LC27,LTe64,3,1,2,0,9,5,4,0
cM14,OA-AL2i4,2,1,1,0,9,3,6,0
cM14,cM08a,3,1,2,0,9,2,7,0
LT53,LT82a,2,0,2,0,9,0,9,0
OA-ASM1,MLt3,4,2,2,0,9,5,4,0
OA-ASM1,Tm32,4,2,2,0,9,5,4,0
MTe15,MTe09,3,2,1,0,9,7,2,0
LT63,LT59,2,1,1,0,9,4,5,0
LT63,LTe64,3,2,1,0,9,7,2,0
LC10b,LTe01,4,2,2,0,9,5,4,0
DNp27,LT82a,4,3,1,0,9,7,2,0
LCe01a,Li05,4,3,1,0,9,7,2,0
LCe01a,Li03,4,3,1,0,9,6,3,0
MTe47,LC18,2,1,1,0,9,5,4,0
LC28a,LTe11,2,1,1,0,9,2,7,0
MTe22,Sm08,4,2,2,0,9,5,4,0
MTe22,Sm06,4,3,1,0,9,7,2,0
MTe22,Tm31,4,2,2,0,9,4,5,0
LLPC3,LT80,4,3,1,0,9,7,2,0
LT53,LTe13,2,1,1,0,9,2,7,0
MTe12,aMe5,4,2,2,0,9,4,5,0
LPLC2,LPi12,4,2,2,0,9,5,4,0
aMe5,MTe53,3,2,1,0,9,7,2,0
CB2197,LTe61,1,0,1,0,9,0,9,0
DNp27,Li05,2,2,0,0,9,9,0,0
OA-ASM1,Sm13,4,2,2,0,9,5,4,0
LCe01b,LTe64,4,3,1,0,9,7,2,0
LC41,LTe56,4,3,1,0,9,7,2,0
LPLC1,Tm5e,4,1,3,0,9,2,7,0
LT80,Li17,4,2,2,0,9,4,5,0
LT80,Li19,3,0,3,0,9,0,9,0
LT80,cL08,3,1,2,0,9,4,5,0
LC17,LT1d,4,2,2,0,9,4,5,0
LC10c,LC10b,3,2,1,0,9,7,2,0
LC14a2,LTe68,3,1,2,0,9,4,5,0
cLP03,VS3,3,2,1,0,9,7,2,0
LLPC3,LT83,2,1,1,0,9,2,7,0
MeMe_e07,MTe08,2,0,2,0,9,0,9,0
LTe02,LT58,2,1,1,0,9,4,5,0
l-LNv,T2a,3,3,0,0,9,9,0,0
mALC4,Li21,4,2,2,0,9,4,5,0
mALC4,Li24,4,2,2,0,9,5,4,0
PLP032,LLPC1,1,0,1,0,9,0,9,0
cL11,LTe24,2,1,1,0,9,5,4,0
cL11,LT86,2,1,1,0,9,2,7,0
cL11,LC34,4,3,1,0,9,7,2,0
LC15,LTe08,3,1,2,0,9,2,7,0
aMe9,MTe40,3,2,1,0,9,6,3,0
DCH,LPT42_Nod4,2,1,1,0,9,6,3,0
OA-AL2i1,Li16,3,2,1,0,9,6,3,0
LT33,LC18,3,1,2,0,9,2,7,0
LT33,Li15,3,0,3,0,9,0,9,0
LT33,OA-AL2i1,2,1,1,0,9,6,3,0
LC28a,Li24,2,1,1,0,9,7,2,0
LT64,LC10c,3,2,1,0,9,6,3,0
OA-AL2i4,aMe17a2,2,1,1,0,9,4,5,0
OA-AL2i4,Sm29,4,2,2,0,9,4,5,0
OA-AL2i4,Sm27,4,2,2,0,9,4,5,0
OA-AL2i4,Sm33,3,2,1,0,9,5,4,0
OA-AL2i4,LPT54,1,0,1,0,9,0,9,0
OA-AL2i4,aMe19b,3,2,1,0,9,6,3,0
OA-AL2i4,Sm14,4,2,2,0,9,5,4,0
OA-AL2i4,Tm5e,4,2,2,0,9,5,4,0
cL17,LT51,3,0,3,0,9,0,9,0
cL17,LC36,2,1,1,0,9,3,6,0
cL17,PLP022,1,1,0,0,9,9,0,0
cL17,LTe57,1,1,0,0,9,9,0,0
LTe46,Li30,2,1,1,0,9,5,4,0
MTe32,aMe17c,1,0,1,0,9,0,9,0
LTe74,LTe69,2,1,1,0,9,4,5,0
cM04,CB0566,2,0,2,0,9,0,9,0
cM04,Tm8a,2,0,2,0,9,0,9,0
LT61a,LTe26,1,0,1,0,9,0,9,0
cM05,Dm20,4,1,3,0,9,2,7,0
cM05,LMa5,4,3,1,0,9,7,2,0
LPT57,TmY4,4,1,3,0,9,2,7,0
LPT57,LPTe01,4,3,1,0,9,7,2,0
LPT57,LPLC2,4,1,3,0,9,3,6,0
H2,TmY15,4,3,1,0,9,7,2,0
H2,Y1,4,2,2,0,9,4,5,0
LC43,PLP068,1,0,1,0,9,0,9,0
MeTu4c,LTe56,3,1,2,0,9,2,7,0
LPLC2,TmY3,3,1,2,0,9,2,7,0
cL03,T4c,3,2,1,0,9,5,4,0
LC19,OA-AL2b1,2,0,2,0,9,0,9,0
LC19,LLPt,4,1,3,0,9,3,6,0
LC19,LTe38b,2,0,2,0,9,0,9,0
LTe43,LC10b,4,2,2,0,9,4,5,0
LTe43,PLP251,2,0,2,0,9,0,9,0
LC20b,LCe03,3,2,1,0,9,6,3,0
LT77,LCe03,3,0,3,0,9,0,9,0
MTe50,TmY31,4,3,1,0,9,7,2,0
LT36,cL14,1,0,1,0,9,0,9,0
LT36,LT63,3,2,1,0,9,6,3,0
LT36,Li11,4,1,3,0,9,3,6,0
LT36,Tm7,4,1,3,0,9,2,7,0
LT36,LT78,2,0,2,0,9,0,9,0
LT36,LTe37,2,1,1,0,9,5,4,0
MTe28,Tm5c,4,1,3,0,9,2,7,0
MTe28,MTe16,3,2,1,0,9,6,3,0
LPLC2,Li16,4,3,1,0,9,6,3,0
LC24,LT57,4,3,1,0,9,7,2,0
MC65,LC27,2,1,1,0,9,2,7,0
MC65,Mi10,4,3,1,0,9,7,2,0
cL04,5-HTPMPV03,3,1,2,0,9,2,7,0
cL04,LT64,3,2,1,0,9,6,3,0
cL04,Tm35,4,2,2,0,9,5,4,0
cL04,LT68,4,3,1,0,9,7,2,0
cL04,LC40,4,2,2,0,9,5,4,0
MTe43,Pm13,2,1,1,0,9,7,2,0
MTe43,LTe20,1,0,1,0,9,0,9,0
LT58,cM04,4,3,1,0,9,7,2,0
LT58,Lawf2,4,3,1,0,9,6,3,0
LT58,MeTu4c,4,0,4,0,9,0,9,0
LT58,TmY5a,4,1,3,0,9,2,7,0
LT58,LC11,4,3,1,0,9,7,2,0
LT58,LC20a,4,3,1,0,9,6,3,0
LT57,LTe26,3,2,1,0,9,7,2,0
LTe12,LT87,2,1,1,0,9,3,6,0
LTe12,LC11,4,1,3,0,9,3,6,0
VS8,LPT45_dCal1,2,1,1,0,9,7,2,0
LPT21,H2,2,1,1,0,9,2,7,0
LPT21,VCH,2,1,1,0,9,6,3,0
LTe42c,Li30,2,1,1,0,9,6,3,0
LC36,Li33,3,1,2,0,9,2,7,0
cL09,Li17,2,0,2,0,9,0,9,0
cL09,Y1,4,2,2,0,9,4,5,0
LPLC4,Li09,4,3,1,0,9,7,2,0
aMe10,Sm33,2,2,0,0,9,9,0,0
aMe25,PLP069,1,0,1,0,9,0,9,0
MTe03,LTe55,1,0,1,0,9,0,9,0
cML01,LC14b,2,0,2,0,9,0,9,0
cML01,MTe08,3,0,3,0,9,0,9,0
cML01,MTe53,4,1,3,0,9,3,6,0
cML01,Tm36,2,1,1,0,9,2,7,0
cML01,Tm9,4,3,1,0,9,7,2,0
cML01,Tm37,4,3,1,0,9,6,3,0
LC11,LC14a2,3,2,1,0,9,7,2,0
LT53,LC13,3,2,1,0,9,7,2,0
cM10,Tm8a,3,1,2,0,9,2,7,0
MTe30,MTe03,3,2,1,0,9,7,2,0
cL02a,MeTu4a,4,2,2,0,9,5,4,0
LTe42b,cM13,1,0,0,1,9,0,0,9
LC13,LC10a,4,3,1,0,9,7,2,0
CB0592,Tm35,3,3,0,0,9,9,0,0
LPT45_dCal1,LPi08,3,1,2,0,9,2,7,0
LC11,LCe01b,4,3,1,0,9,7,2,0
MTe26,Sm23,4,3,1,0,9,6,3,0
MTe26,MeTu1,4,1,3,0,9,2,7,0
MTe26,MTe01a,4,3,1,0,9,7,2,0
cM08b,Sm17,4,3,1,0,9,7,2,0
CB0472,cL19,2,0,0,2,9,0,0,9
LC36,LT86,3,2,1,0,9,7,2,0
MeTu1,Sm09,4,3,1,0,9,7,2,0
LTe43,LTe49a,3,2,1,0,9,6,3,0
LCe03,LT57,4,3,1,0,9,6,3,0
VST2,LPT30,3,1,2,0,9,2,7,0
LC14a1,Pm01,1,0,1,0,9,0,9,0
cL18,LTe20,2,1,1,0,9,2,7,0
cL18,Tm5c,4,1,3,0,9,2,7,0
cLLPM02,Tm5d,3,0,3,0,9,0,9,0
cLLPM02,Sm09,3,1,2,0,9,5,4,0
cLLPM02,OA-AL2i1,2,1,1,0,9,5,4,0
cM09,LC10b,4,1,3,0,9,2,7,0
cM09,Mi1,4,3,1,0,9,7,2,0
cMLLP01,LTe15,2,1,1,0,9,5,4,0
cMLLP01,Li02,4,1,3,0,9,2,7,0
cMLLP01,LT51,2,1,1,0,9,7,2,0
cMLLP01,TmY4,4,3,1,0,9,7,2,0
cMLLP01,Sm08,4,2,2,0,9,4,5,0
LC36,LTe27,3,2,1,0,9,5,4,0
LC11,LT64,4,3,1,0,9,7,2,0
LTe38c,PLP032,1,0,1,0,9,0,9,0
cL13,LC28a,4,2,2,0,9,4,5,0
cL13,Li10,3,2,1,0,9,7,2,0
cL13,LTe07,1,0,1,0,9,0,9,0
cL13,Li12,3,1,2,0,9,2,7,0
MTe12,Sm12,4,3,1,0,9,7,2,0
aMe5,MTe01b,3,1,2,0,9,3,6,0
LTe49a,LC10b,3,2,1,0,9,7,2,0
VS2,LPT49,2,1,1,0,9,7,2,0
aMe17a1,Tm5e,4,1,3,0,9,3,6,0
aMe17a1,Tm7,4,1,3,0,9,2,7,0
aMe17a1,MTe19,1,0,1,0,9,0,9,0
aMe17a1,MeTu4a,2,1,1,0,9,6,3,0
aMe12,aMe17c,1,1,0,0,9,9,0,0
LTe73,PLP069,1,0,1,0,9,0,9,0
aMe19a,MTe01b,4,1,3,0,9,2,7,0
LC31c,cMLLP01,1,0,1,0,9,0,9,0
LC31c,LC31a,1,0,1,0,9,0,9,0
LC31c,LMa1,3,1,2,0,9,2,7,0
vCal1,PLP104,1,0,0,1,9,0,0,9
aMe9,Sm34,3,3,0,0,9,9,0,0
LTe49b,PLP241,1,0,1,0,9,0,9,0
LPLC4,LC25,2,0,2,0,9,0,9,0
LPLC4,LTe76,1,0,1,0,9,0,9,0
LC9,Li30,2,1,1,0,9,7,2,0
MeTu3a,Sm16,4,3,1,0,9,6,3,0
cL22c,LT65,2,1,1,0,9,2,7,0
cL22c,LT69,2,1,1,0,9,5,4,0
cL22c,LT63,3,2,1,0,9,6,3,0
cL15,LPT48_vCal3,1,0,0,1,9,0,0,9
cL15,Li33,2,1,1,0,9,3,6,0
MTe27,LT36,1,0,1,0,9,0,9,0
MTe27,TmY11,4,3,1,0,9,7,2,0
LT39,LT51,4,1,3,0,9,3,6,0
LT39,MLt3,3,1,2,0,9,3,6,0
LT39,cMLLP01,2,1,1,0,9,3,6,0
LT39,Li07,3,2,1,0,9,5,4,0
LC36,Li05,4,3,1,0,9,7,2,0
LT43,cL01,3,1,2,0,9,5,4,0
LT43,aMe20,1,0,1,0,9,0,9,0
LTe25,aMe20,1,0,1,0,9,0,9,0
LTe25,LC33a,3,1,2,0,9,2,7,0
LTe25,Li01,4,1,3,0,9,2,7,0
MeTu4c,LatB,4,3,1,0,9,7,2,0
cM04,Sm02,3,2,1,0,9,7,2,0
LT41,LPLC1,3,2,1,0,9,7,2,0
aMe5,aMe9,3,2,1,0,9,4,5,0
cL01,cL01,3,2,1,0,9,7,2,0
cM16,MC65,4,2,2,0,9,5,4,0
cM16,Sm31,3,1,2,0,9,2,7,0
cM16,Tm4,1,0,1,0,9,0,9,0
cM16,Mi9,1,0,1,0,9,0,9,0
cM16,T1,1,0,1,0,9,0,9,0
cL04,LT53,4,3,1,0,9,7,2,0
MeMe_e10,Sm06,4,1,3,0,9,3,6,0
PLP215,aMe20,2,1,1,0,9,2,7,0
LCe01b,LT57,4,3,1,0,9,7,2,0
LLPC3,LC4,4,3,1,0,9,7,2,0
Mi13,TmY15,4,4,0,0,9,9,0,0
TmY31,cM08c,4,4,0,0,9,9,0,0
TmY10,cL17,3,3,0,0,9,9,0,0
Dm10,Dm8a,3,3,0,0,9,9,0,0
Mi15,Tm33,4,4,0,0,9,9,0,0
Li24,LCe01a,3,3,0,0,9,9,0,0
Li19,LC22,2,2,0,0,9,9,0,0
Li19,LLPC1,4,4,0,0,9,9,0,0
Y3,cL19,3,3,0,0,9,9,0,0
MLt2,LC17,2,2,0,0,9,9,0,0
Tm5d,LC29,4,4,0,0,9,9,0,0
Li25,TmY5a,3,3,0,0,9,9,0,0
Tm3,MTe18,4,4,0,0,9,9,0,0
Sm42,MTe53,3,3,0,0,9,9,0,0
Sm42,aMe6a,1,1,0,0,9,9,0,0
Tm36,TmY9q⊥,4,4,0,0,9,9,0,0
Li10,Sm21,2,2,0,0,9,9,0,0
TmY31,LTe69,4,4,0,0,9,9,0,0
Tm20,Dm4,1,1,0,0,9,9,0,0
LPi11,VS3,3,3,0,0,9,9,0,0
Tm8a,Lat,4,4,0,0,9,9,0,0
Dm8b,MeTu4a,4,4,0,0,9,9,0,0
T2a,MTe16,3,3,0,0,9,9,0,0
Tm34,LC31b,3,3,0,0,9,9,0,0
Li08,LC20a,4,4,0,0,9,9,0,0
Tm5b,LTe64,1,1,0,0,9,9,0,0
Tm5b,LC14a2,3,3,0,0,9,9,0,0
Tm4,LTe21,2,2,0,0,9,9,0,0
L1,Tm5a,3,3,0,0,9,9,0,0
LPi05,LPTe01,4,4,0,0,9,9,0,0
Tm5b,Li26,1,1,0,0,9,9,0,0
L5,Pm05,4,4,0,0,9,9,0,0
TmY20,cLP03,4,4,0,0,9,9,0,0
TmY20,MTe50,4,4,0,0,9,9,0,0
Sm03,Tm37,4,4,0,0,9,9,0,0
Sm19,Sm11,3,3,0,0,9,9,0,0
Dm10,MLt1,4,4,0,0,9,9,0,0
Dm3q,Dm18,2,2,0,0,9,9,0,0
L5,Sm09,2,2,0,0,9,9,0,0
MLt5,Tm34,4,4,0,0,9,9,0,0
LMa2,Sm06,3,3,0,0,9,9,0,0
Mi2,Li19,2,2,0,0,9,9,0,0
Mi10,LMa3,4,4,0,0,9,9,0,0
LPi08,LPT47_vCal2,3,3,0,0,9,9,0,0
LLPt,Tm37,4,4,0,0,9,9,0,0
C2,Mi10,4,4,0,0,9,9,0,0
Tm5d,Tm27,3,3,0,0,9,9,0,0
Sm25,Sm39,3,3,0,0,9,9,0,0
T2,LPT31,4,4,0,0,9,9,0,0
Tm32,LTe19,2,2,0,0,9,9,0,0
Lawf1,Dm9,4,4,0,0,9,9,0,0
T5c,cLP05,4,4,0,0,9,9,0,0
Li04,LC27,3,3,0,0,9,9,0,0
TmY31,Dm20,4,4,0,0,9,9,0,0
Tm8a,LMa5,4,4,0,0,9,9,0,0
Tm8b,TmY16,4,4,0,0,9,9,0,0
Sm33,MTe05,4,4,0,0,9,9,0,0
Tm37,MTe03,4,4,0,0,9,9,0,0
Sm01,L2,1,1,0,0,9,9,0,0
Tm25,LT87,4,4,0,0,9,9,0,0
L3,Sm21,4,4,0,0,9,9,0,0
Pm09,Tm5e,3,3,0,0,9,9,0,0
LPi04,LPT58,3,3,0,0,9,9,0,0
T5a,LT1d,1,1,0,0,9,9,0,0
Sm01,MTe32,4,4,0,0,9,9,0,0
Tm35,LMa3,4,4,0,0,9,9,0,0
T4c,Tm36,4,4,0,0,9,9,0,0
MLt7,MeTu4b,4,4,0,0,9,9,0,0
Tm3,LC20a,3,3,0,0,9,9,0,0
MLt8,LTe51,4,4,0,0,9,9,0,0
Sm04,MTe47,3,3,0,0,9,9,0,0
R7,aMe5,4,4,0,0,9,9,0,0
Y11,cLP03,4,4,0,0,9,9,0,0
Tm5d,cM10,3,3,0,0,9,9,0,0
Sm09,aMe6a,2,2,0,0,9,9,0,0
Dm4,Sm10,4,4,0,0,9,9,0,0
Dm13,Dm3q,2,2,0,0,9,9,0,0
Y12,OA-AL2i1,4,4,0,0,9,9,0,0
CT1,LT1a,1,1,0,0,9,9,0,0
CT1,Tm20,4,4,0,0,9,9,0,0
TmY5a,MeTu4b,3,3,0,0,9,9,0,0
LPi14,LPT27,2,2,0,0,9,9,0,0
Li28,LCe01a,4,4,0,0,9,9,0,0
Sm29,Lat,3,3,0,0,9,9,0,0
Li33,AOTU026,1,1,0,0,9,9,0,0
Tm7,Li15,3,3,0,0,9,9,0,0
Sm35,Sm42,2,2,0,0,9,9,0,0
Li29,LC35,2,2,0,0,9,9,0,0
Tm4,MTe34,2,2,0,0,9,9,0,0
Mi13,LMa4,1,1,0,0,9,9,0,0
Dm3q,TmY3,3,3,0,0,9,9,0,0
Sm01,Dm13,1,1,0,0,9,9,0,0
TmY20,Tm8b,4,4,0,0,9,9,0,0
Tm25,LC20b,2,2,0,0,9,9,0,0
Dm18,MTe44,1,1,0,0,9,9,0,0
Sm35,C3,3,3,0,0,9,9,0,0
Sm35,MTe25,1,1,0,0,9,9,0,0
Tm8a,LPLC2,2,2,0,0,9,9,0,0
Li30,cL06,1,1,0,0,9,9,0,0
Li31,LC35,3,3,0,0,9,9,0,0
cLP01,TmY5a,3,3,0,0,9,9,0,0
LCe03,LC10c,4,4,0,0,9,9,0,0
MTe52,DNp31,1,1,0,0,9,9,0,0
LC10d,LTe42b,3,3,0,0,9,9,0,0
MTe01b,Dm9,4,4,0,0,9,9,0,0
LCe01a,LC45,4,4,0,0,9,9,0,0
aMe22,LTe75,1,1,0,0,9,9,0,0
LT73,cM10,2,2,0,0,9,9,0,0
LPLC1,LMa4,4,4,0,0,9,9,0,0
OA-AL2i4,CB0143,1,1,0,0,9,9,0,0
MeTu3b,MeMe_e03,3,3,0,0,9,9,0,0
LTe36,PLP252,1,1,0,0,9,9,0,0
cM05,Tm5b,1,1,0,0,9,9,0,0
LCe03,LT55,3,3,0,0,9,9,0,0
PLP051,Li10,1,1,0,0,9,9,0,0
LT57,MLt4,4,4,0,0,9,9,0,0
LCe03,LMa1,4,4,0,0,9,9,0,0
LC39,Li13,2,2,0,0,9,9,0,0
cLPL01,cL03,3,3,0,0,9,9,0,0
aMe17b,Tm33,3,3,0,0,9,9,0,0
PLP185,MTe28,1,1,0,0,9,9,0,0
cL10,AOTU053,1,1,0,0,9,9,0,0
cL10,LTe06,1,1,0,0,9,9,0,0
LPTe01,LPT31,3,3,0,0,9,9,0,0
PLP252,LTe60,1,1,0,0,9,9,0,0
MeTu3a,MTe01a,4,4,0,0,9,9,0,0
MeTu4c,Sm29,4,4,0,0,9,9,0,0
LC20a,LC36,4,4,0,0,9,9,0,0
LT64,Li09,3,3,0,0,9,9,0,0
cL07,LC14a1,3,3,0,0,9,9,0,0
LT51,LC28a,3,3,0,0,9,9,0,0
MTe01a,MTe29,3,3,0,0,9,9,0,0
LT52,LPLC1,4,4,0,0,9,9,0,0
LT51,TmY31,3,3,0,0,9,9,0,0
LC11,cM07,4,4,0,0,9,9,0,0
LPT27,LPi09,4,4,0,0,9,9,0,0
MTe43,AOTU065,1,1,0,0,9,9,0,0
MTe43,PLP231,1,1,0,0,9,9,0,0
s-LNva,aMe4,4,4,0,0,9,9,0,0
LC4,TmY20,4,4,0,0,9,9,0,0
LC4,Li02,4,4,0,0,9,9,0,0
cM07,LT36,1,1,0,0,9,9,0,0
cM07,Tm9,4,4,0,0,9,9,0,0
cM07,LT61b,1,1,0,0,9,9,0,0
VST1,LPT49,2,2,0,0,9,9,0,0
MTe48,Sm40,2,2,0,0,9,9,0,0
mALD2,LC37a,1,1,0,0,9,9,0,0
mALD2,PLP215,1,1,0,0,9,9,0,0
Nod5,TmY20,4,4,0,0,9,9,0,0
LT63,LT63,2,2,0,0,9,9,0,0
cL11,LTe28,1,1,0,0,9,9,0,0
cL11,Li11,2,2,0,0,9,9,0,0
LCe07,OA-AL2b1,1,1,0,0,9,9,0,0
LC10a,LT56,2,2,0,0,9,9,0,0
mALD1,CB0734,1,1,0,0,9,9,0,0
PLP023,LTe33,1,1,0,0,9,9,0,0
PLP023,LT78,1,1,0,0,9,9,0,0
LT37,LC37a,3,3,0,0,9,9,0,0
LT37,LT58,1,1,0,0,9,9,0,0
MeTu4a,Li05,4,4,0,0,9,9,0,0
cL15,PLP163,1,1,0,0,9,9,0,0
cL02b,LC28a,3,3,0,0,9,9,0,0
cL02b,LC14a1,3,3,0,0,9,9,0,0
MTe42,cLLPM02,1,1,0,0,9,9,0,0
LTe38b,LT63,1,1,0,0,9,9,0,0
LT80,Li21,4,4,0,0,9,9,0,0
DNpe053,Lat,1,1,0,0,9,9,0,0
DNpe053,cM14,1,0,0,1,9,0,0,9
LCe06,Li33,2,2,0,0,9,9,0,0
cMLLP02,VSm,2,2,0,0,9,9,0,0
MTe28,AOTU053,1,1,0,0,9,9,0,0
LC46,cM14,1,0,0,1,9,0,0,9
cL02b,LT36,1,1,0,0,9,9,0,0
DGI,Li33,1,1,0,0,9,9,0,0
VS6,HSN,1,1,0,0,9,9,0,0
cM15,Sm02,3,3,0,0,9,9,0,0
LT42,LC10c,1,1,0,0,9,9,0,0
LC10b,LTe59,4,4,0,0,9,9,0,0
LT58,LT64,2,2,0,0,9,9,0,0
LCe01a,PLP023,1,1,0,0,9,9,0,0
LTe42a,LC36,3,3,0,0,9,9,0,0
HSS,TmY14,4,4,0,0,9,9,0,0
MTe45,LT58,1,1,0,0,9,9,0,0
LT85,LTe65,4,4,0,0,9,9,0,0
HSE,cL18,1,1,0,0,9,9,0,0
PLP022,PLP177,1,1,0,0,9,9,0,0
cM01b,cM01a,1,1,0,0,9,9,0,0
cM01b,cM01c,1,1,0,0,9,9,0,0
LT43,LT85,2,2,0,0,9,9,0,0
LPT53,LPi11,3,3,0,0,9,9,0,0
AVLP151,LPi03,4,4,0,0,9,9,0,0
LPT26,LPT23,2,2,0,0,9,9,0,0
LC45,Tm5f,2,2,0,0,9,9,0,0
LTe05,cLLPM02,1,1,0,0,9,9,0,0
cLP04,LC10b,3,3,0,0,9,9,0,0
LPT49,LPi03,4,4,0,0,9,9,0,0
LPT49,LPi13,1,1,0,0,9,9,0,0
LPT49,LPTe01,4,4,0,0,9,9,0,0
LT82a,AVLP151,1,1,0,0,9,9,0,0
cL04,LTe70,1,1,0,0,9,9,0,0
cLP03,Nod5,2,2,0,0,9,9,0,0
PLP035,cL18,1,1,0,0,9,9,0,0
LT53,Tm36,2,2,0,0,9,9,0,0
cM09,LTe49e,1,1,0,0,9,9,0,0
LC31c,TmY5a,4,4,0,0,9,9,0,0
VS5,Y1,3,3,0,0,9,9,0,0
DCH,MLt4,1,1,0,0,9,9,0,0
LT65,Li27,1,1,0,0,9,9,0,0
cM08c,cM03,3,3,0,0,9,9,0,0
LT80,Dm16,1,1,0,0,9,9,0,0
PLP163,DNp27,1,1,0,0,9,9,0,0
VS4,TmY14,1,1,0,0,9,9,0,0
T4a,Li05,4,0,4,0,8,0,8,0
Dm3q,Dm16,4,1,3,0,8,2,6,0
Tm3,Dm15,4,0,4,0,8,0,8,0
Y3,MeTu2a,4,0,4,0,8,0,8,0
Tm27,OA-AL2i2,4,2,2,0,8,4,4,0
TmY5a,LTe55,4,0,4,0,8,0,8,0
TmY20,LT86,4,1,3,0,8,2,6,0
T4c,Tm1,4,1,3,0,8,2,6,0
Tm25,Sm42,4,3,1,0,8,6,2,0
Tm5b,T2,4,0,4,0,8,0,8,0
Tm21,Mi10,4,1,3,0,8,2,6,0
Tlp4,LT75,4,2,2,0,8,4,4,0
Tm7,LTe25,4,0,4,0,8,0,8,0
Mi4,Tm32,4,2,2,0,8,4,4,0
Tm8a,MLt1,4,1,3,0,8,2,6,0
Dm8b,Sm13,4,1,3,0,8,2,6,0
TmY10,MTe46,4,1,3,0,8,2,6,0
TmY11,T4d,4,1,3,0,8,2,6,0
Y12,Li10,4,0,4,0,8,0,8,0
Y12,LT80,4,2,2,0,8,4,4,0
Sm16,Sm21,3,0,3,0,8,0,8,0
Mi9,Sm27,4,0,4,0,8,0,8,0
LPi06,LPi15,4,2,2,0,8,4,4,0
Tm33,LC17,4,0,4,0,8,0,8,0
Dm11,MeTu3b,4,1,3,0,8,2,6,0
Tm32,LT81,4,3,1,0,8,6,2,0
TmY3,Dm16,4,3,1,0,8,6,2,0
Tm5a,MeTu4c,4,1,3,0,8,2,6,0
Sm19,R7,4,2,2,0,8,4,4,0
Sm19,Sm36,4,2,2,0,8,4,4,0
Li02,LCe01a,3,1,2,0,8,4,4,0
Li02,LCe03,4,3,1,0,8,6,2,0
TmY10,LC12,4,0,4,0,8,0,8,0
MLt6,MTe12,4,0,4,0,8,0,8,0
Tm27,Tm5a,4,1,3,0,8,2,6,0
Y4,MTe54,4,2,2,0,8,4,4,0
Li14,Tm21,4,1,3,0,8,2,6,0
Sm05,LMa5,3,1,2,0,8,2,6,0
Sm05,T2,4,1,3,0,8,2,6,0
Dm8a,Dm10,2,0,2,0,8,0,8,0
L5,Tm8a,3,0,3,0,8,0,8,0
Li02,LT63,4,1,3,0,8,2,6,0
Dm10,R7,1,0,1,0,8,0,8,0
Sm16,Tm7,3,2,1,0,8,6,2,0
Pm12,C2,4,2,2,0,8,4,4,0
Pm12,OA-AL2i2,3,0,3,0,8,0,8,0
Pm12,Y12,3,0,3,0,8,0,8,0
Tm9,LMt1,2,0,2,0,8,0,8,0
Sm15,Sm31,4,2,2,0,8,4,4,0
Sm07,Tm32,4,0,4,0,8,0,8,0
Tlp5,cLPL01,3,0,3,0,8,0,8,0
TmY15,Li26,4,1,3,0,8,2,6,0
Tm5c,LMa4,3,0,3,0,8,0,8,0
Pm07,LMt4,4,2,2,0,8,4,4,0
TmY20,MeTu4a,3,0,3,0,8,0,8,0
Y3,C3,4,1,3,0,8,2,6,0
MLt2,LCe01b,4,1,3,0,8,2,6,0
TmY9q⊥,Dm16,3,1,2,0,8,2,6,0
T2,Dm14,4,2,2,0,8,4,4,0
Mi10,MTe41,3,1,2,0,8,3,5,0
Tm5b,TmY4,3,0,3,0,8,0,8,0
Sm07,CB0566,4,2,2,0,8,4,4,0
DmDRA1,Sm21,4,3,1,0,8,6,2,0
T2a,LT63,3,0,3,0,8,0,8,0
Sm05,MeTu3b,3,0,3,0,8,0,8,0
Sm05,Mi14,4,3,1,0,8,6,2,0
Sm30,MTe17,3,1,2,0,8,2,6,0
Tm32,cL04,3,1,2,0,8,4,4,0
Dm3v,TmY11,3,0,3,0,8,0,8,0
Li06,TmY11,4,3,1,0,8,6,2,0
T4c,cLP02,4,0,4,0,8,0,8,0
Sm03,Tm32,4,2,2,0,8,4,4,0
Sm01,MLt2,4,1,3,0,8,2,6,0
LPi06,T4d,4,1,3,0,8,2,6,0
Sm40,Li10,2,0,2,0,8,0,8,0
LLPt,LMt3,4,1,3,0,8,2,6,0
Li02,LTe31,3,0,3,0,8,0,8,0
Dm2,5-HTPMPV03,4,3,1,0,8,6,2,0
T2a,Sm05,4,0,4,0,8,0,8,0
T4a,Tm5f,3,0,3,0,8,0,8,0
Tm5d,Sm16,3,0,3,0,8,0,8,0
TmY3,LPi04,3,1,2,0,8,2,6,0
Tm5b,TmY9q,3,1,2,0,8,2,6,0
Sm32,cM08c,4,3,1,0,8,6,2,0
TmY11,LC44,3,1,2,0,8,3,5,0
Sm23,MTe05,3,1,2,0,8,4,4,0
Tm33,TmY11,4,3,1,0,8,6,2,0
Tm8b,Mi9,3,1,2,0,8,2,6,0
Pm07,T4a,4,3,1,0,8,6,2,0
Mi13,Pm10,2,1,1,0,8,5,3,0
Pm04,Li06,4,0,4,0,8,0,8,0
Li02,LTe17,4,2,2,0,8,4,4,0
Li10,LMt4,4,2,2,0,8,4,4,0
MLt6,LC40,3,1,2,0,8,2,6,0
TmY16,Li05,4,0,4,0,8,0,8,0
Mi4,LPT54,4,1,3,0,8,2,6,0
Tm5e,MTe05,3,0,3,0,8,0,8,0
T3,MeMe_e08,4,0,4,0,8,0,8,0
Mi1,MLt2,4,1,3,0,8,2,6,0
Tlp5,cMLLP01,4,1,3,0,8,2,6,0
LPi05,Y4,4,2,2,0,8,4,4,0
TmY5a,LTe54,3,0,3,0,8,0,8,0
Dm3v,Tm7,4,2,2,0,8,4,4,0
TmY31,Nod1,4,0,4,0,8,0,8,0
TmY5a,cM15,4,2,2,0,8,4,4,0
Mi14,PDt,4,2,2,0,8,4,4,0
Tm8b,LCe01b,4,1,3,0,8,2,6,0
Tlp4,LCe07,3,1,2,0,8,2,6,0
Tlp4,LTe64,3,2,1,0,8,6,2,0
Tm5b,LC31c,4,2,2,0,8,4,4,0
Pm07,C2,4,1,3,0,8,2,6,0
Sm17,MeTu1,3,0,3,0,8,0,8,0
Sm31,Sm12,4,0,4,0,8,0,8,0
Sm31,Y3,3,0,3,0,8,0,8,0
Sm31,Sm05,4,2,2,0,8,4,4,0
LMt4,LC14a1,4,1,3,0,8,2,6,0
Pm10,Tm33,4,3,1,0,8,6,2,0
MLt2,Li09,4,0,4,0,8,0,8,0
Tm5a,Tm27,3,1,2,0,8,2,6,0
TmY3,LT62,4,0,4,0,8,0,8,0
Tm7,LC11,3,1,2,0,8,3,5,0
Tm7,OA-AL2i1,3,2,1,0,8,5,3,0
Tm8b,Dm12,3,1,2,0,8,3,5,0
TmY31,Sm11,3,1,2,0,8,2,6,0
Sm06,Tm31,3,0,3,0,8,0,8,0
TmY3,Dm8a,4,1,3,0,8,2,6,0
TmY5a,PLP032,2,1,1,0,8,5,3,0
Tlp1,LC40,4,2,2,0,8,4,4,0
Tm34,LT78,3,0,3,0,8,0,8,0
Tm34,Tm5a,4,1,3,0,8,2,6,0
T5b,Tm3,4,0,4,0,8,0,8,0
TmY10,Tm34,4,1,3,0,8,2,6,0
LPi06,TmY9q,4,1,3,0,8,2,6,0
Sm01,MeTu3b,2,1,1,0,8,6,2,0
Li07,LC33a,2,1,1,0,8,3,5,0
Li05,LMa1,4,1,3,0,8,2,6,0
Tm8b,LTe01,3,0,3,0,8,0,8,0
MLt6,LTe58,4,2,2,0,8,4,4,0
Sm27,Sm20,4,2,2,0,8,4,4,0
T4c,VS6,2,0,2,0,8,0,8,0
TmY20,T4d,4,3,1,0,8,6,2,0
Tm31,MTe25,4,2,2,0,8,4,4,0
Dm8a,Tm1,3,2,1,0,8,5,3,0
MLt4,Tm35,4,2,2,0,8,4,4,0
R7,C3,4,1,3,0,8,2,6,0
MLt1,Li01,4,2,2,0,8,4,4,0
LMt1,Tm20,4,3,1,0,8,6,2,0
Sm15,Tm5a,4,1,3,0,8,2,6,0
TmY9q⊥,Li19,2,0,2,0,8,0,8,0
TmY9q⊥,LC18,4,0,4,0,8,0,8,0
Tm33,LC20b,4,0,4,0,8,0,8,0
Li19,Li19,3,1,2,0,8,3,5,0
Sm08,Sm10,4,1,3,0,8,2,6,0
Tm34,LC19,3,1,2,0,8,2,6,0
Sm27,Tm25,4,2,2,0,8,4,4,0
Sm15,TmY20,4,2,2,0,8,4,4,0
Y3,LC10f,3,2,1,0,8,6,2,0
LMa3,Pm10,4,3,1,0,8,6,2,0
LMa3,LPC1,3,1,2,0,8,2,6,0
Tm25,LTe20,4,1,3,0,8,2,6,0
Li07,LT47,3,0,3,0,8,0,8,0
Pm05,cM15,4,2,2,0,8,4,4,0
Sm18,MTe30,3,1,2,0,8,4,4,0
Sm16,CB0566,3,0,3,0,8,0,8,0
Tm5b,LT11,4,2,2,0,8,4,4,0
Tm4,5-HTPMPV03,4,2,2,0,8,4,4,0
MLt1,LMt2,4,2,2,0,8,4,4,0
R1-6,MLt1,2,0,2,0,8,0,8,0
Dm12,T2a,4,2,2,0,8,4,4,0
Pm01,LC9,2,0,2,0,8,0,8,0
Li09,LTe59,3,1,2,0,8,4,4,0
PDt,Sm32,4,2,2,0,8,4,4,0
Tm5f,Lawf2,4,2,2,0,8,4,4,0
LMt4,aMe5,4,1,3,0,8,2,6,0
Tm5d,LTe21,4,3,1,0,8,6,2,0
Tm5d,TmY20,4,3,1,0,8,6,2,0
TmY11,LCe03,4,3,1,0,8,6,2,0
Tm35,LTe36,4,2,2,0,8,4,4,0
Tm35,Li32,4,3,1,0,8,6,2,0
MLt5,LC16,4,0,4,0,8,0,8,0
MLt5,MTe41,3,0,3,0,8,0,8,0
Li10,cL19,4,3,1,0,8,6,2,0
Tm16,Sm05,3,1,2,0,8,2,6,0
Tm16,LTe36,3,2,1,0,8,5,3,0
Pm10,OA-AL2i1,4,3,1,0,8,6,2,0
T2,Sm42,3,2,1,0,8,5,3,0
Pm09,Sm05,4,1,3,0,8,2,6,0
Li04,Tm5e,4,1,3,0,8,2,6,0
Li12,LTe22,3,1,2,0,8,2,6,0
Li12,Y3,3,1,2,0,8,3,5,0
Tm5c,DNp11,4,0,4,0,8,0,8,0
Sm41,Sm03,3,1,2,0,8,2,6,0
Sm41,Tm36,4,0,4,0,8,0,8,0
Sm41,MTe26,2,1,1,0,8,3,5,0
Sm41,MeTu4c,3,2,1,0,8,6,2,0
Li05,Tm5a,3,1,2,0,8,3,5,0
R1-6,T3,2,0,2,0,8,0,8,0
R1-6,T5b,2,0,2,0,8,0,8,0
Sm19,C2,2,1,1,0,8,4,4,0
Tm7,Sm37,4,3,1,0,8,6,2,0
Tm8a,MTe34,4,1,3,0,8,2,6,0
LPi08,LPLC1,3,0,3,0,8,0,8,0
LPi08,LMa3,2,0,2,0,8,0,8,0
Tm32,LCe06,4,2,2,0,8,4,4,0
Tm5d,LCe01,3,1,2,0,8,3,5,0
Mi10,Li09,1,0,1,0,8,0,8,0
Tm5e,cL16,4,1,3,0,8,2,6,0
LMa1,OA-AL2i2,4,3,1,0,8,6,2,0
Tm36,LT57,3,2,1,0,8,5,3,0
TmY10,MTe17,4,2,2,0,8,4,4,0
MLt1,LPLC2,2,1,1,0,8,2,6,0
TmY20,LT65,3,1,2,0,8,2,6,0
Tlp1,cLP03,4,3,1,0,8,6,2,0
Y11,LC9,4,2,2,0,8,4,4,0
T4d,Pm01,4,0,4,0,8,0,8,0
Sm05,TmY10,4,0,4,0,8,0,8,0
Sm05,L4,3,1,2,0,8,2,6,0
Tm3,Li25,3,1,2,0,8,2,6,0
MLt1,LC14b,3,2,1,0,8,4,4,0
MLt1,LC19,3,0,3,0,8,0,8,0
MLt1,Tm33,4,2,2,0,8,4,4,0
Sm31,Sm07,4,2,2,0,8,4,4,0
Sm31,MLt7,3,0,3,0,8,0,8,0
TmY10,MTe01a,4,3,1,0,8,6,2,0
Tm35,Tm1,3,2,1,0,8,4,4,0
Tm5c,CB0816,4,2,2,0,8,4,4,0
Tm5d,MTe15,2,0,2,0,8,0,8,0
LMa4,LT82a,4,3,1,0,8,6,2,0
LMa4,LTe12,3,2,1,0,8,4,4,0
LMa4,LT83,2,0,2,0,8,0,8,0
Mi1,LPi05,3,0,3,0,8,0,8,0
Li09,LTe74,4,1,3,0,8,2,6,0
TmY15,LPi15,3,0,3,0,8,0,8,0
Y3,LT74,4,1,3,0,8,2,6,0
Li10,cL12,4,2,2,0,8,4,4,0
R1-6,Lawf2,4,1,3,0,8,2,6,0
Sm25,MeTu3c,4,2,2,0,8,4,4,0
Sm25,Tm5c,4,0,4,0,8,0,8,0
Tm8a,cM10,2,1,1,0,8,4,4,0
Tm25,Tm2,3,2,1,0,8,6,2,0
MLt3,LC14b,3,0,3,0,8,0,8,0
MLt3,LC28a,4,3,1,0,8,6,2,0
MLt3,cL14,2,0,2,0,8,0,8,0
T2,LC10a,4,1,3,0,8,2,6,0
TmY15,Li15,4,2,2,0,8,4,4,0
TmY9q⊥,LTe64,3,2,1,0,8,5,3,0
TmY10,Sm02,4,2,2,0,8,4,4,0
R7,Dm3p,2,1,1,0,8,2,6,0
Dm12,TmY20,4,2,2,0,8,4,4,0
Dm3v,Mi13,3,2,1,0,8,5,3,0
Tm34,LTe44,3,1,2,0,8,2,6,0
Tm34,LC10a,4,0,4,0,8,0,8,0
TmY9q,cLLP02,4,1,3,0,8,2,6,0
Tm21,LTe58,4,0,4,0,8,0,8,0
Li06,LLPC2,4,2,2,0,8,4,4,0
Sm06,Sm35,3,2,1,0,8,6,2,0
TmY9q⊥,MeMe_e08,4,3,1,0,8,6,2,0
TmY16,LPT48_vCal3,1,0,1,0,8,0,8,0
Tm5f,LC36,3,1,2,0,8,3,5,0
Tm16,cL05,4,2,2,0,8,4,4,0
LMt2,Tm4,4,0,4,0,8,0,8,0
LMt2,TmY31,4,3,1,0,8,6,2,0
LMa5,Li24,4,3,1,0,8,6,2,0
Sm25,MeTu3a,3,2,1,0,8,4,4,0
Tm5f,Mi14,4,2,2,0,8,4,4,0
Pm11,T4d,2,1,1,0,8,2,6,0
L4,Tm7,4,0,4,0,8,0,8,0
TmY31,LC31a,4,2,2,0,8,4,4,0
Li10,LT79,2,0,2,0,8,0,8,0
Dm2,T2,4,1,3,0,8,2,6,0
T2a,TmY20,4,0,4,0,8,0,8,0
Y3,HSE,2,0,2,0,8,0,8,0
Tm5b,MeTu4a,4,2,2,0,8,4,4,0
Tm32,LC6,4,3,1,0,8,6,2,0
Pm08,Pm11,4,1,3,0,8,2,6,0
MLt7,LCe06,4,3,1,0,8,6,2,0
Tm33,LC45,2,0,2,0,8,0,8,0
LLPt,LTe04,4,0,4,0,8,0,8,0
LPi05,LPi06,3,1,2,0,8,4,4,0
Sm32,Tm3,4,0,4,0,8,0,8,0
Sm32,Sm12,4,3,1,0,8,6,2,0
Tm5e,LTe08,1,0,1,0,8,0,8,0
Tm5e,LTe37,4,1,3,0,8,2,6,0
Pm09,MTe44,4,2,2,0,8,4,4,0
Mi13,TmY9q,4,2,2,0,8,4,4,0
Sm02,Sm26,4,3,1,0,8,6,2,0
Sm30,Tm5c,4,1,3,0,8,2,6,0
Dm4,Tm16,4,1,3,0,8,2,6,0
Sm15,Sm33,4,3,1,0,8,6,2,0
MLt3,Tm25,4,1,3,0,8,2,6,0
Dm14,T2a,3,1,2,0,8,2,6,0
Dm14,Lawf2,4,3,1,0,8,6,2,0
T3,LT53,3,0,3,0,8,0,8,0
Tm37,aMe9,1,0,1,0,8,0,8,0
Li03,LC10e,3,0,3,0,8,0,8,0
Tm34,LTe06,4,2,2,0,8,4,4,0
Tm34,LC27,3,2,1,0,8,6,2,0
Tm7,LTe65,4,2,2,0,8,4,4,0
Tm8b,Li18,4,2,2,0,8,4,4,0
Dm10,LPLC4,3,0,3,0,8,0,8,0
Dm10,Pm11,2,0,2,0,8,0,8,0
Dm10,Li26,2,0,2,0,8,0,8,0
Dm10,LC12,3,0,3,0,8,0,8,0
LPi06,LPT28,3,2,1,0,8,6,2,0
Dm3p,TmY11,4,1,3,0,8,2,6,0
TmY9q⊥,LC36,3,0,3,0,8,0,8,0
Tm5d,Tm3,4,1,3,0,8,2,6,0
Li22,T5d,4,0,4,0,8,0,8,0
Tm31,LC19,2,1,1,0,8,6,2,0
T2,TmY31,4,3,1,0,8,6,2,0
Y12,MLt2,3,1,2,0,8,2,6,0
Li06,LT52,2,1,1,0,8,6,2,0
Lawf2,TmY31,4,0,4,0,8,0,8,0
T4c,Nod1,4,2,2,0,8,4,4,0
Tm5d,Sm35,4,2,2,0,8,4,4,0
Li18,Li12,4,2,2,0,8,4,4,0
Li18,LC22,4,2,2,0,8,4,4,0
Tm8b,MTe01a,2,0,2,0,8,0,8,0
TmY5a,MTe45,4,0,4,0,8,0,8,0
MLt3,TmY16,4,2,2,0,8,4,4,0
TmY11,cM10,3,1,2,0,8,2,6,0
Sm06,MTe26,4,2,2,0,8,4,4,0
T4c,H2,4,1,3,0,8,2,6,0
Tm5f,LC40,4,2,2,0,8,4,4,0
Pm06,Tm27,4,1,3,0,8,2,6,0
Y3,MTe02,3,1,2,0,8,3,5,0
DmDRA1,Tm5a,3,2,1,0,8,4,4,0
Pm02,MTe08,3,0,3,0,8,0,8,0
Tm7,LTe24,3,2,1,0,8,6,2,0
Tm3,MTe08,2,0,2,0,8,0,8,0
LMa3,Tm5b,4,2,2,0,8,4,4,0
Tm25,Tm33,4,0,4,0,8,0,8,0
Sm20,Tm5c,3,1,2,0,8,4,4,0
MLt1,MLt2,4,3,1,0,8,6,2,0
Y11,Sm11,3,0,3,0,8,0,8,0
Dm16,aMe17a2,4,3,1,0,8,6,2,0
Tm5d,Sm01,4,2,2,0,8,4,4,0
Tm27,LTe20,3,0,3,0,8,0,8,0
LLPt,LPi02,4,2,2,0,8,4,4,0
LMt1,Tm36,4,1,3,0,8,2,6,0
LMt1,Li33,3,1,2,0,8,3,5,0
Sm12,Sm05,3,2,1,0,8,6,2,0
Dm13,Dm12,4,2,2,0,8,4,4,0
Tm5a,LMa1,2,1,1,0,8,3,5,0
Sm22,Tm5a,4,2,2,0,8,4,4,0
Tm32,MeMe_e02,4,1,3,0,8,2,6,0
T5a,cLPL01,4,1,3,0,8,2,6,0
Li02,LTe65,3,1,2,0,8,2,6,0
Sm03,MTe13,3,1,2,0,8,3,5,0
Sm26,Sm41,4,1,3,0,8,2,6,0
Sm32,L5,3,1,2,0,8,2,6,0
Mi9,Tm36,4,2,2,0,8,4,4,0
Li01,Tm5e,4,2,2,0,8,4,4,0
Li01,LC27,4,3,1,0,8,6,2,0
Tm34,Pm05,3,1,2,0,8,2,6,0
LPi10,DCH,3,1,2,0,8,2,6,0
Sm26,Sm19,3,1,2,0,8,3,5,0
PDt,Pm09,4,3,1,0,8,6,2,0
Dm3p,Lawf1,4,1,3,0,8,2,6,0
Y1,cL21,4,2,2,0,8,4,4,0
Tm5c,LTe25,3,1,2,0,8,2,6,0
TmY20,Tm9,2,0,2,0,8,0,8,0
Sm15,Dm10,2,0,2,0,8,0,8,0
Tm16,LT70,4,2,2,0,8,4,4,0
Li02,cL10,3,0,3,0,8,0,8,0
Y11,Tm2,3,1,2,0,8,4,4,0
Mi14,C2,3,1,2,0,8,4,4,0
LMa2,LT56,3,1,2,0,8,3,5,0
LLPt,LC14a1,4,3,1,0,8,6,2,0
Tm34,LTe58,4,1,3,0,8,2,6,0
L4,Sm04,3,1,2,0,8,2,6,0
Tm4,LPT54,3,1,2,0,8,4,4,0
T5d,Li17,4,1,3,0,8,2,6,0
LPi11,LPT21,3,0,3,0,8,0,8,0
LMa3,Li27,4,0,4,0,8,0,8,0
Sm12,Tm5f,4,2,2,0,8,4,4,0
Lawf1,MLt3,3,1,2,0,8,2,6,0
R7,Mi2,4,3,1,0,8,6,2,0
Dm2,Dm3p,4,2,2,0,8,4,4,0
MLt5,MTe26,4,1,3,0,8,2,6,0
TmY14,Li24,4,1,3,0,8,2,6,0
Sm29,Pm14,3,1,2,0,8,2,6,0
Mi14,CB0592,4,2,2,0,8,4,4,0
Tm32,LC29,4,3,1,0,8,6,2,0
Li10,LTe37,3,2,1,0,8,6,2,0
MLt2,Li04,4,2,2,0,8,4,4,0
MLt2,CB0592,4,0,4,0,8,0,8,0
Li05,Tm32,3,2,1,0,8,4,4,0
Pm09,TmY9q⊥,3,0,3,0,8,0,8,0
Dm16,T2a,4,1,3,0,8,2,6,0
Mi2,Tm9,4,1,3,0,8,2,6,0
Y12,LT65,4,2,2,0,8,4,4,0
T4b,Pm06,2,1,1,0,8,6,2,0
LMa2,LTe08,3,2,1,0,8,5,3,0
LMa2,cL16,2,1,1,0,8,6,2,0
Tm25,Sm08,4,1,3,0,8,2,6,0
Li18,Y3,4,0,4,0,8,0,8,0
Lawf2,Pm08,4,0,4,0,8,0,8,0
Lawf2,Pm07,3,1,2,0,8,4,4,0
TmY31,Sm30,4,2,2,0,8,4,4,0
Tm5f,cLM01,4,2,2,0,8,4,4,0
T2,Dm13,4,2,2,0,8,4,4,0
Li11,Y3,4,2,2,0,8,4,4,0
Tm20,LCe01,4,0,4,0,8,0,8,0
LMa1,C3,4,2,2,0,8,4,4,0
Sm14,TmY10,4,1,3,0,8,2,6,0
Dm4,R7,2,1,1,0,8,3,5,0
TmY10,MTe02,4,1,3,0,8,2,6,0
TmY10,Dm8a,4,1,3,0,8,2,6,0
Dm18,Tm20,4,2,2,0,8,4,4,0
LPi15,T4c,4,1,3,0,8,2,6,0
Tm5c,TmY20,4,2,2,0,8,4,4,0
Tm31,LTe25,2,0,2,0,8,0,8,0
Tm16,LTe04,3,0,3,0,8,0,8,0
Sm05,Dm4,4,1,3,0,8,2,6,0
Li13,LC11,4,1,3,0,8,2,6,0
Li08,LC27,4,1,3,0,8,2,6,0
Tm37,Tm16,4,1,3,0,8,2,6,0
Tm5b,MTe32,4,3,1,0,8,6,2,0
Tm5c,LT80,3,0,3,0,8,0,8,0
Sm21,aMe12,4,2,2,0,8,4,4,0
Tm34,LC10e,3,1,2,0,8,4,4,0
Tm5c,LT67,4,2,2,0,8,4,4,0
Y11,Li18,4,3,1,0,8,6,2,0
LMt3,Sm05,4,3,1,0,8,6,2,0
Li06,TmY31,4,1,3,0,8,2,6,0
Tm5d,LTe38c,4,2,2,0,8,4,4,0
Mi13,Dm3p,4,1,3,0,8,2,6,0
Tm5a,Sm21,3,1,2,0,8,2,6,0
Lawf2,MLt3,4,3,1,0,8,6,2,0
MLt2,LTe42a,2,1,1,0,8,2,6,0
Sm18,Sm20,4,1,3,0,8,2,6,0
Tm27,Li02,4,1,3,0,8,2,6,0
Dm3q,MLt3,4,2,2,0,8,4,4,0
Pm07,MeMe_e07,3,0,3,0,8,0,8,0
Tm20,MeMe_e07,4,3,1,0,8,6,2,0
TmY9q,Pm10,2,1,1,0,8,2,6,0
Y1,LTe21,4,2,2,0,8,4,4,0
L3,Sm07,2,0,2,0,8,0,8,0
Tlp5,LT42,4,3,1,0,8,6,2,0
Sm06,MTe32,3,0,3,0,8,0,8,0
Mi9,Dm11,3,2,1,0,8,4,4,0
Tm27,L3,3,1,2,0,8,2,6,0
T5c,H2,3,1,2,0,8,3,5,0
LPi02,LPC2,4,2,2,0,8,4,4,0
Tm20,LT74,2,0,2,0,8,0,8,0
Dm12,Tm5d,4,2,2,0,8,4,4,0
Tm3,Dm8a,3,1,2,0,8,3,5,0
Lawf2,MLt4,4,1,3,0,8,2,6,0
TmY14,Tlp5,4,2,2,0,8,4,4,0
Li13,LTe47,4,2,2,0,8,4,4,0
MLt2,LPT54,3,1,2,0,8,2,6,0
Mi2,MeTu4a,4,2,2,0,8,4,4,0
Tlp4,LC14a2,4,3,1,0,8,6,2,0
Tlp4,5-HTPMPV03,2,0,2,0,8,0,8,0
Mi2,T4b,3,0,3,0,8,0,8,0
Li28,LTe55,3,1,2,0,8,3,5,0
Li28,Li28,3,2,1,0,8,5,3,0
Li28,TmY3,4,1,3,0,8,2,6,0
Li28,LC35,3,1,2,0,8,2,6,0
MLt1,Mi15,4,2,2,0,8,4,4,0
Li11,MLt3,2,0,2,0,8,0,8,0
Li11,TmY11,4,3,1,0,8,6,2,0
T2a,TmY3,4,2,2,0,8,4,4,0
Li01,LTe18,4,2,2,0,8,4,4,0
TmY10,MTe33,4,2,2,0,8,4,4,0
Tm5e,Sm03,3,2,1,0,8,6,2,0
Tm5c,Dm1,3,0,3,0,8,0,8,0
Pm14,Tm34,4,2,2,0,8,4,4,0
Li09,LTe02,3,1,2,0,8,2,6,0
Dm9,R1-6,1,0,1,0,8,0,8,0
Tm20,Dm1,3,1,2,0,8,2,6,0
Sm09,CB0566,4,1,3,0,8,2,6,0
Sm19,Mi9,3,2,1,0,8,6,2,0
Sm15,Tm37,4,2,2,0,8,4,4,0
TmY9q,Tm3,3,2,1,0,8,5,3,0
TmY31,aMe17b,3,2,1,0,8,4,4,0
T2,LTe64,4,2,2,0,8,4,4,0
T5a,LPC2,4,2,2,0,8,4,4,0
Tm31,LT33,4,0,4,0,8,0,8,0
Dm12,MeMe_e07,3,2,1,0,8,4,4,0
TmY9q,LC10a,4,3,1,0,8,6,2,0
TmY20,LT64,4,1,3,0,8,2,6,0
T4b,Tm2,4,2,2,0,8,4,4,0
Li12,LTe20,3,2,1,0,8,5,3,0
Li12,LMa3,4,2,2,0,8,4,4,0
Sm10,Tm31,4,0,4,0,8,0,8,0
TmY9q⊥,MLt1,3,1,2,0,8,4,4,0
Tlp5,Tm27,3,1,2,0,8,4,4,0
Tm8b,Sm32,4,2,2,0,8,4,4,0
Sm09,cM12,4,1,3,0,8,2,6,0
Li01,LC34,4,1,3,0,8,2,6,0
Sm08,Sm37,4,1,3,0,8,2,6,0
Sm15,LT58,4,2,2,0,8,4,4,0
Y4,LT53,3,1,2,0,8,3,5,0
MLt6,MLt2,3,2,1,0,8,6,2,0
Li10,LTe29,3,2,1,0,8,5,3,0
Li10,LT76,4,1,3,0,8,2,6,0
TmY31,Pm03,2,0,2,0,8,0,8,0
Tm5a,Mi4,3,0,3,0,8,0,8,0
Mi4,Sm09,4,2,2,0,8,4,4,0
Mi2,Y4,4,2,2,0,8,4,4,0
T4d,Pm12,4,2,2,0,8,4,4,0
Tm27,L4,4,3,1,0,8,6,2,0
MLt5,Pm13,4,2,2,0,8,4,4,0
Sm24,Tm5d,4,2,2,0,8,4,4,0
Tm20,cM11,1,0,1,0,8,0,8,0
Tm27,Sm04,4,2,2,0,8,4,4,0
Mi4,Sm06,3,1,2,0,8,3,5,0
Sm10,MTe50,4,3,1,0,8,6,2,0
Li05,cM07,4,3,1,0,8,6,2,0
Sm12,Tm34,4,2,2,0,8,4,4,0
Tlp4,LPi13,3,0,3,0,8,0,8,0
Tlp1,Tm5d,4,1,3,0,8,2,6,0
TmY9q⊥,Dm10,4,2,2,0,8,4,4,0
L4,LMa4,4,2,2,0,8,4,4,0
Li31,TmY14,3,1,2,0,8,3,5,0
Li31,Li01,3,0,3,0,8,0,8,0
Li31,LCe08,2,1,1,0,8,2,6,0
Li31,TmY10,3,0,3,0,8,0,8,0
Tm36,cM08a,4,1,3,0,8,2,6,0
Sm30,MTe06,4,0,4,0,8,0,8,0
TmY31,LTe41,3,2,1,0,8,5,3,0
Tlp1,cL02d,4,1,3,0,8,2,6,0
T4c,Pm01,4,1,3,0,8,2,6,0
MLt2,MTe51,4,2,2,0,8,4,4,0
L5,Tm8b,4,1,3,0,8,2,6,0
TmY4,LC12,3,2,1,0,8,6,2,0
Li06,LTe14,2,0,2,0,8,0,8,0
Li13,LC35,4,3,1,0,8,6,2,0
MLt2,LCe04,4,1,3,0,8,2,6,0
L5,CB0816,4,2,2,0,8,4,4,0
Tm5e,Dm8b,4,2,2,0,8,4,4,0
Tm35,LTe08,4,2,2,0,8,4,4,0
TmY9q⊥,LTe42a,4,2,2,0,8,4,4,0
Li24,LTe59,4,2,2,0,8,4,4,0
Li24,LTe13,3,1,2,0,8,3,5,0
Li14,LC11,4,0,4,0,8,0,8,0
Sm10,Tm5c,3,0,3,0,8,0,8,0
Sm18,Tm37,3,1,2,0,8,2,6,0
LMt3,CB0592,3,0,3,0,8,0,8,0
Li06,LC20b,4,3,1,0,8,6,2,0
T2,OA-AL2i3,4,1,3,0,8,2,6,0
Mi4,MeTu4a,4,2,2,0,8,4,4,0
LMt1,MTe08,4,1,3,0,8,2,6,0
Mi4,Sm22,3,0,3,0,8,0,8,0
Tm5f,LC34,3,0,3,0,8,0,8,0
Mi15,Pm05,4,3,1,0,8,6,2,0
TmY5a,LT67,4,2,2,0,8,4,4,0
Sm05,Mi10,4,2,2,0,8,4,4,0
TmY20,T5b,4,1,3,0,8,2,6,0
T4d,AVLP151,4,3,1,0,8,6,2,0
Dm1,Mi4,4,2,2,0,8,4,4,0
Sm42,aMe17a2,2,1,1,0,8,6,2,0
Sm42,Sm37,2,1,1,0,8,2,6,0
Sm42,MeMe_e07,3,2,1,0,8,6,2,0
Sm42,MTe30,2,1,1,0,8,5,3,0
Sm42,Mi10,3,1,2,0,8,2,6,0
Sm42,Pm09,3,0,3,0,8,0,8,0
Li25,LCe07,4,2,2,0,8,4,4,0
Dm8b,Tm35,4,2,2,0,8,4,4,0
Tm5d,Li04,4,2,2,0,8,4,4,0
TmY31,MeTu1,4,2,2,0,8,4,4,0
Sm02,MeTu4d,2,0,2,0,8,0,8,0
Sm05,LCe01b,2,0,2,0,8,0,8,0
TmY14,Tm20,4,2,2,0,8,4,4,0
Tm8b,MTe49,1,0,1,0,8,0,8,0
MLt4,MTe51,2,0,2,0,8,0,8,0
Li22,Li20,3,1,2,0,8,2,6,0
Li02,LC11,4,2,2,0,8,4,4,0
R7,MTe21,2,1,1,0,8,5,3,0
Sm09,MTe33,4,2,2,0,8,4,4,0
Dm4,MeMe_e05,2,1,1,0,8,2,6,0
LPi01,VS5,3,0,3,0,8,0,8,0
Tm8a,cL02d,4,2,2,0,8,4,4,0
Mi15,Tm32,4,1,3,0,8,2,6,0
Mi1,MTe01b,4,2,2,0,8,4,4,0
Lawf1,Tm2,4,1,3,0,8,2,6,0
Li21,LTe52,3,1,2,0,8,3,5,0
LPi11,VS4,3,2,1,0,8,6,2,0
Li28,Y1,4,2,2,0,8,4,4,0
L1,Tlp14,3,0,3,0,8,0,8,0
L1,LPi09,1,0,1,0,8,0,8,0
Li27,Tm27,2,0,2,0,8,0,8,0
Li27,LT80,2,1,1,0,8,6,2,0
Li02,Tlp5,4,2,2,0,8,4,4,0
TmY4,LTe65,3,0,3,0,8,0,8,0
Pm05,MTe46,4,1,3,0,8,2,6,0
Tm27,Li33,3,2,1,0,8,5,3,0
Sm08,Sm05,4,1,3,0,8,2,6,0
L1,CB0816,3,0,3,0,8,0,8,0
TmY4,T3,4,3,1,0,8,6,2,0
LPi07,LPi01,4,2,2,0,8,4,4,0
Pm06,MeLp2,4,2,2,0,8,4,4,0
Sm29,Sm02,3,0,3,0,8,0,8,0
Tm27,OA-AL2i1,4,3,1,0,8,6,2,0
Dm15,Tm5c,4,1,3,0,8,2,6,0
Dm8a,cM15,3,2,1,0,8,6,2,0
Sm08,Sm29,4,2,2,0,8,4,4,0
Mi4,MTe40,4,1,3,0,8,2,6,0
Tm27,cL02d,3,0,3,0,8,0,8,0
Sm33,aMe9,4,3,1,0,8,6,2,0
MLt7,MTe26,3,2,1,0,8,5,3,0
Tm20,Pm01,3,2,1,0,8,4,4,0
LPi12,Nod2,2,1,1,0,8,6,2,0
LPi12,vCal1,2,1,1,0,8,4,4,0
LPi12,TmY5a,4,3,1,0,8,6,2,0
LPi12,Nod3,2,1,1,0,8,6,2,0
Li14,LC12,4,2,2,0,8,4,4,0
Tm37,Pm14,4,2,2,0,8,4,4,0
MLt2,Sm41,3,2,1,0,8,6,2,0
Dm2,Tm1,3,2,1,0,8,4,4,0
Tm5c,LC11,3,1,2,0,8,4,4,0
Li02,cLLP02,4,0,4,0,8,0,8,0
T2a,Sm06,4,3,1,0,8,6,2,0
TmY9q⊥,Mi1,4,3,1,0,8,6,2,0
Tm9,Y1,3,0,3,0,8,0,8,0
Pm02,Y12,4,1,3,0,8,2,6,0
LMa3,LTe20,3,1,2,0,8,2,6,0
Tm5a,LTe55,3,1,2,0,8,4,4,0
Li09,TmY4,3,0,3,0,8,0,8,0
TmY5a,VS3,3,1,2,0,8,3,5,0
Pm11,Tm4,4,2,2,0,8,4,4,0
Pm11,Mi9,3,2,1,0,8,6,2,0
Sm40,TmY3,4,1,3,0,8,2,6,0
Sm40,Sm24,3,2,1,0,8,6,2,0
LPi06,LPT30,3,1,2,0,8,2,6,0
Tm37,Sm40,3,2,1,0,8,4,4,0
TmY3,LPT42_Nod4,4,3,1,0,8,6,2,0
Tm4,LT61a,3,2,1,0,8,5,3,0
Sm21,aMe5,3,2,1,0,8,6,2,0
Dm8b,MeMe_e07,4,2,2,0,8,4,4,0
R8,Dm20,4,0,4,0,8,0,8,0
Tm16,MTe54,4,3,1,0,8,6,2,0
Dm10,TmY9q⊥,3,0,3,0,8,0,8,0
Sm32,MLt2,4,2,2,0,8,4,4,0
Pm01,Am1,3,2,1,0,8,6,2,0
Li33,LTe46,2,1,1,0,8,2,6,0
Li33,LCe01,2,0,2,0,8,0,8,0
Li33,LTe42b,2,1,1,0,8,3,5,0
Li33,LTe49f,2,1,1,0,8,3,5,0
Li33,LT62,2,1,1,0,8,3,5,0
Li33,LTe18,2,1,1,0,8,6,2,0
Li33,LT61b,2,1,1,0,8,4,4,0
Li33,LTe15,2,1,1,0,8,5,3,0
Li33,LTe65,3,1,2,0,8,2,6,0
Li33,MLt1,3,2,1,0,8,5,3,0
Sm05,Sm02,4,3,1,0,8,6,2,0
Li10,LMa5,4,2,2,0,8,4,4,0
Tm34,Y4,4,2,2,0,8,4,4,0
Dm9,PDt,2,1,1,0,8,6,2,0
T2,LT53,4,0,4,0,8,0,8,0
Pm14,T4c,4,1,3,0,8,2,6,0
Sm08,MTe34,4,3,1,0,8,6,2,0
Mi4,MTe18,3,2,1,0,8,5,3,0
Y3,LC44,4,3,1,0,8,6,2,0
Dm2,TmY4,4,2,2,0,8,4,4,0
Tm20,LT77,4,2,2,0,8,4,4,0
T4a,Pm05,4,3,1,0,8,6,2,0
LPi08,VS4,3,2,1,0,8,4,4,0
Sm36,Sm19,4,0,4,0,8,0,8,0
Sm36,Sm11,3,2,1,0,8,6,2,0
Tm37,Sm27,4,1,3,0,8,2,6,0
Mi13,cM05,4,1,3,0,8,2,6,0
Li01,LLPC4,3,2,1,0,8,4,4,0
Li11,Li03,4,3,1,0,8,6,2,0
TmY16,Li32,4,2,2,0,8,4,4,0
TmY10,LC22,3,1,2,0,8,4,4,0
LPi08,Nod3,2,0,2,0,8,0,8,0
TmY3,LT51,4,2,2,0,8,4,4,0
LPi09,LLPt,2,1,1,0,8,2,6,0
Tlp4,LTe47,1,0,1,0,8,0,8,0
TmY10,MeTu3b,4,2,2,0,8,4,4,0
Mi15,Tm5d,4,2,2,0,8,4,4,0
L5,MTe04,3,1,2,0,8,2,6,0
Tm5e,PLP215,3,2,1,0,8,4,4,0
Li25,Li05,4,2,2,0,8,4,4,0
Tm9,T1,3,1,2,0,8,2,6,0
Dm8a,MTe05,3,1,2,0,8,2,6,0
Pm13,cM16,3,1,2,0,8,3,5,0
Pm13,Tm32,4,1,3,0,8,2,6,0
Y12,LT66,4,2,2,0,8,4,4,0
Sm35,Tm20,3,1,2,0,8,2,6,0
Sm35,MTe30,3,1,2,0,8,3,5,0
Sm35,TmY10,4,3,1,0,8,6,2,0
Sm35,aMe17b,4,2,2,0,8,4,4,0
TmY5a,LT59,4,3,1,0,8,6,2,0
MLt3,LT52,4,1,3,0,8,2,6,0
T4b,Pm12,4,3,1,0,8,6,2,0
Tm9,Li22,3,0,3,0,8,0,8,0
Tm3,LT40,4,1,3,0,8,2,6,0
TmY31,Sm14,4,3,1,0,8,6,2,0
Mi9,Sm09,3,2,1,0,8,4,4,0
Sm32,TmY20,4,1,3,0,8,2,6,0
Li16,LT62,3,1,2,0,8,2,6,0
Dm8a,LTe25,2,0,2,0,8,0,8,0
Dm18,Dm14,2,1,1,0,8,6,2,0
T2,Dm6,4,2,2,0,8,4,4,0
Y4,DNp30,4,3,1,0,8,6,2,0
Li01,LT77,4,2,2,0,8,4,4,0
Tm7,Tm1,2,0,2,0,8,0,8,0
Y11,MLt2,4,3,1,0,8,6,2,0
Y4,Tlp5,4,2,2,0,8,4,4,0
Mi13,Tm8a,3,2,1,0,8,6,2,0
Sm30,Sm31,4,2,2,0,8,4,4,0
Tm31,Mi10,4,2,2,0,8,4,4,0
Tm35,LT61b,4,1,3,0,8,2,6,0
Sm38,Pm14,1,0,1,0,8,0,8,0
Sm38,TmY10,4,3,1,0,8,6,2,0
Sm38,MTe23,3,1,2,0,8,2,6,0
Tm33,LT69,4,2,2,0,8,4,4,0
Tm32,Sm14,4,3,1,0,8,6,2,0
LMt2,LC16,4,3,1,0,8,6,2,0
TmY11,cL18,4,3,1,0,8,6,2,0
TmY5a,LT83,4,2,2,0,8,4,4,0
Mi14,MeMe_e07,3,1,2,0,8,2,6,0
Tm5d,Sm04,3,2,1,0,8,4,4,0
MLt2,Li27,4,2,2,0,8,4,4,0
Li32,LT53,3,1,2,0,8,2,6,0
Li32,LT85,2,1,1,0,8,2,6,0
Li32,Li18,3,1,2,0,8,2,6,0
Li32,LLPC1,4,1,3,0,8,2,6,0
Li32,LT40,2,1,1,0,8,4,4,0
Li32,LT72,2,1,1,0,8,3,5,0
Li32,LTe42a,2,1,1,0,8,4,4,0
Li32,cL14,2,1,1,0,8,2,6,0
Li32,LMa1,4,2,2,0,8,4,4,0
Li32,LT86,2,1,1,0,8,4,4,0
Li32,LTe18,2,1,1,0,8,5,3,0
Li32,LTe42b,2,1,1,0,8,3,5,0
Y3,MeTu1,4,2,2,0,8,4,4,0
Mi1,aMe17c,4,2,2,0,8,4,4,0
Sm35,Tm5f,3,2,1,0,8,6,2,0
Sm34,MTe02,4,1,3,0,8,2,6,0
LPi04,LPT26,4,3,1,0,8,6,2,0
Li21,LC14a2,4,2,2,0,8,4,4,0
Li08,LTe42a,3,2,1,0,8,4,4,0
Sm10,Sm16,4,2,2,0,8,4,4,0
TmY31,MeTu3c,3,1,2,0,8,2,6,0
Li24,Tlp4,3,2,1,0,8,6,2,0
TmY9q⊥,LTe10,3,1,2,0,8,2,6,0
LLPt,LTe40,3,2,1,0,8,6,2,0
TmY5a,LPT45_dCal1,4,3,1,0,8,6,2,0
MLt1,MeTu3b,2,0,2,0,8,0,8,0
LMa4,MeLp2,4,2,2,0,8,4,4,0
Y12,MeLp2,4,3,1,0,8,6,2,0
LMa3,Y11,4,3,1,0,8,6,2,0
Tm5e,LMt1,4,2,2,0,8,4,4,0
MLt5,LatB,3,1,2,0,8,4,4,0
Tm21,Tm7,4,1,3,0,8,2,6,0
Tm25,Dm20,3,0,3,0,8,0,8,0
Sm34,MTe30,4,2,2,0,8,4,4,0
Sm34,MTe01a,4,2,2,0,8,4,4,0
LMt1,Pm05,4,3,1,0,8,6,2,0
Sm18,Tm5c,3,0,3,0,8,0,8,0
Sm18,MTe28,4,2,2,0,8,4,4,0
Tm5d,TmY3,3,1,2,0,8,4,4,0
Sm34,MeTu3b,4,3,1,0,8,6,2,0
Sm34,MeTu4a,1,0,1,0,8,0,8,0
Li05,LCe07,3,2,1,0,8,4,4,0
Li15,LMt3,4,3,1,0,8,6,2,0
Mi13,Tm5c,4,2,2,0,8,4,4,0
LLPt,LT72,2,0,2,0,8,0,8,0
CT1,TmY14,4,2,2,0,8,4,4,0
CT1,TmY11,2,1,1,0,8,2,6,0
CT1,Li17,3,2,1,0,8,6,2,0
T2,Mi15,4,1,3,0,8,2,6,0
Sm14,MLt8,3,2,1,0,8,5,3,0
TmY3,LTe05,4,3,1,0,8,6,2,0
Mi14,Tm5b,4,2,2,0,8,4,4,0
PDt,Pm04,4,2,2,0,8,4,4,0
Li24,Li01,4,3,1,0,8,6,2,0
Sm21,MeTu3b,4,2,2,0,8,4,4,0
TmY31,OA-AL2b1,3,1,2,0,8,4,4,0
Tm36,OA-ASM1,4,2,2,0,8,4,4,0
Tm4,H1,3,2,1,0,8,6,2,0
TmY4,LT80,4,3,1,0,8,6,2,0
Dm15,T5a,2,0,2,0,8,0,8,0
Dm15,T5d,2,0,2,0,8,0,8,0
Sm12,TmY4,4,0,4,0,8,0,8,0
Am1,Li06,4,1,3,0,8,2,6,0
Mi4,OA-AL2i2,4,2,2,0,8,4,4,0
Dm20,MeMe_e07,3,2,1,0,8,6,2,0
Tm16,Sm08,3,2,1,0,8,5,3,0
Y12,VST1,4,3,1,0,8,6,2,0
LMa5,Tm5f,4,1,3,0,8,2,6,0
Dm16,Dm3p,4,1,3,0,8,2,6,0
MLt7,Pm05,4,3,1,0,8,6,2,0
Y1,LT78,4,3,1,0,8,6,2,0
T3,Sm32,2,0,2,0,8,0,8,0
Sm12,OA-AL2i4,3,2,1,0,8,6,2,0
Tm25,MLt3,3,2,1,0,8,6,2,0
Tm25,LMt3,4,2,2,0,8,4,4,0
Pm10,MTe46,3,1,2,0,8,2,6,0
Tm20,LMa4,4,2,2,0,8,4,4,0
R7,MTe14,3,2,1,0,8,4,4,0
LPi02,LPi12,4,2,2,0,8,4,4,0
Tm16,LTe61,3,2,1,0,8,5,3,0
T5d,cLP03,4,3,1,0,8,6,2,0
TmY3,Pm08,3,1,2,0,8,4,4,0
Dm8b,MTe28,2,1,1,0,8,6,2,0
LPi14,LPi06,4,2,2,0,8,4,4,0
C3,T5a,3,0,3,0,8,0,8,0
TmY20,LTe17,4,2,2,0,8,4,4,0
MLt5,Tm16,4,3,1,0,8,6,2,0
TmY10,LTe08,3,2,1,0,8,6,2,0
Sm05,MLt8,4,3,1,0,8,6,2,0
Tm20,LTe45,3,1,2,0,8,4,4,0
Sm27,MTe50,4,3,1,0,8,6,2,0
Li11,LC9,4,3,1,0,8,6,2,0
MLt3,OA-AL2i1,4,3,1,0,8,6,2,0
Dm13,Sm32,2,1,1,0,8,4,4,0
T2a,T4a,3,0,3,0,8,0,8,0
Tm8a,LPT54,3,1,2,0,8,3,5,0
T5a,LMt1,3,2,1,0,8,6,2,0
MLt1,LT1a,2,1,1,0,8,4,4,0
Mi10,MeMe_e09,3,1,2,0,8,2,6,0
TmY31,Sm04,4,2,2,0,8,4,4,0
TmY4,LC6,3,1,2,0,8,4,4,0
Li14,Tm5e,4,3,1,0,8,6,2,0
Sm10,Tm5d,3,2,1,0,8,4,4,0
Tlp5,LTe05,4,2,2,0,8,4,4,0
Y12,TmY11,4,2,2,0,8,4,4,0
TmY4,Tm9,3,2,1,0,8,4,4,0
Tlp14,LLPC4,1,0,1,0,8,0,8,0
Sm15,Sm18,3,1,2,0,8,4,4,0
Dm20,Sm08,4,0,4,0,8,0,8,0
Li11,LTe12,3,2,1,0,8,5,3,0
Dm3p,Mi13,4,1,3,0,8,2,6,0
Sm12,Lawf1,3,2,1,0,8,6,2,0
Sm32,Mi13,4,2,2,0,8,4,4,0
Dm1,Dm15,3,1,2,0,8,4,4,0
MLt2,LCe08,4,3,1,0,8,6,2,0
MLt2,Tm5f,4,3,1,0,8,6,2,0
C2,LC28a,1,0,1,0,8,0,8,0
Mi9,L1,4,2,2,0,8,4,4,0
T4c,vCal1,4,1,3,0,8,2,6,0
Mi13,Dm11,2,1,1,0,8,2,6,0
Dm2,MTe40,4,3,1,0,8,6,2,0
Tm1,Tm35,4,3,1,0,8,6,2,0
Tlp1,LT57,3,1,2,0,8,2,6,0
LMt2,LMt4,4,3,1,0,8,6,2,0
Tm8b,Mi4,4,3,1,0,8,6,2,0
Tm8b,cL17,3,2,1,0,8,6,2,0
Dm8a,Tm9,3,2,1,0,8,6,2,0
Pm10,Tm2,4,3,1,0,8,6,2,0
Sm17,Sm10,3,0,3,0,8,0,8,0
Li12,LTe17,4,2,2,0,8,4,4,0
Li12,LTe03,3,1,2,0,8,2,6,0
Li30,Tm20,4,2,2,0,8,4,4,0
Li30,LTe36,2,1,1,0,8,2,6,0
Li30,cL05,2,1,1,0,8,6,2,0
Li30,LMa2,4,3,1,0,8,6,2,0
Li30,LT53,2,1,1,0,8,4,4,0
TmY11,LPT54,4,3,1,0,8,6,2,0
Pm10,Tm5f,4,2,2,0,8,4,4,0
TmY9q⊥,Pm09,3,1,2,0,8,4,4,0
Tm5a,Mi9,4,3,1,0,8,6,2,0
Pm09,Tm9,4,3,1,0,8,6,2,0
TmY9q⊥,T2,4,3,1,0,8,6,2,0
Pm03,PDt,4,3,1,0,8,6,2,0
TmY5a,Dm14,3,1,2,0,8,3,5,0
Pm13,MTe46,2,1,1,0,8,5,3,0
Sm10,Sm23,3,2,1,0,8,5,3,0
T2,cL03,4,3,1,0,8,6,2,0
Dm17,Dm1,4,3,1,0,8,6,2,0
Li05,LPT30,3,0,3,0,8,0,8,0
Li02,Tm8a,3,2,1,0,8,6,2,0
Pm07,Am1,1,0,1,0,8,0,8,0
Y11,Tm36,4,3,1,0,8,6,2,0
Tm7,LMa1,4,2,2,0,8,4,4,0
Tm4,LC40,3,2,1,0,8,6,2,0
Tlp1,Tm20,4,3,1,0,8,6,2,0
Sm29,5-HTPMPV03,3,2,1,0,8,6,2,0
Sm11,MTe01b,3,2,1,0,8,4,4,0
Sm11,Tm31,2,1,1,0,8,2,6,0
Mi13,LMa2,3,1,2,0,8,2,6,0
Sm07,MTe23,3,2,1,0,8,4,4,0
Tm5e,MeTu4b,4,3,1,0,8,6,2,0
Tm32,Sm13,3,1,2,0,8,2,6,0
Tm25,T5b,3,0,3,0,8,0,8,0
MLt5,Pm10,4,3,1,0,8,6,2,0
Li29,LT37,2,1,1,0,8,4,4,0
Li29,LT76,2,1,1,0,8,3,5,0
Li29,LT62,2,1,1,0,8,3,5,0
Li29,LT78,3,1,2,0,8,2,6,0
Li29,LPC1,4,3,1,0,8,6,2,0
Li29,cLLP02,2,1,1,0,8,4,4,0
Sm37,Sm16,3,1,2,0,8,3,5,0
T5d,Tm21,4,2,2,0,8,4,4,0
Sm07,MeTu3a,3,2,1,0,8,6,2,0
Li12,LT79,2,1,1,0,8,6,2,0
Sm36,LMa5,3,2,1,0,8,5,3,0
Sm36,Dm8a,4,1,3,0,8,2,6,0
Tm36,Dm2,3,1,2,0,8,2,6,0
TmY31,LTe35,3,2,1,0,8,5,3,0
L1,aMe4,3,2,1,0,8,5,3,0
LPi13,LMa3,3,2,1,0,8,5,3,0
LPi13,TmY9q,3,1,2,0,8,2,6,0
LPi13,cLP03,4,1,3,0,8,2,6,0
LPi13,cLP05,2,1,1,0,8,6,2,0
LPi13,DCH,2,1,1,0,8,6,2,0
LPi13,H1,2,1,1,0,8,6,2,0
T3,LLPC3,3,2,1,0,8,4,4,0
Tm25,LT61b,3,2,1,0,8,5,3,0
Li02,LTe46,3,1,2,0,8,3,5,0
Mi13,Dm3q,4,3,1,0,8,6,2,0
Sm20,MTe01b,4,3,1,0,8,6,2,0
LMa4,Li32,1,0,1,0,8,0,8,0
LMa4,Li29,2,1,1,0,8,2,6,0
Tlp1,vCal1,3,2,1,0,8,5,3,0
Sm21,R7,4,3,1,0,8,6,2,0
Pm11,T4c,4,3,1,0,8,6,2,0
Sm04,MeTu3b,2,0,2,0,8,0,8,0
Sm09,MTe11,4,3,1,0,8,6,2,0
TmY10,LT1c,1,0,1,0,8,0,8,0
Tm7,Sm03,4,3,1,0,8,6,2,0
Tm21,CB3089,4,3,1,0,8,6,2,0
Tm16,LTe02,2,0,2,0,8,0,8,0
Li23,cLLP02,3,2,1,0,8,5,3,0
Li23,LC33a,3,1,2,0,8,2,6,0
Li12,LT64,3,1,2,0,8,3,5,0
Tm27,LC20b,4,3,1,0,8,6,2,0
L2,Lawf2,4,3,1,0,8,6,2,0
Sm36,MTe28,3,2,1,0,8,6,2,0
Sm36,MTe08,4,3,1,0,8,6,2,0
Y1,LPT49,4,3,1,0,8,6,2,0
Sm31,MLt2,4,3,1,0,8,6,2,0
Tlp1,LT52,4,3,1,0,8,6,2,0
L5,Tm35,4,3,1,0,8,6,2,0
TmY3,Dm6,4,3,1,0,8,6,2,0
LPi03,LPT54,1,0,1,0,8,0,8,0
Sm12,T2,4,3,1,0,8,6,2,0
TmY9q⊥,Dm20,4,3,1,0,8,6,2,0
Sm01,Tm1,3,2,1,0,8,6,2,0
Tm27,LT11,4,3,1,0,8,6,2,0
LPi06,H2,2,1,1,0,8,3,5,0
Dm20,DmDRA1,3,2,1,0,8,6,2,0
LCe06,LTe36,4,1,3,0,8,2,6,0
LC17,LT87,4,1,3,0,8,2,6,0
MeTu3a,MeTu1,4,1,3,0,8,2,6,0
LC21,LT76,3,1,2,0,8,2,6,0
LC11,LTe47,2,0,2,0,8,0,8,0
LC15,Li32,4,2,2,0,8,4,4,0
LC27,Li33,4,1,3,0,8,2,6,0
MTe45,Tm8b,3,2,1,0,8,5,3,0
LC40,LC28a,4,3,1,0,8,6,2,0
MeTu1,Sm42,4,2,2,0,8,4,4,0
LC10d,TmY4,4,1,3,0,8,2,6,0
LT1d,LT56,2,1,1,0,8,5,3,0
LT1d,LPLC1,4,2,2,0,8,4,4,0
LC14b,LC14a2,4,0,0,4,8,0,0,8
MTe03,Tm31,2,0,2,0,8,0,8,0
MeLp1,vCal1,3,1,2,0,8,2,6,0
LT87,LC17,4,1,3,0,8,2,6,0
LT87,Li19,3,1,2,0,8,2,6,0
LT87,LC14a1,3,2,1,0,8,6,2,0
LT87,LT58,2,1,1,0,8,4,4,0
LT66,Li31,2,1,1,0,8,5,3,0
LC28a,LTe22,3,0,3,0,8,0,8,0
cM09,aMe26,3,0,3,0,8,0,8,0
cM09,CB0566,2,0,2,0,8,0,8,0
cL01,MLt5,3,0,3,0,8,0,8,0
cL01,LC28a,4,2,2,0,8,4,4,0
LT11,LC16,3,1,2,0,8,2,6,0
LT11,T5c,2,1,1,0,8,2,6,0
LT11,LPLC4,4,2,2,0,8,4,4,0
LT11,LMa1,4,2,2,0,8,4,4,0
LT11,LTe20,2,1,1,0,8,2,6,0
LT11,LT77,2,1,1,0,8,2,6,0
LT11,LT1d,2,1,1,0,8,5,3,0
MeTu4d,MTe24,3,2,1,0,8,4,4,0
cLPL01,Li13,2,1,1,0,8,4,4,0
cL22a,LTe17,2,1,1,0,8,6,2,0
MTe21,Sm43,4,2,2,0,8,4,4,0
LPLC2,LC13,4,1,3,0,8,2,6,0
LT34,LTe57,2,1,1,0,8,4,4,0
LT34,LTe21,2,1,1,0,8,3,5,0
LT34,LTe44,1,0,1,0,8,0,8,0
LT34,Li27,3,2,1,0,8,4,4,0
LT34,LLPt,3,2,1,0,8,5,3,0
LT34,Li28,3,2,1,0,8,6,2,0
VSm,VS2,2,1,1,0,8,6,2,0
MeTu4a,LC14a2,3,0,3,0,8,0,8,0
LC15,LC12,4,2,2,0,8,4,4,0
MTe07,Sm03,4,3,1,0,8,6,2,0
MTe07,Tm27,4,2,2,0,8,4,4,0
MTe07,Sm34,4,1,3,0,8,2,6,0
LC17,Y4,4,0,4,0,8,0,8,0
LC21,LTe26,3,0,3,0,8,0,8,0
LC21,LT78,4,0,4,0,8,0,8,0
cLP01,LPi15,2,0,2,0,8,0,8,0
LPLC4,LMt4,3,1,2,0,8,2,6,0
LT42,Tm5a,4,1,3,0,8,2,6,0
LT42,LT62,2,1,1,0,8,5,3,0
LTe15,LT39,1,0,1,0,8,0,8,0
LTe15,Li10,4,2,2,0,8,4,4,0
LC14a1,LT1b,3,3,0,0,8,8,0,0
LC12,T2a,4,0,4,0,8,0,8,0
LC12,T2,4,2,2,0,8,4,4,0
aMe12,Tm5c,3,0,3,0,8,0,8,0
MTe52,MTe08,4,1,3,0,8,2,6,0
LC20a,LTe58,4,3,1,0,8,6,2,0
LLPC2,LTe29,3,0,3,0,8,0,8,0
LPC2,LPi14,4,3,1,0,8,6,2,0
LC6,Tm20,4,2,2,0,8,4,4,0
LC14a2,Tm32,3,2,1,0,8,6,2,0
MeTu4a,LT57,2,0,2,0,8,0,8,0
MeTu4a,LTe19,2,0,2,0,8,0,8,0
LT43,MeTu1,4,3,1,0,8,6,2,0
LT43,LTe50,2,1,1,0,8,5,3,0
LC14b,MTe51,1,1,0,0,8,8,0,0
MeTu4c,cL10,3,1,2,0,8,3,5,0
LC6,Li01,3,1,2,0,8,2,6,0
MTe01a,MTe05,4,2,2,0,8,4,4,0
LC45,LT57,2,0,2,0,8,0,8,0
LLPC2,LT51,3,2,1,0,8,6,2,0
LC17,LMa1,4,2,2,0,8,4,4,0
MTe52,LMt4,4,2,2,0,8,4,4,0
MTe01a,MTe15,4,3,1,0,8,6,2,0
LC40,LC12,4,1,3,0,8,2,6,0
LC40,cLLP02,4,1,3,0,8,2,6,0
LC40,Li32,4,2,2,0,8,4,4,0
MTe41,CB0592,2,1,1,0,8,5,3,0
MTe41,Dm13,4,1,3,0,8,2,6,0
MTe41,TmY15,4,2,2,0,8,4,4,0
LT78,LC10b,4,0,4,0,8,0,8,0
LC20b,OA-AL2b1,4,1,3,0,8,2,6,0
LLPC3,LC39,4,1,3,0,8,2,6,0
MeMe_e01,C2,3,0,3,0,8,0,8,0
cL16,LC39,2,1,1,0,8,5,3,0
cL16,LC10b,4,2,2,0,8,4,4,0
cL16,Tlp1,4,1,3,0,8,2,6,0
cL16,Li31,3,2,1,0,8,6,2,0
LC14b,Tm25,3,2,1,0,8,5,3,0
LC13,LMa4,4,1,3,0,8,2,6,0
MTe01b,Sm05,4,1,3,0,8,2,6,0
LLPC2,LPi13,3,1,2,0,8,2,6,0
LC25,LT76,4,1,3,0,8,2,6,0
LCe05,LCe03,4,2,2,0,8,4,4,0
MeMe_e08,Pm06,4,3,1,0,8,6,2,0
cL14,Tm36,3,1,2,0,8,2,6,0
cL14,Tm8a,4,2,2,0,8,4,4,0
cL14,TmY11,4,1,3,0,8,2,6,0
cL14,LC14a2,3,1,2,0,8,4,4,0
cL14,LTe65,2,1,1,0,8,3,5,0
cL14,OA-AL2b1,2,1,1,0,8,3,5,0
LC10c,LTe64,4,2,2,0,8,4,4,0
LT52,Li27,4,2,2,0,8,4,4,0
LT52,Tm5b,4,1,3,0,8,2,6,0
LT52,LT79,1,0,1,0,8,0,8,0
LT52,Li07,4,2,2,0,8,4,4,0
LT52,Tm36,2,0,2,0,8,0,8,0
LC14a2,Tm5a,4,2,2,0,8,4,4,0
LCe01b,LTe41,4,2,2,0,8,4,4,0
LCe01a,LC10b,3,1,2,0,8,2,6,0
MTe05,Sm42,4,1,3,0,8,2,6,0
LPLC2,DNp11,3,0,3,0,8,0,8,0
cM01a,Sm35,3,1,2,0,8,2,6,0
aMe17b,MLt2,4,0,4,0,8,0,8,0
aMe17b,TmY11,4,2,2,0,8,4,4,0
MeMe_e02,Sm29,4,2,2,0,8,4,4,0
cM18,MTe09,3,1,2,0,8,2,6,0
cM18,aMe26,3,2,1,0,8,4,4,0
cM18,Sm14,3,2,1,0,8,5,3,0
LLPC3,LT82a,4,0,4,0,8,0,8,0
H1,TmY9q⊥,4,4,0,0,8,8,0,0
H1,T5c,4,1,3,0,8,2,6,0
H1,TmY16,4,2,2,0,8,4,4,0
LC20b,TmY9q⊥,4,0,4,0,8,0,8,0
MeTu3c,TmY5a,4,1,3,0,8,2,6,0
LC14a1,LC36,3,1,2,0,8,2,6,0
LT62,LT83,2,1,1,0,8,2,6,0
LT62,Li21,3,2,1,0,8,6,2,0
LCe03,LC19,4,3,1,0,8,6,2,0
LC9,Y11,3,1,2,0,8,4,4,0
CB0816,aMe20,2,1,1,0,8,2,6,0
CB0816,R7,2,1,1,0,8,4,4,0
MeTu1,Tm5f,3,1,2,0,8,3,5,0
LLPC3,LC15,4,1,3,0,8,2,6,0
LT79,LC16,4,1,3,0,8,2,6,0
LT79,Li33,2,1,1,0,8,5,3,0
cM08c,Sm03,4,1,3,0,8,2,6,0
cM08c,Tm34,4,3,1,0,8,6,2,0
cM08c,Sm28,3,1,2,0,8,2,6,0
aMe26,MTe29,4,1,3,0,8,2,6,0
LPLC4,Tm8b,3,0,3,0,8,0,8,0
LC14a2,LC14a2,4,0,0,4,8,0,0,8
MeTu4d,cM08b,3,2,1,0,8,5,3,0
LC20b,cL02b,4,2,2,0,8,4,4,0
LC16,LMt1,4,2,2,0,8,4,4,0
MeTu4c,MLt4,4,1,3,0,8,2,6,0
LPT54,Sm42,2,1,1,0,8,4,4,0
LPT54,Lawf2,4,3,1,0,8,6,2,0
LPT54,TmY5a,3,0,3,0,8,0,8,0
LC34,LT59,3,2,1,0,8,6,2,0
LC34,TmY31,2,0,2,0,8,0,8,0
LC34,LTe22,3,1,2,0,8,3,5,0
MeMe_e02,Mi15,3,1,2,0,8,2,6,0
aMe9,MTe12,2,1,1,0,8,4,4,0
aMe9,MTe05,4,1,3,0,8,2,6,0
aMe9,aMe5,2,1,1,0,8,3,5,0
aMe9,Tm5e,3,1,2,0,8,2,6,0
aMe9,Tm8b,3,2,1,0,8,6,2,0
aMe9,MeTu1,3,0,3,0,8,0,8,0
LPC2,LPLC1,4,2,2,0,8,4,4,0
LT57,Tm32,4,3,1,0,8,6,2,0
LC17,TmY31,1,0,1,0,8,0,8,0
LT69,LC10d,3,2,1,0,8,6,2,0
LT69,LTe07,1,0,1,0,8,0,8,0
cL19,LTe46,3,2,1,0,8,5,3,0
cL19,LT72,3,1,2,0,8,2,6,0
LPT45_dCal1,VS7,2,1,1,0,8,4,4,0
LPT45_dCal1,Am1,3,1,2,0,8,3,5,0
LPT45_dCal1,LPT48_vCal3,2,1,1,0,8,5,3,0
LPT45_dCal1,VS6,2,1,1,0,8,6,2,0
LCe01a,LC13,3,2,1,0,8,6,2,0
LPLC4,Li12,4,1,3,0,8,2,6,0
LPTe01,TmY14,2,0,2,0,8,0,8,0
LPT23,T5a,3,2,1,0,8,6,2,0
MeTu4a,Pm13,3,0,3,0,8,0,8,0
LPC2,Am1,3,2,1,0,8,6,2,0
LTe01,LC10b,4,3,1,0,8,6,2,0
LTe01,LTe65,4,3,1,0,8,6,2,0
cL08,Tm7,1,0,1,0,8,0,8,0
cL08,TmY9q⊥,1,0,1,0,8,0,8,0
LC28a,LT85,4,2,2,0,8,4,4,0
LC28a,LC18,3,2,1,0,8,5,3,0
MeTu3c,Sm14,3,2,1,0,8,6,2,0
LPLC1,LC10d,3,2,1,0,8,5,3,0
LT82a,LC6,4,2,2,0,8,4,4,0
MeMe_e08,LMa3,4,4,0,0,8,8,0,0
MeMe_e08,cML01,3,2,1,0,8,4,4,0
LC14a2,Tm2,3,0,3,0,8,0,8,0
LC10e,LTe08,4,2,2,0,8,4,4,0
LC10e,LCe03,4,3,1,0,8,6,2,0
DNc01,DNc02,1,0,1,0,8,0,8,0
CB0816,aMe17c,4,1,3,0,8,2,6,0
MTe54,TmY16,4,2,2,0,8,4,4,0
MTe25,Sm29,3,2,1,0,8,6,2,0
MTe25,Tm7,4,1,3,0,8,2,6,0
MTe25,Sm12,4,2,2,0,8,4,4,0
MTe25,MeTu4c,3,2,1,0,8,6,2,0
LT70,Li30,3,0,3,0,8,0,8,0
LT70,LC28a,4,2,2,0,8,4,4,0
LPLC1,LPi09,4,2,2,0,8,4,4,0
cM19,LC12,2,0,2,0,8,0,8,0
LTe29,Li01,4,1,3,0,8,2,6,0
cL10,LTe51,2,1,1,0,8,3,5,0
cL10,MTe47,2,1,1,0,8,5,3,0
cM08c,Sm06,3,2,1,0,8,5,3,0
MTe08,T2,4,3,1,0,8,6,2,0
LC13,LTe14,2,1,1,0,8,6,2,0
LPT31,T4a,4,0,4,0,8,0,8,0
LPT31,LPLC1,3,2,1,0,8,5,3,0
LC14b,Li24,4,3,1,0,8,6,2,0
MeMe_e01,TmY10,4,3,1,0,8,6,2,0
MeTu4a,LTe58,4,1,3,0,8,2,6,0
cL07,LC18,4,0,4,0,8,0,8,0
cL07,LTe18,2,1,1,0,8,6,2,0
LLPC4,LC14a1,4,1,3,0,8,2,6,0
cM08a,MTe54,4,2,2,0,8,4,4,0
cM17,CB0592,2,1,1,0,8,4,4,0
cM17,Y3,4,2,2,0,8,4,4,0
cM17,Sm34,3,1,2,0,8,2,6,0
cM17,MTe50,2,0,2,0,8,0,8,0
cM17,Mi13,3,1,2,0,8,2,6,0
cM17,cMLLP01,2,1,1,0,8,3,5,0
cM17,MTe23,2,1,1,0,8,6,2,0
cM17,cM08a,2,1,1,0,8,3,5,0
cM17,cM14,2,1,1,0,8,2,6,0
LPT30,LPi13,2,1,1,0,8,5,3,0
LPT30,LLPt,4,3,1,0,8,6,2,0
cLP03,LC28a,2,0,2,0,8,0,8,0
LC6,Li05,4,3,1,0,8,6,2,0
MTe08,Pm13,2,1,1,0,8,6,2,0
LPLC1,Tm3,4,1,3,0,8,2,6,0
MTe05,DmDRA1,3,2,1,0,8,6,2,0
OA-AL2i3,Dm2,2,0,2,0,8,0,8,0
LC10d,Tlp1,4,2,2,0,8,4,4,0
cM02b,MTe26,1,0,1,0,8,0,8,0
cM02b,MTe25,2,1,1,0,8,6,2,0
MeTu3c,MTe20,4,2,2,0,8,4,4,0
cM06,T2,4,0,4,0,8,0,8,0
LC18,LMt3,4,3,1,0,8,6,2,0
LC18,LTe10,4,2,2,0,8,4,4,0
LT72,aMe20,2,1,1,0,8,6,2,0
LT72,LTe60,2,1,1,0,8,2,6,0
LC17,LT82a,4,2,2,0,8,4,4,0
LC27,LC10f,4,0,4,0,8,0,8,0
LC25,Li31,4,2,2,0,8,4,4,0
MTe54,Tm34,4,3,1,0,8,6,2,0
LC14a2,MLt2,3,2,1,0,8,5,3,0
cL20,LT57,1,0,1,0,8,0,8,0
LC15,LPLC2,4,2,2,0,8,4,4,0
LT37,LC11,3,2,1,0,8,5,3,0
LT37,Y11,2,0,2,0,8,0,8,0
LT37,LC40,4,1,3,0,8,2,6,0
LCe02,LTe12,2,0,2,0,8,0,8,0
LC20b,LT79,3,1,2,0,8,2,6,0
MTe52,MLt1,4,3,1,0,8,6,2,0
5-HTPMPV03,MTe42,3,2,1,0,8,6,2,0
LC28a,LT64,3,1,2,0,8,2,6,0
cM08a,Tm8a,4,2,2,0,8,4,4,0
cM08a,MLt3,4,3,1,0,8,6,2,0
MeMe_e09,Sm01,4,1,3,0,8,2,6,0
MeMe_e09,MTe05,3,2,1,0,8,6,2,0
MeMe_e09,Tm7,4,1,3,0,8,2,6,0
aMe5,aMe15,4,1,3,0,8,2,6,0
cL21,TmY11,3,0,3,0,8,0,8,0
cL21,Tm5c,3,2,1,0,8,4,4,0
LC10a,LC15,3,0,3,0,8,0,8,0
LPLC2,Y4,3,0,3,0,8,0,8,0
LC17,LPLC4,4,2,2,0,8,4,4,0
LTe22,Li08,4,2,2,0,8,4,4,0
LTe22,LC39,2,1,1,0,8,3,5,0
cL18,LMt2,4,3,1,0,8,6,2,0
aMe17c,TmY10,4,2,2,0,8,4,4,0
aMe17c,cM15,2,1,1,0,8,3,5,0
aMe17c,MTe44,3,1,2,0,8,2,6,0
MeMe_e06,MeMe_e02,3,0,0,3,8,0,0,8
MeMe_e06,LTe44,1,1,0,0,8,8,0,0
LC9,LT80,4,2,2,0,8,4,4,0
MTe12,MTe03,3,2,1,0,8,6,2,0
LTe30,LTe11,2,1,1,0,8,4,4,0
LTe30,OA-AL2b1,2,1,1,0,8,6,2,0
LPT50,LPT53,1,1,0,0,8,8,0,0
cM07,LTe12,2,1,1,0,8,6,2,0
cM07,Mi4,4,2,2,0,8,4,4,0
cM07,Mi2,4,3,1,0,8,6,2,0
cM07,MTe34,1,0,1,0,8,0,8,0
LT83,Li25,3,1,2,0,8,3,5,0
LT83,LC18,4,2,2,0,8,4,4,0
LT83,LC21,4,2,2,0,8,4,4,0
LT83,LT74,3,1,2,0,8,3,5,0
LC15,Li16,4,3,1,0,8,6,2,0
LC33a,LLPt,4,1,3,0,8,2,6,0
LC18,Tm5f,4,0,4,0,8,0,8,0
LC18,LT1a,4,3,1,0,8,6,2,0
LC31b,LC31b,2,0,2,0,8,0,8,0
LC21,Tm25,4,2,2,0,8,4,4,0
CB0802,cL17,1,0,1,0,8,0,8,0
CB0802,cM16,1,0,1,0,8,0,8,0
LCe03,LC22,3,2,1,0,8,6,2,0
mALD1,LT64,2,1,1,0,8,6,2,0
mALD1,LT55,2,1,1,0,8,6,2,0
mALD1,MLt4,3,2,1,0,8,5,3,0
LTe11,LTe45,1,0,1,0,8,0,8,0
LTe11,LTe69,2,1,1,0,8,5,3,0
LTe11,LTe07,1,0,1,0,8,0,8,0
LTe11,LTe40,2,1,1,0,8,4,4,0
MTe14,T2,4,2,2,0,8,4,4,0
LLPC3,Tm3,4,2,2,0,8,4,4,0
cLLP02,CB0472,2,0,2,0,8,0,8,0
cLLP02,MLt2,3,1,2,0,8,3,5,0
cLLP02,Li04,4,3,1,0,8,6,2,0
cLLP02,TmY31,4,2,2,0,8,4,4,0
cLLP02,OA-AL2b1,3,2,1,0,8,5,3,0
cLLP02,LT76,3,1,2,0,8,3,5,0
LT63,LC29,3,2,1,0,8,4,4,0
LTe26,Tm35,3,0,3,0,8,0,8,0
CB3833,L5,3,0,3,0,8,0,8,0
CB3833,Sm09,1,0,1,0,8,0,8,0
LC14b,LMt3,4,2,2,0,8,4,4,0
LT1a,LT1d,1,0,1,0,8,0,8,0
LT1a,LMt1,4,2,2,0,8,4,4,0
LT1a,LPLC1,4,3,1,0,8,6,2,0
DNp11,LTe18,2,1,1,0,8,2,6,0
LCe07,LPLC1,3,0,3,0,8,0,8,0
LCe07,T2,4,1,3,0,8,2,6,0
LC21,Tm7,3,2,1,0,8,5,3,0
LC10c,Li18,3,2,1,0,8,6,2,0
DNp30,TmY5a,4,1,3,0,8,2,6,0
LLPC3,Tm4,3,1,2,0,8,2,6,0
LTe41,Li28,2,1,1,0,8,3,5,0
MTe01b,aMe17a1,3,2,1,0,8,6,2,0
MeMe_e07,MTe13,2,0,2,0,8,0,8,0
MeMe_e07,Tm21,3,2,1,0,8,6,2,0
MeTu1,MLt2,4,2,2,0,8,4,4,0
LC14b,Sm12,4,1,3,0,8,2,6,0
LC14a1,LT38,3,2,1,0,8,6,2,0
LT38,Li13,2,0,2,0,8,0,8,0
cL17,LC14b,4,0,0,4,8,0,0,8
cL17,Tm8b,4,0,4,0,8,0,8,0
cL17,LTe69,2,1,1,0,8,5,3,0
cL17,TmY31,3,1,2,0,8,2,6,0
cL17,LC13,3,1,2,0,8,3,5,0
MTe01b,Sm27,4,2,2,0,8,4,4,0
cLLPM01,LPLC1,4,2,2,0,8,4,4,0
aMe1,aMe15,1,0,1,0,8,0,8,0
MeTu1,MeTu3a,3,1,2,0,8,2,6,0
LT59,LTe58,2,0,2,0,8,0,8,0
LT59,LT63,3,2,1,0,8,6,2,0
LTe20,Li19,2,0,2,0,8,0,8,0
LPT28,LPT26,2,1,1,0,8,6,2,0
LC14a1,MTe47,3,0,0,3,8,0,0,8
CB0230,LTe58,1,0,1,0,8,0,8,0
LT52,Li31,3,2,1,0,8,4,4,0
LT52,LC35,3,2,1,0,8,4,4,0
LC14a1,Li22,3,0,3,0,8,0,8,0
MTe02,Sm21,3,1,2,0,8,2,6,0
LLPC1,Tm27,4,2,2,0,8,4,4,0
LC13,LT11,2,0,2,0,8,0,8,0
LT64,LTe13,2,1,1,0,8,2,6,0
LC24,LTe52,2,0,2,0,8,0,8,0
LT74,Tm36,3,0,3,0,8,0,8,0
LT74,cL17,1,0,1,0,8,0,8,0
LT74,Y4,4,2,2,0,8,4,4,0
LPLC1,Li28,4,2,2,0,8,4,4,0
LTe35,cM09,3,1,2,0,8,2,6,0
mALD2,LCe01b,1,0,1,0,8,0,8,0
mALD2,LT57,4,2,2,0,8,4,4,0
cL18,LTe11,2,1,1,0,8,2,6,0
MeMe_e05,Pm07,4,0,4,0,8,0,8,0
aMe4,R7,3,0,3,0,8,0,8,0
OA-AL2b1,Li12,4,2,2,0,8,4,4,0
OA-AL2b1,Li16,3,3,0,0,8,8,0,0
OA-AL2b1,mALC5,2,1,1,0,8,4,4,0
OA-AL2b1,cL07,1,0,1,0,8,0,8,0
cLP01,LMa4,4,1,3,0,8,2,6,0
MTe09,MTe27,3,1,2,0,8,2,6,0
MTe09,Sm04,4,0,4,0,8,0,8,0
LC33a,LTe64,1,0,1,0,8,0,8,0
LTe42a,LC10e,3,1,2,0,8,3,5,0
LTe42a,LT86,2,1,1,0,8,2,6,0
LTe42a,LC19,3,2,1,0,8,6,2,0
cLM01,Li09,3,1,2,0,8,3,5,0
cLM01,Tm32,3,1,2,0,8,4,4,0
cLM01,Tm8a,4,1,3,0,8,2,6,0
cM11,LC45,1,0,1,0,8,0,8,0
cM11,LC37a,3,0,3,0,8,0,8,0
cM11,TmY31,4,0,4,0,8,0,8,0
cM11,Sm30,3,0,3,0,8,0,8,0
LT57,LT69,3,2,1,0,8,6,2,0
LPT48_vCal3,TmY16,4,2,2,0,8,4,4,0
cMLLP02,Tm5c,3,1,2,0,8,3,5,0
cMLLP02,LPTe01,4,3,1,0,8,6,2,0
cMLLP02,CB0592,2,1,1,0,8,3,5,0
LTe18,LMa2,4,2,2,0,8,4,4,0
LTe18,LMa1,3,1,2,0,8,2,6,0
LC9,LTe64,3,0,3,0,8,0,8,0
LC16,Li02,3,1,2,0,8,2,6,0
LC16,LT77,3,1,2,0,8,2,6,0
LT68,LTe53,2,0,2,0,8,0,8,0
LT68,5-HTPMPV01,2,0,2,0,8,0,8,0
LC20a,LC24,3,2,1,0,8,6,2,0
LC39,Li28,3,2,1,0,8,6,2,0
LC39,LC14a2,3,1,2,0,8,2,6,0
HSS,Y12,4,3,1,0,8,6,2,0
OA-AL2i2,TmY11,4,1,3,0,8,2,6,0
OA-AL2i2,LT56,2,1,1,0,8,3,5,0
cLP01,Am1,3,1,2,0,8,2,6,0
cLP01,LPT23,4,3,1,0,8,6,2,0
LC9,Li15,4,2,2,0,8,4,4,0
LC10d,LTe29,4,2,2,0,8,4,4,0
aMe17c,CB0816,3,2,1,0,8,6,2,0
aMe17c,LMa3,3,1,2,0,8,2,6,0
aMe17c,Tm16,3,2,1,0,8,5,3,0
LC15,LC36,3,0,3,0,8,0,8,0
cL01,PLP241,4,0,4,0,8,0,8,0
cL01,LT65,4,2,2,0,8,4,4,0
cL12,LT59,2,1,1,0,8,6,2,0
cL12,LTe33,2,0,2,0,8,0,8,0
cL12,LC10a,4,1,3,0,8,2,6,0
MeMe_e03,Sm27,3,1,2,0,8,2,6,0
LC40,Li08,4,2,2,0,8,4,4,0
MTe54,Mi9,3,2,1,0,8,6,2,0
LC27,LT55,3,2,1,0,8,5,3,0
LTe24,LTe17,2,1,1,0,8,2,6,0
MTe47,Y1,4,3,1,0,8,6,2,0
MTe47,C2,4,2,2,0,8,4,4,0
MTe47,Li05,3,1,2,0,8,4,4,0
MTe47,TmY16,4,3,1,0,8,6,2,0
MTe47,Li07,3,3,0,0,8,8,0,0
MTe47,T3,4,4,0,0,8,8,0,0
MTe33,Dm8a,3,0,3,0,8,0,8,0
MTe33,Sm01,3,1,2,0,8,3,5,0
MTe33,Dm8b,3,0,3,0,8,0,8,0
LC11,Tm36,4,2,2,0,8,4,4,0
MeTu3b,Dm8b,4,2,2,0,8,4,4,0
LC15,LC10d,3,1,2,0,8,4,4,0
cML02,T4a,4,2,2,0,8,4,4,0
cML02,Tm2,3,1,2,0,8,2,6,0
LC6,LC19,3,2,1,0,8,4,4,0
Nod3,LPT42_Nod4,1,0,1,0,8,0,8,0
Nod3,LPT23,3,2,1,0,8,6,2,0
Nod3,Am1,2,1,1,0,8,5,3,0
Nod3,LPC1,4,3,1,0,8,6,2,0
LPT26,HSN,2,1,1,0,8,2,6,0
LPT26,OA-AL2i1,2,1,1,0,8,5,3,0
LPT26,LPi07,4,3,1,0,8,6,2,0
LC29,LLPC1,2,1,1,0,8,4,4,0
aMe19b,Tm8b,2,1,1,0,8,4,4,0
aMe19b,Sm06,4,2,2,0,8,4,4,0
aMe19b,OA-AL2i4,2,1,1,0,8,3,5,0
aMe19b,MLt7,4,1,3,0,8,2,6,0
VST2,Y11,3,0,3,0,8,0,8,0
LT40,LT87,2,1,1,0,8,5,3,0
LT40,LMa2,2,1,1,0,8,2,6,0
LT40,Li29,2,1,1,0,8,2,6,0
LT40,Tm5e,2,1,1,0,8,5,3,0
LC21,LT33,1,0,1,0,8,0,8,0
LPLC2,T4b,3,1,2,0,8,2,6,0
MeMe_e04,Dm2,2,2,0,0,8,8,0,0
LPTe01,LPTe01,2,1,1,0,8,5,3,0
LLPC2,LMa3,4,1,3,0,8,2,6,0
MeMe_e10,Sm14,2,1,1,0,8,5,3,0
LC10d,LC15,4,3,1,0,8,6,2,0
LLPC2,LC15,4,2,2,0,8,4,4,0
aMe17a2,Tm5a,4,2,2,0,8,4,4,0
aMe17a2,Sm05,3,2,1,0,8,6,2,0
aMe17a2,Tm37,4,2,2,0,8,4,4,0
aMe17a2,Tm5f,4,1,3,0,8,2,6,0
aMe17a2,MTe51,4,2,2,0,8,4,4,0
aMe17a2,aMe25,2,1,1,0,8,6,2,0
aMe17a2,Mi2,4,2,2,0,8,4,4,0
aMe17a2,CB0566,3,2,1,0,8,4,4,0
aMe17a2,LMa4,4,3,1,0,8,6,2,0
aMe17a2,cM05,2,1,1,0,8,6,2,0
aMe17a2,Tm5e,4,3,1,0,8,6,2,0
LLPC3,LMt2,4,2,2,0,8,4,4,0
mALC3,LMt3,3,0,3,0,8,0,8,0
mALC3,Li20,2,1,1,0,8,4,4,0
SIP017,LC10f,1,0,1,0,8,0,8,0
SIP017,LTe38a,2,0,2,0,8,0,8,0
LC14b,Pm08,4,3,1,0,8,6,2,0
LC14b,MeLp1,3,0,0,3,8,0,0,8
MTe54,MTe50,2,1,1,0,8,6,2,0
LTe75,LTe49a,3,2,1,0,8,6,2,0
LTe75,LTe69,2,1,1,0,8,4,4,0
cLLPM01,LC21,3,0,3,0,8,0,8,0
AVLP151,Y11,3,1,2,0,8,2,6,0
LC39,LC16,1,0,1,0,8,0,8,0
LC39,LC11,3,2,1,0,8,6,2,0
mALC5,LPi02,3,1,2,0,8,3,5,0
mALC5,T4d,3,2,1,0,8,4,4,0
mALC5,LTe28,2,1,1,0,8,6,2,0
mALC5,LT51,3,2,1,0,8,5,3,0
mALC5,LPT31,2,1,1,0,8,4,4,0
mALC5,Sm21,4,1,3,0,8,2,6,0
mALC5,Sm40,3,1,2,0,8,4,4,0
mALC5,LPT52,2,1,1,0,8,3,5,0
cM13,TmY31,3,0,3,0,8,0,8,0
cM13,Tm5c,3,0,3,0,8,0,8,0
cM13,MTe30,2,1,1,0,8,6,2,0
cM13,cM12,2,1,1,0,8,6,2,0
LPT22,H2,2,1,1,0,8,4,4,0
LPT22,TmY15,3,2,1,0,8,5,3,0
LC16,Li12,3,2,1,0,8,6,2,0
MTe09,Sm09,4,2,2,0,8,4,4,0
MTe09,MTe01a,4,2,2,0,8,4,4,0
LTe38c,MLt6,4,0,4,0,8,0,8,0
OA-ASM1,TmY10,4,1,3,0,8,2,6,0
OA-ASM1,LT82a,3,2,1,0,8,5,3,0
OA-ASM1,Tm25,4,0,4,0,8,0,8,0
OA-ASM1,TmY31,4,3,1,0,8,6,2,0
OA-ASM1,LCe06,4,2,2,0,8,4,4,0
OA-ASM1,aMe5,4,2,2,0,8,4,4,0
OA-ASM1,TmY11,4,2,2,0,8,4,4,0
OA-ASM1,Mi10,4,2,2,0,8,4,4,0
OA-ASM1,Li21,4,1,3,0,8,2,6,0
OA-ASM1,LCe01b,4,3,1,0,8,6,2,0
LCe01b,Li28,4,3,1,0,8,6,2,0
MeTu1,MTe32,3,1,2,0,8,3,5,0
LT1b,MTe08,1,0,1,0,8,0,8,0
LC41,Tm35,4,0,4,0,8,0,8,0
LC11,LPLC2,4,1,3,0,8,2,6,0
cM08c,Sm14,3,0,3,0,8,0,8,0
cM08c,Sm08,3,0,3,0,8,0,8,0
cM08c,Li10,4,2,2,0,8,4,4,0
cM08c,LCe04,4,0,4,0,8,0,8,0
cM08c,Sm32,3,2,1,0,8,5,3,0
MeMe_e04,MeTu3c,3,2,1,0,8,5,3,0
MeMe_e04,Tm27,3,1,2,0,8,2,6,0
MeMe_e04,Sm38,3,1,2,0,8,3,5,0
LLPC3,LC35,3,2,1,0,8,4,4,0
LTe45,LT68,2,1,1,0,8,3,5,0
LC12,LT83,2,0,2,0,8,0,8,0
LC28a,Li04,4,2,2,0,8,4,4,0
LT68,LTe56,2,1,1,0,8,6,2,0
MTe52,Tm1,4,2,2,0,8,4,4,0
MTe52,Pm04,4,3,1,0,8,6,2,0
LC13,LC14a1,4,2,2,0,8,4,4,0
cM08a,LT58,3,2,1,0,8,6,2,0
LT56,TmY15,3,2,1,0,8,6,2,0
LT56,LC29,3,2,1,0,8,6,2,0
LT56,CB0592,1,0,1,0,8,0,8,0
LCe01a,LC15,3,1,2,0,8,3,5,0
LAL047,LC33a,3,1,2,0,8,2,6,0
LAL047,LC34,3,2,1,0,8,6,2,0
LAL047,LC19,2,1,1,0,8,6,2,0
MTe37,Sm42,2,1,1,0,8,3,5,0
MTe37,Tm35,3,2,1,0,8,5,3,0
MTe37,Sm41,2,1,1,0,8,2,6,0
MTe37,Sm33,3,2,1,0,8,4,4,0
OA-AL2b2,cM05,3,1,2,0,8,2,6,0
MTe04,Tm5c,4,3,1,0,8,6,2,0
LPT58,T4c,4,2,2,0,8,4,4,0
LPT58,VSm,1,0,1,0,8,0,8,0
LC37a,LLPt,3,2,1,0,8,6,2,0
LTe38b,LT57,3,0,3,0,8,0,8,0
LC21,Y1,3,1,2,0,8,3,5,0
MeTu3b,aMe4,4,0,4,0,8,0,8,0
LPTe01,T5b,4,2,2,0,8,4,4,0
MTe51,MeTu4c,4,1,3,0,8,2,6,0
CB0472,TmY10,3,2,1,0,8,4,4,0
CB0472,Li33,2,1,1,0,8,6,2,0
CB0472,Tm32,4,1,3,0,8,2,6,0
MTe47,5-HTPMPV03,3,0,0,3,8,0,0,8
MTe47,Tm20,4,2,2,0,8,4,4,0
LT73,cML01,1,0,1,0,8,0,8,0
LT73,LLPt,4,3,1,0,8,6,2,0
LT65,cL22c,2,1,1,0,8,6,2,0
LT65,Tm37,2,0,2,0,8,0,8,0
LT65,Tm32,3,0,3,0,8,0,8,0
LT65,LC37a,3,1,2,0,8,3,5,0
LT65,LTe01,2,1,1,0,8,5,3,0
LT65,cLLP02,2,1,1,0,8,5,3,0
LC10e,LC13,4,2,2,0,8,4,4,0
MC65,Pm07,4,3,1,0,8,6,2,0
LT61b,Li06,4,2,2,0,8,4,4,0
LC16,LMa3,2,1,1,0,8,2,6,0
LC16,LT79,3,0,3,0,8,0,8,0
MeMe_e10,Sm42,3,1,2,0,8,2,6,0
CB0592,MLt1,4,2,2,0,8,4,4,0
CB0592,Li31,2,1,1,0,8,4,4,0
CB0592,LC16,3,1,2,0,8,3,5,0
CB0592,LPi07,3,2,1,0,8,6,2,0
CB0592,MeLp1,1,0,0,1,8,0,0,8
CB0592,MTe51,4,1,3,0,8,2,6,0
CB0592,Mi2,4,2,2,0,8,4,4,0
LPLC4,LT1c,2,0,2,0,8,0,8,0
LC44,LC33a,2,0,2,0,8,0,8,0
LC14b,cM10,2,2,0,0,8,8,0,0
LTe13,cM11,1,0,1,0,8,0,8,0
LT78,Li32,3,1,2,0,8,2,6,0
LCe09,LT43,2,1,1,0,8,6,2,0
LC45,cL05,2,0,2,0,8,0,8,0
LC6,Tm5b,4,3,1,0,8,6,2,0
cL06,LTe42b,2,1,1,0,8,2,6,0
cL06,LC21,3,1,2,0,8,2,6,0
cL06,LT86,2,1,1,0,8,5,3,0
LC18,Tm27,4,2,2,0,8,4,4,0
MTe05,MeTu3a,4,3,1,0,8,6,2,0
MTe52,Mi2,4,3,1,0,8,6,2,0
MeTu3c,Tm31,4,0,4,0,8,0,8,0
cM12,MTe28,2,1,1,0,8,5,3,0
cM12,MeMe_e02,2,1,1,0,8,4,4,0
cM12,Tm34,3,1,2,0,8,3,5,0
cM12,Sm30,3,0,3,0,8,0,8,0
5-HTPMPV03,Dm20,4,2,2,0,8,4,4,0
CB0566,Sm35,3,1,2,0,8,2,6,0
LC19,LT52,4,1,3,0,8,2,6,0
MeMe_e05,LTe20,1,1,0,0,8,8,0,0
LC37a,LC27,4,3,1,0,8,6,2,0
LT74,Li28,4,1,3,0,8,2,6,0
LT74,TmY31,3,2,1,0,8,6,2,0
VCH,Tm3,4,2,2,0,8,4,4,0
LT84,Tm36,3,0,3,0,8,0,8,0
MeTu4c,LTe38c,3,2,1,0,8,6,2,0
LC39,Li01,3,1,2,0,8,4,4,0
LCe01b,LC15,4,3,1,0,8,6,2,0
LCe01b,Tm33,4,3,1,0,8,6,2,0
LC6,Tm5f,4,1,3,0,8,2,6,0
MTe51,MTe35,1,0,1,0,8,0,8,0
LC17,LC12,4,2,2,0,8,4,4,0
cL22b,Li06,3,1,2,0,8,3,5,0
cL22b,Li04,4,3,1,0,8,6,2,0
cL22b,LT73,3,1,2,0,8,3,5,0
LT85,aMe17a1,1,0,1,0,8,0,8,0
LT85,DNpe053,1,0,0,1,8,0,0,8
LT85,cM09,3,1,2,0,8,3,5,0
cM01b,aMe26,3,2,1,0,8,6,2,0
cM01b,MLt5,3,1,2,0,8,2,6,0
AN_multi_124,Dm10,3,1,2,0,8,2,6,0
cM08b,Sm12,3,2,1,0,8,4,4,0
cL02a,TmY31,4,3,1,0,8,6,2,0
cM14,cM17,2,1,1,0,8,5,3,0
cM14,Sm25,4,2,2,0,8,4,4,0
cM14,MTe47,3,1,2,0,8,2,6,0
cM14,MTe39,2,1,1,0,8,6,2,0
LT52,TmY9q,4,2,2,0,8,4,4,0
cLP04,LPC2,3,1,2,0,8,3,5,0
MeTu4b,Sm14,4,1,3,0,8,2,6,0
OA-ASM1,LTe41,3,1,2,0,8,3,5,0
OA-ASM1,MLt4,4,2,2,0,8,4,4,0
LC6,LC21,4,3,1,0,8,6,2,0
LT63,LTe01,3,2,1,0,8,4,4,0
LT63,LC31b,3,2,1,0,8,5,3,0
LC10d,Li32,4,2,2,0,8,4,4,0
LLPC2,LLPC1,4,2,2,0,8,4,4,0
DNp27,LLPC1,4,2,2,0,8,4,4,0
DNp27,LMa5,4,4,0,0,8,8,0,0
MTe17,aMe19b,3,1,2,0,8,3,5,0
LCe01a,LT67,3,2,1,0,8,5,3,0
MTe22,Sm13,4,1,3,0,8,2,6,0
MTe22,Sm21,3,2,1,0,8,6,2,0
LC35,TmY15,4,3,1,0,8,6,2,0
MTe54,Sm13,3,2,1,0,8,6,2,0
aMe4,TmY3,3,2,1,0,8,6,2,0
aMe5,Sm08,4,1,3,0,8,2,6,0
LLPC3,LPi14,4,2,2,0,8,4,4,0
HSE,TmY16,4,3,1,0,8,6,2,0
LC20b,Y1,3,2,1,0,8,6,2,0
CB2197,LC10b,2,0,2,0,8,0,8,0
LC21,LT62,3,1,2,0,8,2,6,0
LLPC1,LMa2,4,2,2,0,8,4,4,0
OA-ASM1,LTe65,3,2,1,0,8,5,3,0
LT77,LC10e,4,2,2,0,8,4,4,0
LT77,LPLC4,3,1,2,0,8,3,5,0
LCe01b,LC10d,4,1,3,0,8,2,6,0
LTe27,LT81,3,1,2,0,8,2,6,0
LPLC1,Li19,4,1,3,0,8,2,6,0
LCe01a,LTe57,2,1,1,0,8,6,2,0
LPTe02,VCH,3,2,1,0,8,5,3,0
LT80,LC31a,3,1,2,0,8,2,6,0
LT80,LC14a2,2,1,1,0,8,4,4,0
LT80,T2a,3,1,2,0,8,4,4,0
LT80,Tlp4,3,1,2,0,8,4,4,0
LPT49,cLP03,3,1,2,0,8,2,6,0
MeTu4a,LTe68,3,2,1,0,8,6,2,0
LCe07,LCe07,2,0,1,1,8,0,2,6
LC14a2,LC43,3,1,2,0,8,2,6,0
aMe4,T2a,3,0,3,0,8,0,8,0
MTe16,Sm12,3,2,1,0,8,5,3,0
MeMe_e07,Tlp5,2,0,2,0,8,0,8,0
MeMe_e07,Tlp1,3,0,3,0,8,0,8,0
MeMe_e07,MeMe_e08,1,0,0,1,8,0,0,8
MeMe_e07,LT11,1,0,1,0,8,0,8,0
LTe02,LTe35,2,1,1,0,8,2,6,0
MTe49,LCe01b,1,0,1,0,8,0,8,0
MeTu3c,Sm42,3,1,2,0,8,2,6,0
mALC4,LC10a,4,2,2,0,8,4,4,0
mALC4,LC15,3,0,3,0,8,0,8,0
mALC4,Li31,2,1,1,0,8,2,6,0
MTe40,CB0566,2,1,1,0,8,5,3,0
MTe40,MTe35,2,1,1,0,8,2,6,0
LPTe01,LPT26,2,1,1,0,8,2,6,0
LPTe01,LPT50,2,1,1,0,8,2,6,0
LCe01,LC16,4,3,1,0,8,6,2,0
MTe01a,aMe10,3,2,1,0,8,6,2,0
LPLC2,LTe49f,3,2,1,0,8,5,3,0
PLP032,LAL047,1,0,1,0,8,0,8,0
cL11,LLPt,3,2,1,0,8,5,3,0
cL11,Li30,2,1,1,0,8,5,3,0
cL11,LTe38a,2,1,1,0,8,6,2,0
LCe05,LC10d,4,2,2,0,8,4,4,0
LT74,LC22,2,0,2,0,8,0,8,0
aMe9,Sm32,4,1,3,0,8,2,6,0
aMe9,Sm09,4,3,1,0,8,6,2,0
OA-AL2i1,Tm8a,4,0,4,0,8,0,8,0
OA-AL2i1,LMa2,3,2,1,0,8,6,2,0
OA-AL2i1,CB0816,3,1,2,0,8,2,6,0
OA-AL2i1,Li06,4,3,1,0,8,6,2,0
OA-AL2i1,MeLp1,2,1,1,0,8,4,4,0
OA-AL2i1,Tm2,4,1,3,0,8,2,6,0
OA-AL2i1,LT42,2,1,1,0,8,6,2,0
cM15,Dm9,4,2,2,0,8,4,4,0
cM15,TmY4,4,1,3,0,8,2,6,0
cM15,Sm40,2,1,1,0,8,4,4,0
cM15,MLt5,4,3,1,0,8,6,2,0
cM15,aMe25,2,1,1,0,8,4,4,0
cM15,LMt1,4,2,2,0,8,4,4,0
cM15,Dm11,4,2,2,0,8,4,4,0
LLPC1,Tm5c,4,3,1,0,8,6,2,0
LTe17,LT81,3,1,2,0,8,2,6,0
LTe17,LTe59,2,1,1,0,8,3,5,0
LTe17,Li13,4,3,1,0,8,6,2,0
LT33,LC12,3,1,2,0,8,2,6,0
LT33,LC11,3,1,2,0,8,2,6,0
LT33,Li22,3,2,1,0,8,6,2,0
MC65,MTe04,3,2,1,0,8,6,2,0
MC65,Sm07,3,0,3,0,8,0,8,0
LC45,LCe03,3,0,3,0,8,0,8,0
LC45,LT51,2,0,2,0,8,0,8,0
LT52,LTe40,3,1,2,0,8,3,5,0
LT52,LTe10,2,1,1,0,8,4,4,0
OA-AL2i4,Tm5c,3,0,3,0,8,0,8,0
OA-AL2i4,Tm27,3,1,2,0,8,2,6,0
OA-AL2i4,MTe03,4,3,1,0,8,6,2,0
OA-AL2i4,MeTu3b,4,1,3,0,8,2,6,0
OA-AL2i4,Sm01,4,2,2,0,8,4,4,0
OA-AL2i4,aMe5,2,1,1,0,8,2,6,0
OA-AL2i2,LC9,4,3,1,0,8,6,2,0
OA-AL2i2,Dm12,3,0,3,0,8,0,8,0
OA-AL2i2,LT11,2,1,1,0,8,3,5,0
LC36,LC10a,3,1,2,0,8,3,5,0
LPT27,TmY4,4,2,2,0,8,4,4,0
cL17,LC34,3,1,2,0,8,2,6,0
LC14a2,LTe56,2,1,1,0,8,2,6,0
LTe46,TmY20,4,2,2,0,8,4,4,0
MTe54,Tm7,4,3,1,0,8,6,2,0
LC40,Li06,3,2,1,0,8,5,3,0
LTe74,Li33,2,1,1,0,8,3,5,0
LT52,cL14,2,1,1,0,8,6,2,0
cM05,Y3,3,2,1,0,8,4,4,0
cM05,Pm11,3,1,2,0,8,2,6,0
cM05,Tm5f,4,2,2,0,8,4,4,0
cM05,LMt3,3,0,3,0,8,0,8,0
cM05,Sm04,4,1,3,0,8,2,6,0
cM05,MTe43,2,1,1,0,8,2,6,0
cM05,Tm36,3,1,2,0,8,2,6,0
cM05,Sm42,2,1,1,0,8,6,2,0
MeTu3c,TmY9q,4,2,2,0,8,4,4,0
LPT57,LPi03,2,1,1,0,8,2,6,0
H2,PLP249,1,0,0,1,8,0,0,8
H2,Y3,3,1,2,0,8,2,6,0
LC9,OA-AL2i2,4,3,1,0,8,6,2,0
LC19,Li02,3,0,3,0,8,0,8,0
LT77,LC40,4,1,3,0,8,2,6,0
MTe28,CB0802,1,0,1,0,8,0,8,0
MTe28,MTe05,4,3,1,0,8,6,2,0
cL04,LC20a,4,2,2,0,8,4,4,0
cL04,Li03,4,1,3,0,8,2,6,0
cL04,TmY20,3,2,1,0,8,6,2,0
cL04,LC16,3,0,3,0,8,0,8,0
LT58,Sm07,4,2,2,0,8,4,4,0
LT58,LCe06,2,0,2,0,8,0,8,0
LT58,MeTu4d,4,3,1,0,8,6,2,0
LC28a,PLP217,1,0,1,0,8,0,8,0
LTe12,LC16,4,2,2,0,8,4,4,0
MeTu4a,LTe30,3,2,1,0,8,6,2,0
LC10c,LTe65,3,0,3,0,8,0,8,0
Nod5,T4c,4,0,4,0,8,0,8,0
Nod5,cLP02,1,0,0,1,8,0,0,8
LC43,LT82a,3,1,2,0,8,4,4,0
MeTu3b,MTe20,4,3,1,0,8,6,2,0
LPT21,LPi03,1,0,1,0,8,0,8,0
LPT21,DCH,2,1,1,0,8,3,5,0
LTe56,PLP069,1,0,1,0,8,0,8,0
LPC1,LPT48_vCal3,4,3,1,0,8,6,2,0
cL09,TmY5a,3,0,3,0,8,0,8,0
cL09,Tm5f,3,2,1,0,8,4,4,0
cL09,LT1a,2,1,1,0,8,5,3,0
MTe50,LatB,2,0,2,0,8,0,8,0
aMe10,aMe17b,2,0,2,0,8,0,8,0
MeTu3c,Sm27,3,2,1,0,8,4,4,0
LC20a,LC10b,2,1,1,0,8,5,3,0
LCe06,Tm5e,3,0,3,0,8,0,8,0
aMe25,cL05,1,0,1,0,8,0,8,0
cML01,T4b,4,3,1,0,8,6,2,0
cML01,Tm8a,4,1,3,0,8,2,6,0
cML01,LTe20,2,1,1,0,8,5,3,0
cML01,LT66,2,1,1,0,8,3,5,0
LTe33,LC10e,4,3,1,0,8,6,2,0
LT53,Li03,3,2,1,0,8,4,4,0
LTe53,LT55,2,1,1,0,8,5,3,0
LTe53,TmY10,4,0,4,0,8,0,8,0
LTe53,LT36,2,1,1,0,8,4,4,0
cM10,MLt4,4,2,2,0,8,4,4,0
LTe16,LT51,3,1,2,0,8,2,6,0
MeTu2a,Sm39,4,3,1,0,8,6,2,0
cL02a,LTe49a,3,2,1,0,8,6,2,0
CB0592,LPi08,1,0,1,0,8,0,8,0
LTe37,LTe60,1,0,1,0,8,0,8,0
LPT45_dCal1,LPT23,1,0,1,0,8,0,8,0
cL05,cLLP02,2,1,1,0,8,4,4,0
cL05,LT77,2,0,2,0,8,0,8,0
cL05,OA-AL2b1,2,1,1,0,8,2,6,0
cL05,MeTu4a,2,1,1,0,8,5,3,0
LT70,LPLC4,3,2,1,0,8,6,2,0
MTe26,MeMe_e01,3,0,3,0,8,0,8,0
MTe26,Tm32,4,3,1,0,8,6,2,0
cM08b,Dm2,4,3,1,0,8,6,2,0
cL02d,LT87,2,1,1,0,8,5,3,0
MTe54,MeTu4a,4,3,1,0,8,6,2,0
LC35,DCH,1,0,1,0,8,0,8,0
LC35,Y4,4,2,2,0,8,4,4,0
cLLP02,Nod1,3,1,2,0,8,2,6,0
cLLPM02,TmY16,4,0,4,0,8,0,8,0
cLLPM02,Pm05,2,1,1,0,8,2,6,0
cLLPM02,Sm42,1,0,1,0,8,0,8,0
cM09,Mi10,4,3,1,0,8,6,2,0
cM09,MTe51,2,0,2,0,8,0,8,0
cM09,Li27,1,0,1,0,8,0,8,0
LC15,TmY4,4,1,3,0,8,2,6,0
LT51,LT56,1,0,1,0,8,0,8,0
LC22,Li31,4,3,1,0,8,6,2,0
cMLLP01,LMa1,4,3,1,0,8,6,2,0
cMLLP01,Sm14,3,0,3,0,8,0,8,0
cMLLP01,Li29,2,1,1,0,8,2,6,0
cMLLP01,LTe01,3,2,1,0,8,4,4,0
DNpe053,LTe43,1,0,1,0,8,0,8,0
cL13,LC14a2,2,1,1,0,8,3,5,0
MeTu1,LC28a,3,0,3,0,8,0,8,0
LC22,LCe01a,3,2,1,0,8,5,3,0
LPT47_vCal2,LPi11,4,2,2,0,8,4,4,0
aMe17a1,Sm32,3,2,1,0,8,4,4,0
aMe17a1,MTe40,2,1,1,0,8,4,4,0
aMe17a1,MTe29,2,1,1,0,8,3,5,0
aMe9,l-LNv,2,0,0,2,8,0,0,8
LPLC4,Tm25,3,0,3,0,8,0,8,0
LPLC4,cL05,1,0,1,0,8,0,8,0
LC21,Li27,3,2,1,0,8,4,4,0
LT80,LTe15,3,2,1,0,8,6,2,0
cL22c,LT52,3,1,2,0,8,3,5,0
LPT23,LPi08,3,0,3,0,8,0,8,0
LPT23,cLP01,4,3,1,0,8,6,2,0
LTe38a,LT59,3,2,1,0,8,4,4,0
cL15,LT59,2,1,1,0,8,3,5,0
cL15,LLPC4,2,1,1,0,8,6,2,0
LTe21,aMe13,1,0,1,0,8,0,8,0
LTe21,Li30,2,1,1,0,8,2,6,0
LT39,Tm37,4,3,1,0,8,6,2,0
LT39,cL01,3,2,1,0,8,6,2,0
LC9,LTe59,4,3,1,0,8,6,2,0
LT43,cL17,2,1,1,0,8,6,2,0
MTe44,Dm12,3,0,3,0,8,0,8,0
LTe25,LC13,2,0,2,0,8,0,8,0
LTe25,Tm5d,2,0,2,0,8,0,8,0
MTe18,Pm08,3,0,3,0,8,0,8,0
LT41,Y12,3,1,2,0,8,2,6,0
LT66,Tlp4,2,0,2,0,8,0,8,0
cM16,Sm03,3,1,2,0,8,2,6,0
cM16,Sm07,4,1,3,0,8,2,6,0
cM16,Sm40,3,1,2,0,8,2,6,0
cM16,LMa1,3,2,1,0,8,4,4,0
cM16,MTe51,3,1,2,0,8,3,5,0
cM16,MLt6,3,1,2,0,8,2,6,0
cM16,MLt1,2,1,1,0,8,4,4,0
cL04,LTe44,3,2,1,0,8,6,2,0
cL04,MLt4,4,2,2,0,8,4,4,0
LPT53,Am1,2,1,1,0,8,4,4,0
LPT53,LPLC1,4,2,2,0,8,4,4,0
PLP215,LTe68,2,1,1,0,8,2,6,0
LPTe01,LPi14,3,2,1,0,8,4,4,0
cLP03,T4a,4,3,1,0,8,6,2,0
LT77,Li33,3,2,1,0,8,6,2,0
Tlp4,LPi06,3,3,0,0,8,8,0,0
Tlp4,LCe06,3,3,0,0,8,8,0,0
Tlp4,Li02,2,2,0,0,8,8,0,0
Dm10,OA-AL2i3,4,4,0,0,8,8,0,0
Tm27,LT76,3,3,0,0,8,8,0,0
Tm31,LCe06,1,1,0,0,8,8,0,0
TmY20,Mi4,4,4,0,0,8,8,0,0
MLt1,Li28,3,3,0,0,8,8,0,0
LMa2,LPT54,3,3,0,0,8,8,0,0
MLt4,MeTu4c,4,4,0,0,8,8,0,0
Li05,LCe06,3,3,0,0,8,8,0,0
Y1,cLLPM02,4,4,0,0,8,8,0,0
Tm5c,Sm26,4,4,0,0,8,8,0,0
Tlp14,VST1,4,4,0,0,8,8,0,0
TmY31,LTe54,3,3,0,0,8,8,0,0
Tlp5,VS5,4,4,0,0,8,8,0,0
Pm09,AVLP534,3,3,0,0,8,8,0,0
TmY20,LPi08,4,4,0,0,8,8,0,0
Dm18,Dm9,3,3,0,0,8,8,0,0
Sm08,MTe41,3,3,0,0,8,8,0,0
Y3,LPT50,4,4,0,0,8,8,0,0
LPi02,MeMe_e07,2,2,0,0,8,8,0,0
Tm35,T2a,4,4,0,0,8,8,0,0
Tm36,LTe08,2,2,0,0,8,8,0,0
MLt6,Tm5f,4,4,0,0,8,8,0,0
T2a,MTe18,3,3,0,0,8,8,0,0
TmY9q,LMt1,4,4,0,0,8,8,0,0
DmDRA2,Sm28,4,4,0,0,8,8,0,0
Tm5c,LT70,3,3,0,0,8,8,0,0
Tm8b,LTe56,2,2,0,0,8,8,0,0
Tm16,LPT04_HST,3,3,0,0,8,8,0,0
Li04,Tm35,3,3,0,0,8,8,0,0
Li04,Li17,4,4,0,0,8,8,0,0
Tm35,Mi2,3,3,0,0,8,8,0,0
TmY10,TmY14,3,3,0,0,8,8,0,0
Y11,LPTe01,4,4,0,0,8,8,0,0
Y11,LTe21,4,4,0,0,8,8,0,0
Tm35,LTe74,2,2,0,0,8,8,0,0
Li13,TmY14,3,3,0,0,8,8,0,0
Li24,Y1,2,2,0,0,8,8,0,0
Y11,cLP05,4,4,0,0,8,8,0,0
Y12,Tm36,3,3,0,0,8,8,0,0
Pm05,Sm08,3,3,0,0,8,8,0,0
LPi08,LLPC4,3,3,0,0,8,8,0,0
TmY14,LMt3,4,4,0,0,8,8,0,0
Pm10,MTe02,3,3,0,0,8,8,0,0
DmDRA1,MTe20,3,3,0,0,8,8,0,0
Sm25,MTe01b,4,4,0,0,8,8,0,0
MLt8,cM08c,4,4,0,0,8,8,0,0
Tm34,LTe29,2,2,0,0,8,8,0,0
Li05,CB0472,4,4,0,0,8,8,0,0
LMa5,TmY10,1,1,0,0,8,8,0,0
Tm5c,MLt4,4,4,0,0,8,8,0,0
Y11,Tm1,4,4,0,0,8,8,0,0
MLt1,LPT04_HST,3,3,0,0,8,8,0,0
L2,Tm5b,1,1,0,0,8,8,0,0
Li24,LC10e,3,3,0,0,8,8,0,0
LMa5,MTe43,4,4,0,0,8,8,0,0
Tm8a,Sm14,3,3,0,0,8,8,0,0
Mi15,MLt5,3,3,0,0,8,8,0,0
Tm4,Li03,2,2,0,0,8,8,0,0
TmY5a,LPT49,4,4,0,0,8,8,0,0
TmY5a,LT69,2,2,0,0,8,8,0,0
Dm9,C2,4,4,0,0,8,8,0,0
Li10,MeTu3a,4,4,0,0,8,8,0,0
T2a,cLLPM01,4,4,0,0,8,8,0,0
Li11,cM07,3,3,0,0,8,8,0,0
Tm5f,LCe05,4,4,0,0,8,8,0,0
Dm8a,Sm25,3,3,0,0,8,8,0,0
Mi13,OA-AL2i3,4,4,0,0,8,8,0,0
Mi2,Li25,2,2,0,0,8,8,0,0
Tm16,LTe38b,2,2,0,0,8,8,0,0
Li05,LCe01b,3,3,0,0,8,8,0,0
LPi08,LPT30,3,3,0,0,8,8,0,0
Sm32,Tm20,3,3,0,0,8,8,0,0
Y3,LTe51,2,2,0,0,8,8,0,0
LPi09,cLP01,4,4,0,0,8,8,0,0
TmY4,Mi15,3,3,0,0,8,8,0,0
Dm9,Mi10,4,4,0,0,8,8,0,0
Li27,LT75,2,2,0,0,8,8,0,0
Dm12,aMe17c,3,3,0,0,8,8,0,0
Mi4,Sm15,3,3,0,0,8,8,0,0
T2a,Dm10,4,4,0,0,8,8,0,0
Dm20,Tm5d,4,4,0,0,8,8,0,0
L2,TmY16,1,1,0,0,8,8,0,0
Dm13,Lawf1,2,2,0,0,8,8,0,0
LMt2,Mi10,3,3,0,0,8,8,0,0
Tm27,Sm42,4,4,0,0,8,8,0,0
TmY15,LPT47_vCal2,3,3,0,0,8,8,0,0
DmDRA2,Sm41,3,3,0,0,8,8,0,0
LLPt,LTe22,3,3,0,0,8,8,0,0
Li05,LC40,4,4,0,0,8,8,0,0
Y1,Mi10,3,3,0,0,8,8,0,0
Dm9,CB0816,4,4,0,0,8,8,0,0
Tm5a,T2a,4,4,0,0,8,8,0,0
Sm10,C2,4,4,0,0,8,8,0,0
Pm14,LMt1,3,3,0,0,8,8,0,0
Pm14,LPT23,2,2,0,0,8,8,0,0
MLt7,MLt6,4,4,0,0,8,8,0,0
Dm17,Sm32,4,4,0,0,8,8,0,0
Sm36,AVLP534,3,3,0,0,8,8,0,0
Sm36,Sm21,4,4,0,0,8,8,0,0
Y11,Mi13,2,2,0,0,8,8,0,0
LPi04,LPT29,3,3,0,0,8,8,0,0
Y11,Mi9,3,3,0,0,8,8,0,0
TmY11,cL05,4,4,0,0,8,8,0,0
Tm37,cL07,3,3,0,0,8,8,0,0
Y12,Tm5c,3,3,0,0,8,8,0,0
Sm29,MTe13,4,4,0,0,8,8,0,0
TmY10,LT67,2,2,0,0,8,8,0,0
CT1,LT62,1,1,0,0,8,8,0,0
LPi14,Pm14,2,2,0,0,8,8,0,0
L1,OA-AL2i3,4,4,0,0,8,8,0,0
Li28,cM07,2,2,0,0,8,8,0,0
MLt1,LT69,2,2,0,0,8,8,0,0
Li13,LTe42c,1,1,0,0,8,8,0,0
Sm35,Sm20,4,4,0,0,8,8,0,0
Sm35,cM08b,2,2,0,0,8,8,0,0
Li01,LC18,3,3,0,0,8,8,0,0
Am1,LMa1,1,1,0,0,8,8,0,0
Tm8b,LC26,3,3,0,0,8,8,0,0
LPi12,VS1,1,1,0,0,8,8,0,0
LPi12,cLP02,3,3,0,0,8,8,0,0
Sm29,cM08c,3,3,0,0,8,8,0,0
LPi11,cLP05,4,4,0,0,8,8,0,0
Li01,LTe19,4,4,0,0,8,8,0,0
Sm12,MTe49,2,2,0,0,8,8,0,0
Sm28,MeMe_e05,1,1,0,0,8,8,0,0
LMa5,Sm07,2,2,0,0,8,8,0,0
MLt8,Sm41,4,4,0,0,8,8,0,0
Sm09,Sm39,3,3,0,0,8,8,0,0
Sm35,MTe14,1,1,0,0,8,8,0,0
Sm35,Lawf2,2,2,0,0,8,8,0,0
Tm5d,OA-AL2b1,3,3,0,0,8,8,0,0
LMa3,Dm10,1,1,0,0,8,8,0,0
cLP01,T5d,4,4,0,0,8,8,0,0
LPLC1,LPT31,4,4,0,0,8,8,0,0
LC41,Lat,3,3,0,0,8,8,0,0
MeTu4c,LTe38b,3,3,0,0,8,8,0,0
LPLC4,LC29,4,4,0,0,8,8,0,0
cM12,MTe01b,3,3,0,0,8,8,0,0
LLPC2,LC31a,3,3,0,0,8,8,0,0
LC40,LPLC1,2,2,0,0,8,8,0,0
MTe01a,MTe46,4,4,0,0,8,8,0,0
MTe01a,MTe03,3,3,0,0,8,8,0,0
MTe05,Tm8b,4,4,0,0,8,8,0,0
LC27,LCe09,4,4,0,0,8,8,0,0
aMe22,LTe49b,1,1,0,0,8,8,0,0
LPLC2,DCH,4,4,0,0,8,8,0,0
LTe14,cL22c,1,0,0,1,8,0,0,8
MeTu1,Sm04,4,4,0,0,8,8,0,0
LC28a,Li27,4,4,0,0,8,8,0,0
LTe16,mALD2,1,1,0,0,8,8,0,0
LPC1,T5a,4,4,0,0,8,8,0,0
LT52,MLt2,4,4,0,0,8,8,0,0
cL12,TmY5a,1,1,0,0,8,8,0,0
LC10a,Tlp1,3,3,0,0,8,8,0,0
aMe26,Sm03,4,4,0,0,8,8,0,0
LPTe01,LPi12,3,3,0,0,8,8,0,0
MTe40,PLP252,1,1,0,0,8,8,0,0
MTe40,aMe9,1,1,0,0,8,8,0,0
cM05,Sm18,2,2,0,0,8,8,0,0
LPLC2,OA-AL2i1,2,2,0,0,8,8,0,0
VS2,LPi06,4,4,0,0,8,8,0,0
PLP051,LT36,1,0,0,1,8,0,0,8
LT57,Lat,3,3,0,0,8,8,0,0
LC36,LC20a,1,1,0,0,8,8,0,0
LHPV2i2a,DNp31,1,1,0,0,8,8,0,0
LTe27,LTe19,1,0,0,1,8,0,0,8
cL13,LTe16,1,1,0,0,8,8,0,0
LTe03,LTe49f,3,3,0,0,8,8,0,0
LT79,Tm5d,3,3,0,0,8,8,0,0
LPTe01,OA-AL2i1,4,4,0,0,8,8,0,0
cM08c,MLt5,4,4,0,0,8,8,0,0
cM08c,Sm18,2,2,0,0,8,8,0,0
cM08c,CL104,2,2,0,0,8,8,0,0
cM08c,Pm09,4,4,0,0,8,8,0,0
CB0734,PLP051,1,1,0,0,8,8,0,0
CB0734,LTe20,1,1,0,0,8,8,0,0
cM18,C2,4,4,0,0,8,8,0,0
MTe01a,Sm40,3,3,0,0,8,8,0,0
MTe01a,TmY9q⊥,4,4,0,0,8,8,0,0
LC21,LC35,2,2,0,0,8,8,0,0
cLLP02,LTe16,2,2,0,0,8,8,0,0
LPT04_HST,LC34,1,1,0,0,8,8,0,0
LT78,PLP023,1,1,0,0,8,8,0,0
CB3866,cL20,1,1,0,0,8,8,0,0
LC31a,LMa5,3,3,0,0,8,8,0,0
LTe43,CB2848,1,1,0,0,8,8,0,0
LPLC2,LC10a,3,3,0,0,8,8,0,0
LTe53,LTe70,1,1,0,0,8,8,0,0
LPLC4,Pm14,3,3,0,0,8,8,0,0
MTe43,cM14,1,0,0,1,8,0,0,8
LPT42_Nod4,LPi02,4,4,0,0,8,8,0,0
LPT42_Nod4,TmY14,3,3,0,0,8,8,0,0
LC4,Tm3,3,3,0,0,8,8,0,0
LLPC1,LT52,4,4,0,0,8,8,0,0
MTe26,Tm35,1,1,0,0,8,8,0,0
LC4,Li30,1,1,0,0,8,8,0,0
cM02a,Tm5d,4,4,0,0,8,8,0,0
cM02a,Sm29,3,3,0,0,8,8,0,0
cM07,Pm05,2,2,0,0,8,8,0,0
cM07,LTe56,1,1,0,0,8,8,0,0
LC45,LC10c,3,3,0,0,8,8,0,0
Nod3,PLP036,1,1,0,0,8,8,0,0
cL20,TmY14,2,2,0,0,8,8,0,0
LC34,LTe49d,3,3,0,0,8,8,0,0
MTe48,MTe05,2,2,0,0,8,8,0,0
LT56,LT78,1,1,0,0,8,8,0,0
LT41,TmY9q⊥,1,1,0,0,8,8,0,0
mALD2,CL104,1,1,0,0,8,8,0,0
CB0143,PLP252,1,1,0,0,8,8,0,0
CB0143,cLP03,1,1,0,0,8,8,0,0
Nod5,TmY15,4,4,0,0,8,8,0,0
MeTu3c,Sm26,3,3,0,0,8,8,0,0
cL11,LTe01,2,2,0,0,8,8,0,0
aMe20,LTe60,1,1,0,0,8,8,0,0
LT38,LC20b,4,4,0,0,8,8,0,0
LC13,LPT31,2,2,0,0,8,8,0,0
LC20a,LC10d,2,2,0,0,8,8,0,0
LC20a,OA-ASM1,1,1,0,0,8,8,0,0
MTe01a,Tm5e,3,3,0,0,8,8,0,0
OA-AL2i1,LPC2,4,4,0,0,8,8,0,0
OA-AL2i1,LPi11,3,3,0,0,8,8,0,0
OA-AL2i1,cLP03,3,3,0,0,8,8,0,0
LTe64,LTe12,1,1,0,0,8,8,0,0
LLPC1,LPT31,3,3,0,0,8,8,0,0
PLP023,cLP03,1,1,0,0,8,8,0,0
LT37,Li21,2,2,0,0,8,8,0,0
aMe24,aMe10,1,1,0,0,8,8,0,0
LTe13,AVLP593,1,1,0,0,8,8,0,0
LTe38b,PLP252,1,1,0,0,8,8,0,0
MTe22,LT43,1,1,0,0,8,8,0,0
MTe22,Sm35,1,1,0,0,8,8,0,0
LT80,Li05,4,4,0,0,8,8,0,0
LT80,LC14a1,2,2,0,0,8,8,0,0
cL14,LC20b,3,3,0,0,8,8,0,0
MTe30,MTe38,1,1,0,0,8,8,0,0
LC28a,LMa3,4,4,0,0,8,8,0,0
LPT54,LTe53,1,1,0,0,8,8,0,0
LPT54,LTe22,1,1,0,0,8,8,0,0
LTe38b,LT59,1,1,0,0,8,8,0,0
LTe38b,LTe43,1,1,0,0,8,8,0,0
LC10b,cL20,3,3,0,0,8,8,0,0
LTe35,Li04,3,3,0,0,8,8,0,0
MTe01a,Sm03,4,4,0,0,8,8,0,0
cLP05,LPi11,3,3,0,0,8,8,0,0
MeTu4d,Sm30,3,3,0,0,8,8,0,0
LTe74,LTe60,1,1,0,0,8,8,0,0
aMe17a2,T2a,3,3,0,0,8,8,0,0
cM08a,MLt5,4,4,0,0,8,8,0,0
cL02b,LPLC1,3,3,0,0,8,8,0,0
cL02b,LC11,1,1,0,0,8,8,0,0
DGI,cL10,1,1,0,0,8,8,0,0
VS6,T4d,4,4,0,0,8,8,0,0
LTe59,Li32,1,1,0,0,8,8,0,0
LPT21,Y1,3,3,0,0,8,8,0,0
LT38,LTe16,1,1,0,0,8,8,0,0
LT38,cL20,1,1,0,0,8,8,0,0
LT38,cM10,1,1,0,0,8,8,0,0
LT68,LC6,4,4,0,0,8,8,0,0
LC35,LC10a,3,3,0,0,8,8,0,0
LTe17,PLP022,1,1,0,0,8,8,0,0
LTe52,CB0143,1,1,0,0,8,8,0,0
HSS,CB0143,1,1,0,0,8,8,0,0
cM01b,TmY10,3,3,0,0,8,8,0,0
LT43,cM10,2,2,0,0,8,8,0,0
LPT53,Li32,1,1,0,0,8,8,0,0
cL22a,LTe28,1,1,0,0,8,8,0,0
cL22b,LT41,1,0,0,1,8,0,0,8
DNg33,T2,3,3,0,0,8,8,0,0
LTe21,LPC2,3,3,0,0,8,8,0,0
LPT26,TmY20,4,4,0,0,8,8,0,0
LPT26,LPi05,3,3,0,0,8,8,0,0
LT43,LT86,1,1,0,0,8,8,0,0
LTe43,LLPt,1,1,0,0,8,8,0,0
LTe05,LC11,4,4,0,0,8,8,0,0
cLLPM02,LPLC2,3,3,0,0,8,8,0,0
LPT28,LPi04,4,4,0,0,8,8,0,0
cMLLP02,cMLLP02,1,1,0,0,8,8,0,0
aMe5,Dm8b,3,3,0,0,8,8,0,0
aMe4,Tm31,1,1,0,0,8,8,0,0
cL02a,LTe14,1,1,0,0,8,8,0,0
Nod2,cL20,1,0,0,1,8,0,0,8
LPT49,cM14,1,0,0,1,8,0,0,8
LT75,OA-ASM1,1,1,0,0,8,8,0,0
LT34,Tm37,3,3,0,0,8,8,0,0
cL02c,LTe42b,1,1,0,0,8,8,0,0
cM09,Tm16,3,3,0,0,8,8,0,0
LTe07,LT59,1,1,0,0,8,8,0,0
VS5,LPLC2,3,3,0,0,8,8,0,0
VS5,LLPC3,3,3,0,0,8,8,0,0
DCH,LLPC3,4,4,0,0,8,8,0,0
LT65,LTe17,1,1,0,0,8,8,0,0
LC17,LTe17,1,1,0,0,8,8,0,0
mALC3,LLPC3,1,1,0,0,8,8,0,0
LTe22,PLP215,1,1,0,0,8,8,0,0
LTe22,LT52,3,3,0,0,8,8,0,0
LTe15,CB0802,1,1,0,0,8,8,0,0
LC10e,LTe47,1,1,0,0,8,8,0,0
PLP081,PLP249,1,1,0,0,8,8,0,0
cL02a,Li11,2,2,0,0,8,8,0,0
cMLLP01,LPTe02,2,2,0,0,8,8,0,0
cMLLP01,LTe05,1,1,0,0,8,8,0,0
cL05,LC45,3,3,0,0,8,8,0,0
LTe44,cL14,1,1,0,0,8,8,0,0
VS4,Y12,4,4,0,0,8,8,0,0
Tm3,LPi07,3,0,3,0,7,0,7,0
Pm01,TmY3,3,0,3,0,7,0,7,0
Tm16,LMTe01,3,1,2,0,7,2,5,0
T4a,LMa5,2,0,2,0,7,0,7,0
Tm5b,Mi2,3,1,2,0,7,2,5,0
Sm08,MeMe_e05,3,1,2,0,7,2,5,0
Tm35,LTe23,3,0,3,0,7,0,7,0
T2a,MTe01a,3,1,2,0,7,3,4,0
Sm24,Sm40,3,0,3,0,7,0,7,0
LPi06,MeLp1,2,0,2,0,7,0,7,0
LPi06,Tm5c,3,1,2,0,7,2,5,0
Tm33,LPT54,2,1,1,0,7,5,2,0
Sm15,Sm29,2,0,2,0,7,0,7,0
Tm32,MLt6,3,1,2,0,7,3,4,0
TmY11,LPT26,1,0,1,0,7,0,7,0
Tm5b,LTe05,3,2,1,0,7,5,2,0
Tm5b,LT74,3,0,3,0,7,0,7,0
Tm5a,DmDRA1,1,0,1,0,7,0,7,0
Tm5a,MeTu1,3,0,3,0,7,0,7,0
Tm5a,DmDRA2,1,0,1,0,7,0,7,0
Li07,LMt1,3,2,1,0,7,5,2,0
Tm37,OA-ASM1,3,0,3,0,7,0,7,0
Dm2,Sm25,3,1,2,0,7,3,4,0
Mi4,Sm10,3,0,3,0,7,0,7,0
T4a,Tm2,3,1,2,0,7,2,5,0
Dm11,Tm21,3,0,3,0,7,0,7,0
Mi14,Y12,3,0,3,0,7,0,7,0
Tm8b,cM08a,2,0,2,0,7,0,7,0
Y3,LT79,3,1,2,0,7,3,4,0
Li02,LTe49b,1,0,1,0,7,0,7,0
Li02,LCe04,3,0,3,0,7,0,7,0
Tlp14,Li06,3,1,2,0,7,2,5,0
Li21,cML01,3,2,1,0,7,4,3,0
Sm16,MeTu4d,3,1,2,0,7,2,5,0
T3,Dm10,3,1,2,0,7,2,5,0
Tm5d,MTe01a,3,1,2,0,7,3,4,0
Sm07,LCe01a,3,0,3,0,7,0,7,0
Tm5b,Dm12,3,0,3,0,7,0,7,0
T3,Y1,3,1,2,0,7,2,5,0
T4d,cLP01,3,2,1,0,7,5,2,0
TmY9q⊥,LTe58,3,1,2,0,7,2,5,0
Sm05,Tm37,3,2,1,0,7,4,3,0
MLt5,cM03,3,1,2,0,7,3,4,0
MLt5,LCe09,3,2,1,0,7,5,2,0
Li10,MTe03,2,0,2,0,7,0,7,0
Sm22,Pm10,3,1,2,0,7,2,5,0
TmY10,Pm07,3,1,2,0,7,3,4,0
Tm32,Sm05,3,1,2,0,7,3,4,0
Li12,cL13,2,1,1,0,7,2,5,0
Y4,Li25,3,2,1,0,7,5,2,0
LPi06,LPi06,3,1,2,0,7,2,5,0
Sm40,MTe09,2,1,1,0,7,3,4,0
Tm7,cL14,3,2,1,0,7,5,2,0
Mi15,MTe33,3,1,2,0,7,2,5,0
Sm04,Tm20,3,1,2,0,7,2,5,0
Tm20,LTe08,3,1,2,0,7,2,5,0
Tm32,LC34,3,2,1,0,7,5,2,0
TmY10,cM07,3,2,1,0,7,5,2,0
T5b,MeLp2,3,1,2,0,7,3,4,0
Sm15,CB0566,3,0,3,0,7,0,7,0
LMt3,LMt3,3,1,2,0,7,2,5,0
LMt3,Li19,3,1,2,0,7,3,4,0
Tm5f,C2,3,2,1,0,7,5,2,0
R7,R1-6,3,0,3,0,7,0,7,0
TmY4,Li25,3,0,3,0,7,0,7,0
C3,Li06,3,0,3,0,7,0,7,0
TmY16,HSN,2,0,2,0,7,0,7,0
Sm32,Dm4,3,1,2,0,7,2,5,0
Dm14,TmY5a,3,1,2,0,7,2,5,0
Tm16,PLP215,3,1,2,0,7,3,4,0
Li21,LCe01b,1,0,1,0,7,0,7,0
Li21,LC10c,1,0,1,0,7,0,7,0
Tlp4,LC16,2,0,2,0,7,0,7,0
Sm01,Pm05,3,2,1,0,7,5,2,0
LMa1,Tm33,2,0,2,0,7,0,7,0
Li02,LT83,3,2,1,0,7,4,3,0
Li02,LCe07,3,2,1,0,7,4,3,0
Li02,T2a,3,2,1,0,7,5,2,0
TmY9q⊥,LC41,3,0,3,0,7,0,7,0
Tm32,LTe76,3,1,2,0,7,2,5,0
Sm28,MeMe_e10,3,2,1,0,7,5,2,0
Tm16,LT65,3,1,2,0,7,2,5,0
Tm3,LT80,3,0,3,0,7,0,7,0
Tm5a,LC29,3,2,1,0,7,5,2,0
Tm25,Sm32,3,1,2,0,7,2,5,0
TmY16,VCH,3,2,1,0,7,5,2,0
TmY16,Mi10,2,0,2,0,7,0,7,0
Dm12,Sm05,3,0,3,0,7,0,7,0
Li03,LT47,3,0,3,0,7,0,7,0
MLt5,TmY10,3,1,2,0,7,2,5,0
Y4,LTe49c,3,2,1,0,7,5,2,0
Tlp5,LT36,3,0,3,0,7,0,7,0
Tlp5,LC10b,3,2,1,0,7,5,2,0
Tlp5,LTe18,2,1,1,0,7,5,2,0
Li16,cML01,3,1,2,0,7,3,4,0
TmY20,LC11,2,1,1,0,7,4,3,0
TmY5a,LTe37,3,0,3,0,7,0,7,0
T1,Tm21,3,1,2,0,7,3,4,0
LPi05,LLPt,3,1,2,0,7,2,5,0
Dm8a,MeMe_e02,3,2,1,0,7,5,2,0
Tm21,Lawf1,3,2,1,0,7,5,2,0
Dm6,Tm27,3,0,3,0,7,0,7,0
Li18,Li05,3,1,2,0,7,2,5,0
TmY11,LT39,3,1,2,0,7,2,5,0
TmY10,LT72,3,1,2,0,7,3,4,0
Li18,C2,3,0,3,0,7,0,7,0
Mi13,Dm20,3,1,2,0,7,3,4,0
Sm19,Tm35,2,1,1,0,7,2,5,0
Sm21,Tm7,3,2,1,0,7,5,2,0
MLt2,LC13,3,0,3,0,7,0,7,0
Tm5a,5-HTPMPV03,3,1,2,0,7,2,5,0
Tm16,LTe49b,3,0,3,0,7,0,7,0
TmY20,LPLC1,3,1,2,0,7,2,5,0
TmY10,aMe4,2,0,2,0,7,0,7,0
Pm07,aMe1,1,0,1,0,7,0,7,0
Pm10,Sm22,3,0,3,0,7,0,7,0
TmY4,T2,3,0,3,0,7,0,7,0
Sm17,MTe21,3,1,2,0,7,3,4,0
Tm20,Sm13,3,2,1,0,7,5,2,0
Sm31,Sm03,3,1,2,0,7,3,4,0
LMt4,Lawf2,3,1,2,0,7,2,5,0
Mi15,MTe50,3,0,3,0,7,0,7,0
Y11,LC21,3,1,2,0,7,3,4,0
Y11,H1,2,0,2,0,7,0,7,0
Mi10,MTe06,3,1,2,0,7,2,5,0
Tm5f,MLt6,3,1,2,0,7,2,5,0
TmY16,Pm06,3,1,2,0,7,2,5,0
Tlp1,LMa1,3,1,2,0,7,3,4,0
Tm34,OA-AL2b1,2,0,2,0,7,0,7,0
MLt7,MLt2,3,1,2,0,7,2,5,0
Li04,Li33,3,1,2,0,7,2,5,0
Li04,TmY31,3,1,2,0,7,2,5,0
Li07,Li02,2,1,1,0,7,5,2,0
Li05,LT66,2,0,2,0,7,0,7,0
MLt6,TmY20,3,1,2,0,7,2,5,0
MLt6,Tm36,3,1,2,0,7,2,5,0
MLt6,LC33a,2,1,1,0,7,4,3,0
MLt6,LC21,3,0,3,0,7,0,7,0
Sm27,Sm35,3,2,1,0,7,4,3,0
Tm31,TmY10,3,0,3,0,7,0,7,0
Sm18,MTe29,3,1,2,0,7,3,4,0
MLt1,Li05,3,1,2,0,7,3,4,0
T4b,Tm16,3,2,1,0,7,5,2,0
LMt1,Li32,3,2,1,0,7,4,3,0
LMt1,Li20,3,2,1,0,7,4,3,0
Li20,OA-AL2i2,3,2,1,0,7,4,3,0
Li20,LT61b,1,0,1,0,7,0,7,0
TmY31,L1,3,0,3,0,7,0,7,0
Tm34,LTe19,2,1,1,0,7,2,5,0
Sm27,aMe5,3,1,2,0,7,3,4,0
Sm27,Sm19,3,1,2,0,7,2,5,0
Dm9,Sm26,3,1,2,0,7,3,4,0
TmY9q,LTe01,3,2,1,0,7,4,3,0
T2,HSS,3,0,3,0,7,0,7,0
LMa3,LC31c,3,2,1,0,7,5,2,0
LMa4,Li10,3,1,2,0,7,2,5,0
TmY31,LTe49e,3,2,1,0,7,5,2,0
TmY5a,LTe68,3,0,3,0,7,0,7,0
TmY31,cL04,3,1,2,0,7,3,4,0
MLt4,MLt5,3,1,2,0,7,2,5,0
MLt4,Y1,3,1,2,0,7,3,4,0
MLt2,Dm20,3,2,1,0,7,4,3,0
Tm16,Mi15,3,2,1,0,7,5,2,0
Pm01,Tm5f,3,1,2,0,7,2,5,0
Pm01,Li17,2,0,2,0,7,0,7,0
Pm01,Tm5d,3,1,2,0,7,2,5,0
Dm8a,Sm10,3,1,2,0,7,2,5,0
LMt4,Tm1,2,1,1,0,7,4,3,0
Tm5d,Li30,2,1,1,0,7,2,5,0
Li26,OA-AL2i1,2,0,2,0,7,0,7,0
TmY10,Mi15,3,1,2,0,7,3,4,0
Dm12,5-HTPMPV03,3,2,1,0,7,5,2,0
LMa4,cML01,3,2,1,0,7,4,3,0
Sm41,5-HTPMPV03,3,2,1,0,7,5,2,0
Sm41,Dm12,2,1,1,0,7,2,5,0
L4,Tm5b,3,0,3,0,7,0,7,0
Mi10,MLt7,3,0,3,0,7,0,7,0
LMt3,LC40,1,0,1,0,7,0,7,0
T5b,T2a,3,1,2,0,7,2,5,0
R1-6,TmY15,3,0,3,0,7,0,7,0
R1-6,Pm01,2,0,2,0,7,0,7,0
TmY31,Mi15,3,0,3,0,7,0,7,0
Tm20,Sm03,3,2,1,0,7,5,2,0
MLt5,Sm23,3,1,2,0,7,2,5,0
Tm5c,MTe39,3,1,2,0,7,2,5,0
Y11,LT80,3,1,2,0,7,2,5,0
Tm31,MTe01a,3,1,2,0,7,2,5,0
TmY10,LT65,3,0,3,0,7,0,7,0
Sm18,MTe19,3,1,2,0,7,2,5,0
Sm31,aMe5,3,1,2,0,7,2,5,0
LPi08,Am1,1,0,1,0,7,0,7,0
LPi02,LLPC3,3,0,3,0,7,0,7,0
MLt1,LC17,2,0,2,0,7,0,7,0
MLt1,Sm40,2,0,2,0,7,0,7,0
MLt1,LT68,3,2,1,0,7,5,2,0
L3,Dm8b,3,0,3,0,7,0,7,0
TmY31,MTe16,1,0,1,0,7,0,7,0
DmDRA1,Dm20,3,1,2,0,7,2,5,0
TmY9q,LMa2,3,1,2,0,7,2,5,0
Tm20,LT53,3,2,1,0,7,4,3,0
Tm21,Li33,3,0,3,0,7,0,7,0
Tm1,MLt5,2,0,2,0,7,0,7,0
Tm25,MLt4,3,1,2,0,7,2,5,0
TmY9q⊥,LT85,3,1,2,0,7,2,5,0
LMa4,Li33,2,0,2,0,7,0,7,0
Sm10,OA-AL2i4,3,2,1,0,7,4,3,0
Sm10,aMe5,3,1,2,0,7,3,4,0
Tlp14,cLP05,3,1,2,0,7,3,4,0
TmY15,VCH,1,0,1,0,7,0,7,0
MLt1,PLP215,3,2,1,0,7,5,2,0
Sm25,Tm8b,2,0,2,0,7,0,7,0
Sm07,CB0816,3,1,2,0,7,3,4,0
Pm10,Tm32,1,0,1,0,7,0,7,0
Pm10,Sm13,2,0,2,0,7,0,7,0
Pm10,Sm41,2,0,2,0,7,0,7,0
Sm14,cM03,3,0,3,0,7,0,7,0
Tm21,Li29,3,0,3,0,7,0,7,0
Mi10,Tm34,1,0,1,0,7,0,7,0
T4a,Pm11,3,1,2,0,7,3,4,0
MLt1,cL10,3,2,1,0,7,4,3,0
LPi14,Tlp14,2,0,2,0,7,0,7,0
TmY11,Li07,3,0,3,0,7,0,7,0
T4a,H2,3,0,3,0,7,0,7,0
Sm30,Tm31,3,2,1,0,7,5,2,0
Sm30,MLt1,3,0,3,0,7,0,7,0
Sm30,MLt5,3,1,2,0,7,2,5,0
Tlp14,LMa3,3,2,1,0,7,5,2,0
Tm25,LTe55,3,0,3,0,7,0,7,0
Li10,LT60,3,1,2,0,7,2,5,0
Tm7,LTe76,3,2,1,0,7,4,3,0
TmY20,MTe36,3,1,2,0,7,2,5,0
LPi02,HSN,3,2,1,0,7,5,2,0
Tm3,DNp11,3,0,3,0,7,0,7,0
TmY20,Sm07,2,0,2,0,7,0,7,0
TmY10,LTe04,3,1,2,0,7,2,5,0
Pm09,Y1,3,0,3,0,7,0,7,0
Pm09,Tm7,3,0,3,0,7,0,7,0
Sm30,Sm20,2,1,1,0,7,3,4,0
Sm30,Sm32,3,1,2,0,7,2,5,0
Li10,cM07,3,1,2,0,7,2,5,0
Dm11,MTe03,3,2,1,0,7,5,2,0
Dm14,Mi4,3,2,1,0,7,5,2,0
Sm31,Sm11,3,2,1,0,7,5,2,0
Sm22,MTe36,3,2,1,0,7,5,2,0
Li02,LC25,2,1,1,0,7,2,5,0
Pm05,T4b,3,1,2,0,7,3,4,0
Pm09,TmY11,3,2,1,0,7,5,2,0
Li11,LT77,3,0,3,0,7,0,7,0
Tm27,LT87,3,1,2,0,7,2,5,0
Dm10,Pm01,2,0,2,0,7,0,7,0
Dm10,Dm6,3,1,2,0,7,2,5,0
Dm10,T4b,2,0,2,0,7,0,7,0
Tm7,LMa3,3,2,1,0,7,5,2,0
LMt2,TmY9q⊥,3,1,2,0,7,3,4,0
Tm20,LTe10,3,1,2,0,7,2,5,0
Mi4,Y12,3,1,2,0,7,3,4,0
Tm8b,Dm10,3,1,2,0,7,3,4,0
Tm5c,LTe19,3,2,1,0,7,5,2,0
TmY11,LTe40,3,0,3,0,7,0,7,0
Tm35,LTe25,3,2,1,0,7,4,3,0
Mi15,aMe17a2,3,2,1,0,7,4,3,0
Sm32,Mi2,2,0,2,0,7,0,7,0
Tm2,mALC3,3,1,2,0,7,2,5,0
Li06,Li30,3,2,1,0,7,4,3,0
Sm06,aMe9,3,2,1,0,7,4,3,0
Tm5c,Dm18,3,2,1,0,7,5,2,0
Sm07,DmDRA1,3,2,1,0,7,5,2,0
Tm16,Sm07,3,1,2,0,7,2,5,0
Y3,cL20,3,2,1,0,7,5,2,0
Sm20,Sm40,2,0,2,0,7,0,7,0
MLt1,OA-ASM1,3,2,1,0,7,5,2,0
MLt1,LPT54,3,2,1,0,7,4,3,0
LMa4,LPi03,3,1,2,0,7,2,5,0
Li05,MLt2,3,1,2,0,7,3,4,0
Sm12,MTe53,3,0,3,0,7,0,7,0
Mi4,MTe43,3,1,2,0,7,3,4,0
LLPt,LTe09,3,1,2,0,7,2,5,0
LLPt,MLt7,3,1,2,0,7,3,4,0
Li13,OA-ASM1,3,2,1,0,7,5,2,0
Li13,LTe64,3,0,3,0,7,0,7,0
Tm16,PLP241,3,0,3,0,7,0,7,0
Tm5a,C2,3,0,3,0,7,0,7,0
Tm32,LTe73,3,2,1,0,7,5,2,0
Li06,TmY3,3,0,3,0,7,0,7,0
Sm08,CB0592,3,1,2,0,7,3,4,0
PDt,Pm08,3,1,2,0,7,2,5,0
Li11,TmY9q,3,1,2,0,7,3,4,0
Tm31,MTe32,3,1,2,0,7,2,5,0
Tm31,Sm12,3,0,3,0,7,0,7,0
Li05,cMLLP01,2,1,1,0,7,2,5,0
LPi01,Tlp4,2,0,2,0,7,0,7,0
L5,Tm34,3,1,2,0,7,2,5,0
LMa2,OA-AL2i1,3,1,2,0,7,2,5,0
LLPt,Tm32,3,1,2,0,7,3,4,0
LLPt,Tm1,3,2,1,0,7,4,3,0
LLPt,MLt8,3,2,1,0,7,5,2,0
TmY9q⊥,LT37,3,1,2,0,7,2,5,0
TmY31,Li16,3,2,1,0,7,5,2,0
Tm34,LC29,2,0,2,0,7,0,7,0
Tm34,LC28a,3,0,3,0,7,0,7,0
Tm9,Tm8b,3,1,2,0,7,2,5,0
Sm15,TmY31,3,0,3,0,7,0,7,0
Tm37,Sm36,3,2,1,0,7,5,2,0
LPi11,LC10a,2,1,1,0,7,5,2,0
Sm25,Sm05,3,2,1,0,7,4,3,0
Li01,LTe27,3,1,2,0,7,2,5,0
TmY3,LPi05,3,1,2,0,7,3,4,0
MLt5,Tm21,3,0,3,0,7,0,7,0
Sm32,R8,3,0,3,0,7,0,7,0
Tm36,LT53,3,1,2,0,7,3,4,0
Tm36,MLt2,3,0,3,0,7,0,7,0
Sm29,aMe5,3,0,3,0,7,0,7,0
Sm29,cM01c,3,1,2,0,7,3,4,0
Sm29,Sm14,3,1,2,0,7,2,5,0
L5,T4b,2,0,2,0,7,0,7,0
LLPt,LTe47,2,0,2,0,7,0,7,0
Li02,LC10f,3,1,2,0,7,3,4,0
L3,Dm15,3,1,2,0,7,2,5,0
Li05,MLt3,3,1,2,0,7,2,5,0
TmY20,LTe42a,3,1,2,0,7,2,5,0
L5,cM15,3,0,3,0,7,0,7,0
Dm8b,TmY9q⊥,3,0,3,0,7,0,7,0
Tm5e,LTe47,3,0,3,0,7,0,7,0
Mi15,MeTu4d,3,1,2,0,7,2,5,0
T5c,cML02,3,1,2,0,7,2,5,0
TmY3,Li07,3,2,1,0,7,5,2,0
Lawf1,Sm04,3,1,2,0,7,3,4,0
LMa1,LC6,3,1,2,0,7,2,5,0
Y4,LTe08,3,2,1,0,7,5,2,0
Dm18,T1,3,1,2,0,7,2,5,0
TmY4,LPT57,3,1,2,0,7,3,4,0
LPi15,LPT48_vCal3,2,1,1,0,7,3,4,0
Tm16,cM15,3,1,2,0,7,2,5,0
L4,Tm16,3,0,3,0,7,0,7,0
R7,MTe07,3,1,2,0,7,3,4,0
Dm2,l-LNv,3,0,3,0,7,0,7,0
Tm36,Pm09,3,0,3,0,7,0,7,0
Sm14,MeMe_e04,2,1,1,0,7,5,2,0
TmY3,H2,3,2,1,0,7,4,3,0
Li08,Li26,2,1,1,0,7,3,4,0
Lawf1,Tm20,3,1,2,0,7,3,4,0
TmY31,cLPL01,2,1,1,0,7,2,5,0
LMt3,LC4,3,1,2,0,7,2,5,0
Tm27,MTe27,3,2,1,0,7,5,2,0
L1,Tm5c,3,2,1,0,7,5,2,0
MLt2,LC10a,3,1,2,0,7,2,5,0
Tm21,Dm12,3,2,1,0,7,5,2,0
Tm5e,MTe54,3,1,2,0,7,2,5,0
Tm34,TmY4,3,0,3,0,7,0,7,0
T2,Y12,2,0,2,0,7,0,7,0
Tm21,Sm05,2,0,2,0,7,0,7,0
Li08,LT72,3,0,3,0,7,0,7,0
MLt3,Tm2,3,1,2,0,7,2,5,0
Pm09,Tlp4,3,2,1,0,7,4,3,0
Li13,LMa5,3,0,3,0,7,0,7,0
Tm5f,LTe14,3,0,3,0,7,0,7,0
Y12,Pm03,3,0,3,0,7,0,7,0
Mi15,MTe01a,3,2,1,0,7,5,2,0
TmY15,MLt5,2,1,1,0,7,2,5,0
L5,TmY9q,3,0,3,0,7,0,7,0
Tm32,5-HTPMPV03,3,1,2,0,7,3,4,0
Pm04,T1,2,0,2,0,7,0,7,0
T4d,Pm14,3,2,1,0,7,5,2,0
Li05,LTe38c,2,0,2,0,7,0,7,0
R8,OA-AL2i3,3,2,1,0,7,5,2,0
TmY9q,LC45,3,2,1,0,7,5,2,0
Tm5c,aMe26,3,2,1,0,7,5,2,0
T5d,Tlp5,3,1,2,0,7,3,4,0
Li28,Li03,3,0,3,0,7,0,7,0
Li28,OA-AL2b1,3,1,2,0,7,3,4,0
Li28,LTe16,3,2,1,0,7,4,3,0
Li28,LMa5,3,2,1,0,7,5,2,0
Y12,MTe34,2,0,2,0,7,0,7,0
TmY3,Pm06,3,1,2,0,7,2,5,0
T3,LT61b,3,0,3,0,7,0,7,0
Tm35,LTe04,3,1,2,0,7,2,5,0
Li05,Tm37,3,1,2,0,7,2,5,0
Y4,CB3089,1,0,1,0,7,0,7,0
LMt2,MTe08,3,1,2,0,7,2,5,0
Pm14,Pm06,3,2,1,0,7,5,2,0
Pm14,MeTu4c,3,2,1,0,7,4,3,0
Pm14,Pm14,2,0,2,0,7,0,7,0
Dm9,Sm06,3,1,2,0,7,2,5,0
T5c,LPT30,3,2,1,0,7,5,2,0
Tlp5,LPT48_vCal3,3,1,2,0,7,2,5,0
Dm15,Tm27,3,0,3,0,7,0,7,0
Tm7,Li23,3,2,1,0,7,4,3,0
Sm06,Tm20,3,2,1,0,7,5,2,0
Y12,LC19,3,0,3,0,7,0,7,0
Tm31,LTe14,2,1,1,0,7,4,3,0
Sm03,aMe19b,2,0,2,0,7,0,7,0
Dm8b,T2,3,2,1,0,7,4,3,0
Tm25,Mi13,2,1,1,0,7,4,3,0
MLt7,MeMe_e03,3,1,2,0,7,2,5,0
Dm8a,MTe30,3,1,2,0,7,2,5,0
Dm8a,Sm37,3,2,1,0,7,4,3,0
Tm20,Li29,2,1,1,0,7,5,2,0
TmY11,Mi15,3,1,2,0,7,2,5,0
Tm8b,PLP051,2,1,1,0,7,5,2,0
TmY14,T1,3,0,3,0,7,0,7,0
TmY10,LTe36,3,1,2,0,7,2,5,0
Tm34,MTe01a,3,1,2,0,7,2,5,0
Dm3p,MTe43,3,2,1,0,7,5,2,0
Sm10,LT58,3,0,3,0,7,0,7,0
Sm10,cL10,3,1,2,0,7,2,5,0
Tm25,L2,3,2,1,0,7,5,2,0
Sm19,aMe12,3,2,1,0,7,4,3,0
Sm22,MTe34,3,2,1,0,7,5,2,0
Mi13,Tm33,2,1,1,0,7,4,3,0
Tm16,PLP251,3,1,2,0,7,2,5,0
MLt8,LTe75,3,2,1,0,7,5,2,0
Tm37,LTe10,3,2,1,0,7,4,3,0
Tm16,Sm22,3,1,2,0,7,2,5,0
MLt5,Sm16,3,2,1,0,7,5,2,0
MLt5,LMa1,3,1,2,0,7,3,4,0
Y12,C2,2,0,2,0,7,0,7,0
TmY5a,LC46,2,1,1,0,7,2,5,0
L3,Sm08,2,0,2,0,7,0,7,0
LLPt,Tm25,3,1,2,0,7,3,4,0
LLPt,MLt2,3,1,2,0,7,3,4,0
Y12,LT11,3,1,2,0,7,2,5,0
Sm12,Sm19,3,2,1,0,7,5,2,0
Tm2,DNc01,3,2,1,0,7,4,3,0
LPi04,T4b,3,2,1,0,7,5,2,0
Li31,LT33,2,1,1,0,7,2,5,0
Li31,Tm20,2,0,2,0,7,0,7,0
Li31,LPLC4,3,1,2,0,7,2,5,0
Li31,LT1b,2,1,1,0,7,5,2,0
Li31,LCe01,2,1,1,0,7,5,2,0
Sm30,aMe4,3,0,3,0,7,0,7,0
Sm30,MTe05,3,1,2,0,7,2,5,0
Mi9,MTe13,3,1,2,0,7,2,5,0
Dm8a,Tm2,3,1,2,0,7,2,5,0
Sm39,Dm1,2,0,2,0,7,0,7,0
Sm39,Sm12,3,1,2,0,7,2,5,0
Sm39,MeTu2b,3,2,1,0,7,5,2,0
TmY11,MTe08,3,2,1,0,7,5,2,0
TmY31,LTe22,3,1,2,0,7,2,5,0
LMt4,LC14a2,3,1,2,0,7,3,4,0
Li24,Tm37,3,1,2,0,7,2,5,0
Tm8a,Sm11,3,2,1,0,7,4,3,0
MLt6,Sm35,3,2,1,0,7,4,3,0
MLt4,Li04,3,0,3,0,7,0,7,0
Mi15,TmY31,3,2,1,0,7,5,2,0
Tm5f,T1,1,0,1,0,7,0,7,0
Tm37,LTe16,3,0,3,0,7,0,7,0
LMt1,MLt1,3,2,1,0,7,4,3,0
LMt1,Pm14,3,1,2,0,7,3,4,0
MLt7,LTe70,2,1,1,0,7,5,2,0
TmY16,LC21,2,0,2,0,7,0,7,0
TmY20,LPT54,3,2,1,0,7,5,2,0
Tm27,Li14,3,0,3,0,7,0,7,0
MLt3,Li30,3,1,2,0,7,2,5,0
TmY11,LT67,3,1,2,0,7,3,4,0
Tm3,LTe05,3,2,1,0,7,5,2,0
MLt4,Tm21,3,2,1,0,7,5,2,0
Li01,LT72,3,1,2,0,7,2,5,0
Dm9,Dm12,3,2,1,0,7,5,2,0
Dm10,TmY31,3,0,3,0,7,0,7,0
DmDRA1,Tm5e,3,1,2,0,7,2,5,0
Li13,LT66,3,2,1,0,7,5,2,0
Tm5f,Y12,1,0,1,0,7,0,7,0
Sm42,cM07,2,1,1,0,7,3,4,0
Li25,Li10,3,0,3,0,7,0,7,0
Pm02,TmY9q⊥,3,2,1,0,7,5,2,0
Pm10,MTe34,2,0,2,0,7,0,7,0
Tm9,Dm1,3,1,2,0,7,2,5,0
Tlp14,LPT58,3,2,1,0,7,5,2,0
Tlp14,T4a,3,1,2,0,7,2,5,0
Y4,Tlp1,3,2,1,0,7,5,2,0
Mi10,R7,1,0,1,0,7,0,7,0
Tm5f,LT61a,3,1,2,0,7,2,5,0
T5a,Tm5f,3,0,3,0,7,0,7,0
Tm34,TmY16,3,1,2,0,7,2,5,0
LPi08,T4c,3,1,2,0,7,2,5,0
Pm08,MTe39,3,1,2,0,7,3,4,0
TmY15,LT83,3,1,2,0,7,2,5,0
Y1,LPTe02,3,2,1,0,7,5,2,0
Tm5d,TmY9q,3,0,3,0,7,0,7,0
Y3,LCe04,2,1,1,0,7,4,3,0
T2a,Li22,2,0,2,0,7,0,7,0
Li14,LC17,2,0,2,0,7,0,7,0
Sm22,Sm12,3,1,2,0,7,2,5,0
Li27,LT67,3,1,2,0,7,2,5,0
MLt8,LC33a,3,1,2,0,7,2,5,0
T2,Li10,2,1,1,0,7,5,2,0
LPi07,VS1,3,1,2,0,7,3,4,0
Mi15,Sm40,3,1,2,0,7,2,5,0
Sm22,MLt2,3,2,1,0,7,5,2,0
Sm05,Pm03,3,2,1,0,7,5,2,0
Tm5e,LTe40,3,2,1,0,7,5,2,0
TmY31,MTe43,3,0,3,0,7,0,7,0
Tm8b,MTe05,3,1,2,0,7,2,5,0
Sm08,Pm14,3,2,1,0,7,5,2,0
Sm33,Tm8b,3,1,2,0,7,2,5,0
TmY9q,LPT21,3,1,2,0,7,3,4,0
LPi12,Tm21,2,1,1,0,7,5,2,0
LPi12,T5c,3,2,1,0,7,5,2,0
MLt2,LC14a2,3,2,1,0,7,4,3,0
Tm5c,LTe55,3,0,3,0,7,0,7,0
Y1,Li26,3,2,1,0,7,5,2,0
TmY3,LC13,3,2,1,0,7,5,2,0
Tm8a,LT47,3,1,2,0,7,3,4,0
Tm20,Mi14,3,1,2,0,7,2,5,0
T4a,MeMe_e07,2,1,1,0,7,2,5,0
Sm07,Sm39,3,1,2,0,7,3,4,0
LMa4,Tm5a,2,1,1,0,7,2,5,0
TmY9q⊥,L1,2,0,2,0,7,0,7,0
Tm4,LC33a,3,2,1,0,7,5,2,0
Tm4,MeTu3b,2,0,2,0,7,0,7,0
R8,Mi2,3,1,2,0,7,2,5,0
Sm26,Tm5c,3,1,2,0,7,3,4,0
TmY16,LMa3,3,1,2,0,7,2,5,0
LMa5,MTe13,2,1,1,0,7,2,5,0
TmY31,Dm12,3,2,1,0,7,4,3,0
Li13,Li08,3,2,1,0,7,5,2,0
TmY5a,Dm20,3,2,1,0,7,5,2,0
Li33,LTe14,2,1,1,0,7,2,5,0
Li33,MLt4,2,1,1,0,7,5,2,0
Li33,LLPC4,2,0,2,0,7,0,7,0
Li33,LT34,2,1,1,0,7,5,2,0
Li33,LTe63,2,1,1,0,7,2,5,0
Sm05,Y11,1,0,1,0,7,0,7,0
TmY11,LT57,3,0,3,0,7,0,7,0
Tm34,LT51,3,1,2,0,7,2,5,0
Tm8a,LTe44,3,1,2,0,7,2,5,0
Pm14,MTe01b,3,1,2,0,7,2,5,0
Pm14,Tm3,3,1,2,0,7,2,5,0
Tm5a,OA-AL2i4,3,1,2,0,7,3,4,0
Sm08,Sm16,3,1,2,0,7,3,4,0
Mi4,MTe13,3,1,2,0,7,2,5,0
LMa2,LTe05,3,1,2,0,7,3,4,0
Tm32,Tm37,3,2,1,0,7,5,2,0
Tm4,LTe49a,3,2,1,0,7,4,3,0
T4d,Tm2,2,1,1,0,7,2,5,0
LLPt,LT73,3,1,2,0,7,2,5,0
Dm2,R8,3,1,2,0,7,2,5,0
Sm36,aMe9,3,1,2,0,7,3,4,0
Li04,LTe49c,3,1,2,0,7,3,4,0
Tm1,Dm18,2,1,1,0,7,3,4,0
MLt6,LC13,3,2,1,0,7,4,3,0
Sm20,MTe30,2,0,2,0,7,0,7,0
Sm05,Tm2,3,1,2,0,7,3,4,0
Li05,LT75,2,1,1,0,7,3,4,0
MLt2,LTe38a,3,1,2,0,7,3,4,0
Tlp4,Li17,3,1,2,0,7,3,4,0
TmY11,LCe01b,2,0,2,0,7,0,7,0
LMa2,LC45,1,0,1,0,7,0,7,0
Tm5d,MeMe_e05,3,1,2,0,7,3,4,0
Y4,LT61a,3,2,1,0,7,4,3,0
TmY31,T5c,3,2,1,0,7,5,2,0
Pm13,5-HTPMPV03,2,0,2,0,7,0,7,0
Pm13,Sm27,3,0,3,0,7,0,7,0
Pm13,Pm04,2,0,2,0,7,0,7,0
Pm13,LT58,2,0,2,0,7,0,7,0
Pm13,Tm5e,3,0,3,0,7,0,7,0
Sm35,cM11,3,0,3,0,7,0,7,0
Li10,LLPC2,3,0,3,0,7,0,7,0
LMt3,Li33,3,2,1,0,7,5,2,0
Tm9,LPLC2,1,0,1,0,7,0,7,0
T4b,T2a,3,1,2,0,7,3,4,0
Sm14,Tm27,3,2,1,0,7,5,2,0
Tm7,Pm09,3,1,2,0,7,2,5,0
Li16,mALC4,2,1,1,0,7,2,5,0
Sm02,MLt2,3,2,1,0,7,4,3,0
Tm5c,cM07,3,2,1,0,7,5,2,0
Sm30,OA-AL2i4,2,1,1,0,7,4,3,0
Sm30,MTe02,3,2,1,0,7,5,2,0
Mi2,LPLC4,1,0,1,0,7,0,7,0
Mi2,Pm11,1,0,1,0,7,0,7,0
Tm31,cLM01,3,2,1,0,7,5,2,0
Sm38,cM08b,3,1,2,0,7,2,5,0
Tm8b,LTe49c,2,1,1,0,7,3,4,0
Li32,LTe26,2,1,1,0,7,2,5,0
Li32,cL18,3,1,2,0,7,3,4,0
Li32,Tm35,3,2,1,0,7,5,2,0
Li32,TmY9q,3,2,1,0,7,4,3,0
Li32,Tm37,2,0,2,0,7,0,7,0
MLt2,Li31,3,1,2,0,7,3,4,0
Li12,Li16,3,1,2,0,7,2,5,0
Li12,cM08a,3,2,1,0,7,5,2,0
Sm35,Mi4,3,0,3,0,7,0,7,0
Tm8b,LTe42c,3,2,1,0,7,5,2,0
Y11,cL21,3,0,3,0,7,0,7,0
Tm27,Pm06,3,2,1,0,7,5,2,0
Tm34,aMe5,3,1,2,0,7,3,4,0
Dm4,Tm1,3,1,2,0,7,2,5,0
MLt7,aMe8,3,1,2,0,7,3,4,0
Y12,aMe5,3,2,1,0,7,5,2,0
Sm09,MTe46,3,2,1,0,7,5,2,0
Mi2,Dm2,3,1,2,0,7,3,4,0
Sm34,Tm5f,3,2,1,0,7,5,2,0
Sm18,aMe9,3,2,1,0,7,4,3,0
Tm25,L1,3,2,1,0,7,5,2,0
Pm10,Tm5c,3,0,3,0,7,0,7,0
MLt5,Tm5a,3,1,2,0,7,2,5,0
Tm25,Y12,3,1,2,0,7,2,5,0
Sm34,Tm37,3,0,3,0,7,0,7,0
Sm34,Dm20,3,2,1,0,7,5,2,0
Sm03,MeTu4c,3,1,2,0,7,2,5,0
CT1,HSE,1,0,1,0,7,0,7,0
T4b,LLPC3,3,1,2,0,7,2,5,0
Y11,LTe47,2,0,2,0,7,0,7,0
Tlp1,LPT26,3,1,2,0,7,2,5,0
LMt4,Tm20,3,2,1,0,7,4,3,0
Dm3q,MLt1,3,2,1,0,7,5,2,0
TmY14,LC17,3,1,2,0,7,3,4,0
Li01,LTe36,3,2,1,0,7,4,3,0
L2,Tm35,3,2,1,0,7,4,3,0
TmY9q,Sm40,3,2,1,0,7,4,3,0
Sm15,Mi9,3,2,1,0,7,4,3,0
Li24,Tlp14,3,0,3,0,7,0,7,0
Tm7,MLt3,3,1,2,0,7,2,5,0
MLt1,aMe4,3,1,2,0,7,3,4,0
Sm15,MeMe_e07,3,2,1,0,7,4,3,0
Tm5c,LT83,3,2,1,0,7,4,3,0
Dm15,Li26,2,0,2,0,7,0,7,0
Am1,Tm4,3,1,2,0,7,3,4,0
Am1,Tlp14,3,0,3,0,7,0,7,0
Am1,LT11,2,1,1,0,7,3,4,0
Li16,Tm34,3,1,2,0,7,3,4,0
Sm09,C2,3,2,1,0,7,4,3,0
TmY9q,LTe26,2,0,2,0,7,0,7,0
Sm22,Sm06,3,2,1,0,7,5,2,0
Li10,MTe51,2,0,2,0,7,0,7,0
MLt3,Tm7,3,0,3,0,7,0,7,0
MLt6,LC37a,3,2,1,0,7,5,2,0
Dm2,TmY9q⊥,3,2,1,0,7,5,2,0
Sm06,LMa3,3,2,1,0,7,5,2,0
Y1,LC21,3,2,1,0,7,4,3,0
Tm16,cL12,3,2,1,0,7,5,2,0
Mi15,CB0566,3,2,1,0,7,5,2,0
T5b,LPT53,3,2,1,0,7,4,3,0
Tm21,Dm15,3,2,1,0,7,5,2,0
Sm19,TmY14,3,2,1,0,7,5,2,0
Tm35,TmY20,3,2,1,0,7,4,3,0
Li02,LTe69,3,0,3,0,7,0,7,0
TmY9q⊥,LTe23,3,2,1,0,7,5,2,0
Y4,MLt2,3,2,1,0,7,5,2,0
Y3,Li07,3,2,1,0,7,4,3,0
LPi14,LPT49,2,1,1,0,7,3,4,0
Tm35,MTe37,1,0,1,0,7,0,7,0
C3,LMt2,3,2,1,0,7,5,2,0
Tm5a,LCe09,1,0,1,0,7,0,7,0
TmY11,LPT29,3,1,2,0,7,3,4,0
Tm7,MLt8,3,2,1,0,7,5,2,0
Mi15,MeMe_e07,3,1,2,0,7,2,5,0
Pm10,Dm10,2,1,1,0,7,3,4,0
TmY9q⊥,Dm2,2,1,1,0,7,2,5,0
MLt3,LT83,3,1,2,0,7,2,5,0
LPi11,TmY9q⊥,2,1,1,0,7,2,5,0
Tm34,TmY20,2,1,1,0,7,2,5,0
Sm32,MTe51,2,0,2,0,7,0,7,0
Tlp4,cML01,3,2,1,0,7,4,3,0
Tm37,Sm06,2,1,1,0,7,5,2,0
Sm10,Mi4,3,1,2,0,7,3,4,0
Mi4,Dm14,3,2,1,0,7,4,3,0
Pm10,5-HTPMPV03,3,2,1,0,7,5,2,0
Tm36,LC10e,2,1,1,0,7,2,5,0
Tm25,LC14b,2,1,1,0,7,3,4,0
TmY31,Mi9,3,2,1,0,7,4,3,0
Li01,T3,2,0,2,0,7,0,7,0
Tm5e,CB3790,3,2,1,0,7,5,2,0
Y1,Sm05,2,0,2,0,7,0,7,0
Sm09,MeTu4d,2,1,1,0,7,2,5,0
Sm02,Sm34,3,2,1,0,7,5,2,0
Tm36,TmY20,3,1,2,0,7,2,5,0
Tm4,MTe18,2,1,1,0,7,4,3,0
Mi9,Sm08,3,2,1,0,7,4,3,0
Tlp1,Li33,3,1,2,0,7,3,4,0
Tm37,Li08,3,2,1,0,7,5,2,0
Li01,Li24,3,2,1,0,7,4,3,0
Li01,LCe03,3,2,1,0,7,5,2,0
Li05,LTe14,1,0,1,0,7,0,7,0
Sm19,aMe17c,3,2,1,0,7,5,2,0
Sm19,Tm5f,3,1,2,0,7,3,4,0
Mi13,Dm8a,2,1,1,0,7,3,4,0
Pm05,Tm32,3,2,1,0,7,4,3,0
TmY4,LT41,3,2,1,0,7,5,2,0
Sm06,Sm01,3,1,2,0,7,2,5,0
TmY11,LT11,3,0,3,0,7,0,7,0
Y4,cLLP02,3,1,2,0,7,2,5,0
Li09,Li01,3,2,1,0,7,5,2,0
Pm10,Sm05,3,1,2,0,7,3,4,0
Tlp4,LC20b,3,1,2,0,7,3,4,0
Tlp14,Li05,3,2,1,0,7,5,2,0
Tlp1,LC6,3,2,1,0,7,5,2,0
Sm22,Sm36,3,2,1,0,7,5,2,0
Sm18,Lat,3,2,1,0,7,5,2,0
Dm20,Sm11,3,0,3,0,7,0,7,0
Li12,LTe49f,3,2,1,0,7,4,3,0
Li30,Tm33,3,1,2,0,7,2,5,0
Li30,OA-AL2b1,2,1,1,0,7,4,3,0
Li30,LC4,2,1,1,0,7,4,3,0
Li30,LTe49a,3,2,1,0,7,4,3,0
Li30,cL13,2,1,1,0,7,4,3,0
Li03,Tm5a,3,2,1,0,7,5,2,0
TmY9q,Tm9,3,2,1,0,7,4,3,0
MLt4,LMt1,3,2,1,0,7,4,3,0
Sm12,MTe33,3,2,1,0,7,5,2,0
TmY10,LT73,3,2,1,0,7,5,2,0
T5b,mALC5,3,1,2,0,7,3,4,0
LMt3,LC18,3,2,1,0,7,5,2,0
Tm5c,MeTu4d,2,1,1,0,7,3,4,0
Mi15,Dm18,3,1,2,0,7,3,4,0
Pm13,MLt6,3,1,2,0,7,3,4,0
Pm13,MTe47,2,1,1,0,7,4,3,0
Pm13,cM05,2,1,1,0,7,2,5,0
Sm30,Tm5f,3,2,1,0,7,4,3,0
TmY20,H2,3,2,1,0,7,5,2,0
Pm05,MTe43,2,1,1,0,7,4,3,0
MLt2,LC36,3,2,1,0,7,5,2,0
Sm23,aMe19a,3,2,1,0,7,5,2,0
TmY9q,LC35,2,1,1,0,7,5,2,0
Li11,Li17,3,2,1,0,7,4,3,0
TmY4,LC20a,3,2,1,0,7,5,2,0
Tlp1,LT72,1,0,1,0,7,0,7,0
Dm10,Li10,2,0,2,0,7,0,7,0
TmY16,LPT31,3,2,1,0,7,5,2,0
TmY16,MTe08,2,0,2,0,7,0,7,0
Sm07,MTe35,3,2,1,0,7,5,2,0
LMa2,Tm8b,3,2,1,0,7,4,3,0
LMa2,LT58,3,2,1,0,7,4,3,0
Li29,LMt2,3,1,2,0,7,2,5,0
Li29,LC19,3,1,2,0,7,3,4,0
Li29,Y4,3,2,1,0,7,5,2,0
Li29,Li01,3,2,1,0,7,5,2,0
Li29,cL18,2,1,1,0,7,3,4,0
Sm37,MeMe_e10,3,2,1,0,7,5,2,0
Dm11,L1,3,2,1,0,7,5,2,0
T4b,PDt,3,2,1,0,7,5,2,0
Sm36,MeTu1,2,1,1,0,7,2,5,0
Tm36,LTe58,3,1,2,0,7,2,5,0
MLt2,Sm18,3,2,1,0,7,5,2,0
LPi13,cLPL01,2,1,1,0,7,3,4,0
Li24,Li30,2,1,1,0,7,2,5,0
Tlp14,VS2,1,0,1,0,7,0,7,0
Y4,MTe01a,3,2,1,0,7,5,2,0
Pm09,MTe08,3,1,2,0,7,2,5,0
Mi15,Sm29,3,2,1,0,7,4,3,0
MLt5,cM04,3,2,1,0,7,5,2,0
LPi07,LPT04_HST,3,2,1,0,7,5,2,0
Pm08,Sm32,3,1,2,0,7,2,5,0
Sm04,Mi1,3,0,3,0,7,0,7,0
MLt5,Sm22,3,2,1,0,7,4,3,0
TmY20,Tm35,3,2,1,0,7,5,2,0
DmDRA1,Sm19,3,2,1,0,7,5,2,0
Li23,LT59,2,1,1,0,7,3,4,0
Li23,LCe01a,3,2,1,0,7,5,2,0
Li23,MLt4,3,2,1,0,7,5,2,0
Li23,LTe54,2,1,1,0,7,5,2,0
TmY20,LTe08,3,2,1,0,7,4,3,0
Dm8a,MTe23,2,1,1,0,7,3,4,0
Pm07,Tm5b,3,2,1,0,7,4,3,0
Pm07,MTe42,3,2,1,0,7,5,2,0
Li27,cL16,3,2,1,0,7,5,2,0
Li27,LC36,3,2,1,0,7,5,2,0
Li27,LMa1,2,1,1,0,7,5,2,0
Y11,Li24,3,2,1,0,7,5,2,0
LPi07,LT61a,1,0,1,0,7,0,7,0
Tm5b,TmY9q⊥,2,1,1,0,7,2,5,0
Sm01,aMe25,3,2,1,0,7,4,3,0
Tm8a,LTe51,3,2,1,0,7,5,2,0
Li16,cL09,2,1,1,0,7,4,3,0
LPi03,T4b,3,0,3,0,7,0,7,0
Sm12,Mi10,3,2,1,0,7,5,2,0
Tm25,MLt1,3,2,1,0,7,4,3,0
Sm08,Pm09,3,2,1,0,7,5,2,0
Tm7,Tm4,2,1,1,0,7,2,5,0
Li02,LTe15,2,1,1,0,7,2,5,0
TmY3,Sm04,3,2,1,0,7,5,2,0
Tm7,MTe05,3,1,2,0,7,2,5,0
Dm12,MTe42,3,2,1,0,7,4,3,0
LCe06,LTe14,3,2,1,0,7,5,2,0
LCe06,LC19,3,0,3,0,7,0,7,0
MeMe_e01,Mi15,3,0,3,0,7,0,7,0
LTe58,Li30,3,1,2,0,7,2,5,0
LC9,Tm4,3,2,1,0,7,5,2,0
LC22,LTe12,3,1,2,0,7,2,5,0
LT55,LC11,3,1,2,0,7,2,5,0
aMe5,aMe20,2,0,2,0,7,0,7,0
LC40,LTe16,3,2,1,0,7,5,2,0
LT1d,Li20,3,1,2,0,7,3,4,0
LCe01b,LCe02,3,2,1,0,7,5,2,0
MeLp1,LPi04,2,0,2,0,7,0,7,0
MeLp1,Am1,2,2,0,0,7,7,0,0
LT87,cL07,2,1,1,0,7,5,2,0
LT87,LT1a,2,1,1,0,7,2,5,0
LT87,LC31b,1,0,1,0,7,0,7,0
LT66,AN_multi_124,2,1,0,1,7,2,0,5
LC28a,LTe19,3,2,1,0,7,5,2,0
cM09,Dm3p,3,1,2,0,7,2,5,0
LT11,LC12,3,1,2,0,7,2,5,0
LT11,LT64,2,1,1,0,7,2,5,0
LT11,LT66,1,0,1,0,7,0,7,0
LT11,LC13,2,1,1,0,7,4,3,0
LT11,LTe13,2,1,1,0,7,3,4,0
LT11,LT65,1,0,1,0,7,0,7,0
cLPL01,LMt4,1,0,1,0,7,0,7,0
cL22a,LT69,2,1,1,0,7,5,2,0
cL22a,Tm32,3,2,1,0,7,5,2,0
LC11,LTe18,3,1,2,0,7,3,4,0
MTe46,DNpe053,1,1,0,0,7,7,0,0
MTe46,MLt4,3,2,1,0,7,5,2,0
MTe46,LCe09,3,0,3,0,7,0,7,0
LT34,LT85,2,1,1,0,7,4,3,0
LT34,LC21,3,1,2,0,7,3,4,0
LT34,Tm5d,3,2,1,0,7,5,2,0
LT34,LTe58,2,1,1,0,7,3,4,0
VSm,TmY14,3,0,3,0,7,0,7,0
PLP248,cM11,1,0,1,0,7,0,7,0
MTe07,mALB5,3,0,3,0,7,0,7,0
aMe4,Sm34,3,0,3,0,7,0,7,0
LT42,LPLC2,1,0,1,0,7,0,7,0
LT42,TmY31,3,1,2,0,7,2,5,0
LT42,LC43,3,2,1,0,7,4,3,0
LTe15,LC28a,3,2,1,0,7,5,2,0
LTe15,LT51,3,2,1,0,7,4,3,0
MTe07,Mi1,3,1,2,0,7,2,5,0
LT60,LLPC3,2,1,1,0,7,5,2,0
LT60,Li31,2,1,1,0,7,2,5,0
MeTu4a,LT59,3,2,1,0,7,5,2,0
LT43,Tm5e,2,1,1,0,7,2,5,0
LC14b,PLP068,2,1,1,0,7,2,5,0
LC14b,LTe28,2,1,1,0,7,3,4,0
LC10a,LC16,3,0,3,0,7,0,7,0
cL02d,LC14b,2,1,1,0,7,2,5,0
LC4,T5c,3,0,3,0,7,0,7,0
LPC2,Li07,3,0,3,0,7,0,7,0
LPC2,LPT21,3,2,1,0,7,5,2,0
LTe03,LTe24,2,0,2,0,7,0,7,0
MeTu3c,Tm35,3,2,1,0,7,5,2,0
LC40,LC21,3,1,2,0,7,2,5,0
LCe05,LC13,3,0,3,0,7,0,7,0
cL16,Tlp5,3,0,3,0,7,0,7,0
cL16,LTe08,3,2,1,0,7,5,2,0
cL16,Tm31,3,2,1,0,7,5,2,0
cL16,LC24,2,1,1,0,7,2,5,0
MTe51,Sm08,3,2,1,0,7,4,3,0
LPC2,LC10a,2,1,1,0,7,5,2,0
LC26,LC15,2,0,2,0,7,0,7,0
LC21,LC10e,3,2,1,0,7,5,2,0
LC21,LC19,3,0,3,0,7,0,7,0
MTe01b,Dm4,3,0,3,0,7,0,7,0
LC9,LT11,3,2,1,0,7,5,2,0
MeTu1,Sm31,3,1,2,0,7,2,5,0
LC24,LC31c,1,0,1,0,7,0,7,0
MTe02,MeTu4a,3,1,2,0,7,2,5,0
cL14,Li08,3,0,3,0,7,0,7,0
cL14,LTe17,2,1,1,0,7,3,4,0
cL14,LTe01,3,2,1,0,7,4,3,0
cL14,LC10c,3,2,1,0,7,5,2,0
MeTu4a,Lawf2,3,0,3,0,7,0,7,0
LT52,Li18,3,0,3,0,7,0,7,0
LT52,Tm35,3,2,1,0,7,5,2,0
LCe01b,LTe18,3,0,3,0,7,0,7,0
LCe01a,LTe42a,3,2,1,0,7,4,3,0
MTe05,LTe58,3,2,1,0,7,5,2,0
MTe05,Sm30,3,1,2,0,7,3,4,0
MeMe_e08,MTe46,3,0,0,3,7,0,0,7
MeMe_e08,LMt4,3,3,0,0,7,7,0,0
LCe06,Li12,3,1,2,0,7,2,5,0
LPC1,LMa3,3,2,1,0,7,4,3,0
LC21,LT39,3,2,1,0,7,4,3,0
MTe29,LT64,1,0,0,1,7,0,0,7
MTe29,MeTu1,3,2,1,0,7,5,2,0
aMe17b,Tm5c,2,1,1,0,7,5,2,0
aMe17b,Dm2,3,1,2,0,7,2,5,0
aMe17b,Tm37,3,1,2,0,7,3,4,0
MeMe_e02,cM02a,3,1,2,0,7,3,4,0
MTe14,MTe01a,3,1,2,0,7,2,5,0
cM18,Sm33,2,1,1,0,7,4,3,0
cM18,Tm32,3,2,1,0,7,4,3,0
cM18,Mi10,3,1,2,0,7,3,4,0
cM18,Tm8a,3,2,1,0,7,4,3,0
H1,TmY31,3,1,2,0,7,2,5,0
H1,TmY15,3,2,1,0,7,4,3,0
cLP02,T2,3,2,1,0,7,5,2,0
LC20b,Tm33,3,1,2,0,7,3,4,0
LT62,LC31a,2,0,2,0,7,0,7,0
LT62,Li32,2,1,1,0,7,3,4,0
LT62,cMLLP01,1,0,0,1,7,0,0,7
LT62,LC21,2,0,2,0,7,0,7,0
LT62,PLP249,1,0,0,1,7,0,0,7
LPLC2,LTe42c,2,0,2,0,7,0,7,0
LT79,LT58,2,1,1,0,7,5,2,0
LT79,LT78,3,2,1,0,7,5,2,0
LT79,Li28,3,2,1,0,7,5,2,0
LC31b,AN_multi_125,1,0,1,0,7,0,7,0
cM08c,OA-AL2i4,2,1,1,0,7,4,3,0
cM08c,MeTu3b,3,1,2,0,7,2,5,0
LPT54,LC10a,2,1,1,0,7,5,2,0
LPT54,Tm7,3,2,1,0,7,4,3,0
LPT54,MTe16,2,1,1,0,7,5,2,0
LPT54,MLt4,2,1,1,0,7,5,2,0
LC16,TmY5a,2,0,2,0,7,0,7,0
MTe01b,MTe37,3,1,2,0,7,3,4,0
MeTu1,Pm14,1,0,1,0,7,0,7,0
LC15,Li02,3,1,2,0,7,2,5,0
aMe9,Sm02,3,1,2,0,7,3,4,0
LT57,LTe32,3,2,1,0,7,5,2,0
LT57,LC41,3,0,3,0,7,0,7,0
MeMe_e02,cM01c,2,1,1,0,7,2,5,0
MeMe_e02,MTe15,3,2,1,0,7,5,2,0
LC40,TmY20,3,1,2,0,7,2,5,0
cL03,LPLC4,2,0,2,0,7,0,7,0
LC14a2,LCe04,3,2,1,0,7,5,2,0
LT69,LT51,3,1,2,0,7,2,5,0
LT69,LC28a,3,1,2,0,7,2,5,0
LC14b,C3,3,1,2,0,7,2,5,0
cL19,LC20b,2,2,0,0,7,7,0,0
LPT45_dCal1,TmY5a,3,1,2,0,7,2,5,0
LCe01a,LTe55,3,1,2,0,7,2,5,0
LC36,LC22,3,1,2,0,7,3,4,0
MTe54,MLt2,3,0,3,0,7,0,7,0
LTe47,Tm31,2,0,2,0,7,0,7,0
LC12,Li15,3,0,3,0,7,0,7,0
MTe51,Mi2,3,2,1,0,7,5,2,0
OA-AL2b1,Li31,3,1,2,0,7,3,4,0
cL08,Li33,2,1,1,0,7,5,2,0
cL08,Li19,2,1,1,0,7,4,3,0
cL08,LT66,2,1,1,0,7,5,2,0
cL08,LT63,1,0,1,0,7,0,7,0
cLP01,LPT54,3,1,2,0,7,2,5,0
LT82a,LT74,3,1,2,0,7,2,5,0
AN_multi_124,T4d,2,0,2,0,7,0,7,0
LC14a2,LMa2,3,0,3,0,7,0,7,0
LC37a,LTe36,2,1,1,0,7,2,5,0
CB0816,Dm11,2,1,1,0,7,5,2,0
MTe25,MeMe_e02,3,2,1,0,7,5,2,0
MTe25,Tm33,3,1,2,0,7,2,5,0
LC24,LTe29,3,2,1,0,7,5,2,0
cL10,LC34,3,2,1,0,7,5,2,0
cL10,LT70,2,1,1,0,7,4,3,0
cL10,DNp27,1,0,1,0,7,0,7,0
cL10,MeTu4c,3,2,1,0,7,5,2,0
cL10,LTe01,3,1,2,0,7,2,5,0
cL10,LC10b,3,2,1,0,7,5,2,0
MeTu4a,MTe16,3,2,1,0,7,5,2,0
cM08c,Sm15,3,1,2,0,7,2,5,0
cM08c,LatB,2,1,1,0,7,2,5,0
cM08c,MeTu2b,3,2,1,0,7,5,2,0
MTe08,LMa2,3,1,2,0,7,3,4,0
aMe17b,MTe50,3,2,1,0,7,4,3,0
aMe17b,aMe9,3,2,1,0,7,5,2,0
MeTu4c,LC36,3,2,1,0,7,5,2,0
MeTu4a,Tm27,2,1,1,0,7,4,3,0
cL07,LMt1,3,0,3,0,7,0,7,0
cM17,LT58,2,1,1,0,7,4,3,0
cM17,Mi9,3,2,1,0,7,4,3,0
cM17,T2a,3,2,1,0,7,4,3,0
LPT30,LPLC2,3,1,2,0,7,3,4,0
LTe67,LC10a,3,1,2,0,7,3,4,0
aMe10,Sm38,3,2,1,0,7,5,2,0
LPLC1,LTe66,3,1,2,0,7,2,5,0
OA-AL2i3,aMe6a,2,0,2,0,7,0,7,0
LCe01b,LT84,2,0,2,0,7,0,7,0
LC4,Tlp1,3,1,2,0,7,2,5,0
cM02b,MeTu4b,3,2,1,0,7,4,3,0
cM02b,Tm8a,3,1,2,0,7,2,5,0
cM02b,MTe05,2,1,1,0,7,5,2,0
cM02b,TmY4,3,2,1,0,7,5,2,0
LTe06,OA-AL2b1,2,1,1,0,7,4,3,0
LTe06,LC39,3,2,1,0,7,4,3,0
LTe06,LC14b,2,1,1,0,7,4,3,0
cM06,Dm3v,3,1,2,0,7,2,5,0
cM06,Tm5b,2,0,2,0,7,0,7,0
cM06,TmY14,3,1,2,0,7,2,5,0
cM06,LMa2,2,1,1,0,7,5,2,0
LTe03,Li13,3,1,2,0,7,2,5,0
LTe03,LTe51,1,0,1,0,7,0,7,0
LCe08,LTe05,1,0,1,0,7,0,7,0
MeLp2,Tm2,3,1,2,0,7,2,5,0
LC9,TmY3,3,0,3,0,7,0,7,0
MTe54,LT53,1,0,1,0,7,0,7,0
MeTu4a,LTe49f,1,0,1,0,7,0,7,0
MeMe_e08,cL10,1,1,0,0,7,7,0,0
LT72,PLP217,1,0,1,0,7,0,7,0
LC27,LTe36,3,1,2,0,7,3,4,0
MeTu3c,Sm02,3,2,1,0,7,5,2,0
MTe54,MTe08,3,2,1,0,7,5,2,0
LC9,LC33a,3,1,2,0,7,2,5,0
cL20,LTe18,2,1,1,0,7,4,3,0
cL20,LC35,2,1,1,0,7,3,4,0
cL20,TmY9q⊥,3,2,1,0,7,4,3,0
cL20,LT69,1,0,1,0,7,0,7,0
LT37,LT36,2,1,1,0,7,4,3,0
LT37,LTe57,2,1,1,0,7,5,2,0
MTe46,LTe11,1,1,0,0,7,7,0,0
MTe52,Tm25,3,1,2,0,7,2,5,0
5-HTPMPV03,Li32,3,1,2,0,7,2,5,0
5-HTPMPV03,MTe28,2,1,1,0,7,4,3,0
LT57,LLPt,3,1,2,0,7,2,5,0
MeMe_e09,Sm13,2,0,2,0,7,0,7,0
MeMe_e09,aMe17b,3,2,1,0,7,5,2,0
MeMe_e09,MTe32,3,2,1,0,7,4,3,0
LLPC3,LC31a,3,2,1,0,7,5,2,0
LC10b,LC24,3,1,2,0,7,2,5,0
MeMe_e08,Li06,3,0,3,0,7,0,7,0
cL21,Y4,3,0,3,0,7,0,7,0
cL21,LC16,3,1,2,0,7,3,4,0
cL21,LT83,2,0,2,0,7,0,7,0
5-HTPMPV01,aMe8,2,0,2,0,7,0,7,0
5-HTPMPV01,PLP069,1,0,1,0,7,0,7,0
5-HTPMPV01,Li12,2,0,2,0,7,0,7,0
LTe57,LC16,1,0,1,0,7,0,7,0
LTe22,LT68,2,1,1,0,7,5,2,0
LTe22,LTe73,2,1,1,0,7,4,3,0
LTe22,LMa1,3,1,2,0,7,2,5,0
cLP01,MTe47,2,0,2,0,7,0,7,0
cL18,Li03,3,0,3,0,7,0,7,0
aMe17c,C3,3,1,2,0,7,2,5,0
aMe17c,TmY9q,2,1,1,0,7,5,2,0
aMe17c,Sm07,3,1,2,0,7,2,5,0
MeMe_e06,TmY10,3,2,1,0,7,5,2,0
MeMe_e06,LT37,1,1,0,0,7,7,0,0
LC24,LTe38c,3,1,2,0,7,3,4,0
MTe12,Sm08,2,0,2,0,7,0,7,0
MTe12,LC33a,1,0,1,0,7,0,7,0
MTe12,Sm27,3,1,2,0,7,3,4,0
LTe30,LTe32,3,1,2,0,7,3,4,0
LPT50,LPi14,2,0,2,0,7,0,7,0
cM07,cLM01,2,1,1,0,7,2,5,0
cM07,Mi1,3,0,3,0,7,0,7,0
cM07,L5,3,1,2,0,7,2,5,0
cM07,Li32,2,1,1,0,7,5,2,0
LT52,LC45,3,1,2,0,7,2,5,0
LT83,LC31b,3,1,2,0,7,2,5,0
LCe03,TmY9q,3,1,2,0,7,3,4,0
LC17,TmY14,2,0,2,0,7,0,7,0
cL01,LC4,3,1,2,0,7,3,4,0
MTe02,LTe55,1,0,1,0,7,0,7,0
LLPC1,Li32,3,2,1,0,7,4,3,0
HBeyelet,aMe5,2,0,2,0,7,0,7,0
mALD1,PLP021,1,0,1,0,7,0,7,0
mALD1,LT66,2,1,1,0,7,3,4,0
mALD1,LTe02,2,1,1,0,7,5,2,0
MeTu3b,Tm5a,3,0,3,0,7,0,7,0
LC17,Tm31,3,1,2,0,7,2,5,0
LTe11,Li13,1,0,1,0,7,0,7,0
cLLP02,mALC5,3,1,2,0,7,2,5,0
cLLP02,LTe06,3,1,2,0,7,3,4,0
cLLP02,LC14a2,3,2,1,0,7,5,2,0
cLLP02,LTe07,2,0,2,0,7,0,7,0
cLLP02,LT69,3,2,1,0,7,4,3,0
cLLP02,LTe41,3,2,1,0,7,5,2,0
LLPC3,LTe42a,3,0,3,0,7,0,7,0
LT63,LTe11,3,2,1,0,7,4,3,0
LTe26,LT77,2,0,2,0,7,0,7,0
LTe26,Tm5f,3,0,3,0,7,0,7,0
LTe26,LT79,1,0,1,0,7,0,7,0
LTe26,Li27,2,1,1,0,7,3,4,0
CB3833,Tm16,3,0,3,0,7,0,7,0
CB3833,aMe20,1,0,1,0,7,0,7,0
CB3833,MeLp1,1,0,1,0,7,0,7,0
MTe51,cL10,1,0,1,0,7,0,7,0
MTe51,LT58,3,1,2,0,7,2,5,0
MTe51,LC28a,2,0,2,0,7,0,7,0
LT1a,LT61b,2,1,1,0,7,5,2,0
LT1a,LT56,1,0,1,0,7,0,7,0
LT1a,Li17,3,0,3,0,7,0,7,0
LT1a,LMa5,3,1,2,0,7,3,4,0
LCe07,LMa2,2,0,2,0,7,0,7,0
LC22,LT47,3,0,3,0,7,0,7,0
LTe41,LTe49b,1,0,1,0,7,0,7,0
MeTu1,Tm5d,3,0,3,0,7,0,7,0
MeTu1,Mi2,3,1,2,0,7,2,5,0
LC28a,LTe29,3,1,2,0,7,2,5,0
LTe04,PLP004,1,0,1,0,7,0,7,0
LTe04,LC36,2,1,1,0,7,3,4,0
LT52,LT77,2,0,2,0,7,0,7,0
LT38,LC31a,3,2,1,0,7,4,3,0
LT38,Tm5a,3,1,2,0,7,2,5,0
LT1c,LC28a,3,1,2,0,7,3,4,0
LT1c,LT61a,2,1,1,0,7,2,5,0
cLLPM01,Pm14,3,1,2,0,7,3,4,0
LT59,LTe17,2,1,1,0,7,4,3,0
LC10a,TmY31,2,0,2,0,7,0,7,0
LPT28,LPT48_vCal3,2,1,1,0,7,2,5,0
LT52,LC4,3,2,1,0,7,5,2,0
LC14b,Pm05,3,2,1,0,7,5,2,0
LT52,LTe31,3,1,2,0,7,2,5,0
LLPC4,Tm5e,3,1,2,0,7,2,5,0
LC37a,LTe76,2,0,2,0,7,0,7,0
LC37a,Tm5c,3,0,3,0,7,0,7,0
LC37a,Li11,3,1,2,0,7,2,5,0
LC37a,LPLC4,2,0,2,0,7,0,7,0
LLPC3,Tm8a,2,1,1,0,7,3,4,0
LT57,Li07,3,1,2,0,7,2,5,0
LC18,LLPt,3,1,2,0,7,3,4,0
LPT23,DCH,3,2,1,0,7,5,2,0
mALD2,LC10d,2,1,1,0,7,2,5,0
mALD2,Li10,3,1,2,0,7,3,4,0
cL18,LC35,3,1,2,0,7,3,4,0
MeMe_e05,Sm10,3,2,1,0,7,4,3,0
MeMe_e05,MTe14,3,1,2,0,7,2,5,0
MeMe_e05,MeMe_e07,2,0,0,2,7,0,0,7
MeMe_e05,MeMe_e06,2,0,0,2,7,0,0,7
MeMe_e05,MeMe_e03,2,0,0,2,7,0,0,7
MeMe_e05,aMe19b,2,0,0,2,7,0,0,7
VST1,LLPC3,3,2,1,0,7,4,3,0
aMe4,LTe13,2,0,2,0,7,0,7,0
OA-AL2b1,LT43,2,1,1,0,7,2,5,0
OA-AL2b1,MLt2,3,2,1,0,7,4,3,0
OA-AL2b1,LTe58,3,2,1,0,7,4,3,0
LPLC4,5-HTPMPV03,2,0,2,0,7,0,7,0
MTe03,Li29,1,0,1,0,7,0,7,0
MTe03,LTe32,2,0,2,0,7,0,7,0
LTe07,LTe19,1,0,1,0,7,0,7,0
LTe42a,Li12,3,1,2,0,7,2,5,0
LTe42a,LC46,2,0,2,0,7,0,7,0
cLM01,Sm36,3,1,2,0,7,3,4,0
cLM01,Sm31,3,2,1,0,7,5,2,0
cLM01,Sm41,1,0,1,0,7,0,7,0
cLM01,MTe03,2,0,2,0,7,0,7,0
cM11,Sm31,2,0,2,0,7,0,7,0
cM11,LMa5,3,0,3,0,7,0,7,0
cM01c,R7,2,0,2,0,7,0,7,0
LPT48_vCal3,LPi08,3,2,1,0,7,5,2,0
LPLC2,LC19,3,1,2,0,7,2,5,0
LC16,LC28a,3,1,2,0,7,2,5,0
LT68,cL16,2,1,1,0,7,2,5,0
LC20a,Li03,2,0,2,0,7,0,7,0
OA-AL2i2,LTe20,3,1,2,0,7,2,5,0
OA-AL2i2,PDt,3,1,2,0,7,2,5,0
OA-AL2i2,LCe07,3,1,2,0,7,2,5,0
OA-AL2i2,LPLC4,3,2,1,0,7,4,3,0
OA-AL2i2,CB0592,3,1,2,0,7,2,5,0
LC37a,LCe02,2,1,1,0,7,3,4,0
LC15,cL11,1,0,1,0,7,0,7,0
aMe12,Tm5d,3,0,3,0,7,0,7,0
LC6,Tm37,3,0,3,0,7,0,7,0
cLP02,LPC1,3,2,1,0,7,4,3,0
cM11,Mi15,3,0,3,0,7,0,7,0
cL12,LTe23,2,1,1,0,7,5,2,0
LC14b,LC18,1,1,0,0,7,7,0,0
MeMe_e03,MTe12,3,1,2,0,7,3,4,0
MeMe_e03,Sm15,3,0,3,0,7,0,7,0
MeMe_e03,MeMe_e05,2,0,0,2,7,0,0,7
MeMe_e03,MLt7,3,2,1,0,7,5,2,0
MeMe_e03,Sm35,2,1,1,0,7,4,3,0
MeMe_e03,Dm2,2,1,1,0,7,5,2,0
cL01,LTe38a,2,1,1,0,7,3,4,0
LC14b,T5a,3,2,1,0,7,5,2,0
LC40,LTe15,2,0,2,0,7,0,7,0
LC9,Li02,2,1,1,0,7,4,3,0
cLP05,Y12,3,2,1,0,7,4,3,0
cLP05,LPi15,2,1,1,0,7,2,5,0
cLP05,TmY14,2,1,1,0,7,3,4,0
LTe24,Li30,2,1,1,0,7,3,4,0
MTe47,MTe13,2,1,1,0,7,5,2,0
MTe47,Li18,3,2,1,0,7,4,3,0
MeMe_e03,MLt6,2,0,2,0,7,0,7,0
MeMe_e07,Pm07,3,0,3,0,7,0,7,0
MTe01a,Tm36,3,2,1,0,7,5,2,0
cM03,aMe9,3,1,2,0,7,2,5,0
cML02,Tm16,2,0,2,0,7,0,7,0
cML02,T4d,3,1,2,0,7,3,4,0
Nod3,PLP248,1,0,0,1,7,0,0,7
Nod3,CB0143,1,0,0,1,7,0,0,7
LPT26,Y12,3,2,1,0,7,5,2,0
LPT26,LPi11,3,0,3,0,7,0,7,0
aMe19b,cL10,1,1,0,0,7,7,0,0
aMe19b,Sm04,3,1,2,0,7,2,5,0
aMe19b,LTe13,1,1,0,0,7,7,0,0
aMe19b,MeTu4c,2,1,1,0,7,3,4,0
LT40,Li07,3,1,2,0,7,2,5,0
LT40,Tlp4,3,1,2,0,7,2,5,0
LT40,LC36,3,1,2,0,7,3,4,0
LT40,Li30,1,0,1,0,7,0,7,0
MeMe_e04,Sm03,1,0,1,0,7,0,7,0
MeMe_e04,Pm05,2,2,0,0,7,7,0,0
LC13,LMa1,3,1,2,0,7,3,4,0
MeMe_e10,DmDRA1,3,1,2,0,7,2,5,0
MeMe_e10,aMe19b,3,0,0,3,7,0,0,7
LLPC2,LPi08,3,1,2,0,7,2,5,0
LC6,LTe65,3,1,2,0,7,3,4,0
MeMe_e02,MTe03,3,1,2,0,7,3,4,0
aMe17a2,Dm6,3,0,3,0,7,0,7,0
aMe17a2,TmY15,3,2,1,0,7,5,2,0
aMe17a2,MTe35,1,0,1,0,7,0,7,0
aMe17a2,MeMe_e06,2,1,1,0,7,4,3,0
aMe17a2,MTe49,2,1,1,0,7,2,5,0
aMe17a2,MeTu4d,3,2,1,0,7,5,2,0
aMe17a2,Dm3v,3,2,1,0,7,5,2,0
aMe17a2,Pm13,2,1,1,0,7,3,4,0
aMe17a2,aMe19b,2,1,1,0,7,5,2,0
LTe44,LT39,1,0,1,0,7,0,7,0
PLP231,LC36,1,0,1,0,7,0,7,0
mALC3,Tm1,2,0,2,0,7,0,7,0
SIP017,LTe04,1,0,1,0,7,0,7,0
SIP017,LTe49c,2,0,2,0,7,0,7,0
SIP017,LMa1,1,0,1,0,7,0,7,0
MTe50,MTe54,3,2,1,0,7,5,2,0
cLLPM01,Tlp4,3,0,3,0,7,0,7,0
cLLPM01,TmY9q⊥,3,0,3,0,7,0,7,0
cLLPM01,T2,3,2,1,0,7,5,2,0
MeTu4a,LTe06,3,2,1,0,7,5,2,0
AVLP151,cL19,2,1,1,0,7,5,2,0
VS4,Tlp1,3,2,1,0,7,5,2,0
LC39,cM10,3,2,1,0,7,5,2,0
mALC5,VCH,2,1,1,0,7,3,4,0
mALC5,Tm5d,3,0,3,0,7,0,7,0
mALC5,Mi9,3,2,1,0,7,4,3,0
mALC5,MeTu4d,2,0,2,0,7,0,7,0
mALC5,Tm25,3,1,2,0,7,2,5,0
mALC5,TmY9q⊥,3,2,1,0,7,4,3,0
MeMe_e07,MTe41,3,1,2,0,7,3,4,0
cM13,Dm20,3,1,2,0,7,2,5,0
cM13,MeMe_e06,3,2,1,0,7,5,2,0
cM13,MeTu3b,2,1,1,0,7,5,2,0
LPT22,Am1,2,1,1,0,7,4,3,0
MTe09,Sm42,3,2,1,0,7,5,2,0
LC36,LPLC4,3,2,1,0,7,5,2,0
LTe38c,TmY10,3,1,2,0,7,2,5,0
OA-ASM1,LTe26,3,2,1,0,7,5,2,0
OA-ASM1,cM07,2,2,0,0,7,7,0,0
VS7,LPT26,2,1,1,0,7,4,3,0
LT86,LC10d,2,0,2,0,7,0,7,0
LT86,mALD1,1,0,1,0,7,0,7,0
cM08c,aMe17a2,3,2,1,0,7,4,3,0
LT68,LTe68,3,2,1,0,7,5,2,0
MTe01b,Mi10,3,0,3,0,7,0,7,0
LC16,LC17,2,1,1,0,7,3,4,0
LC16,LC20b,2,0,2,0,7,0,7,0
MTe04,MeMe_e03,3,1,2,0,7,2,5,0
LT56,Tm5e,2,0,2,0,7,0,7,0
LC10b,Li18,3,2,1,0,7,5,2,0
LC11,LT78,3,2,1,0,7,5,2,0
LAL047,LTe04,2,1,1,0,7,4,3,0
LLPC1,Tlp14,3,0,3,0,7,0,7,0
OA-AL2b2,MTe42,2,0,2,0,7,0,7,0
LC20b,Tm34,3,1,2,0,7,3,4,0
LC20b,LTe08,2,1,1,0,7,3,4,0
LC11,Li18,3,1,2,0,7,2,5,0
LC37a,LT80,2,1,1,0,7,5,2,0
LC21,LT58,3,1,2,0,7,2,5,0
LPLC2,T5b,3,1,2,0,7,2,5,0
LTe60,LC34,3,2,1,0,7,5,2,0
LTe60,TmY31,3,1,2,0,7,2,5,0
LTe60,LC37a,2,1,1,0,7,5,2,0
LC11,LTe14,2,0,2,0,7,0,7,0
LPTe01,LPC1,3,2,1,0,7,5,2,0
CB0472,Li17,3,1,2,0,7,2,5,0
CB0472,LTe38c,2,1,1,0,7,3,4,0
CB0472,Tm5e,3,3,0,0,7,7,0,0
LC46,LT57,3,1,2,0,7,3,4,0
LPT42_Nod4,T5b,3,2,1,0,7,5,2,0
LPT42_Nod4,LPi12,2,1,1,0,7,4,3,0
MeTu4a,LC36,3,2,1,0,7,5,2,0
LT73,LT78,2,0,2,0,7,0,7,0
LT65,Li32,2,1,1,0,7,3,4,0
LT65,LTe58,3,1,2,0,7,2,5,0
LT65,cL16,2,1,1,0,7,4,3,0
LT65,LT63,1,0,1,0,7,0,7,0
OA-AL2b2,DNc01,2,0,0,2,7,0,0,7
LT70,LT63,3,2,1,0,7,4,3,0
LT70,LTe38c,3,0,3,0,7,0,7,0
LT70,LCe04,3,1,2,0,7,3,4,0
LT70,LT43,3,1,2,0,7,2,5,0
MTe54,MTe51,3,1,2,0,7,2,5,0
LC22,LTe25,3,1,2,0,7,3,4,0
MC65,MLt8,2,1,1,0,7,5,2,0
MC65,PLP251,3,2,1,0,7,4,3,0
LT61b,LC22,3,0,3,0,7,0,7,0
LT61b,Tm3,1,0,1,0,7,0,7,0
LT61b,LTe13,2,1,1,0,7,4,3,0
LC16,LC9,3,2,1,0,7,5,2,0
MeMe_e10,MTe39,2,1,1,0,7,3,4,0
CB0592,PDt,3,1,2,0,7,3,4,0
CB0592,cMLLP02,2,2,0,0,7,7,0,0
CB0592,CB3089,2,1,1,0,7,3,4,0
CB0592,LTe05,1,1,0,0,7,7,0,0
CB0592,LC13,3,1,2,0,7,2,5,0
CB0592,5-HTPMPV03,2,0,0,2,7,0,0,7
MeTu4c,5-HTPMPV03,3,2,1,0,7,4,3,0
MTe01b,Sm20,3,2,1,0,7,5,2,0
LPLC4,LT61b,2,0,2,0,7,0,7,0
VS1,VS2,2,1,1,0,7,4,3,0
VS1,LPT42_Nod4,2,1,1,0,7,5,2,0
cLLPM01,LMt2,3,2,1,0,7,5,2,0
LT78,LT87,2,1,1,0,7,3,4,0
l-LNv,Lawf2,3,2,1,0,7,5,2,0
LC10d,LT57,3,2,1,0,7,4,3,0
LC24,LTe16,2,0,2,0,7,0,7,0
cL06,LTe64,2,1,1,0,7,2,5,0
cL06,LC36,2,1,1,0,7,4,3,0
cL06,LTe32,2,1,1,0,7,3,4,0
LTe52,LC28a,3,2,1,0,7,5,2,0
cM12,Sm04,2,1,1,0,7,2,5,0
cM12,MTe25,2,1,1,0,7,2,5,0
cM12,Sm10,2,1,1,0,7,4,3,0
cM12,Lawf1,2,1,1,0,7,3,4,0
MeMe_e05,aMe10,1,0,0,1,7,0,0,7
LC24,Tm8b,2,1,1,0,7,5,2,0
H1,LPLC2,3,0,3,0,7,0,7,0
LPT29,Y3,2,0,2,0,7,0,7,0
MTe05,MLt5,3,0,3,0,7,0,7,0
LT74,LMa2,3,2,1,0,7,5,2,0
LC13,LTe47,2,0,2,0,7,0,7,0
LC28a,LTe18,1,0,1,0,7,0,7,0
VCH,HSS,2,1,1,0,7,4,3,0
LT84,Tm33,2,0,2,0,7,0,7,0
LT84,LC46,2,0,2,0,7,0,7,0
LT84,Li02,3,2,1,0,7,5,2,0
LT84,Tm16,3,2,1,0,7,5,2,0
LT84,Li11,2,0,2,0,7,0,7,0
LT84,TmY9q⊥,3,2,1,0,7,5,2,0
LC13,LC12,2,1,1,0,7,5,2,0
LC13,T3,3,2,1,0,7,4,3,0
LTe31,Li33,2,1,1,0,7,4,3,0
LPC1,HSN,2,0,2,0,7,0,7,0
MTe51,LTe53,1,0,1,0,7,0,7,0
LC21,LTe20,3,2,1,0,7,5,2,0
cL22b,LT57,2,1,1,0,7,5,2,0
cL22b,LC28a,3,2,1,0,7,5,2,0
cL22b,Tm5e,3,0,3,0,7,0,7,0
cL22b,TmY9q,2,1,1,0,7,2,5,0
cM01b,5-HTPMPV03,2,1,1,0,7,2,5,0
LC22,Tm8b,3,2,1,0,7,4,3,0
LC10b,LT53,2,1,1,0,7,4,3,0
cL02a,Tm5a,3,0,3,0,7,0,7,0
cM14,MeMe_e04,2,1,1,0,7,5,2,0
cM14,Sm09,3,2,1,0,7,5,2,0
cM14,OA-ASM1,2,0,2,0,7,0,7,0
cM14,TmY5a,2,1,1,0,7,4,3,0
LT53,LLPC1,3,1,2,0,7,3,4,0
LT53,Tm21,3,0,3,0,7,0,7,0
LT53,TmY16,3,1,2,0,7,2,5,0
LT53,Li24,3,1,2,0,7,2,5,0
LT53,LC15,3,1,2,0,7,2,5,0
cLP04,LPT50,2,1,1,0,7,5,2,0
OA-ASM1,TmY9q⊥,3,2,1,0,7,4,3,0
OA-ASM1,TmY14,3,2,1,0,7,5,2,0
LC20a,LTe49c,2,1,1,0,7,5,2,0
LC4,LC6,3,2,1,0,7,5,2,0
LC4,LT61a,3,2,1,0,7,4,3,0
DNp27,Tlp1,2,2,0,0,7,7,0,0
DNp27,LPC2,3,3,0,0,7,7,0,0
DNp27,LT74,2,1,1,0,7,4,3,0
DNp27,Li06,3,2,1,0,7,5,2,0
MTe47,cM08a,2,1,1,0,7,2,5,0
LC10d,LCe06,3,2,1,0,7,5,2,0
MTe22,Sm07,2,0,2,0,7,0,7,0
MTe22,5-HTPMPV01,1,0,1,0,7,0,7,0
LC35,LT61a,2,1,1,0,7,3,4,0
LC35,Li02,3,2,1,0,7,5,2,0
aMe4,Tm21,3,0,3,0,7,0,7,0
PLP021,LTe61,1,0,1,0,7,0,7,0
PLP021,LAL047,1,0,1,0,7,0,7,0
HSE,HSN,2,1,1,0,7,2,5,0
HSE,TmY14,3,2,1,0,7,5,2,0
cLP01,LLPC3,3,2,1,0,7,5,2,0
LTe32,LC27,3,1,2,0,7,2,5,0
DNp27,Li30,1,1,0,0,7,7,0,0
LTe52,Li17,1,0,1,0,7,0,7,0
OA-AL2i3,Tm27,2,0,2,0,7,0,7,0
LT77,LC20b,3,1,2,0,7,2,5,0
LT77,LT64,3,2,1,0,7,5,2,0
LT77,Li10,3,1,2,0,7,3,4,0
LT77,PLP051,2,1,1,0,7,4,3,0
MeTu4c,cL05,3,1,2,0,7,3,4,0
LT80,Li12,3,1,2,0,7,3,4,0
LT80,LT41,3,1,2,0,7,2,5,0
LT80,Li11,2,0,2,0,7,0,7,0
LC16,LLPC1,2,0,2,0,7,0,7,0
LC34,LTe60,3,1,2,0,7,2,5,0
MeMe_e07,T3,3,0,3,0,7,0,7,0
MeMe_e07,LMt1,3,0,3,0,7,0,7,0
MeMe_e07,Y11,3,0,3,0,7,0,7,0
mALC4,LT62,2,1,1,0,7,3,4,0
MTe40,cM11,2,0,2,0,7,0,7,0
MTe40,PLP174,1,0,1,0,7,0,7,0
cL11,Li13,3,1,2,0,7,2,5,0
cL11,LC45,1,0,1,0,7,0,7,0
cL11,cLLP02,2,1,1,0,7,2,5,0
LT74,Li30,2,1,1,0,7,4,3,0
aMe9,MeMe_e02,3,0,0,3,7,0,0,7
DCH,cLLP02,2,1,1,0,7,3,4,0
OA-AL2i1,MTe43,1,0,1,0,7,0,7,0
OA-AL2i1,LMt1,3,2,1,0,7,5,2,0
OA-AL2i1,LLPC3,3,2,1,0,7,4,3,0
OA-AL2i1,MLt1,2,1,1,0,7,5,2,0
OA-AL2i1,MTe41,2,1,1,0,7,4,3,0
OA-AL2i1,LT39,2,1,1,0,7,5,2,0
cM15,aMe17a1,2,1,1,0,7,4,3,0
cM15,Pm02,3,2,1,0,7,5,2,0
cM15,Tm5a,3,2,1,0,7,5,2,0
cM15,L5,2,1,1,0,7,5,2,0
cM15,R8,1,0,1,0,7,0,7,0
LTe17,LCe06,3,1,2,0,7,2,5,0
LTe17,Li33,2,1,1,0,7,3,4,0
LTe17,LTe66,3,1,2,0,7,3,4,0
LTe17,Li12,3,2,1,0,7,4,3,0
LT64,LLPt,3,2,1,0,7,5,2,0
LT64,Li08,3,2,1,0,7,5,2,0
MC65,LC33a,3,1,2,0,7,3,4,0
LC45,LC19,3,1,2,0,7,3,4,0
LC45,LCe07,2,1,1,0,7,4,3,0
LC45,MLt6,2,1,1,0,7,5,2,0
LC45,LTe42a,3,1,2,0,7,3,4,0
OA-AL2i4,aMe17a1,2,1,1,0,7,3,4,0
OA-AL2i4,mALC5,2,1,1,0,7,4,3,0
OA-AL2i4,MTe25,2,1,1,0,7,5,2,0
OA-AL2i4,Pm14,2,1,1,0,7,4,3,0
OA-AL2i4,Tm32,3,1,2,0,7,3,4,0
OA-AL2i4,MeMe_e09,1,0,1,0,7,0,7,0
OA-AL2i4,Sm39,2,1,1,0,7,4,3,0
OA-AL2i2,Tm5f,3,2,1,0,7,4,3,0
LTe46,cMLLP01,2,1,1,0,7,5,2,0
MTe32,Sm31,3,2,1,0,7,5,2,0
MTe32,aMe17a2,1,0,1,0,7,0,7,0
LTe74,cM09,1,0,1,0,7,0,7,0
LTe23,LTe22,1,0,1,0,7,0,7,0
cM04,LTe71,2,1,1,0,7,2,5,0
aMe5,cM08b,3,1,2,0,7,2,5,0
LT61a,LMt1,3,2,1,0,7,5,2,0
cM05,L5,3,2,1,0,7,4,3,0
cM05,MTe47,2,1,1,0,7,2,5,0
cM05,MLt7,3,1,2,0,7,3,4,0
cM05,TmY9q,3,0,3,0,7,0,7,0
cM05,OA-AL2i1,2,1,1,0,7,3,4,0
cM05,OA-ASM1,2,0,2,0,7,0,7,0
cM05,Tm20,3,2,1,0,7,5,2,0
cM05,Dm18,1,0,1,0,7,0,7,0
LPT57,LPT48_vCal3,2,1,1,0,7,4,3,0
LC43,Tm8a,3,0,3,0,7,0,7,0
MeTu4a,LTe42a,1,0,1,0,7,0,7,0
LC19,LC27,3,0,3,0,7,0,7,0
LC19,Li10,3,2,1,0,7,4,3,0
LC19,LT77,2,0,2,0,7,0,7,0
cM03,Sm16,3,2,1,0,7,4,3,0
MTe35,Tm7,3,0,3,0,7,0,7,0
LC20b,LLPC4,2,1,1,0,7,3,4,0
MTe50,cL10,1,0,1,0,7,0,7,0
LT36,LT51,3,0,3,0,7,0,7,0
LT36,Li02,2,1,1,0,7,2,5,0
LT36,Li12,3,0,3,0,7,0,7,0
LT36,LTe21,1,0,1,0,7,0,7,0
LT36,LT38,2,1,1,0,7,2,5,0
MTe28,Tm5f,3,1,2,0,7,3,4,0
LT64,LC10b,3,2,1,0,7,5,2,0
MC65,Sm24,3,2,1,0,7,4,3,0
cL04,Li08,3,1,2,0,7,2,5,0
cL04,LTe33,2,1,1,0,7,5,2,0
cL04,LTe40,3,1,2,0,7,2,5,0
MTe43,aMe17c,1,0,1,0,7,0,7,0
MTe43,LMa5,3,2,1,0,7,5,2,0
MeTu4b,Tm35,1,0,1,0,7,0,7,0
cLP03,LPi03,3,0,3,0,7,0,7,0
LT58,Tm5e,3,1,2,0,7,2,5,0
LT58,LTe42b,1,0,1,0,7,0,7,0
LT58,Tm34,3,2,1,0,7,5,2,0
LT57,LT58,3,2,1,0,7,5,2,0
LTe12,Li18,3,1,2,0,7,3,4,0
LTe12,Li06,3,1,2,0,7,2,5,0
LTe14,cL13,1,0,1,0,7,0,7,0
Nod5,OA-AL2i1,2,1,1,0,7,5,2,0
Nod5,LPi05,3,1,2,0,7,3,4,0
Nod5,LPi07,3,2,1,0,7,5,2,0
aMe5,Tm5c,3,1,2,0,7,2,5,0
LPT21,TmY9q⊥,3,2,1,0,7,4,3,0
LPT21,LPT30,2,1,1,0,7,5,2,0
LPT21,LPT57,2,1,1,0,7,4,3,0
LPT21,LPi07,3,0,3,0,7,0,7,0
LC20a,Tm5d,1,0,1,0,7,0,7,0
LC20a,LTe29,3,2,1,0,7,5,2,0
LTe56,cM09,2,1,1,0,7,2,5,0
MTe09,MeTu4c,3,1,2,0,7,2,5,0
LC13,TmY11,3,2,1,0,7,5,2,0
cL09,Li05,3,2,1,0,7,5,2,0
LPLC1,LPC2,3,2,1,0,7,5,2,0
cLP03,LPT26,2,1,1,0,7,4,3,0
LC20b,LTe17,3,1,2,0,7,2,5,0
LCe06,LCe07,2,1,1,0,7,2,5,0
LC18,Tm4,2,1,1,0,7,3,4,0
MTe04,Sm14,3,2,1,0,7,5,2,0
aMe25,MTe53,1,0,1,0,7,0,7,0
cML01,DCH,1,0,1,0,7,0,7,0
LT53,LTe49a,3,2,1,0,7,5,2,0
cM10,T2,3,1,2,0,7,2,5,0
cM10,Tm32,3,2,1,0,7,5,2,0
LTe16,TmY31,2,1,1,0,7,2,5,0
MTe30,aMe25,2,1,1,0,7,4,3,0
LCe03,LC20b,3,2,1,0,7,5,2,0
LC28a,MLt6,3,0,3,0,7,0,7,0
MeMe_e01,MTe26,2,2,0,0,7,7,0,0
MeMe_e01,MTe10,2,2,0,0,7,7,0,0
MeMe_e01,MTe19,2,2,0,0,7,7,0,0
cL02a,Li23,2,1,1,0,7,5,2,0
PLP069,LTe60,1,0,1,0,7,0,7,0
LC45,LTe46,2,1,1,0,7,2,5,0
cLP02,VS2,3,1,2,0,7,2,5,0
LC21,cLPL01,2,1,1,0,7,5,2,0
LPT45_dCal1,DCH,1,1,0,0,7,7,0,0
cL05,Li01,2,1,1,0,7,4,3,0
cL05,LT36,2,1,1,0,7,3,4,0
aMe5,Y4,2,0,2,0,7,0,7,0
aMe5,Sm38,3,0,3,0,7,0,7,0
aMe5,Sm06,3,1,2,0,7,3,4,0
MTe26,aMe19b,2,1,1,0,7,2,5,0
MTe26,MLt7,2,0,2,0,7,0,7,0
MTe13,CB0802,1,0,1,0,7,0,7,0
MTe13,Pm10,3,1,2,0,7,3,4,0
LC31a,LC11,3,2,1,0,7,4,3,0
LTe36,LTe37,2,0,2,0,7,0,7,0
cL02c,LMt3,3,1,2,0,7,3,4,0
cL02c,Li09,2,1,1,0,7,2,5,0
LC10d,Tm32,3,2,1,0,7,5,2,0
MTe01a,MTe26,3,2,1,0,7,5,2,0
LTe09,LLPt,3,1,2,0,7,2,5,0
LCe01a,LCe02,3,2,1,0,7,4,3,0
LTe43,LTe75,2,1,1,0,7,2,5,0
cL02d,LC13,2,1,1,0,7,5,2,0
cL02d,LLPt,3,2,1,0,7,5,2,0
LCe03,LTe54,3,2,1,0,7,4,3,0
MTe53,cM08c,3,0,3,0,7,0,7,0
cLP01,T4d,3,2,1,0,7,5,2,0
cLLP02,cMLLP01,2,1,1,0,7,5,2,0
LC21,LT87,3,2,1,0,7,4,3,0
aMe19b,Sm26,2,0,2,0,7,0,7,0
cLLPM02,LC16,3,2,1,0,7,5,2,0
cLLPM02,LC6,3,1,2,0,7,3,4,0
cLLPM02,TmY4,3,0,3,0,7,0,7,0
cLLPM02,Tm16,3,0,3,0,7,0,7,0
cLLPM02,T5d,2,1,1,0,7,2,5,0
cM09,TmY31,2,0,2,0,7,0,7,0
cM09,LTe35,1,0,1,0,7,0,7,0
cM09,LC10d,2,0,2,0,7,0,7,0
cM09,Li10,3,1,2,0,7,2,5,0
cM09,LC13,2,0,2,0,7,0,7,0
cMLLP01,T2a,2,0,2,0,7,0,7,0
cMLLP01,Li11,3,1,2,0,7,3,4,0
cMLLP01,Li27,3,1,2,0,7,3,4,0
cMLLP01,MTe01a,3,1,2,0,7,2,5,0
cMLLP01,Li28,3,1,2,0,7,2,5,0
cMLLP01,Pm10,3,2,1,0,7,5,2,0
cMLLP01,MTe05,3,0,3,0,7,0,7,0
cMLLP01,LMt3,2,1,1,0,7,5,2,0
LC20a,cL22a,1,0,1,0,7,0,7,0
DNpe053,cM16,1,0,1,0,7,0,7,0
DNpe053,l-LNv,2,1,1,0,7,5,2,0
LC41,LT55,2,1,1,0,7,3,4,0
LTe38c,LTe27,2,1,1,0,7,4,3,0
cL13,cL14,1,0,1,0,7,0,7,0
cL13,LTe35,2,1,1,0,7,3,4,0
cL13,Tm7,3,2,1,0,7,5,2,0
cL13,LTe19,2,1,1,0,7,5,2,0
cL13,LTe13,2,1,1,0,7,2,5,0
aMe4,TmY15,3,2,1,0,7,5,2,0
MeMe_e10,Sm16,2,1,1,0,7,3,4,0
LC28a,Li07,2,1,1,0,7,2,5,0
LPT52,cLP02,1,0,1,0,7,0,7,0
aMe17a1,cM10,2,1,1,0,7,5,2,0
aMe17a1,aMe17a2,2,1,1,0,7,4,3,0
aMe17a1,MTe04,3,2,1,0,7,5,2,0
aMe17a1,MTe37,2,1,1,0,7,2,5,0
aMe17a1,MeMe_e06,2,1,1,0,7,3,4,0
aMe17a1,aMe4,3,0,3,0,7,0,7,0
aMe17a1,Mi10,1,0,1,0,7,0,7,0
aMe17a1,5-HTPMPV03,3,2,1,0,7,4,3,0
aMe12,aMe17b,3,3,0,0,7,7,0,0
aMe12,Sm26,3,3,0,0,7,7,0,0
aMe12,s-LNvb,2,2,0,0,7,7,0,0
aMe19a,aMe12,3,0,1,2,7,0,3,4
LC31c,Li24,3,2,1,0,7,4,3,0
LC31c,LPLC1,3,1,2,0,7,2,5,0
LC31c,LT61b,2,1,1,0,7,5,2,0
LC31c,Tm21,3,2,1,0,7,5,2,0
vCal1,Am1,2,1,1,0,7,5,2,0
LC28a,LTe23,3,1,2,0,7,3,4,0
LC11,LT80,3,2,1,0,7,4,3,0
LPLC4,Tm31,2,1,1,0,7,5,2,0
MTe38,Sm42,2,1,1,0,7,2,5,0
MTe38,MTe17,3,1,2,0,7,2,5,0
cL22c,LC10e,2,0,2,0,7,0,7,0
cL22c,Li05,3,1,2,0,7,2,5,0
cL22c,LTe21,1,0,1,0,7,0,7,0
cL22c,LC17,2,1,1,0,7,2,5,0
cL22c,LT57,2,1,1,0,7,2,5,0
LTe38a,Li33,3,2,1,0,7,5,2,0
cL15,DNp31,1,0,0,1,7,0,0,7
cL15,LC20a,2,1,1,0,7,2,5,0
LC10c,Li33,3,2,1,0,7,5,2,0
LTe21,LLPt,3,0,3,0,7,0,7,0
LT39,5-HTPMPV03,2,0,2,0,7,0,7,0
LT39,Li31,2,1,1,0,7,2,5,0
LT39,LC35,1,0,1,0,7,0,7,0
LLPC2,LTe17,3,1,2,0,7,2,5,0
LTe25,TmY31,3,2,1,0,7,5,2,0
LTe25,LTe40,2,1,1,0,7,3,4,0
mALB5,aMe8,2,0,2,0,7,0,7,0
mALB5,LPLC4,3,0,3,0,7,0,7,0
mALB5,LC33a,3,0,3,0,7,0,7,0
mALB5,LTe04,1,0,1,0,7,0,7,0
MTe18,Pm01,3,0,3,0,7,0,7,0
LTe10,cL10,1,0,1,0,7,0,7,0
LTe10,Li32,2,1,1,0,7,2,5,0
VS6,LPT45_dCal1,2,1,1,0,7,5,2,0
VS6,LPi11,2,1,1,0,7,4,3,0
cM16,LMt3,3,1,2,0,7,3,4,0
cM16,cM08a,3,1,2,0,7,2,5,0
cM16,Mi14,3,1,2,0,7,3,4,0
cM16,Sm24,3,1,2,0,7,2,5,0
cM16,Tm5b,2,1,1,0,7,2,5,0
cM16,LMt1,2,1,1,0,7,3,4,0
cL04,LCe04,3,1,2,0,7,2,5,0
cL04,LTe43,3,2,1,0,7,4,3,0
MeMe_e10,Sm31,2,0,2,0,7,0,7,0
LPT53,Nod3,2,1,1,0,7,2,5,0
LPT53,Y1,2,1,1,0,7,5,2,0
LPT53,LPTe01,3,1,2,0,7,3,4,0
LC17,LC14a2,3,1,2,0,7,2,5,0
aMe19a,LCe04,1,1,0,0,7,7,0,0
LLPC1,LPTe01,3,2,1,0,7,5,2,0
LC10e,LTe14,3,2,1,0,7,5,2,0
Sm13,Pm14,3,3,0,0,7,7,0,0
Tm16,Y11,2,2,0,0,7,7,0,0
Tm37,Tm27,3,3,0,0,7,7,0,0
Li09,LTe06,2,2,0,0,7,7,0,0
TmY16,LPTe02,3,3,0,0,7,7,0,0
Li24,Tm5e,3,3,0,0,7,7,0,0
Li19,LC39,2,2,0,0,7,7,0,0
Li19,LC17,3,3,0,0,7,7,0,0
Li11,cM10,3,3,0,0,7,7,0,0
MLt4,Li30,2,2,0,0,7,7,0,0
Y1,OA-AL2i1,3,3,0,0,7,7,0,0
Li08,LT80,3,3,0,0,7,7,0,0
Tm5f,LTe01,3,3,0,0,7,7,0,0
TmY20,Li31,2,2,0,0,7,7,0,0
Sm31,Dm9,3,3,0,0,7,7,0,0
T3,LC31c,3,3,0,0,7,7,0,0
T5d,Pm14,2,2,0,0,7,7,0,0
Sm22,OA-ASM1,3,3,0,0,7,7,0,0
Dm20,DmDRA2,3,3,0,0,7,7,0,0
Tlp5,cLLP02,3,3,0,0,7,7,0,0
Li11,LC19,3,3,0,0,7,7,0,0
TmY11,LPT42_Nod4,2,2,0,0,7,7,0,0
Sm09,MLt1,3,3,0,0,7,7,0,0
Dm15,Lai,2,2,0,0,7,7,0,0
Sm42,TmY14,3,3,0,0,7,7,0,0
Y3,LTe62,2,2,0,0,7,7,0,0
Pm03,Sm42,3,3,0,0,7,7,0,0
Li12,MLt8,2,2,0,0,7,7,0,0
Dm13,Sm01,2,2,0,0,7,7,0,0
Y3,LTe03,3,3,0,0,7,7,0,0
Tm37,Sm42,2,2,0,0,7,7,0,0
Sm02,TmY14,3,3,0,0,7,7,0,0
TmY15,MTe27,3,3,0,0,7,7,0,0
Tm4,LTe01,2,2,0,0,7,7,0,0
Sm19,aMe5,3,3,0,0,7,7,0,0
Pm07,MLt5,2,2,0,0,7,7,0,0
R7,Sm43,3,3,0,0,7,7,0,0
Y4,LC35,3,3,0,0,7,7,0,0
Tm31,Li32,3,3,0,0,7,7,0,0
Li08,LTe45,3,3,0,0,7,7,0,0
Li13,OA-AL2b1,3,3,0,0,7,7,0,0
Li23,CB0143,1,1,0,0,7,7,0,0
Li23,Tm16,2,2,0,0,7,7,0,0
Dm9,Dm18,3,3,0,0,7,7,0,0
Sm10,aMe17c,3,3,0,0,7,7,0,0
Sm37,Sm34,3,3,0,0,7,7,0,0
Sm25,OA-AL2i4,3,3,0,0,7,7,0,0
Mi15,Tm35,2,2,0,0,7,7,0,0
Mi2,Mi2,3,3,0,0,7,7,0,0
TmY9q,LTe51,2,2,0,0,7,7,0,0
Li02,LT84,2,2,0,0,7,7,0,0
TmY3,cL02a,3,3,0,0,7,7,0,0
DmDRA1,Lat,1,1,0,0,7,7,0,0
MLt8,LT57,2,2,0,0,7,7,0,0
LLPt,LPT45_dCal1,3,3,0,0,7,7,0,0
Dm9,MeMe_e03,3,3,0,0,7,7,0,0
Pm01,LC12,2,2,0,0,7,7,0,0
LMt3,OA-AL2i1,3,3,0,0,7,7,0,0
Sm03,Sm23,3,3,0,0,7,7,0,0
Tm32,LT59,3,3,0,0,7,7,0,0
Sm20,Sm08,3,3,0,0,7,7,0,0
LMt4,Li29,2,2,0,0,7,7,0,0
TmY5a,LC31c,2,2,0,0,7,7,0,0
Li18,TmY9q⊥,3,3,0,0,7,7,0,0
Dm3q,Dm1,1,1,0,0,7,7,0,0
Tlp5,Tm5c,3,3,0,0,7,7,0,0
Tm9,Sm12,1,1,0,0,7,7,0,0
MLt1,Y11,3,3,0,0,7,7,0,0
LMt3,Sm12,2,2,0,0,7,7,0,0
Mi2,LPLC1,2,2,0,0,7,7,0,0
Sm41,MLt4,3,3,0,0,7,7,0,0
Li18,TmY10,3,3,0,0,7,7,0,0
Li09,TmY10,3,3,0,0,7,7,0,0
Pm08,MTe02,3,3,0,0,7,7,0,0
Li27,LT77,3,3,0,0,7,7,0,0
Li27,LT34,2,2,0,0,7,7,0,0
Li02,LT70,3,3,0,0,7,7,0,0
Mi4,MTe29,1,1,0,0,7,7,0,0
Li09,LT65,3,3,0,0,7,7,0,0
Mi9,Y11,3,3,0,0,7,7,0,0
Tm25,MLt2,3,3,0,0,7,7,0,0
Y3,Li04,3,3,0,0,7,7,0,0
Li11,cL16,3,3,0,0,7,7,0,0
Tm32,cL16,3,3,0,0,7,7,0,0
Sm05,Sm09,3,3,0,0,7,7,0,0
Sm38,MTe28,2,2,0,0,7,7,0,0
Sm38,MTe37,2,2,0,0,7,7,0,0
TmY15,Dm9,3,3,0,0,7,7,0,0
T5c,LC11,3,3,0,0,7,7,0,0
LPi10,Li26,1,1,0,0,7,7,0,0
Tm7,MTe52,2,2,0,0,7,7,0,0
R7,MTe48,3,3,0,0,7,7,0,0
Sm01,T1,2,2,0,0,7,7,0,0
C2,Dm8b,2,2,0,0,7,7,0,0
Sm12,MTe18,3,3,0,0,7,7,0,0
Sm28,Sm03,3,3,0,0,7,7,0,0
TmY11,Sm15,2,2,0,0,7,7,0,0
Dm4,Sm21,2,2,0,0,7,7,0,0
TmY15,OA-AL2i2,3,3,0,0,7,7,0,0
Dm15,Dm10,3,3,0,0,7,7,0,0
LMa2,MLt1,2,2,0,0,7,7,0,0
Dm9,Tm7,3,3,0,0,7,7,0,0
TmY31,LPT29,3,3,0,0,7,7,0,0
T5a,LC14a1,2,2,0,0,7,7,0,0
T5a,Li24,1,1,0,0,7,7,0,0
LMa3,LCe07,3,3,0,0,7,7,0,0
Pm01,Pm13,3,3,0,0,7,7,0,0
MLt1,LTe28,2,2,0,0,7,7,0,0
L3,aMe4,3,3,0,0,7,7,0,0
Tm33,LC20a,3,3,0,0,7,7,0,0
MLt8,LTe65,2,2,0,0,7,7,0,0
Pm14,cM16,2,2,0,0,7,7,0,0
Pm14,cM17,2,2,0,0,7,7,0,0
Sm15,Sm23,3,3,0,0,7,7,0,0
TmY15,H1,3,3,0,0,7,7,0,0
Tm34,OA-ASM1,3,3,0,0,7,7,0,0
Pm14,Tm5c,2,2,0,0,7,7,0,0
Pm14,Nod1,2,2,0,0,7,7,0,0
LMt3,cM07,2,2,0,0,7,7,0,0
LMa4,Dm20,3,3,0,0,7,7,0,0
LPi08,cLP03,3,3,0,0,7,7,0,0
Pm08,TmY4,3,3,0,0,7,7,0,0
R8,Sm03,2,2,0,0,7,7,0,0
Tm36,MTe52,3,3,0,0,7,7,0,0
Tm1,LPi14,2,2,0,0,7,7,0,0
Tm5b,LTe38a,1,1,0,0,7,7,0,0
Sm14,Mi4,2,2,0,0,7,7,0,0
Tm16,cM17,3,3,0,0,7,7,0,0
Li05,Li24,2,2,0,0,7,7,0,0
Li08,Tm16,3,3,0,0,7,7,0,0
TmY10,MTe34,3,3,0,0,7,7,0,0
TmY9q,LPi04,3,3,0,0,7,7,0,0
Sm29,cM03,3,3,0,0,7,7,0,0
Tm32,LPT04_HST,3,3,0,0,7,7,0,0
Sm08,DmDRA2,3,3,0,0,7,7,0,0
Tm5f,LPT31,3,3,0,0,7,7,0,0
MLt8,MTe21,2,2,0,0,7,7,0,0
LPi05,LPT42_Nod4,3,3,0,0,7,7,0,0
Li28,mALC5,2,2,0,0,7,7,0,0
Dm12,Sm27,1,1,0,0,7,7,0,0
Sm29,Tm32,3,3,0,0,7,7,0,0
Sm25,Sm10,3,3,0,0,7,7,0,0
DmDRA2,TmY14,3,3,0,0,7,7,0,0
Y4,LC10b,3,3,0,0,7,7,0,0
Tm1,Sm01,1,1,0,0,7,7,0,0
Tlp1,T3,3,3,0,0,7,7,0,0
Sm33,Tm32,3,3,0,0,7,7,0,0
Li29,LC10d,3,3,0,0,7,7,0,0
Sm29,MTe47,2,2,0,0,7,7,0,0
Mi9,MTe07,2,2,0,0,7,7,0,0
Tm20,Pm03,3,3,0,0,7,7,0,0
LPi05,LTe09,2,2,0,0,7,7,0,0
Tm5b,TmY14,3,3,0,0,7,7,0,0
Sm32,MTe29,1,1,0,0,7,7,0,0
Sm32,MLt6,2,2,0,0,7,7,0,0
T2a,MTe50,2,2,0,0,7,7,0,0
Sm01,Mi1,1,1,0,0,7,7,0,0
Sm01,Tm3,1,1,0,0,7,7,0,0
Dm8b,Sm11,1,1,0,0,7,7,0,0
Li28,cL17,1,1,0,0,7,7,0,0
Tm8a,LTe02,2,2,0,0,7,7,0,0
Sm35,TmY4,3,3,0,0,7,7,0,0
Sm35,Tm27,3,3,0,0,7,7,0,0
Li15,LC22,3,3,0,0,7,7,0,0
LPi15,LPT27,1,1,0,0,7,7,0,0
Li18,LC33a,1,1,0,0,7,7,0,0
Li30,LPLC1,3,3,0,0,7,7,0,0
Li32,LTe03,2,2,0,0,7,7,0,0
Li32,LT58,1,1,0,0,7,7,0,0
Sm43,Sm42,1,1,0,0,7,7,0,0
MeTu3b,Sm29,3,3,0,0,7,7,0,0
LC9,LC20b,2,2,0,0,7,7,0,0
MeTu4a,MTe28,3,3,0,0,7,7,0,0
LC39,LTe16,3,3,0,0,7,7,0,0
LC39,LC25,2,2,0,0,7,7,0,0
LC20a,LC9,3,3,0,0,7,7,0,0
LC20a,LTe38b,2,2,0,0,7,7,0,0
PLP020,AOTU053,1,1,0,0,7,7,0,0
PLP020,CB0230,1,0,0,1,7,0,0,7
LC27,LTe49f,2,2,0,0,7,7,0,0
LT70,LC36,3,3,0,0,7,7,0,0
LT70,LT77,3,3,0,0,7,7,0,0
CB0802,5-HTPMPV03,1,1,0,0,7,7,0,0
MTe01a,Sm23,3,3,0,0,7,7,0,0
LLPC1,LTe66,3,3,0,0,7,7,0,0
LPLC4,T5b,3,3,0,0,7,7,0,0
LTe16,LTe48,1,1,0,0,7,7,0,0
LTe16,LTe53,1,1,0,0,7,7,0,0
LT52,LT72,3,3,0,0,7,7,0,0
LT52,LT84,3,3,0,0,7,7,0,0
MTe25,aMe17a1,1,1,0,0,7,7,0,0
cL12,LPLC4,2,2,0,0,7,7,0,0
PLP231,LC34,1,1,0,0,7,7,0,0
LT78,CB0143,1,1,0,0,7,7,0,0
LC9,LTe27,3,3,0,0,7,7,0,0
LPTe01,DCH,2,2,0,0,7,7,0,0
LPC2,LPT26,3,3,0,0,7,7,0,0
LT57,LC6,3,3,0,0,7,7,0,0
cM05,Dm8a,3,3,0,0,7,7,0,0
cM05,Dm3p,3,3,0,0,7,7,0,0
cL21,CB0143,1,1,0,0,7,7,0,0
VS2,LPTe01,3,3,0,0,7,7,0,0
cL16,LC21,3,3,0,0,7,7,0,0
cL16,LT77,2,2,0,0,7,7,0,0
LPT31,Tlp14,3,3,0,0,7,7,0,0
cLPL01,Li03,2,2,0,0,7,7,0,0
cML01,cL03,3,3,0,0,7,7,0,0
cML01,LT74,1,1,0,0,7,7,0,0
MTe50,MLt5,1,1,0,0,7,7,0,0
CB3235,cL04,1,1,0,0,7,7,0,0
LC22,LT64,2,2,0,0,7,7,0,0
PLP252,PLP104,1,1,0,0,7,7,0,0
PLP252,LTe38a,1,1,0,0,7,7,0,0
PLP252,PLP155,1,1,0,0,7,7,0,0
PLP252,LC34,1,1,0,0,7,7,0,0
LT59,Li11,2,2,0,0,7,7,0,0
LTe23,LTe53,1,1,0,0,7,7,0,0
HSN,HSE,1,1,0,0,7,7,0,0
LTe58,LC28a,3,3,0,0,7,7,0,0
LTe08,LC20a,2,2,0,0,7,7,0,0
LTe08,Li10,3,3,0,0,7,7,0,0
LTe08,Tm20,3,3,0,0,7,7,0,0
LTe08,LC10d,3,3,0,0,7,7,0,0
LC20a,LTe28,1,1,0,0,7,7,0,0
LT64,PLP051,2,2,0,0,7,7,0,0
MTe52,Tm7,2,2,0,0,7,7,0,0
LT51,LC20b,3,3,0,0,7,7,0,0
LPT23,CB0143,1,1,0,0,7,7,0,0
MTe37,Sm15,3,3,0,0,7,7,0,0
CB3866,cL13,1,1,0,0,7,7,0,0
MTe01a,MTe22,3,3,0,0,7,7,0,0
LLPC4,LC6,3,3,0,0,7,7,0,0
cM10,Sm40,2,2,0,0,7,7,0,0
LPT27,CB0143,1,1,0,0,7,7,0,0
cM06,TmY5a,3,3,0,0,7,7,0,0
cM06,Pm09,1,1,0,0,7,7,0,0
cM06,Dm8a,3,3,0,0,7,7,0,0
cM06,Tm34,2,2,0,0,7,7,0,0
MTe12,MeMe_e01,3,3,0,0,7,7,0,0
LT77,cLLPM02,1,1,0,0,7,7,0,0
LPT42_Nod4,LPi05,3,3,0,0,7,7,0,0
LCe05,LC37a,2,2,0,0,7,7,0,0
LCe05,LC25,3,3,0,0,7,7,0,0
LC28a,LT58,3,3,0,0,7,7,0,0
cLLPM01,Pm08,2,2,0,0,7,7,0,0
LC15,Y11,2,2,0,0,7,7,0,0
cLP01,LPT28,3,3,0,0,7,7,0,0
mALC5,LTe05,1,1,0,0,7,7,0,0
mALC5,cL17,1,1,0,0,7,7,0,0
mALC5,LT33,1,1,0,0,7,7,0,0
cM02a,MTe02,2,2,0,0,7,7,0,0
cM07,TmY15,3,3,0,0,7,7,0,0
cM07,MTe27,1,1,0,0,7,7,0,0
LC45,Li28,3,3,0,0,7,7,0,0
LC45,Y4,2,2,0,0,7,7,0,0
LC45,LT58,1,1,0,0,7,7,0,0
cL18,TmY9q⊥,1,1,0,0,7,7,0,0
LT69,LC15,3,3,0,0,7,7,0,0
mALD2,Tm8b,2,2,0,0,7,7,0,0
LC20a,LT52,3,3,0,0,7,7,0,0
LC13,LT58,3,3,0,0,7,7,0,0
LTe49e,cL14,1,1,0,0,7,7,0,0
cM16,T2,2,2,0,0,7,7,0,0
cM16,Tm21,1,1,0,0,7,7,0,0
cM04,aMe3,1,1,0,0,7,7,0,0
LT53,Li30,2,2,0,0,7,7,0,0
cM08b,Sm35,2,2,0,0,7,7,0,0
cM08b,Li12,3,3,0,0,7,7,0,0
LT38,TmY5a,3,3,0,0,7,7,0,0
LT38,cL22b,1,0,0,1,7,0,0,7
OA-AL2i1,LPT50,1,1,0,0,7,7,0,0
cLP03,LPT53,1,1,0,0,7,7,0,0
mALD1,LC35,1,1,0,0,7,7,0,0
mALD1,5-HTPMPV03,1,1,0,0,7,7,0,0
mALD1,cM10,1,1,0,0,7,7,0,0
PLP023,cM14,1,0,0,1,7,0,0,7
PLP023,LC20b,1,1,0,0,7,7,0,0
LPC2,CB0143,2,2,0,0,7,7,0,0
LTe73,LTe72,1,1,0,0,7,7,0,0
LT37,LTe08,1,1,0,0,7,7,0,0
aMe24,LTe65,1,1,0,0,7,7,0,0
LT39,LC4,1,1,0,0,7,7,0,0
cL02b,cMLLP01,1,1,0,0,7,7,0,0
cL03,T4d,3,3,0,0,7,7,0,0
cL03,cLLPM02,1,1,0,0,7,7,0,0
MTe22,LC33a,1,1,0,0,7,7,0,0
MTe13,LTe13,1,1,0,0,7,7,0,0
MTe30,LNda,1,1,0,0,7,7,0,0
MTe30,LC45,1,1,0,0,7,7,0,0
MTe30,MeMe_e09,1,1,0,0,7,7,0,0
cL04,LTe72,2,2,0,0,7,7,0,0
LPT54,5-HTPMPV03,1,1,0,0,7,7,0,0
LPT54,Sm07,3,3,0,0,7,7,0,0
LPT54,PLP022,1,1,0,0,7,7,0,0
LCe06,LC39,1,1,0,0,7,7,0,0
LT84,LTe64,2,2,0,0,7,7,0,0
LT84,LCe07,2,2,0,0,7,7,0,0
LT84,LT58,1,1,0,0,7,7,0,0
LC10b,Li17,2,2,0,0,7,7,0,0
LTe42b,LC10e,3,3,0,0,7,7,0,0
LCe01a,LT52,2,2,0,0,7,7,0,0
LPLC4,LPi04,3,3,0,0,7,7,0,0
cLP05,LPT23,2,2,0,0,7,7,0,0
MTe14,TmY9q,3,3,0,0,7,7,0,0
MTe14,MTe54,2,2,0,0,7,7,0,0
LTe74,LTe32,1,1,0,0,7,7,0,0
cMLLP02,LLPC3,3,3,0,0,7,7,0,0
aMe17a2,LMa3,2,2,0,0,7,7,0,0
cM08a,LMa5,3,3,0,0,7,7,0,0
MTe28,cM04,1,1,0,0,7,7,0,0
cLP02,LPT29,2,2,0,0,7,7,0,0
LPLC4,LT37,2,2,0,0,7,7,0,0
cL22c,LTe17,1,1,0,0,7,7,0,0
MTe27,PLP051,1,1,0,0,7,7,0,0
cLP03,LC39,1,1,0,0,7,7,0,0
cML02,C3,1,1,0,0,7,7,0,0
LT68,LC24,1,1,0,0,7,7,0,0
LC20b,Tm5c,3,3,0,0,7,7,0,0
cM15,MTe01a,3,3,0,0,7,7,0,0
LPT22,TmY5a,3,3,0,0,7,7,0,0
PLP036,LTe63,2,2,0,0,7,7,0,0
LC22,LT81,2,2,0,0,7,7,0,0
LC39,LT47,1,1,0,0,7,7,0,0
LC9,DNp27,2,2,0,0,7,7,0,0
LT58,LTe35,1,1,0,0,7,7,0,0
LTe17,Li30,1,1,0,0,7,7,0,0
LTe17,LTe70,1,1,0,0,7,7,0,0
MeTu4c,LTe45,3,3,0,0,7,7,0,0
LT11,LC28a,2,2,0,0,7,7,0,0
LTe52,CB0734,1,1,0,0,7,7,0,0
MeTu4a,MTe13,2,2,0,0,7,7,0,0
LT85,CB0734,1,1,0,0,7,7,0,0
HSE,H2,1,0,0,1,7,0,0,7
PLP022,LTe15,1,1,0,0,7,7,0,0
cM01b,Sm36,2,2,0,0,7,7,0,0
LT43,LTe58,3,3,0,0,7,7,0,0
LC28a,LT11,3,3,0,0,7,7,0,0
LPT53,PLP163,1,1,0,0,7,7,0,0
cL22a,LTe24,1,1,0,0,7,7,0,0
LC24,LC20a,1,1,0,0,7,7,0,0
cL22b,Li30,1,1,0,0,7,7,0,0
LTe21,mALD1,1,1,0,0,7,7,0,0
LPT26,LMt3,1,1,0,0,7,7,0,0
cM04,LatB,3,3,0,0,7,7,0,0
LPC1,VS1,3,3,0,0,7,7,0,0
LT43,TmY31,2,2,0,0,7,7,0,0
MTe01b,Tm9,1,1,0,0,7,7,0,0
LTe05,CB0143,1,1,0,0,7,7,0,0
cLLPM02,Li30,1,1,0,0,7,7,0,0
LLPC3,Tm21,2,2,0,0,7,7,0,0
PLP037b,PLP249,1,1,0,0,7,7,0,0
LT52,T2a,3,3,0,0,7,7,0,0
LTe46,LCe01b,1,1,0,0,7,7,0,0
MTe31,cL16,1,1,0,0,7,7,0,0
MTe31,Sm07,3,3,0,0,7,7,0,0
MTe31,MeTu1,3,3,0,0,7,7,0,0
cLP04,OA-AL2i1,1,1,0,0,7,7,0,0
cLP04,LT52,2,2,0,0,7,7,0,0
aMe1,LT82a,1,1,0,0,7,7,0,0
PLP215,TmY31,2,2,0,0,7,7,0,0
cL06,Tm35,3,3,0,0,7,7,0,0
cL06,Li01,1,1,0,0,7,7,0,0
MTe44,MTe18,1,1,0,0,7,7,0,0
MTe44,OA-AL2i1,1,1,0,0,7,7,0,0
LPT49,LPT21,1,1,0,0,7,7,0,0
LPT49,LPT31,2,2,0,0,7,7,0,0
cM02b,Sm33,1,1,0,0,7,7,0,0
LTe69,PLP022,1,1,0,0,7,7,0,0
LC22,CB0734,1,1,0,0,7,7,0,0
LTe19,cM09,2,2,0,0,7,7,0,0
LPTe02,LTe37,1,1,0,0,7,7,0,0
LTe76,mALC5,1,1,0,0,7,7,0,0
LTe76,Li12,2,2,0,0,7,7,0,0
LT34,LT65,1,1,0,0,7,7,0,0
VS8,VST2,2,2,0,0,7,7,0,0
MTe51,Pm13,1,1,0,0,7,7,0,0
LC31c,LT82a,2,2,0,0,7,7,0,0
VS5,LPi09,2,2,0,0,7,7,0,0
VS5,Y11,3,3,0,0,7,7,0,0
DCH,Li29,1,1,0,0,7,7,0,0
DCH,VST1,2,2,0,0,7,7,0,0
DCH,Li26,1,1,0,0,7,7,0,0
LT65,Tlp5,3,3,0,0,7,7,0,0
mALC3,LLPC1,1,1,0,0,7,7,0,0
aMe5,Dm4,2,2,0,0,7,7,0,0
MTe21,Tm32,3,3,0,0,7,7,0,0
PLP081,CB0734,1,1,0,0,7,7,0,0
PLP081,LPT42_Nod4,1,1,0,0,7,7,0,0
LTe20,LT56,1,1,0,0,7,7,0,0
cMLLP01,CB0143,1,1,0,0,7,7,0,0
cMLLP01,LPT51,1,1,0,0,7,7,0,0
LCe03,Li06,3,3,0,0,7,7,0,0
LT76,cL16,1,1,0,0,7,7,0,0
PLP032,CB3235,1,0,0,1,7,0,0,7
PLP032,cL13,1,0,0,1,7,0,0,7
LT68,PLP251,1,1,0,0,7,7,0,0
TmY11,Pm06,3,2,1,0,6,4,2,0
Tm9,Sm32,2,1,1,0,6,2,4,0
T3,LMt3,3,1,2,0,6,2,4,0
Tm16,LT80,3,1,2,0,6,2,4,0
Sm16,OA-AL2i4,3,1,2,0,6,2,4,0
C3,TmY31,3,0,3,0,6,0,6,0
Sm08,MeMe_e03,3,1,2,0,6,2,4,0
Li13,cLLP02,3,2,1,0,6,4,2,0
Li08,LTe58,3,1,2,0,6,2,4,0
Li06,Tm5c,3,1,2,0,6,2,4,0
Tm8a,Li21,2,0,2,0,6,0,6,0
Tm8a,Sm04,3,1,2,0,6,2,4,0
Tm8a,LTe25,2,0,2,0,6,0,6,0
Sm24,Dm8a,3,2,1,0,6,4,2,0
Sm24,Sm03,3,2,1,0,6,4,2,0
Sm24,Sm36,3,0,3,0,6,0,6,0
Tm33,LT77,2,1,1,0,6,4,2,0
Tm32,LC16,3,2,1,0,6,4,2,0
T4d,cM15,3,1,2,0,6,2,4,0
Tm3,LC31c,2,0,2,0,6,0,6,0
C3,MTe42,3,0,3,0,6,0,6,0
TmY4,LTe42b,2,0,2,0,6,0,6,0
Y4,Tm37,2,1,1,0,6,2,4,0
Tm32,Sm29,3,1,2,0,6,2,4,0
MLt3,MTe43,2,0,2,0,6,0,6,0
Tm5f,Li26,2,0,2,0,6,0,6,0
Tm5f,LTe58,3,0,3,0,6,0,6,0
Tm5f,LT60,2,0,2,0,6,0,6,0
Sm34,Tm8a,3,0,3,0,6,0,6,0
Sm19,cM08b,3,1,2,0,6,2,4,0
Tm32,cL01,3,1,2,0,6,2,4,0
Tm32,cL10,3,2,1,0,6,4,2,0
Y11,MTe18,3,1,2,0,6,2,4,0
Li05,LTe05,2,0,2,0,6,0,6,0
TmY10,LC17,3,2,1,0,6,4,2,0
Tm8b,LCe08,3,1,2,0,6,2,4,0
MLt5,Tm5c,2,0,2,0,6,0,6,0
MLt5,MTe36,3,1,2,0,6,2,4,0
Sm05,MLt2,3,1,2,0,6,2,4,0
Sm05,Pm14,3,0,3,0,6,0,6,0
TmY10,DNp11,3,0,3,0,6,0,6,0
Pm11,Pm07,3,1,2,0,6,2,4,0
MLt6,LC29,3,2,1,0,6,4,2,0
R8,Sm07,2,0,2,0,6,0,6,0
R8,TmY31,3,0,3,0,6,0,6,0
R1-6,Mi15,3,0,3,0,6,0,6,0
TmY31,Pm07,3,2,1,0,6,4,2,0
Dm20,LMa4,3,2,1,0,6,4,2,0
Sm04,Tm5e,3,1,2,0,6,2,4,0
Li21,LTe64,3,1,2,0,6,2,4,0
Sm06,MTe27,2,0,2,0,6,0,6,0
Sm16,TmY10,3,1,2,0,6,2,4,0
L2,Dm2,2,1,1,0,6,2,4,0
Mi14,Pm04,3,2,1,0,6,4,2,0
Tm3,LC31b,3,0,3,0,6,0,6,0
Tm5d,cL02a,1,0,1,0,6,0,6,0
Pm04,LMt4,3,2,1,0,6,4,2,0
Pm04,cLLPM01,3,2,1,0,6,4,2,0
Sm15,MLt2,2,1,1,0,6,3,3,0
Sm07,Li31,1,0,1,0,6,0,6,0
Sm07,Li27,2,0,2,0,6,0,6,0
Tm31,T2a,2,0,2,0,6,0,6,0
LPi07,VS3,2,0,2,0,6,0,6,0
Tm27,LT62,3,0,3,0,6,0,6,0
Tm27,LT1a,1,0,1,0,6,0,6,0
LPi02,LPi13,3,0,3,0,6,0,6,0
Tm5c,MLt8,2,0,2,0,6,0,6,0
Sm07,cM11,3,0,3,0,6,0,6,0
T5b,LPT31,3,0,3,0,6,0,6,0
Sm05,Li06,3,0,3,0,6,0,6,0
Sm05,LC26,2,0,2,0,6,0,6,0
Sm12,MLt2,3,0,3,0,6,0,6,0
Sm30,Sm01,3,2,1,0,6,4,2,0
MLt4,LC21,3,0,3,0,6,0,6,0
Tm32,cM08c,3,2,1,0,6,4,2,0
MLt5,OA-AL2b1,2,0,2,0,6,0,6,0
Li06,Pm05,2,0,2,0,6,0,6,0
Li10,Tlp1,2,0,2,0,6,0,6,0
Pm04,PDt,3,2,1,0,6,4,2,0
Tm25,Tm16,3,0,3,0,6,0,6,0
Li05,LT69,3,1,2,0,6,2,4,0
Sm03,Mi15,3,1,2,0,6,2,4,0
Tm36,T2,3,1,2,0,6,2,4,0
Sm40,MTe23,3,2,1,0,6,4,2,0
Sm40,Tm25,3,0,3,0,6,0,6,0
Sm40,Tm3,3,0,3,0,6,0,6,0
Sm40,MTe42,3,1,2,0,6,2,4,0
Sm05,MeTu3c,3,2,1,0,6,4,2,0
TmY5a,VS2,3,1,2,0,6,2,4,0
T4b,cLP04,3,1,2,0,6,2,4,0
Sm16,Sm30,3,2,1,0,6,4,2,0
Tm32,LTe23,3,1,2,0,6,2,4,0
Tm5e,MTe06,3,0,3,0,6,0,6,0
Sm02,aMe25,3,2,1,0,6,4,2,0
Tm4,MLt5,2,0,2,0,6,0,6,0
TmY20,Sm32,3,1,2,0,6,2,4,0
Dm18,Tm5c,3,0,3,0,6,0,6,0
Sm22,cM07,3,1,2,0,6,2,4,0
Li02,LMa2,3,0,3,0,6,0,6,0
Li02,Li21,2,0,2,0,6,0,6,0
Sm01,Tm5c,3,2,1,0,6,4,2,0
Sm24,Sm05,3,0,3,0,6,0,6,0
Sm24,Dm8b,3,1,2,0,6,2,4,0
T5c,MTe47,3,1,2,0,6,2,4,0
Y1,LPT31,3,1,2,0,6,2,4,0
Sm12,Sm23,2,1,1,0,6,4,2,0
TmY14,LT33,3,0,3,0,6,0,6,0
LPi07,Dm10,1,0,1,0,6,0,6,0
Tm5e,OA-ASM1,3,1,2,0,6,2,4,0
DmDRA2,R8,3,0,3,0,6,0,6,0
DmDRA2,MLt1,2,0,2,0,6,0,6,0
Sm23,Sm38,3,2,1,0,6,4,2,0
Tm33,LPLC4,3,0,3,0,6,0,6,0
Tm34,Sm07,3,0,3,0,6,0,6,0
Tlp4,CB0592,3,2,1,0,6,4,2,0
MLt7,Sm03,3,1,2,0,6,2,4,0
Li05,LT41,3,1,2,0,6,2,4,0
T2a,LT51,3,1,2,0,6,2,4,0
LMa4,MTe27,3,2,1,0,6,4,2,0
Y12,Nod5,3,2,1,0,6,4,2,0
Tm7,aMe10,2,1,1,0,6,2,4,0
L5,LMa4,2,0,2,0,6,0,6,0
Tm16,Dm16,2,1,1,0,6,2,4,0
Tm3,vCal1,2,1,1,0,6,2,4,0
Dm8b,MTe46,2,1,1,0,6,3,3,0
Tm8b,MTe33,3,0,3,0,6,0,6,0
TmY16,Tm25,3,1,2,0,6,2,4,0
Mi14,Sm42,3,1,2,0,6,2,4,0
Dm1,Li06,2,0,2,0,6,0,6,0
Dm1,TmY5a,3,0,3,0,6,0,6,0
TmY10,cL16,3,2,1,0,6,4,2,0
Pm05,Sm32,3,0,3,0,6,0,6,0
Tm5e,MeTu3c,2,0,2,0,6,0,6,0
Tlp5,LC20b,2,0,2,0,6,0,6,0
Tm7,MLt5,3,1,2,0,6,2,4,0
LPi05,LC21,2,0,2,0,6,0,6,0
T2,Tm35,2,1,1,0,6,2,4,0
Li03,LMt4,3,1,2,0,6,2,4,0
Li18,TmY9q,3,1,2,0,6,2,4,0
T4a,LC31a,3,0,3,0,6,0,6,0
TmY5a,Sm06,3,1,2,0,6,2,4,0
Sm01,Dm18,2,0,2,0,6,0,6,0
LMa2,LTe42c,3,0,3,0,6,0,6,0
Sm12,MTe17,3,2,1,0,6,4,2,0
Tm5c,LT85,2,0,2,0,6,0,6,0
TmY10,LTe75,3,0,3,0,6,0,6,0
Tlp5,LC11,2,0,2,0,6,0,6,0
Tlp5,LT40,3,2,1,0,6,4,2,0
Sm17,aMe19b,2,0,2,0,6,0,6,0
T5a,Tlp4,3,0,3,0,6,0,6,0
Tm27,TmY31,3,1,2,0,6,2,4,0
Tm5c,LT41,3,2,1,0,6,4,2,0
Tm5c,Sm24,3,1,2,0,6,2,4,0
Sm31,MeMe_e02,2,0,2,0,6,0,6,0
Sm31,MTe40,2,1,1,0,6,4,2,0
Sm31,MLt5,3,2,1,0,6,4,2,0
MLt2,Mi10,3,2,1,0,6,4,2,0
LMt4,Y4,3,0,3,0,6,0,6,0
Tlp1,LPT28,3,2,1,0,6,4,2,0
TmY3,Tm5d,3,2,1,0,6,4,2,0
MLt3,T5b,2,0,2,0,6,0,6,0
Tm7,MTe34,2,0,2,0,6,0,6,0
Tm32,Sm04,2,1,1,0,6,4,2,0
Tm32,MLt5,3,0,3,0,6,0,6,0
TmY5a,LPT21,3,1,2,0,6,2,4,0
Mi10,MTe53,3,0,3,0,6,0,6,0
Dm20,MTe41,3,1,2,0,6,2,4,0
Pm09,CT1,2,1,1,0,6,3,3,0
MLt7,Tm5b,3,0,3,0,6,0,6,0
MLt7,Sm30,2,0,2,0,6,0,6,0
Pm05,Sm27,3,2,1,0,6,4,2,0
TmY20,Tm5c,3,0,3,0,6,0,6,0
Li07,LTe47,1,0,1,0,6,0,6,0
Li07,Li21,3,0,3,0,6,0,6,0
TmY4,LTe24,3,0,3,0,6,0,6,0
TmY4,LT67,2,0,2,0,6,0,6,0
Sm03,Tm4,3,2,1,0,6,4,2,0
Li05,LC31a,2,1,1,0,6,4,2,0
T3,MeLp2,3,1,2,0,6,2,4,0
Mi14,Dm8b,2,0,2,0,6,0,6,0
T5d,LPi15,3,1,2,0,6,2,4,0
Li10,LTe47,3,1,2,0,6,2,4,0
Li10,LCe05,3,1,2,0,6,2,4,0
MLt6,LMa2,2,0,2,0,6,0,6,0
Sm27,Sm05,2,1,1,0,6,3,3,0
Sm27,MeTu3b,2,1,1,0,6,2,4,0
Tm3,Dm8b,3,1,2,0,6,2,4,0
Tm31,MeMe_e05,2,0,2,0,6,0,6,0
Sm06,MTe17,2,1,1,0,6,4,2,0
Sm09,Mi14,3,1,2,0,6,2,4,0
Sm09,LTe25,2,0,2,0,6,0,6,0
Y12,Mi2,3,2,1,0,6,4,2,0
Tm5b,LCe01,3,2,1,0,6,4,2,0
MLt1,LC10c,3,1,2,0,6,2,4,0
MLt1,MTe52,3,2,1,0,6,4,2,0
Sm10,MTe35,3,1,2,0,6,2,4,0
Sm15,MTe49,3,1,2,0,6,2,4,0
TmY9q⊥,LT1c,1,0,1,0,6,0,6,0
LMt1,LC10a,3,2,1,0,6,4,2,0
Li20,Tm27,3,2,1,0,6,4,2,0
TmY9q⊥,Nod1,3,1,2,0,6,2,4,0
Li19,LC18,3,1,2,0,6,2,4,0
Li19,Li24,3,2,1,0,6,4,2,0
Li19,Tm5e,3,1,2,0,6,2,4,0
Li19,cL07,2,0,2,0,6,0,6,0
Li19,LT79,2,0,2,0,6,0,6,0
Li19,LTe20,2,0,2,0,6,0,6,0
TmY31,LC10f,3,1,2,0,6,2,4,0
TmY5a,LT39,3,2,1,0,6,4,2,0
LPi04,LPT21,3,1,2,0,6,2,4,0
MLt4,CB3833,1,0,1,0,6,0,6,0
LMa3,Li33,3,2,1,0,6,4,2,0
LMa3,LPLC2,3,1,2,0,6,2,4,0
MLt4,Tm20,3,1,2,0,6,2,4,0
Mi4,Li11,2,0,2,0,6,0,6,0
Pm01,Y12,3,1,2,0,6,2,4,0
LPi07,OA-AL2i1,3,1,2,0,6,2,4,0
L1,DNc01,3,2,1,0,6,4,2,0
Tm31,Li28,3,2,1,0,6,4,2,0
Tm31,Sm06,3,1,2,0,6,2,4,0
PDt,CB0816,3,2,1,0,6,4,2,0
PDt,Lawf2,3,1,2,0,6,2,4,0
Mi10,cM03,3,2,1,0,6,4,2,0
R7,MTe01b,2,1,1,0,6,4,2,0
Tm5a,Tm3,2,1,1,0,6,2,4,0
Mi2,L4,3,1,2,0,6,2,4,0
Tm5c,Sm16,3,2,1,0,6,4,2,0
T4c,Pm08,3,1,2,0,6,2,4,0
TmY5a,cM08a,3,1,2,0,6,2,4,0
Li05,LC33a,2,1,1,0,6,3,3,0
Tm33,LC37a,3,1,2,0,6,2,4,0
Li11,LTe47,3,1,2,0,6,2,4,0
MLt8,Sm22,2,0,2,0,6,0,6,0
Mi15,R1-6,2,0,2,0,6,0,6,0
TmY11,MeLp1,3,1,2,0,6,2,4,0
Dm9,MeTu1,3,1,2,0,6,2,4,0
Y3,MTe27,3,1,2,0,6,2,4,0
Li02,LC46,3,1,2,0,6,2,4,0
Li15,LLPC1,3,2,1,0,6,4,2,0
Mi2,LMt4,3,1,2,0,6,2,4,0
Tm7,aMe25,3,0,3,0,6,0,6,0
Li12,LC12,3,1,2,0,6,2,4,0
Sm41,Sm37,2,1,1,0,6,4,2,0
Sm41,Mi2,3,1,2,0,6,2,4,0
Sm41,Sm04,2,1,1,0,6,4,2,0
Sm41,aMe17a2,2,1,1,0,6,3,3,0
Sm41,Sm14,3,2,1,0,6,4,2,0
Sm41,Sm20,3,1,2,0,6,2,4,0
Sm41,MTe13,2,1,1,0,6,4,2,0
PDt,Tm27,3,2,1,0,6,4,2,0
PDt,Mi13,3,1,2,0,6,2,4,0
R1-6,Tm3,2,0,2,0,6,0,6,0
LMa5,Sm05,2,0,2,0,6,0,6,0
Li05,MeTu3c,3,0,3,0,6,0,6,0
R1-6,LPLC1,3,0,3,0,6,0,6,0
Tm5e,Pm10,2,0,2,0,6,0,6,0
LPi08,T5b,3,2,1,0,6,4,2,0
MLt5,LT36,2,0,2,0,6,0,6,0
T4a,LPi06,3,0,3,0,6,0,6,0
Li02,Li03,3,2,1,0,6,4,2,0
Mi2,Tm37,3,2,1,0,6,4,2,0
Y11,Tm7,3,0,3,0,6,0,6,0
Sm20,MeTu3b,3,0,3,0,6,0,6,0
Pm06,cM05,3,2,1,0,6,4,2,0
Sm18,cM03,3,2,1,0,6,4,2,0
Tm27,PDt,3,1,2,0,6,2,4,0
LPi08,H1,1,0,1,0,6,0,6,0
Tm5e,Sm12,3,2,1,0,6,4,2,0
Mi10,Li18,3,0,3,0,6,0,6,0
T5c,Nod3,3,0,3,0,6,0,6,0
Sm12,aMe5,3,2,1,0,6,4,2,0
LMa1,TmY16,3,1,2,0,6,2,4,0
Li13,LCe01b,3,0,3,0,6,0,6,0
Y4,LT1d,3,1,2,0,6,2,4,0
MLt1,Li02,2,0,2,0,6,0,6,0
Tm7,LPT54,3,1,2,0,6,2,4,0
Tm21,LLPt,3,2,1,0,6,4,2,0
C2,Dm13,3,0,3,0,6,0,6,0
L3,Pm01,2,0,2,0,6,0,6,0
T4d,TmY3,3,1,2,0,6,2,4,0
Sm05,Dm3p,3,2,1,0,6,4,2,0
T5d,Y4,3,1,2,0,6,2,4,0
Tm7,LTe23,2,0,2,0,6,0,6,0
Tm25,LTe31,3,1,2,0,6,2,4,0
Tm5e,CB0816,3,1,2,0,6,2,4,0
Tm5e,LT76,3,1,2,0,6,2,4,0
Sm07,C2,3,0,3,0,6,0,6,0
DmDRA1,Mi10,2,1,1,0,6,4,2,0
LMa4,LC14a2,2,0,2,0,6,0,6,0
Lawf1,Mi14,3,1,2,0,6,2,4,0
Dm2,aMe17b,3,1,2,0,6,2,4,0
TmY15,TmY9q,3,1,2,0,6,2,4,0
Y3,Sm11,3,0,3,0,6,0,6,0
T4c,HSN,2,0,2,0,6,0,6,0
Sm25,Dm8a,3,1,2,0,6,2,4,0
Sm25,Mi15,3,1,2,0,6,2,4,0
Sm25,Sm34,2,1,1,0,6,2,4,0
Tm5b,Sm04,3,1,2,0,6,2,4,0
Li11,OA-ASM1,3,1,2,0,6,2,4,0
Pm02,C2,3,0,3,0,6,0,6,0
Sm19,Tm8a,2,0,2,0,6,0,6,0
Sm19,Tm16,2,0,2,0,6,0,6,0
R1-6,Tm9,2,0,2,0,6,0,6,0
TmY4,LC4,3,2,1,0,6,4,2,0
TmY4,LPT47_vCal2,3,2,1,0,6,4,2,0
Sm25,MTe19,2,1,1,0,6,2,4,0
Sm25,Dm8b,3,2,1,0,6,4,2,0
Tm36,LC40,1,0,1,0,6,0,6,0
Tm36,LTe42c,2,1,1,0,6,2,4,0
DmDRA1,Sm15,3,1,2,0,6,2,4,0
Pm10,Sm06,1,0,1,0,6,0,6,0
Tm5c,cM08a,3,1,2,0,6,2,4,0
Sm10,MTe01a,3,2,1,0,6,4,2,0
Sm10,Sm18,3,0,3,0,6,0,6,0
Mi1,CB0816,3,1,2,0,6,2,4,0
MLt1,Sm31,3,2,1,0,6,4,2,0
Pm06,Y12,3,2,1,0,6,4,2,0
Tm21,LMt3,3,0,3,0,6,0,6,0
Tm5c,DmDRA2,2,0,2,0,6,0,6,0
Mi2,MeMe_e07,3,1,2,0,6,2,4,0
LMt2,OA-AL2i2,3,2,1,0,6,4,2,0
Lawf1,Tm5c,3,1,2,0,6,2,4,0
TmY15,LT61b,3,2,1,0,6,4,2,0
Sm10,Lawf1,2,0,2,0,6,0,6,0
Tlp1,LC24,3,0,3,0,6,0,6,0
Tm8a,MTe33,3,2,1,0,6,4,2,0
MLt1,MeTu4b,3,2,1,0,6,4,2,0
Sm25,Sm30,3,2,1,0,6,4,2,0
Sm25,MTe05,3,1,2,0,6,2,4,0
Sm25,MTe47,3,2,1,0,6,4,2,0
Sm11,Sm25,3,1,2,0,6,2,4,0
LPi14,TmY3,3,0,3,0,6,0,6,0
LPi14,T4c,3,0,3,0,6,0,6,0
LPi14,T4d,3,1,2,0,6,2,4,0
Y3,cM05,3,0,3,0,6,0,6,0
T5a,T3,3,1,2,0,6,2,4,0
Tm5f,MTe50,3,2,1,0,6,4,2,0
Pm11,Pm03,3,0,3,0,6,0,6,0
Li10,OA-AL2b1,3,1,2,0,6,2,4,0
T4b,TmY3,3,0,3,0,6,0,6,0
Tm31,Sm42,2,0,2,0,6,0,6,0
Tm5e,LTe56,3,1,2,0,6,2,4,0
Li03,LC20a,3,2,1,0,6,4,2,0
TmY4,LT62,3,2,1,0,6,4,2,0
R8,MeTu3c,3,2,1,0,6,4,2,0
TmY4,Li15,3,0,3,0,6,0,6,0
LMa1,mALC4,3,2,1,0,6,4,2,0
LMa1,LT65,2,0,2,0,6,0,6,0
Li09,Li32,2,1,1,0,6,3,3,0
Tm4,Dm1,3,2,1,0,6,4,2,0
Tm20,MLt5,3,2,1,0,6,4,2,0
TmY10,Sm21,3,1,2,0,6,2,4,0
T3,LPLC2,3,1,2,0,6,2,4,0
L5,Sm13,2,1,1,0,6,3,3,0
Tm21,L1,3,0,3,0,6,0,6,0
Pm08,Mi10,3,1,2,0,6,2,4,0
MLt7,Sm27,3,0,3,0,6,0,6,0
MLt7,cLM01,3,1,2,0,6,2,4,0
MLt7,TmY5a,2,0,2,0,6,0,6,0
LPi06,T5b,3,1,2,0,6,2,4,0
TmY14,LLPC3,3,1,2,0,6,2,4,0
C3,TmY4,2,0,2,0,6,0,6,0
Tm37,Tm5c,3,0,3,0,6,0,6,0
Sm07,MTe16,2,0,2,0,6,0,6,0
Sm30,aMe17a2,2,0,2,0,6,0,6,0
Sm30,Tm37,2,0,2,0,6,0,6,0
Li21,Tm16,3,2,1,0,6,4,2,0
Li21,Tm36,3,0,3,0,6,0,6,0
Li21,LT78,3,1,2,0,6,2,4,0
Y4,Mi2,3,1,2,0,6,2,4,0
Tm5e,cL10,3,0,3,0,6,0,6,0
TmY9q,LT38,3,1,2,0,6,2,4,0
Pm06,Tm3,2,1,1,0,6,2,4,0
Tm37,Sm30,3,0,3,0,6,0,6,0
Tm37,LT53,3,2,1,0,6,4,2,0
Tm37,TmY9q⊥,3,1,2,0,6,2,4,0
Tm37,LTe24,3,0,3,0,6,0,6,0
Sm07,aMe17b,3,0,3,0,6,0,6,0
TmY3,LC31b,3,1,2,0,6,2,4,0
Li15,LC31b,2,1,1,0,6,4,2,0
T2a,Dm16,3,0,3,0,6,0,6,0
LPi09,LPT21,3,1,2,0,6,2,4,0
Dm10,LC13,3,0,3,0,6,0,6,0
Dm10,LLPC1,2,0,2,0,6,0,6,0
TmY14,Sm05,1,0,1,0,6,0,6,0
LPi06,LPi08,3,2,1,0,6,4,2,0
Tlp4,TmY11,3,0,3,0,6,0,6,0
Dm12,LMa5,1,0,1,0,6,0,6,0
Dm19,Tm25,3,1,2,0,6,2,4,0
Y12,MTe13,3,2,1,0,6,4,2,0
Y12,LPT04_HST,3,1,2,0,6,2,4,0
Y12,MTe53,3,0,3,0,6,0,6,0
Tlp14,LTe18,3,1,2,0,6,2,4,0
Y3,MTe18,3,1,2,0,6,2,4,0
Li06,mALC4,2,0,2,0,6,0,6,0
Tm5a,LC31a,3,2,1,0,6,4,2,0
Tm8a,Sm12,3,1,2,0,6,2,4,0
Tm7,Dm3q,3,2,1,0,6,4,2,0
Tm8b,MTe03,2,0,2,0,6,0,6,0
Tm8b,aMe9,2,0,2,0,6,0,6,0
Tm5a,TmY9q,3,1,2,0,6,2,4,0
Dm15,Mi15,3,0,3,0,6,0,6,0
Tm5e,LTe11,3,0,3,0,6,0,6,0
Tm5e,OA-AL2i1,3,1,2,0,6,2,4,0
Sm07,LT58,3,1,2,0,6,2,4,0
TmY10,LT69,3,2,1,0,6,4,2,0
Tm35,LTe47,3,2,1,0,6,4,2,0
Dm4,Tm34,1,0,1,0,6,0,6,0
Tm5a,cL05,3,1,2,0,6,2,4,0
Sm15,MTe46,3,1,2,0,6,2,4,0
DmDRA1,Sm12,3,2,1,0,6,4,2,0
TmY31,LTe36,3,2,1,0,6,4,2,0
Tm5a,TmY3,3,1,2,0,6,2,4,0
Sm10,Sm01,3,0,3,0,6,0,6,0
Sm10,Sm22,3,0,3,0,6,0,6,0
Mi14,Y1,3,0,3,0,6,0,6,0
TmY10,LCe02,3,1,2,0,6,2,4,0
TmY11,Sm03,3,0,3,0,6,0,6,0
Tm7,LC45,2,0,2,0,6,0,6,0
TmY9q⊥,LPC2,3,1,2,0,6,2,4,0
TmY9q⊥,LPT52,3,1,2,0,6,2,4,0
Sm20,Sm41,2,0,2,0,6,0,6,0
Dm8a,TmY9q⊥,3,2,1,0,6,4,2,0
LMa4,TmY9q⊥,3,1,2,0,6,2,4,0
LMa4,LPT30,3,1,2,0,6,2,4,0
LLPt,cL05,3,1,2,0,6,2,4,0
Tm32,Tm27,2,0,2,0,6,0,6,0
LPi10,LPT49,2,1,1,0,6,3,3,0
LPi10,TmY11,3,1,2,0,6,2,4,0
Tm5e,LT58,3,1,2,0,6,2,4,0
Y12,LT62,3,1,2,0,6,2,4,0
T5c,Y4,3,1,2,0,6,2,4,0
Li18,LC10a,3,2,1,0,6,4,2,0
Sm26,Mi9,3,1,2,0,6,2,4,0
Sm32,Dm19,3,0,3,0,6,0,6,0
PDt,Pm01,3,1,2,0,6,2,4,0
PDt,Sm42,2,1,1,0,6,3,3,0
PDt,Pm05,3,2,1,0,6,4,2,0
PDt,C2,3,2,1,0,6,4,2,0
Tm5c,cM05,3,2,1,0,6,4,2,0
Li16,LT66,3,0,3,0,6,0,6,0
Li03,LTe51,1,0,1,0,6,0,6,0
Dm12,CB0816,3,0,3,0,6,0,6,0
Li05,LC27,3,1,2,0,6,2,4,0
Sm06,MeTu4d,2,0,2,0,6,0,6,0
Dm9,Tm3,3,2,1,0,6,4,2,0
Tm4,Dm3p,3,1,2,0,6,2,4,0
Tm16,LT74,3,0,3,0,6,0,6,0
TmY9q⊥,CB0472,3,0,3,0,6,0,6,0
Tm3,LTe20,3,0,3,0,6,0,6,0
LPi01,LPi03,3,1,2,0,6,2,4,0
Mi9,OA-AL2i3,2,1,1,0,6,2,4,0
Tm25,LC29,3,0,3,0,6,0,6,0
LMa1,cM09,3,1,2,0,6,2,4,0
Tm32,Pm07,3,0,3,0,6,0,6,0
LMt4,LC17,3,1,2,0,6,2,4,0
LMt4,mALC3,3,1,2,0,6,2,4,0
C3,MeTu3c,2,1,1,0,6,4,2,0
Sm16,MTe05,3,1,2,0,6,2,4,0
Tm5b,CB0566,3,1,2,0,6,2,4,0
LMa4,Li05,3,1,2,0,6,2,4,0
Sm32,MTe05,3,1,2,0,6,2,4,0
Tm36,LT1a,3,0,3,0,6,0,6,0
Tm36,LC29,3,0,3,0,6,0,6,0
Tm5c,LTe16,3,0,3,0,6,0,6,0
Dm3v,L2,3,2,1,0,6,4,2,0
L5,Y3,2,0,2,0,6,0,6,0
TmY20,Tm20,3,0,3,0,6,0,6,0
R7,Tm21,3,1,2,0,6,2,4,0
Tm5d,LTe29,2,1,1,0,6,4,2,0
Tm5d,LC31c,3,2,1,0,6,4,2,0
T5b,Tm5e,3,0,3,0,6,0,6,0
MLt2,MTe28,3,1,2,0,6,2,4,0
TmY3,LPi13,3,1,2,0,6,2,4,0
Pm01,Tm20,3,1,2,0,6,2,4,0
Li06,LTe30,2,1,1,0,6,4,2,0
Li05,LTe09,2,0,2,0,6,0,6,0
T3,cML01,3,1,2,0,6,2,4,0
Li06,LT77,3,2,1,0,6,4,2,0
Tm36,Sm01,2,1,1,0,6,3,3,0
Mi10,Sm38,3,0,3,0,6,0,6,0
T5b,LPC2,3,2,1,0,6,4,2,0
Pm11,Y12,2,0,2,0,6,0,6,0
LMa2,LC19,2,0,2,0,6,0,6,0
LMa2,LT65,3,1,2,0,6,2,4,0
LMa2,LT47,2,1,1,0,6,2,4,0
Li18,Tm8a,3,2,1,0,6,4,2,0
Tm4,LC20b,2,1,1,0,6,2,4,0
Dm13,Tm21,2,1,1,0,6,2,4,0
TmY5a,cML01,3,0,3,0,6,0,6,0
Tm35,LT67,3,2,1,0,6,4,2,0
TmY31,T3,3,1,2,0,6,2,4,0
Li02,Y11,3,2,1,0,6,4,2,0
Y12,Pm10,3,0,3,0,6,0,6,0
Li10,Li07,3,1,2,0,6,2,4,0
Sm11,Sm06,3,1,2,0,6,2,4,0
TmY9q,cL16,3,2,1,0,6,4,2,0
Sm14,aMe25,3,1,2,0,6,2,4,0
Tlp1,cL21,3,2,1,0,6,4,2,0
Tm5c,Tlp1,3,1,2,0,6,2,4,0
Li14,Y4,3,2,1,0,6,4,2,0
Dm3v,T5b,1,0,1,0,6,0,6,0
TmY9q,LTe42a,3,1,2,0,6,2,4,0
LPi15,cLPL01,1,0,1,0,6,0,6,0
LPi15,LPi04,3,2,1,0,6,4,2,0
LPi15,T2,2,1,1,0,6,4,2,0
Tm21,Dm20,3,2,1,0,6,4,2,0
Y1,Nod3,3,1,2,0,6,2,4,0
Dm3p,Mi10,3,1,2,0,6,2,4,0
Tm32,cLLP02,3,2,1,0,6,4,2,0
Li01,Tm32,3,0,3,0,6,0,6,0
Y11,cLPL01,3,1,2,0,6,2,4,0
Tlp4,LT73,3,1,2,0,6,2,4,0
Li05,LTe07,3,1,2,0,6,2,4,0
Mi9,mALC5,3,2,1,0,6,4,2,0
Tm20,MTe52,3,2,1,0,6,4,2,0
TmY5a,LT1c,3,1,2,0,6,2,4,0
Tm5b,LT66,3,1,2,0,6,2,4,0
LMa5,Tm8a,3,0,3,0,6,0,6,0
Li08,Y4,3,2,1,0,6,4,2,0
Li08,aMe20,2,0,2,0,6,0,6,0
TmY15,aMe5,3,2,1,0,6,4,2,0
Tm5a,Y4,3,1,2,0,6,2,4,0
Li09,LC4,3,0,3,0,6,0,6,0
Li02,LTe09,3,1,2,0,6,2,4,0
Pm01,Y4,3,1,2,0,6,2,4,0
Y12,LPi03,3,0,3,0,6,0,6,0
Tm5e,LT66,3,1,2,0,6,2,4,0
Sm03,LC6,1,0,1,0,6,0,6,0
LMt3,LC10a,3,2,1,0,6,4,2,0
LMt3,LTe18,2,0,2,0,6,0,6,0
Li03,Tm5d,3,1,2,0,6,2,4,0
T1,Tm25,3,2,1,0,6,4,2,0
T1,MLt3,3,2,1,0,6,4,2,0
Tm36,LT87,3,2,1,0,6,4,2,0
LMt2,TmY9q,3,2,1,0,6,4,2,0
Dm4,Tm37,2,0,2,0,6,0,6,0
Dm4,Tm25,2,1,1,0,6,2,4,0
Y4,LTe42c,1,0,1,0,6,0,6,0
Dm11,Dm11,3,1,2,0,6,2,4,0
Sm09,LT58,3,2,1,0,6,4,2,0
Sm18,MeTu4c,3,0,3,0,6,0,6,0
Tm5e,LTe59,3,2,1,0,6,4,2,0
Mi9,Sm11,3,0,3,0,6,0,6,0
MLt5,cL17,2,0,2,0,6,0,6,0
TmY31,MTe53,3,0,3,0,6,0,6,0
Li13,LTe52,1,0,1,0,6,0,6,0
LLPt,LC26,3,1,2,0,6,2,4,0
Tm2,Tlp5,3,0,3,0,6,0,6,0
Tm16,LT79,2,1,1,0,6,2,4,0
TmY20,Nod1,2,1,1,0,6,4,2,0
Sm08,MTe26,3,1,2,0,6,2,4,0
T2,Tm31,3,2,1,0,6,4,2,0
Sm07,TmY10,3,2,1,0,6,4,2,0
Tm8a,Mi2,3,2,1,0,6,4,2,0
Tm8a,cM08c,3,2,1,0,6,4,2,0
R7,Sm10,3,1,2,0,6,2,4,0
R7,Sm39,1,0,1,0,6,0,6,0
Dm12,Lawf2,3,2,1,0,6,4,2,0
TmY9q⊥,L2,3,2,1,0,6,4,2,0
Tm5d,LT53,3,2,1,0,6,4,2,0
MLt4,MTe08,3,2,1,0,6,4,2,0
Tm1,cML01,3,1,2,0,6,2,4,0
Dm10,MTe50,3,0,3,0,6,0,6,0
Tm9,Pm05,2,1,1,0,6,3,3,0
Tm8a,MTe14,3,1,2,0,6,2,4,0
Tm5b,LTe10,2,1,1,0,6,4,2,0
Tlp14,Li32,3,1,2,0,6,2,4,0
Tlp14,cLP03,3,2,1,0,6,4,2,0
Tm7,LT81,3,2,1,0,6,4,2,0
Tm5e,MTe02,3,1,2,0,6,2,4,0
TmY9q,LC46,2,0,2,0,6,0,6,0
LMa4,OA-AL2i1,3,1,2,0,6,2,4,0
Tm8a,LPLC1,2,0,2,0,6,0,6,0
Li28,LMt3,3,2,1,0,6,4,2,0
Li28,LT76,2,1,1,0,6,4,2,0
Mi13,Tm5d,3,2,1,0,6,4,2,0
Mi2,Mi10,3,1,2,0,6,2,4,0
Tm35,LT79,3,0,3,0,6,0,6,0
Tm35,Y4,3,1,2,0,6,2,4,0
TmY15,Li11,2,0,2,0,6,0,6,0
Sm05,Sm07,3,2,1,0,6,4,2,0
Mi15,MeMe_e01,3,1,2,0,6,2,4,0
Li05,Tm25,3,1,2,0,6,2,4,0
Pm07,MeLp2,2,0,2,0,6,0,6,0
Tm5f,MTe03,3,0,3,0,6,0,6,0
Li08,LC13,3,2,1,0,6,4,2,0
Li08,LTe31,3,0,3,0,6,0,6,0
Li08,Li06,3,2,1,0,6,4,2,0
Sm07,MLt5,3,0,3,0,6,0,6,0
Dm11,TmY3,3,2,1,0,6,4,2,0
Dm6,Tm25,3,0,3,0,6,0,6,0
Pm14,Li06,3,1,2,0,6,2,4,0
Li01,Li31,3,1,2,0,6,2,4,0
Li09,LTe51,2,1,1,0,6,3,3,0
Tm8b,LC34,3,1,2,0,6,2,4,0
Tm8b,LT76,3,1,2,0,6,2,4,0
Tm5e,LMa4,2,0,2,0,6,0,6,0
TmY9q,Tm5b,3,2,1,0,6,4,2,0
TmY20,TmY3,3,2,1,0,6,4,2,0
LPi07,VSm,3,2,1,0,6,4,2,0
Tm31,Tm31,2,0,2,0,6,0,6,0
T2a,MLt3,3,1,2,0,6,2,4,0
LMa4,L4,3,1,2,0,6,2,4,0
Li01,OA-ASM1,3,1,2,0,6,2,4,0
Sm15,aMe19b,3,1,2,0,6,2,4,0
Tm8b,LCe06,2,0,2,0,6,0,6,0
Tm9,Pm14,2,1,1,0,6,4,2,0
Sm06,cLM01,2,0,2,0,6,0,6,0
Sm06,Mi2,3,1,2,0,6,2,4,0
T3,MTe54,3,1,2,0,6,2,4,0
Tm33,MLt7,3,0,3,0,6,0,6,0
Li01,LLPC2,3,1,2,0,6,2,4,0
TmY31,MTe08,3,2,1,0,6,4,2,0
Tm31,CB0566,3,1,2,0,6,2,4,0
Li03,LTe31,3,2,1,0,6,4,2,0
Sm09,Lawf2,3,1,2,0,6,2,4,0
Sm03,Sm43,2,1,1,0,6,3,3,0
Pm01,Mi4,3,0,3,0,6,0,6,0
Li02,MeTu4c,3,2,1,0,6,4,2,0
Sm27,cM10,2,0,2,0,6,0,6,0
Tm25,MTe47,3,2,1,0,6,4,2,0
Tm21,Tm5a,3,1,2,0,6,2,4,0
Pm10,Tm36,3,1,2,0,6,2,4,0
LPi07,Nod5,3,1,2,0,6,2,4,0
Tm2,Nod3,3,1,2,0,6,2,4,0
TmY15,LT60,3,2,1,0,6,4,2,0
MLt6,LT78,2,0,2,0,6,0,6,0
Tm5d,LC37a,3,1,2,0,6,2,4,0
Li04,LTe57,2,0,2,0,6,0,6,0
Tm8a,T3,3,0,3,0,6,0,6,0
TmY11,Sm02,3,0,3,0,6,0,6,0
Tm7,LTe30,1,0,1,0,6,0,6,0
Tm34,Tm3,2,0,2,0,6,0,6,0
Sm20,R8,3,0,3,0,6,0,6,0
Sm23,R7,2,0,2,0,6,0,6,0
Tm4,LC31b,3,1,2,0,6,2,4,0
Tm21,Tm33,3,2,1,0,6,4,2,0
Tm5b,LC10e,2,0,2,0,6,0,6,0
TmY5a,Nod5,3,1,2,0,6,2,4,0
Li19,Tm4,2,1,1,0,6,2,4,0
Li19,Tm36,2,1,1,0,6,3,3,0
Tm37,Tm34,3,0,3,0,6,0,6,0
Tm27,Sm09,3,0,3,0,6,0,6,0
TmY10,Sm04,3,2,1,0,6,4,2,0
Y3,Sm15,2,0,2,0,6,0,6,0
MLt8,MTe01a,3,1,2,0,6,2,4,0
MLt8,Sm30,3,2,1,0,6,4,2,0
Sm24,Tm31,3,1,2,0,6,2,4,0
Sm24,Sm27,3,2,1,0,6,4,2,0
Sm20,Tm37,3,2,1,0,6,4,2,0
TmY31,cL06,3,1,2,0,6,2,4,0
Tm5a,CB0566,3,0,3,0,6,0,6,0
Mi4,Sm30,2,0,2,0,6,0,6,0
Mi4,Sm41,1,0,1,0,6,0,6,0
Sm15,MTe04,3,2,1,0,6,4,2,0
Sm10,aMe9,3,1,2,0,6,2,4,0
R7,Sm15,2,0,2,0,6,0,6,0
Mi15,aMe26,3,2,1,0,6,4,2,0
Li06,OA-ASM1,3,2,1,0,6,4,2,0
Dm3v,Tm5b,3,1,2,0,6,2,4,0
T2a,MTe47,3,0,3,0,6,0,6,0
Sm23,MeTu2a,3,1,2,0,6,2,4,0
Y4,Tm16,3,1,2,0,6,2,4,0
Li31,LC10b,3,0,3,0,6,0,6,0
Li31,LPLC2,3,1,2,0,6,2,4,0
Li31,LTe25,2,1,1,0,6,4,2,0
Li31,Tm27,3,1,2,0,6,2,4,0
Li31,TmY16,3,1,2,0,6,2,4,0
Li31,LTe47,2,1,1,0,6,4,2,0
Li31,cM10,2,1,1,0,6,4,2,0
Sm22,Pm07,3,0,3,0,6,0,6,0
TmY20,Tlp14,2,0,2,0,6,0,6,0
Sm30,aMe10,3,0,3,0,6,0,6,0
Sm30,MTe29,2,1,1,0,6,3,3,0
Sm30,MeTu2a,2,0,2,0,6,0,6,0
Sm26,Tm27,3,2,1,0,6,4,2,0
LPi04,TmY9q⊥,2,1,1,0,6,2,4,0
Tm27,Li12,3,0,3,0,6,0,6,0
Tlp1,LT42,3,2,1,0,6,4,2,0
Sm39,Lawf2,2,1,1,0,6,2,4,0
Sm39,Dm6,2,1,1,0,6,4,2,0
Sm39,Lawf1,3,1,2,0,6,2,4,0
Sm39,Tm3,3,2,1,0,6,4,2,0
TmY9q⊥,MTe50,3,2,1,0,6,4,2,0
Li08,LPLC1,2,0,2,0,6,0,6,0
Tm9,Y12,2,0,2,0,6,0,6,0
MLt2,Tm33,3,2,1,0,6,4,2,0
Sm04,Tm5d,3,2,1,0,6,4,2,0
TmY10,LC29,3,1,2,0,6,2,4,0
Dm4,aMe12,3,1,2,0,6,2,4,0
LPi02,TmY4,3,0,3,0,6,0,6,0
Dm8b,Sm32,3,2,1,0,6,4,2,0
Mi2,Li27,1,0,1,0,6,0,6,0
Mi2,LC15,3,1,2,0,6,2,4,0
Mi2,LMt3,3,2,1,0,6,4,2,0
Sm32,MLt5,3,1,2,0,6,2,4,0
Sm20,Tm5f,3,2,1,0,6,4,2,0
LMt1,LC29,3,2,1,0,6,4,2,0
LMt1,TmY31,3,0,3,0,6,0,6,0
Dm8b,MeTu3b,3,0,3,0,6,0,6,0
Li14,T3,3,2,1,0,6,4,2,0
Sm10,Tm5f,3,1,2,0,6,2,4,0
Sm10,Tm27,2,1,1,0,6,4,2,0
TmY3,Li32,3,2,1,0,6,4,2,0
MLt6,LT72,3,1,2,0,6,2,4,0
Pm05,MLt1,3,2,1,0,6,4,2,0
TmY9q⊥,LTe65,3,2,1,0,6,4,2,0
LMa4,Y12,3,2,1,0,6,4,2,0
Sm02,5-HTPMPV03,2,1,1,0,6,3,3,0
Tm9,Li15,3,1,2,0,6,2,4,0
Dm2,MeTu2b,3,1,2,0,6,2,4,0
Li02,LC41,3,0,3,0,6,0,6,0
Pm12,T4d,3,1,2,0,6,2,4,0
Tm27,LPT45_dCal1,1,0,1,0,6,0,6,0
T2,LT60,3,1,2,0,6,2,4,0
Tm25,MTe03,3,2,1,0,6,4,2,0
TmY11,LTe30,2,1,1,0,6,2,4,0
TmY5a,Sm15,2,1,1,0,6,4,2,0
Tm5f,MeTu4a,3,0,3,0,6,0,6,0
TmY5a,LC34,2,1,1,0,6,2,4,0
Tm9,MeTu3c,3,1,2,0,6,2,4,0
Dm18,C2,3,1,2,0,6,2,4,0
Pm02,Pm12,3,2,1,0,6,4,2,0
Tm20,LC39,3,1,2,0,6,2,4,0
Sm13,MTe32,3,1,2,0,6,2,4,0
LMt2,TmY11,3,1,2,0,6,2,4,0
Sm21,Sm06,3,0,3,0,6,0,6,0
Sm42,MTe24,2,1,1,0,6,4,2,0
Sm42,MTe31,1,0,1,0,6,0,6,0
Sm42,aMe17b,2,0,2,0,6,0,6,0
Sm42,MTe17,2,1,1,0,6,3,3,0
Sm42,OA-AL2i2,3,2,1,0,6,4,2,0
Sm42,Tm25,3,1,2,0,6,2,4,0
Sm42,MeTu3b,2,0,2,0,6,0,6,0
Sm42,T3,3,2,1,0,6,4,2,0
Y11,LC13,3,2,1,0,6,4,2,0
Li25,Tm3,3,0,3,0,6,0,6,0
Li25,LT62,2,1,1,0,6,3,3,0
R8,T4c,2,0,2,0,6,0,6,0
Sm13,Sm08,3,0,3,0,6,0,6,0
Sm13,MTe01b,3,0,3,0,6,0,6,0
TmY15,LPT27,3,1,2,0,6,2,4,0
T5c,T4b,3,1,2,0,6,2,4,0
MLt8,Sm14,3,0,3,0,6,0,6,0
LPi11,Am1,2,1,1,0,6,2,4,0
TmY5a,LTe63,3,2,1,0,6,4,2,0
Dm11,TmY5a,3,1,2,0,6,2,4,0
TmY16,C3,3,1,2,0,6,2,4,0
TmY9q⊥,LTe49c,2,0,2,0,6,0,6,0
TmY14,LPi04,2,1,1,0,6,2,4,0
T4a,T5d,3,0,3,0,6,0,6,0
Sm01,Dm10,2,1,1,0,6,3,3,0
Mi9,MTe27,2,1,1,0,6,2,4,0
Tm37,cL16,3,2,1,0,6,4,2,0
Tm37,LTe23,3,1,2,0,6,2,4,0
TmY10,MTe52,3,2,1,0,6,4,2,0
Sm19,MeTu3b,3,1,2,0,6,2,4,0
Tm34,TmY3,1,0,1,0,6,0,6,0
TmY5a,LT47,3,0,3,0,6,0,6,0
Tm33,Dm2,3,1,2,0,6,2,4,0
Y4,LC6,3,1,2,0,6,2,4,0
Dm20,aMe12,3,1,2,0,6,2,4,0
Li22,T5a,2,0,2,0,6,0,6,0
Mi1,Tm34,2,0,2,0,6,0,6,0
Tm5e,LTe38b,3,2,1,0,6,4,2,0
Li01,LC46,2,1,1,0,6,2,4,0
TmY10,MTe45,3,1,2,0,6,2,4,0
TmY3,MTe54,3,0,3,0,6,0,6,0
Tm5b,LT39,3,2,1,0,6,4,2,0
Li12,LTe23,3,0,3,0,6,0,6,0
Li21,LC39,2,1,1,0,6,4,2,0
Li21,LC13,3,1,2,0,6,2,4,0
Li21,LC31b,3,2,1,0,6,4,2,0
Li27,Li29,3,1,2,0,6,2,4,0
Li27,LC14a1,3,2,1,0,6,4,2,0
Li27,LTe05,3,1,2,0,6,2,4,0
Li27,Tm4,3,0,3,0,6,0,6,0
Li27,Li27,3,2,1,0,6,4,2,0
Mi10,Sm34,2,1,1,0,6,2,4,0
Tm3,MeTu1,2,1,1,0,6,3,3,0
Tm9,Dm15,2,0,2,0,6,0,6,0
Li10,LT70,3,0,3,0,6,0,6,0
Tm5d,LTe58,3,1,2,0,6,2,4,0
TmY20,LTe40,3,2,1,0,6,4,2,0
Tm5f,5-HTPMPV03,3,2,1,0,6,4,2,0
Tm4,LC31c,2,0,2,0,6,0,6,0
TmY9q,Dm16,3,2,1,0,6,4,2,0
TmY9q,LC11,3,2,1,0,6,4,2,0
T5b,Li16,3,1,2,0,6,2,4,0
TmY9q⊥,LPT54,2,0,2,0,6,0,6,0
Tm5f,Dm4,3,1,2,0,6,2,4,0
T2a,Sm22,3,2,1,0,6,4,2,0
Tm4,MeTu3c,3,0,3,0,6,0,6,0
Tm31,MTe14,3,2,1,0,6,4,2,0
Sm29,Pm05,2,0,2,0,6,0,6,0
Sm29,MTe28,3,2,1,0,6,4,2,0
Li09,LT11,2,0,2,0,6,0,6,0
Dm3p,MLt1,3,2,1,0,6,4,2,0
Sm15,Tm33,2,0,2,0,6,0,6,0
Tm5a,cL20,1,0,1,0,6,0,6,0
Sm22,Tm7,3,1,2,0,6,2,4,0
Sm33,Dm2,3,2,1,0,6,4,2,0
Sm33,Sm38,2,1,1,0,6,3,3,0
T3,DNp27,2,0,2,0,6,0,6,0
Tm5b,LLPC2,3,2,1,0,6,4,2,0
TmY5a,Tm9,3,1,2,0,6,2,4,0
Sm23,Sm43,3,2,1,0,6,4,2,0
Sm15,TmY5a,2,0,2,0,6,0,6,0
MLt3,Dm9,3,2,1,0,6,4,2,0
Li11,LTe06,2,1,1,0,6,2,4,0
Tm5a,LTe24,3,0,3,0,6,0,6,0
LPi12,cLLP02,2,1,1,0,6,4,2,0
Tm21,R7,1,0,1,0,6,0,6,0
TmY4,Li03,3,2,1,0,6,4,2,0
Sm04,LMa5,2,1,1,0,6,2,4,0
T4d,LPT21,1,0,1,0,6,0,6,0
Tm32,LTe38b,3,2,1,0,6,4,2,0
Tm8b,OA-ASM1,3,2,1,0,6,4,2,0
Pm02,MeMe_e08,3,2,1,0,6,4,2,0
Mi4,MTe02,3,1,2,0,6,2,4,0
Dm6,Sm32,3,0,3,0,6,0,6,0
Sm03,MTe50,2,0,2,0,6,0,6,0
TmY15,LT62,3,1,2,0,6,2,4,0
TmY15,Nod3,2,1,1,0,6,4,2,0
Dm17,Dm17,3,1,2,0,6,2,4,0
MLt1,LTe72,3,1,2,0,6,2,4,0
Y3,LT36,3,2,1,0,6,4,2,0
Pm06,Y4,2,1,1,0,6,3,3,0
Sm27,Sm07,3,1,2,0,6,2,4,0
TmY3,LMt2,3,1,2,0,6,2,4,0
Tm2,Nod2,2,0,2,0,6,0,6,0
MLt7,MeMe_e01,2,1,1,0,6,2,4,0
Sm40,Sm11,2,0,2,0,6,0,6,0
TmY9q⊥,DCH,3,2,1,0,6,4,2,0
TmY9q⊥,LTe26,3,1,2,0,6,2,4,0
LPi06,5-HTPMPV03,3,2,1,0,6,4,2,0
Tm5f,LC41,2,0,2,0,6,0,6,0
MLt3,Y1,3,2,1,0,6,4,2,0
TmY10,MeMe_e08,3,2,1,0,6,4,2,0
Sm26,Mi10,3,1,2,0,6,2,4,0
LMa1,Tm5e,3,1,2,0,6,2,4,0
TmY14,LPT23,3,1,2,0,6,2,4,0
Sm08,aMe12,3,1,2,0,6,2,4,0
Sm20,Tm25,3,2,1,0,6,4,2,0
TmY5a,Dm15,3,2,1,0,6,4,2,0
L1,Dm3q,3,2,1,0,6,4,2,0
T2,MLt3,3,1,2,0,6,2,4,0
Sm16,MeMe_e05,3,0,3,0,6,0,6,0
Li33,Li25,3,2,1,0,6,4,2,0
Li33,cL02a,3,2,1,0,6,4,2,0
Li33,cL11,2,1,1,0,6,3,3,0
Li33,Sm07,2,0,2,0,6,0,6,0
Li33,LC41,3,2,1,0,6,4,2,0
Li33,cL04,2,1,1,0,6,4,2,0
Tm5f,LT39,3,0,3,0,6,0,6,0
LPi07,HSN,2,1,1,0,6,2,4,0
Tm8a,MTe53,3,1,2,0,6,2,4,0
Sm05,LPT54,2,1,1,0,6,2,4,0
Tm36,C2,3,1,2,0,6,2,4,0
Pm14,T4d,2,0,2,0,6,0,6,0
Sm07,MeMe_e10,2,1,1,0,6,3,3,0
Mi4,Sm31,2,0,2,0,6,0,6,0
LMa2,LC40,2,0,2,0,6,0,6,0
Tm4,LTe06,1,0,1,0,6,0,6,0
Tm37,MTe35,3,1,2,0,6,2,4,0
Sm21,Mi4,2,1,1,0,6,2,4,0
Tm5e,MeMe_e02,3,1,2,0,6,2,4,0
TmY20,Tm31,2,1,1,0,6,4,2,0
LMa3,Li22,3,2,1,0,6,4,2,0
Pm08,MTe13,3,2,1,0,6,4,2,0
TmY9q,Tm34,3,0,3,0,6,0,6,0
Sm36,Y4,3,1,2,0,6,2,4,0
Sm36,Sm05,3,0,3,0,6,0,6,0
Sm36,Dm20,3,0,3,0,6,0,6,0
Sm36,OA-AL2i4,2,1,1,0,6,3,3,0
Sm36,cM08b,3,2,1,0,6,4,2,0
Y4,Tm20,3,2,1,0,6,4,2,0
Li01,TmY10,3,1,2,0,6,2,4,0
Sm16,Sm17,3,1,2,0,6,2,4,0
Tm8a,Dm20,3,1,2,0,6,2,4,0
T2a,T4b,3,1,2,0,6,2,4,0
LPi08,LPi03,3,1,2,0,6,2,4,0
Tm31,MeTu1,3,1,2,0,6,2,4,0
Sm12,Mi9,2,0,2,0,6,0,6,0
TmY10,LC25,3,0,3,0,6,0,6,0
Li17,LTe12,2,1,1,0,6,2,4,0
MLt2,Tm20,3,1,2,0,6,2,4,0
LMa2,LCe05,3,1,2,0,6,2,4,0
Li11,LC20a,2,1,1,0,6,2,4,0
C3,MeLp1,3,2,1,0,6,4,2,0
Pm13,Sm04,3,1,2,0,6,2,4,0
Pm13,MeTu4c,3,0,3,0,6,0,6,0
Pm13,MeTu3c,3,1,2,0,6,2,4,0
Pm13,OA-AL2i1,3,1,2,0,6,2,4,0
Pm13,Pm12,3,1,2,0,6,2,4,0
Sm35,CB0816,3,1,2,0,6,2,4,0
TmY20,OA-ASM1,3,1,2,0,6,2,4,0
Mi15,MLt7,3,0,3,0,6,0,6,0
Tm35,MeMe_e01,2,0,2,0,6,0,6,0
Tm35,MLt7,3,2,1,0,6,4,2,0
Tm5e,LT70,3,1,2,0,6,2,4,0
Mi9,aMe25,2,1,1,0,6,4,2,0
TmY3,MTe07,2,0,2,0,6,0,6,0
Tm31,LCe02,3,2,1,0,6,4,2,0
T5a,Li22,2,0,2,0,6,0,6,0
Sm06,MLt6,3,1,2,0,6,2,4,0
LMt3,LT77,3,1,2,0,6,2,4,0
Tm16,LTe62,3,1,2,0,6,2,4,0
Li16,Tm20,3,1,2,0,6,2,4,0
Mi4,MTe42,3,1,2,0,6,2,4,0
Y11,MTe54,3,2,1,0,6,4,2,0
Y11,LC29,3,1,2,0,6,2,4,0
Sm14,MC65,3,2,1,0,6,4,2,0
Tm33,Sm42,3,2,1,0,6,4,2,0
Tm4,Sm04,2,1,1,0,6,4,2,0
Dm19,R8,2,1,1,0,6,2,4,0
TmY16,Tm20,3,0,3,0,6,0,6,0
TmY16,Li02,3,2,1,0,6,4,2,0
Tlp14,LPT52,2,1,1,0,6,2,4,0
Tlp14,TmY11,3,2,1,0,6,4,2,0
Mi14,Tm7,3,1,2,0,6,2,4,0
Tm5e,LT79,2,1,1,0,6,2,4,0
Li04,MeTu4a,3,2,1,0,6,4,2,0
PDt,cM18,3,1,2,0,6,2,4,0
Tm8a,Dm10,2,0,2,0,6,0,6,0
Sm38,aMe19a,2,1,1,0,6,2,4,0
Li01,Tm25,3,1,2,0,6,2,4,0
Tm25,Tlp5,2,0,2,0,6,0,6,0
MLt4,LT43,2,0,2,0,6,0,6,0
MLt4,LC36,2,1,1,0,6,2,4,0
Tm8a,MTe47,3,1,2,0,6,2,4,0
TmY20,VSm,3,1,2,0,6,2,4,0
LMt3,LT74,3,0,3,0,6,0,6,0
Li32,TmY16,3,1,2,0,6,2,4,0
Li32,LLPC2,3,1,2,0,6,2,4,0
Li32,LT47,1,0,1,0,6,0,6,0
Li32,LT69,2,1,1,0,6,3,3,0
Sm35,MLt6,3,2,1,0,6,4,2,0
Sm34,cM08b,3,1,2,0,6,2,4,0
R7,Sm08,3,0,3,0,6,0,6,0
Li13,LTe43,1,0,1,0,6,0,6,0
T5d,LPT28,3,0,3,0,6,0,6,0
Tm33,LT79,3,2,1,0,6,4,2,0
Tm7,L4,3,2,1,0,6,4,2,0
Mi9,MTe43,3,1,2,0,6,2,4,0
Li24,Y3,3,2,1,0,6,4,2,0
Mi1,TmY31,3,2,1,0,6,4,2,0
Li15,TmY3,2,1,1,0,6,2,4,0
Pm04,MTe47,2,1,1,0,6,3,3,0
Pm09,Dm10,2,1,1,0,6,4,2,0
Pm09,cML01,3,1,2,0,6,2,4,0
MLt1,Sm06,2,0,2,0,6,0,6,0
Lawf1,Dm1,2,0,2,0,6,0,6,0
Tm7,Dm16,2,0,2,0,6,0,6,0
Sm06,T2a,2,0,2,0,6,0,6,0
MLt2,Li12,3,2,1,0,6,4,2,0
TmY11,LPi08,3,2,1,0,6,4,2,0
Y3,cM15,3,0,3,0,6,0,6,0
MLt7,MTe25,2,1,1,0,6,3,3,0
LMa3,Tm5a,3,2,1,0,6,4,2,0
Dm10,LTe03,1,0,1,0,6,0,6,0
Li07,cL02d,2,0,2,0,6,0,6,0
MLt5,Sm13,3,2,1,0,6,4,2,0
Sm13,Sm35,3,2,1,0,6,4,2,0
Sm34,Sm18,3,1,2,0,6,2,4,0
Dm3v,C3,3,1,2,0,6,2,4,0
Dm8a,T2a,3,2,1,0,6,4,2,0
Sm20,MeTu3c,3,0,3,0,6,0,6,0
Dm8a,Sm34,3,2,1,0,6,4,2,0
Tm4,T4b,3,2,1,0,6,4,2,0
DmDRA2,Sm05,3,1,2,0,6,2,4,0
Tm5c,aMe17b,3,1,2,0,6,2,4,0
LMt2,Li32,3,2,1,0,6,4,2,0
TmY20,HSS,3,1,2,0,6,2,4,0
MLt5,MLt2,3,2,1,0,6,4,2,0
Li15,cML01,3,2,1,0,6,4,2,0
TmY14,LLPt,3,2,1,0,6,4,2,0
Tm7,LC43,3,2,1,0,6,4,2,0
TmY10,CB3089,3,2,1,0,6,4,2,0
CT1,Tm25,3,0,3,0,6,0,6,0
CT1,TmY10,3,2,1,0,6,4,2,0
CT1,Y4,3,2,1,0,6,4,2,0
LMt2,Li16,3,1,2,0,6,2,4,0
Tm3,DNc02,3,2,1,0,6,4,2,0
LPi04,vCal1,2,1,1,0,6,2,4,0
LMt4,LT83,2,1,1,0,6,4,2,0
Tm3,Sm19,3,2,1,0,6,4,2,0
Sm02,Sm39,2,1,1,0,6,3,3,0
Sm08,MTe30,3,2,1,0,6,4,2,0
TmY9q⊥,Dm8a,2,1,1,0,6,3,3,0
Tm27,LT78,3,1,2,0,6,2,4,0
Li24,LT58,3,2,1,0,6,4,2,0
Li24,Li13,2,0,2,0,6,0,6,0
LMt4,LMt2,3,2,1,0,6,4,2,0
TmY10,MeTu3c,3,1,2,0,6,2,4,0
T2,LT1a,2,1,1,0,6,3,3,0
T2,Tm5a,3,2,1,0,6,4,2,0
C2,Li06,2,0,2,0,6,0,6,0
C2,Pm06,3,2,1,0,6,4,2,0
Sm09,MeTu1,3,1,2,0,6,2,4,0
Tm36,Tm3,3,0,3,0,6,0,6,0
TmY5a,LT43,3,1,2,0,6,2,4,0
Dm15,T5c,2,0,2,0,6,0,6,0
Y3,LTe01,2,1,1,0,6,2,4,0
Am1,Li21,2,0,2,0,6,0,6,0
Am1,Mi10,3,2,1,0,6,4,2,0
Am1,MTe44,2,1,1,0,6,3,3,0
Am1,LPTe01,3,2,1,0,6,4,2,0
Am1,MeLp2,2,1,1,0,6,4,2,0
Tm8a,MTe25,3,2,1,0,6,4,2,0
Li16,LC14a2,2,1,1,0,6,4,2,0
Tm1,L4,3,2,1,0,6,4,2,0
LMa4,LT61b,2,0,2,0,6,0,6,0
Y12,Mi13,3,2,1,0,6,4,2,0
Y12,LT42,3,1,2,0,6,2,4,0
Tm5e,LT61a,2,1,1,0,6,3,3,0
Y1,Tm1,3,1,2,0,6,2,4,0
Pm06,C3,3,2,1,0,6,4,2,0
Pm06,TmY15,3,2,1,0,6,4,2,0
Li26,T2a,3,0,3,0,6,0,6,0
Li26,MTe47,3,1,2,0,6,2,4,0
L2,Dm11,3,2,1,0,6,4,2,0
LMt4,Li16,2,1,1,0,6,3,3,0
Sm09,5-HTPMPV03,2,0,2,0,6,0,6,0
Tm36,TmY15,2,1,1,0,6,3,3,0
Dm14,Tm27,3,2,1,0,6,4,2,0
Li04,LTe22,3,2,1,0,6,4,2,0
Tm5e,LT67,3,1,2,0,6,2,4,0
TmY31,aMe5,3,0,3,0,6,0,6,0
T5d,T2a,3,1,2,0,6,2,4,0
T4c,Li06,3,1,2,0,6,2,4,0
Tm36,LTe31,3,2,1,0,6,4,2,0
Li09,LCe05,2,1,1,0,6,2,4,0
Tm5e,LT81,2,1,1,0,6,2,4,0
Y12,LPT28,3,2,1,0,6,4,2,0
Tm5f,TmY3,3,1,2,0,6,2,4,0
TmY11,cLP01,3,1,2,0,6,2,4,0
LPi14,VST2,2,1,1,0,6,2,4,0
LPi14,VS5,2,1,1,0,6,2,4,0
LPi14,cLP02,2,1,1,0,6,4,2,0
C3,LPLC4,1,0,1,0,6,0,6,0
C3,T5c,1,0,1,0,6,0,6,0
TmY20,OA-AL2b1,3,1,2,0,6,2,4,0
TmY31,Sm24,3,1,2,0,6,2,4,0
Tm36,OA-AL2b1,3,1,2,0,6,2,4,0
Y12,LC6,3,1,2,0,6,2,4,0
Lawf2,Pm06,3,1,2,0,6,2,4,0
Pm10,T4b,2,1,1,0,6,3,3,0
Tm5f,LT81,1,0,1,0,6,0,6,0
Sm14,MTe03,3,2,1,0,6,4,2,0
MLt3,T3,2,0,2,0,6,0,6,0
Tm25,LT67,3,2,1,0,6,4,2,0
Sm27,T2,3,2,1,0,6,4,2,0
Tm3,Sm02,3,2,1,0,6,4,2,0
LMt3,Li30,3,2,1,0,6,4,2,0
LPi11,LPi01,2,1,1,0,6,4,2,0
LMt4,LC4,3,2,1,0,6,4,2,0
Tm34,Tm27,3,2,1,0,6,4,2,0
Mi2,Dm9,3,2,1,0,6,4,2,0
Li03,LCe01a,3,2,1,0,6,4,2,0
Pm03,cLLPM01,3,2,1,0,6,4,2,0
Sm20,Mi15,3,1,2,0,6,2,4,0
Sm20,cM15,2,1,1,0,6,2,4,0
MLt1,aMe19a,3,2,1,0,6,4,2,0
LMt3,LT64,3,2,1,0,6,4,2,0
Tm31,LT80,2,1,1,0,6,2,4,0
TmY31,cM07,3,2,1,0,6,4,2,0
Y3,LTe64,3,2,1,0,6,4,2,0
TmY14,LC15,2,0,2,0,6,0,6,0
TmY4,CB2848,2,1,1,0,6,4,2,0
Tm25,LT1a,2,1,1,0,6,2,4,0
Y11,MeLp2,3,2,1,0,6,4,2,0
Tlp5,LC15,3,0,3,0,6,0,6,0
Y1,cL15,3,1,2,0,6,2,4,0
T4a,TmY11,3,2,1,0,6,4,2,0
TmY10,LTe24,3,2,1,0,6,4,2,0
Y1,Mi2,3,2,1,0,6,4,2,0
L2,Mi15,3,2,1,0,6,4,2,0
Tm34,LT58,3,2,1,0,6,4,2,0
Dm11,DmDRA2,3,1,2,0,6,2,4,0
Tm20,Y1,3,1,2,0,6,2,4,0
Li11,Tm5e,2,1,1,0,6,4,2,0
Tm5d,MTe19,3,2,1,0,6,4,2,0
Mi4,LMt4,3,2,1,0,6,4,2,0
Lawf1,TmY10,2,1,1,0,6,4,2,0
Sm15,CB0816,3,2,1,0,6,4,2,0
Mi1,l-LNv,3,2,1,0,6,4,2,0
Pm01,Tm8a,3,2,1,0,6,4,2,0
Li05,LC12,2,1,1,0,6,4,2,0
Dm20,MTe12,3,2,1,0,6,4,2,0
Tm4,MTe47,3,2,1,0,6,4,2,0
L5,MLt6,3,2,1,0,6,4,2,0
Mi15,Tm36,2,0,2,0,6,0,6,0
Li12,Sm14,1,0,1,0,6,0,6,0
Li17,LCe07,2,1,1,0,6,2,4,0
Li08,LC46,2,1,1,0,6,3,3,0
C2,Tm5d,2,0,2,0,6,0,6,0
LLPt,LTe73,2,1,1,0,6,3,3,0
Li16,LMt3,3,1,2,0,6,2,4,0
Mi13,Dm4,1,0,1,0,6,0,6,0
Li10,Sm09,2,0,2,0,6,0,6,0
Li10,Tlp4,3,2,1,0,6,4,2,0
R1-6,Tm5b,2,0,2,0,6,0,6,0
Sm32,CB0816,3,1,2,0,6,2,4,0
Tm5c,MTe24,2,1,1,0,6,3,3,0
Tm31,LPLC4,3,2,1,0,6,4,2,0
Tm5b,LT62,1,0,1,0,6,0,6,0
Sm26,Sm01,3,2,1,0,6,4,2,0
Sm26,MTe03,3,2,1,0,6,4,2,0
Dm3q,Mi1,3,2,1,0,6,4,2,0
MLt8,Sm15,3,2,1,0,6,4,2,0
Mi13,Tm32,3,2,1,0,6,4,2,0
Tm27,LPi01,3,2,1,0,6,4,2,0
Tm8b,LTe11,2,1,1,0,6,3,3,0
Pm10,Tm5e,3,0,3,0,6,0,6,0
Tlp4,LTe14,2,0,2,0,6,0,6,0
Sm23,aMe9,2,1,1,0,6,4,2,0
Sm21,Tm25,3,1,2,0,6,2,4,0
Sm17,Li10,2,0,2,0,6,0,6,0
Sm17,LTe17,1,0,1,0,6,0,6,0
Sm17,LT69,1,0,1,0,6,0,6,0
Tm5f,MTe04,3,0,3,0,6,0,6,0
Sm18,MTe17,3,1,2,0,6,2,4,0
Li30,LTe40,2,1,1,0,6,3,3,0
Li30,LTe65,3,2,1,0,6,4,2,0
Li30,mALC4,2,1,1,0,6,3,3,0
Li30,5-HTPMPV03,2,1,1,0,6,2,4,0
Li30,LC29,3,2,1,0,6,4,2,0
Li30,cMLLP01,2,1,1,0,6,4,2,0
Li30,MLt2,3,2,1,0,6,4,2,0
Li30,LTe57,2,1,1,0,6,2,4,0
Li30,LT37,2,1,1,0,6,4,2,0
Li30,LTe47,2,0,2,0,6,0,6,0
Li30,Tm32,3,2,1,0,6,4,2,0
Li30,LTe25,1,0,1,0,6,0,6,0
Li30,LMt2,3,2,1,0,6,4,2,0
Li30,cL02c,1,0,1,0,6,0,6,0
Li10,LC14a1,2,1,1,0,6,4,2,0
Pm10,MTe05,3,1,2,0,6,2,4,0
TmY9q,LC17,3,2,1,0,6,4,2,0
Li12,LMa1,3,2,1,0,6,4,2,0
Li02,LLPC3,2,1,1,0,6,2,4,0
Tm34,MeTu4a,3,2,1,0,6,4,2,0
Sm02,TmY9q,3,2,1,0,6,4,2,0
MLt2,Y4,3,1,2,0,6,2,4,0
MLt2,LTe42c,1,0,1,0,6,0,6,0
MLt2,LC10e,1,0,1,0,6,0,6,0
MLt4,Mi9,2,1,1,0,6,2,4,0
Tm2,Sm07,2,0,2,0,6,0,6,0
Sm21,Sm01,3,2,1,0,6,4,2,0
MLt5,MeTu3c,3,2,1,0,6,4,2,0
Tlp5,Li16,3,2,1,0,6,4,2,0
Lawf1,Mi15,3,2,1,0,6,4,2,0
Pm13,Tm5f,3,1,2,0,6,2,4,0
Pm13,C3,3,2,1,0,6,4,2,0
Pm13,MTe04,2,1,1,0,6,2,4,0
Pm13,cM17,2,1,1,0,6,4,2,0
LMt2,CB0592,3,2,1,0,6,4,2,0
Tm8a,Tm34,3,2,1,0,6,4,2,0
Pm07,Tm34,3,1,2,0,6,2,4,0
Sm23,Sm39,3,2,1,0,6,4,2,0
Tm8a,cL16,3,2,1,0,6,4,2,0
Dm17,Tm25,3,2,1,0,6,4,2,0
Dm17,Mi2,3,2,1,0,6,4,2,0
TmY11,T5d,3,2,1,0,6,4,2,0
Li06,LT66,3,1,2,0,6,2,4,0
Tlp1,MeTu4c,2,0,2,0,6,0,6,0
Tlp1,LC28a,3,1,2,0,6,2,4,0
Li18,TmY31,2,1,1,0,6,2,4,0
Li18,LCe01a,3,1,2,0,6,2,4,0
Tlp5,Tm4,3,2,1,0,6,4,2,0
LMt1,cL07,3,1,2,0,6,2,4,0
Mi13,LMa1,3,2,1,0,6,4,2,0
LLPt,LPi06,3,2,1,0,6,4,2,0
Dm10,LC14a1,2,0,2,0,6,0,6,0
Dm10,LC20b,2,0,2,0,6,0,6,0
Dm10,LC15,1,0,1,0,6,0,6,0
Tm4,Dm2,3,2,1,0,6,4,2,0
LPi11,Nod5,2,1,1,0,6,3,3,0
Dm9,MTe02,3,2,1,0,6,4,2,0
Sm11,Sm42,2,1,1,0,6,3,3,0
Sm06,MC65,3,2,1,0,6,4,2,0
Li06,LC43,3,2,1,0,6,4,2,0
Li17,Tm3,2,1,1,0,6,2,4,0
MLt5,Tm5b,3,2,1,0,6,4,2,0
LMa2,LT67,3,2,1,0,6,4,2,0
Y12,LC40,3,2,1,0,6,4,2,0
Li29,TmY4,3,0,3,0,6,0,6,0
Li29,cL07,1,0,1,0,6,0,6,0
Li29,LT74,2,0,2,0,6,0,6,0
Sm37,Sm27,3,1,2,0,6,2,4,0
Sm37,Sm01,3,0,3,0,6,0,6,0
MLt6,Li03,2,1,1,0,6,4,2,0
Sm10,MLt1,3,2,1,0,6,4,2,0
TmY31,LTe29,3,2,1,0,6,4,2,0
Sm28,MeTu3a,3,2,1,0,6,4,2,0
TmY14,LPT54,3,1,2,0,6,2,4,0
LMt4,PDt,3,2,1,0,6,4,2,0
TmY9q⊥,T3,3,2,1,0,6,4,2,0
Tlp4,Li18,3,1,2,0,6,2,4,0
Li06,Y3,3,2,1,0,6,4,2,0
Tm33,Pm13,3,2,1,0,6,4,2,0
Sm36,MeTu3c,3,1,2,0,6,2,4,0
Pm04,Pm10,3,2,1,0,6,4,2,0
Mi1,MeTu3a,2,1,1,0,6,4,2,0
Sm08,MTe19,1,0,1,0,6,0,6,0
MLt4,LPT54,2,1,1,0,6,3,3,0
Sm12,cL10,2,1,1,0,6,2,4,0
Li24,TmY4,3,2,1,0,6,4,2,0
Li24,cL21,3,2,1,0,6,4,2,0
Tlp14,VSm,2,0,2,0,6,0,6,0
MLt4,Tm32,3,1,2,0,6,2,4,0
Tm2,Dm4,2,0,2,0,6,0,6,0
Tm35,Tm31,3,2,1,0,6,4,2,0
LPi02,T5c,3,2,1,0,6,4,2,0
Pm07,Sm22,3,2,1,0,6,4,2,0
TmY10,LC19,2,1,1,0,6,3,3,0
TmY10,Tm3,3,2,1,0,6,4,2,0
Li06,Y12,3,2,1,0,6,4,2,0
Tm4,LT1b,3,2,1,0,6,4,2,0
C3,Dm12,3,2,1,0,6,4,2,0
Dm11,cM15,3,2,1,0,6,4,2,0
Sm20,Mi10,3,2,1,0,6,4,2,0
Sm38,Tm5e,3,2,1,0,6,4,2,0
Sm38,Sm21,3,2,1,0,6,4,2,0
Pm09,LMt3,3,2,1,0,6,4,2,0
LMt1,OA-AL2i1,3,2,1,0,6,4,2,0
Dm8a,Tm8b,3,2,1,0,6,4,2,0
Sm08,Tm16,3,2,1,0,6,4,2,0
Tm9,Li24,1,0,1,0,6,0,6,0
Sm27,TmY4,2,1,1,0,6,4,2,0
Sm07,MTe05,3,2,1,0,6,4,2,0
R8,Sm31,1,0,1,0,6,0,6,0
LPi09,T5b,3,2,1,0,6,4,2,0
Sm04,MeTu3c,1,0,1,0,6,0,6,0
MLt3,MTe01b,2,0,2,0,6,0,6,0
TmY10,Li25,2,1,1,0,6,2,4,0
TmY9q⊥,LTe18,2,0,2,0,6,0,6,0
Dm11,Tm31,3,2,1,0,6,4,2,0
Dm11,Dm12,2,1,1,0,6,2,4,0
Tm7,cM07,2,1,1,0,6,3,3,0
Dm10,C2,3,2,1,0,6,4,2,0
Sm04,Tm1,1,0,1,0,6,0,6,0
C3,Pm06,3,2,1,0,6,4,2,0
MLt7,Sm31,2,1,1,0,6,4,2,0
L5,Sm06,2,1,1,0,6,3,3,0
Sm26,Sm39,3,2,1,0,6,4,2,0
TmY20,LC9,3,2,1,0,6,4,2,0
Dm13,Sm05,3,1,2,0,6,2,4,0
Li23,LC10b,3,2,1,0,6,4,2,0
TmY10,T5a,3,2,1,0,6,4,2,0
TmY20,LTe68,3,2,1,0,6,4,2,0
Dm20,MTe07,3,1,2,0,6,2,4,0
Sm07,MTe10,3,2,1,0,6,4,2,0
Mi9,MTe40,2,1,1,0,6,2,4,0
TmY9q⊥,LC45,3,2,1,0,6,4,2,0
Tm35,LTe54,3,2,1,0,6,4,2,0
Dm4,Sm01,3,2,1,0,6,4,2,0
Li27,Tm25,3,2,1,0,6,4,2,0
Li27,TmY31,3,1,2,0,6,2,4,0
Li27,Mi10,1,0,1,0,6,0,6,0
Pm08,Tm9,3,2,1,0,6,4,2,0
TmY10,MTe36,3,2,1,0,6,4,2,0
Dm8b,Tm32,2,1,1,0,6,4,2,0
Sm31,TmY9q,3,0,3,0,6,0,6,0
LMa3,Li18,3,2,1,0,6,4,2,0
LPi07,LMa5,1,0,1,0,6,0,6,0
Tm32,LCe03,3,2,1,0,6,4,2,0
Tm32,Li17,3,2,1,0,6,4,2,0
Tm5b,MTe01a,3,2,1,0,6,4,2,0
TmY15,Dm2,3,2,1,0,6,4,2,0
Tm16,LT85,3,2,1,0,6,4,2,0
Sm09,Tm4,3,2,1,0,6,4,2,0
T1,R1-6,3,2,1,0,6,4,2,0
Tlp4,LC24,1,0,1,0,6,0,6,0
Sm22,Sm24,3,2,1,0,6,4,2,0
TmY4,Li23,3,2,1,0,6,4,2,0
R7,MeTu4a,1,0,1,0,6,0,6,0
T5b,Tm5c,3,2,1,0,6,4,2,0
Sm25,Tm5e,3,2,1,0,6,4,2,0
Mi14,LMa3,3,2,1,0,6,4,2,0
TmY4,MeTu4c,3,2,1,0,6,4,2,0
Tm25,MeMe_e08,3,2,1,0,6,4,2,0
Dm20,MTe23,1,0,1,0,6,0,6,0
Dm20,TmY15,3,2,1,0,6,4,2,0
Tm27,LPi14,3,2,1,0,6,4,2,0
LMa5,Tm37,3,2,1,0,6,4,2,0
LCe06,LTe49a,3,1,2,0,6,2,4,0
MeMe_e01,aMe5,1,0,1,0,6,0,6,0
LC21,LLPC3,3,0,3,0,6,0,6,0
LC24,LTe54,3,2,1,0,6,4,2,0
LC22,TmY11,3,1,2,0,6,2,4,0
LC11,LT73,2,1,1,0,6,4,2,0
LT55,Li33,2,1,1,0,6,2,4,0
LT55,LTe44,1,0,1,0,6,0,6,0
LC27,TmY31,2,1,1,0,6,3,3,0
LC12,LPLC4,3,1,2,0,6,2,4,0
MTe45,MLt5,2,1,1,0,6,4,2,0
MTe45,CB0802,1,0,1,0,6,0,6,0
MTe45,aMe20,1,0,1,0,6,0,6,0
LC10b,MLt2,3,1,2,0,6,2,4,0
LC40,LTe58,2,0,2,0,6,0,6,0
LC40,LC10a,3,1,2,0,6,2,4,0
LT1d,LT1a,2,1,1,0,6,2,4,0
LC25,Li33,3,2,1,0,6,4,2,0
LC14b,LC6,3,2,1,0,6,4,2,0
LC14b,LTe69,2,0,2,0,6,0,6,0
LLPC1,cL20,1,0,1,0,6,0,6,0
LC6,Tm21,3,0,3,0,6,0,6,0
MTe02,Dm11,3,0,3,0,6,0,6,0
MeLp1,Tlp1,3,3,0,0,6,6,0,0
LT87,Li17,3,1,2,0,6,2,4,0
LT87,Li25,2,1,1,0,6,4,2,0
LT66,LC10a,3,2,1,0,6,4,2,0
LT66,LC11,3,2,1,0,6,4,2,0
LC33a,LAL047,1,0,1,0,6,0,6,0
cM09,Li09,2,1,1,0,6,3,3,0
cM09,cM08c,3,1,2,0,6,2,4,0
cM09,Lawf2,3,1,2,0,6,2,4,0
cM09,cL10,3,1,2,0,6,2,4,0
MeTu1,Sm29,3,0,3,0,6,0,6,0
cL01,Tm35,2,0,2,0,6,0,6,0
LC25,LC40,2,0,2,0,6,0,6,0
MeTu3b,TmY5a,2,0,2,0,6,0,6,0
LT11,Li18,3,1,2,0,6,2,4,0
LT11,Y4,2,0,2,0,6,0,6,0
LT11,TmY9q⊥,3,2,1,0,6,4,2,0
LT11,T5d,3,0,3,0,6,0,6,0
LT11,cL09,2,1,1,0,6,2,4,0
LT11,LT33,2,1,1,0,6,4,2,0
LT11,Li12,2,1,1,0,6,2,4,0
MeTu4d,MeMe_e10,3,1,2,0,6,2,4,0
cL22a,LAL047,1,0,1,0,6,0,6,0
MTe21,LTe56,1,0,1,0,6,0,6,0
MeMe_e01,CB0816,3,0,0,3,6,0,0,6
MTe46,Sm42,2,1,1,0,6,3,3,0
MTe46,Sm06,3,2,1,0,6,4,2,0
LTe08,LT86,2,1,1,0,6,2,4,0
LTe08,LC40,3,2,1,0,6,4,2,0
LT34,LT58,2,1,1,0,6,4,2,0
LT34,LT74,1,0,1,0,6,0,6,0
LT34,Li08,3,1,2,0,6,2,4,0
LT34,LCe06,1,0,1,0,6,0,6,0
LT34,Tm31,2,0,2,0,6,0,6,0
LT34,cL17,2,1,1,0,6,2,4,0
VSm,VS1,3,2,1,0,6,4,2,0
MeTu4a,LTe03,3,0,3,0,6,0,6,0
MTe01a,OA-AL2i4,3,2,1,0,6,4,2,0
LPT51,LPLC1,2,0,2,0,6,0,6,0
LPT51,MTe47,1,0,1,0,6,0,6,0
LPT51,PLP051,1,0,1,0,6,0,6,0
LPLC1,LT11,3,2,1,0,6,4,2,0
aMe4,Tm4,3,1,2,0,6,2,4,0
LPLC1,LC40,2,1,1,0,6,4,2,0
LC21,LT86,3,0,3,0,6,0,6,0
LC12,LMa3,3,2,1,0,6,4,2,0
MeTu3a,MTe21,3,2,1,0,6,4,2,0
LTe09,CB2216,1,0,1,0,6,0,6,0
LT42,Li02,3,2,1,0,6,4,2,0
LTe15,Y4,2,0,2,0,6,0,6,0
LTe15,PLP217,1,0,1,0,6,0,6,0
LTe15,TmY5a,3,1,2,0,6,2,4,0
LTe15,LT42,1,0,1,0,6,0,6,0
LTe15,Li01,3,1,2,0,6,2,4,0
LC10d,Tm5a,3,0,3,0,6,0,6,0
LC14a1,cM07,3,3,0,0,6,6,0,0
LC13,LTe19,1,0,1,0,6,0,6,0
LT60,LC9,3,2,1,0,6,4,2,0
aMe12,aMe25,2,1,1,0,6,3,3,0
aMe12,Dm2,3,1,2,0,6,2,4,0
aMe12,Mi15,3,2,1,0,6,4,2,0
LC20a,LC27,2,1,1,0,6,2,4,0
LC20a,Li13,3,2,1,0,6,4,2,0
LC46,PLP241,1,0,1,0,6,0,6,0
cLP02,LC10d,2,0,2,0,6,0,6,0
LT43,Li15,2,1,1,0,6,3,3,0
LC45,Li05,3,1,2,0,6,2,4,0
LC15,T5d,2,0,2,0,6,0,6,0
LC10e,Tm32,3,1,2,0,6,2,4,0
LC22,LTe63,3,1,2,0,6,2,4,0
LC14b,MLt1,3,1,2,0,6,2,4,0
MeTu3a,Mi15,3,1,2,0,6,2,4,0
MTe50,Tm4,3,1,2,0,6,2,4,0
MTe02,TmY5a,3,1,2,0,6,2,4,0
LC6,LPLC1,3,0,3,0,6,0,6,0
LC6,LPLC2,3,0,3,0,6,0,6,0
cL02d,Y4,3,1,2,0,6,2,4,0
cL02d,Li10,3,0,3,0,6,0,6,0
cL02d,TmY31,3,0,3,0,6,0,6,0
MeTu4a,Tm36,3,1,2,0,6,2,4,0
LT82a,LC17,3,2,1,0,6,4,2,0
LT82a,LT1c,2,0,2,0,6,0,6,0
LT82a,LT60,2,1,1,0,6,4,2,0
LC21,LT79,3,0,3,0,6,0,6,0
LTe03,Li06,3,2,1,0,6,4,2,0
LTe01,LTe58,2,0,2,0,6,0,6,0
LC40,Li11,3,1,2,0,6,2,4,0
MTe41,MeMe_e07,2,1,1,0,6,3,3,0
MTe46,APDN3,1,1,0,0,6,6,0,0
MTe51,OA-ASM1,3,1,2,0,6,2,4,0
MeTu3c,Sm05,3,0,3,0,6,0,6,0
LC20b,LTe05,2,1,1,0,6,2,4,0
LC6,LTe18,3,0,3,0,6,0,6,0
LC13,TmY31,3,2,1,0,6,4,2,0
MeMe_e01,MTe37,2,1,1,0,6,4,2,0
MeMe_e01,Tm8a,3,0,3,0,6,0,6,0
MeMe_e01,cM03,2,1,1,0,6,4,2,0
MeMe_e01,Sm02,3,0,3,0,6,0,6,0
LC10a,Tm5f,3,1,2,0,6,2,4,0
cL16,TmY4,3,2,1,0,6,4,2,0
cL16,LT65,2,1,1,0,6,4,2,0
cL16,LTe17,2,1,1,0,6,2,4,0
cL16,LC40,3,2,1,0,6,4,2,0
cL16,LT63,2,1,1,0,6,4,2,0
LC21,LC12,2,0,2,0,6,0,6,0
MeTu1,TmY4,2,0,2,0,6,0,6,0
MTe50,LC33a,1,0,1,0,6,0,6,0
LC24,TmY10,3,1,2,0,6,2,4,0
LC6,Li12,3,1,2,0,6,2,4,0
LC24,LC11,3,1,2,0,6,2,4,0
LPT04_HST,TmY5a,2,0,2,0,6,0,6,0
LPT04_HST,DCH,2,1,1,0,6,4,2,0
cL14,LC10f,2,1,1,0,6,2,4,0
cL14,LTe14,2,1,1,0,6,2,4,0
cL14,LC14b,2,1,1,0,6,3,3,0
cL14,Tm37,3,1,2,0,6,2,4,0
cL14,LPLC1,2,1,1,0,6,2,4,0
LT52,Tm33,2,0,2,0,6,0,6,0
LT52,LTe46,3,2,1,0,6,4,2,0
LC14a2,LT67,2,1,1,0,6,4,2,0
LC14a2,LTe62,2,1,1,0,6,4,2,0
LC14a2,LCe01,2,1,1,0,6,3,3,0
LC14a2,LTe55,3,2,1,0,6,4,2,0
LPLC2,LT78,3,1,2,0,6,2,4,0
LCe01a,Tm5b,3,1,2,0,6,2,4,0
LCe01a,LC9,3,1,2,0,6,2,4,0
LCe01a,LT57,3,1,2,0,6,2,4,0
LTe70,LTe74,2,1,1,0,6,3,3,0
MeTu3a,MeTu3c,3,1,2,0,6,2,4,0
MTe05,DNp27,3,0,3,0,6,0,6,0
LC10e,Li07,3,1,2,0,6,2,4,0
MeMe_e08,MTe41,2,0,2,0,6,0,6,0
MeMe_e08,Tm37,3,0,3,0,6,0,6,0
cM01a,MeTu1,3,2,1,0,6,4,2,0
LC10b,LT76,3,1,2,0,6,2,4,0
LC10b,LCe01a,3,0,3,0,6,0,6,0
aMe17b,OA-AL2i1,2,0,2,0,6,0,6,0
aMe17b,Sm08,3,0,3,0,6,0,6,0
aMe17b,Lat,2,0,2,0,6,0,6,0
aMe17b,MTe31,3,2,1,0,6,4,2,0
aMe17b,MeMe_e09,2,1,1,0,6,2,4,0
MTe14,Mi2,3,2,1,0,6,4,2,0
MTe14,MTe34,2,1,1,0,6,4,2,0
cM18,AN_multi_125,2,0,2,0,6,0,6,0
cM18,MTe18,2,0,2,0,6,0,6,0
cM18,Sm09,3,2,1,0,6,4,2,0
cM18,T2,2,1,1,0,6,3,3,0
cM18,Sm22,3,2,1,0,6,4,2,0
cM18,Tm5c,3,2,1,0,6,4,2,0
MTe01a,MTe47,3,2,1,0,6,4,2,0
H1,TmY4,2,1,1,0,6,4,2,0
H1,Tlp4,3,1,2,0,6,2,4,0
H1,Tm3,3,2,1,0,6,4,2,0
H1,cLLP02,2,1,1,0,6,4,2,0
LC29,LC9,3,2,1,0,6,4,2,0
LC20b,LT57,3,1,2,0,6,2,4,0
MeTu4a,Mi2,3,1,2,0,6,2,4,0
LPLC4,LT78,2,0,2,0,6,0,6,0
LT62,Li06,3,0,3,0,6,0,6,0
LPLC4,Li15,3,0,3,0,6,0,6,0
CB0816,Dm18,2,0,2,0,6,0,6,0
LC14a2,LC9,2,2,0,0,6,6,0,0
MTe07,LTe25,2,0,2,0,6,0,6,0
LPLC2,LMt3,3,1,2,0,6,2,4,0
LT79,LT83,2,1,1,0,6,3,3,0
LT79,LTe12,2,1,1,0,6,4,2,0
cM08c,Li13,3,1,2,0,6,2,4,0
cM08c,LTe03,2,0,2,0,6,0,6,0
LC20b,LTe26,3,1,2,0,6,2,4,0
MTe51,Sm11,3,0,3,0,6,0,6,0
cLP02,Nod5,3,2,1,0,6,4,2,0
LC12,Li22,3,1,2,0,6,2,4,0
LPT54,cLP02,3,0,3,0,6,0,6,0
LPT54,T4d,3,1,2,0,6,2,4,0
LPT54,Pm10,3,0,3,0,6,0,6,0
LPT54,Tm36,3,0,3,0,6,0,6,0
LPT54,5-HTPMPV01,1,0,1,0,6,0,6,0
LPT54,Sm09,3,2,1,0,6,4,2,0
LC34,Tm8a,2,0,2,0,6,0,6,0
LC10b,Li08,3,2,1,0,6,4,2,0
aMe9,Sm12,3,0,3,0,6,0,6,0
aMe9,Mi15,3,1,2,0,6,2,4,0
aMe9,cM03,2,1,1,0,6,3,3,0
LC14b,LC37a,1,0,1,0,6,0,6,0
LPC2,TmY3,3,2,1,0,6,4,2,0
LT57,Li23,3,2,1,0,6,4,2,0
LC26,LC22,2,0,2,0,6,0,6,0
LC41,LTe16,3,1,2,0,6,2,4,0
LC10d,TmY20,3,1,2,0,6,2,4,0
LC9,Li29,3,2,1,0,6,4,2,0
LT52,cL16,3,1,2,0,6,2,4,0
LLPC1,MLt3,2,1,1,0,6,3,3,0
LC14a2,cM07,2,1,1,0,6,3,3,0
LC14a2,LC10f,2,2,0,0,6,6,0,0
LT69,LTe33,3,2,1,0,6,4,2,0
LT69,LTe41,2,1,1,0,6,2,4,0
LC10e,Li23,2,0,2,0,6,0,6,0
MTe15,MTe03,1,0,1,0,6,0,6,0
cL19,Li33,2,1,1,0,6,3,3,0
cL19,Li30,2,0,2,0,6,0,6,0
LPT45_dCal1,LPTe01,3,1,2,0,6,2,4,0
LPT45_dCal1,VS5,2,1,1,0,6,4,2,0
LPT45_dCal1,Y12,3,2,1,0,6,4,2,0
LPT45_dCal1,TmY9q⊥,2,0,2,0,6,0,6,0
LPT45_dCal1,VS4,2,1,1,0,6,2,4,0
LPT45_dCal1,T5d,3,1,2,0,6,2,4,0
LCe01a,Li24,3,2,1,0,6,4,2,0
LCe01b,Tm36,3,1,2,0,6,2,4,0
LC4,Tm7,3,1,2,0,6,2,4,0
LPTe01,T5d,3,2,1,0,6,4,2,0
LPT23,Tm27,3,2,1,0,6,4,2,0
LPT23,Y4,3,2,1,0,6,4,2,0
LTe47,LTe21,1,0,1,0,6,0,6,0
LTe47,LC20a,1,0,1,0,6,0,6,0
MeTu4a,cM03,3,1,2,0,6,2,4,0
OA-AL2b1,LC21,3,3,0,0,6,6,0,0
OA-AL2b1,LCe03,3,2,1,0,6,4,2,0
OA-AL2b1,LC10d,3,0,3,0,6,0,6,0
OA-AL2b1,Tm35,2,2,0,0,6,6,0,0
LTe01,LTe32,2,1,1,0,6,4,2,0
LC10c,LTe36,3,1,2,0,6,2,4,0
cL08,Li16,2,1,1,0,6,2,4,0
cL08,LPLC4,3,1,2,0,6,2,4,0
cL08,LC31c,2,1,1,0,6,4,2,0
cL08,Li15,3,1,2,0,6,2,4,0
cL08,Li29,2,1,1,0,6,4,2,0
cL08,T2a,3,1,2,0,6,2,4,0
cL08,TmY14,3,2,1,0,6,4,2,0
MeTu3c,Tm5d,3,0,3,0,6,0,6,0
LPLC1,Tm5d,2,0,2,0,6,0,6,0
LT82a,cLP01,1,0,1,0,6,0,6,0
LT82a,LMt2,3,1,2,0,6,2,4,0
AN_multi_124,Tm27,3,1,2,0,6,2,4,0
MeMe_e08,Am1,3,2,1,0,6,4,2,0
MeMe_e08,Tm5b,3,1,2,0,6,2,4,0
DNc01,TmY3,3,2,1,0,6,4,2,0
LC37a,OA-AL2b1,3,1,2,0,6,2,4,0
MTe25,MTe51,3,1,2,0,6,2,4,0
MTe25,MTe33,1,0,1,0,6,0,6,0
MTe25,Sm41,1,0,1,0,6,0,6,0
MTe25,Sm08,3,2,1,0,6,4,2,0
MTe25,LTe58,1,0,1,0,6,0,6,0
MeTu1,Tm8b,3,1,2,0,6,2,4,0
MeTu4c,LLPt,2,0,2,0,6,0,6,0
LC16,LTe17,2,0,2,0,6,0,6,0
LC11,LTe52,2,0,2,0,6,0,6,0
MTe54,Sm41,2,1,1,0,6,3,3,0
LPLC1,T5b,3,1,2,0,6,2,4,0
LTe29,LCe03,3,2,1,0,6,4,2,0
cL10,LC27,2,1,1,0,6,4,2,0
cL10,PLP174,1,0,1,0,6,0,6,0
cL10,Sm22,2,1,1,0,6,4,2,0
cL10,MTe28,1,0,1,0,6,0,6,0
cL10,LTe25,2,1,1,0,6,2,4,0
LC14b,LTe18,3,1,2,0,6,2,4,0
LPTe01,T4b,3,1,2,0,6,2,4,0
cM08c,LT51,3,1,2,0,6,2,4,0
MTe08,Tm27,3,0,3,0,6,0,6,0
LC22,LT78,3,1,2,0,6,2,4,0
LPT31,T5a,2,0,2,0,6,0,6,0
cLP03,cLLPM02,3,1,2,0,6,2,4,0
LC14b,LPi15,2,2,0,0,6,6,0,0
MeTu3c,MTe05,3,2,1,0,6,4,2,0
cL07,LT61a,1,0,1,0,6,0,6,0
cL07,LT56,2,1,1,0,6,4,2,0
cM08a,Sm12,3,2,1,0,6,4,2,0
cM17,Li10,1,0,1,0,6,0,6,0
cM17,TmY31,2,1,1,0,6,2,4,0
cM17,Tm31,2,1,1,0,6,3,3,0
cM17,LMa4,2,1,1,0,6,4,2,0
cM17,Li06,2,0,2,0,6,0,6,0
LPT30,LPi03,3,1,2,0,6,2,4,0
LPT30,LT52,2,1,1,0,6,2,4,0
LLPC1,LC22,3,2,1,0,6,4,2,0
MTe02,Tm36,3,2,1,0,6,4,2,0
aMe10,aMe25,1,1,0,0,6,6,0,0
LC9,LT1d,3,1,2,0,6,2,4,0
LPTe01,LPT22,3,2,1,0,6,4,2,0
LPLC1,LT61a,3,0,3,0,6,0,6,0
LC31b,LPLC1,3,0,3,0,6,0,6,0
OA-AL2i3,Tm4,3,0,3,0,6,0,6,0
OA-AL2i3,Dm19,3,2,1,0,6,4,2,0
LC11,cLLPM01,2,1,1,0,6,4,2,0
cM02b,Tm16,3,1,2,0,6,2,4,0
cM02b,Sm31,2,0,2,0,6,0,6,0
MTe50,TmY9q,3,2,1,0,6,4,2,0
MTe50,PLP069,1,0,1,0,6,0,6,0
LTe06,LTe07,2,1,1,0,6,2,4,0
LPTe02,Tlp4,2,0,2,0,6,0,6,0
LPTe02,Y11,1,0,1,0,6,0,6,0
cM06,T4a,3,2,1,0,6,4,2,0
cM06,Mi9,3,2,1,0,6,4,2,0
cM06,OA-AL2i1,2,1,1,0,6,2,4,0
LC4,LMa5,3,2,1,0,6,4,2,0
LC9,TmY10,3,1,2,0,6,2,4,0
MeLp2,Pm09,3,1,2,0,6,2,4,0
MeLp2,T5d,2,0,2,0,6,0,6,0
MeLp2,MeMe_e08,3,0,0,3,6,0,0,6
MeLp2,LPC2,2,0,2,0,6,0,6,0
MeLp2,T5b,2,1,1,0,6,3,3,0
MeLp2,Pm08,3,1,2,0,6,2,4,0
MeLp2,LLPC3,3,2,1,0,6,4,2,0
LPLC2,LT87,2,0,2,0,6,0,6,0
MeTu4a,LTe14,1,0,1,0,6,0,6,0
MeTu4a,MeTu3c,3,1,2,0,6,2,4,0
MeTu4a,LTe49c,3,0,3,0,6,0,6,0
MeMe_e08,T4c,3,2,1,0,6,4,2,0
cL02b,LC37a,2,0,2,0,6,0,6,0
cL02b,LT52,3,2,1,0,6,4,2,0
LC27,LTe46,2,1,1,0,6,2,4,0
PLP004,aMe17a2,1,0,1,0,6,0,6,0
PLP004,mALD1,1,0,1,0,6,0,6,0
LT75,cLLPM02,1,0,1,0,6,0,6,0
MeTu3c,LC6,3,0,3,0,6,0,6,0
LPLC2,VCH,3,1,2,0,6,2,4,0
MTe07,Sm02,3,2,1,0,6,4,2,0
LC21,Li13,3,2,1,0,6,4,2,0
cL20,Tm20,3,2,1,0,6,4,2,0
cL20,Li16,2,0,2,0,6,0,6,0
cL20,LT53,2,0,2,0,6,0,6,0
cL20,Li12,2,1,1,0,6,2,4,0
cL20,Li05,2,1,1,0,6,3,3,0
LC11,Tm37,2,0,2,0,6,0,6,0
LT37,LMt1,2,1,1,0,6,4,2,0
LT37,LT86,1,0,1,0,6,0,6,0
LT37,LC27,1,0,1,0,6,0,6,0
LT37,LT75,2,1,1,0,6,4,2,0
LT37,TmY16,2,0,2,0,6,0,6,0
LT37,LTe49c,1,0,1,0,6,0,6,0
LT37,LC33a,2,1,1,0,6,3,3,0
LT37,LTe23,2,1,1,0,6,4,2,0
LC18,Tm25,3,2,1,0,6,4,2,0
LC16,LTe26,3,1,2,0,6,2,4,0
5-HTPMPV03,Tm5e,3,1,2,0,6,2,4,0
5-HTPMPV03,MLt4,3,3,0,0,6,6,0,0
5-HTPMPV03,MLt7,3,1,2,0,6,2,4,0
5-HTPMPV03,LC10e,2,1,1,0,6,3,3,0
5-HTPMPV03,Sm09,3,1,2,0,6,2,4,0
5-HTPMPV03,MTe47,2,0,0,2,6,0,0,6
5-HTPMPV03,Mi14,3,2,1,0,6,4,2,0
5-HTPMPV03,Pm09,1,1,0,0,6,6,0,0
5-HTPMPV03,Li05,1,0,1,0,6,0,6,0
MeTu4c,mALB5,1,0,1,0,6,0,6,0
cM08a,MeTu3a,3,1,2,0,6,2,4,0
MeMe_e09,aMe10,2,0,0,2,6,0,0,6
MeMe_e09,Tm8a,3,2,1,0,6,4,2,0
MeMe_e09,MTe33,2,2,0,0,6,6,0,0
LC10b,LT78,3,1,2,0,6,2,4,0
cL21,LTe20,3,1,2,0,6,2,4,0
PLP177,cL05,1,0,1,0,6,0,6,0
MTe50,T2a,3,0,3,0,6,0,6,0
MTe50,Tm5b,3,2,1,0,6,4,2,0
MTe50,Tm21,2,0,2,0,6,0,6,0
5-HTPMPV01,LTe56,1,0,1,0,6,0,6,0
5-HTPMPV01,cL10,1,0,1,0,6,0,6,0
LPLC2,Li13,3,2,1,0,6,4,2,0
LC25,LPLC2,3,2,1,0,6,4,2,0
MTe08,Tm16,2,1,1,0,6,2,4,0
LLPC2,LC10b,3,0,3,0,6,0,6,0
LTe22,aMe20,1,0,1,0,6,0,6,0
LTe22,cL10,2,1,1,0,6,3,3,0
LTe22,cL12,2,1,1,0,6,4,2,0
LTe22,LTe72,2,1,1,0,6,3,3,0
LTe22,Li02,3,2,1,0,6,4,2,0
LTe22,LT51,3,2,1,0,6,4,2,0
LPLC4,LT73,3,0,3,0,6,0,6,0
MTe42,cM15,1,0,1,0,6,0,6,0
cL18,cLLPM01,2,1,1,0,6,4,2,0
aMe17c,Sm04,3,1,2,0,6,2,4,0
aMe17c,Tm5f,3,0,3,0,6,0,6,0
LC29,LT57,3,0,3,0,6,0,6,0
MeMe_e06,MTe26,2,1,1,0,6,4,2,0
MeMe_e06,OA-AL2i4,2,1,1,0,6,3,3,0
LC29,LC10d,2,0,2,0,6,0,6,0
MeTu1,MTe22,3,2,1,0,6,4,2,0
LC24,LCe01a,3,1,2,0,6,2,4,0
MTe12,Pm13,3,0,3,0,6,0,6,0
MTe12,MTe23,2,0,2,0,6,0,6,0
MTe12,MTe01b,3,2,1,0,6,4,2,0
LTe30,LCe06,2,0,2,0,6,0,6,0
LTe30,LC10c,3,1,2,0,6,2,4,0
LTe30,LC20b,2,1,1,0,6,2,4,0
LTe30,LTe69,2,1,1,0,6,3,3,0
LPT50,T5c,2,0,2,0,6,0,6,0
LPT50,T4b,3,2,1,0,6,4,2,0
LPT50,LPT51,1,1,0,0,6,6,0,0
LTe58,Li12,3,2,1,0,6,4,2,0
LTe58,cM09,3,1,2,0,6,2,4,0
cM07,LC22,3,2,1,0,6,4,2,0
cM07,Dm20,3,2,1,0,6,4,2,0
cM07,C3,3,1,2,0,6,2,4,0
LT52,LT34,1,0,1,0,6,0,6,0
LT83,LT79,2,1,1,0,6,2,4,0
LT83,LT66,2,1,1,0,6,2,4,0
LC14a1,LT76,3,1,2,0,6,2,4,0
LC15,Tm5c,3,1,2,0,6,2,4,0
cLP01,TmY9q⊥,3,0,3,0,6,0,6,0
MTe02,MLt7,3,1,2,0,6,2,4,0
LCe05,LC20a,2,1,1,0,6,4,2,0
LC13,LC37a,3,2,1,0,6,4,2,0
MTe50,Y3,3,1,2,0,6,2,4,0
LC33a,Li01,3,1,2,0,6,2,4,0
HBeyelet,cM09,1,0,1,0,6,0,6,0
mALD1,MLt2,2,0,2,0,6,0,6,0
MeTu4a,C2,2,0,2,0,6,0,6,0
LTe11,LTe33,3,0,3,0,6,0,6,0
MTe01b,MTe05,3,0,3,0,6,0,6,0
LC15,Tlp5,3,0,3,0,6,0,6,0
LC14a2,LTe13,2,1,1,0,6,2,4,0
LC25,Tm5a,3,2,1,0,6,4,2,0
LC24,LT87,2,1,1,0,6,4,2,0
LC15,TmY9q,3,2,1,0,6,4,2,0
cLLP02,LT42,2,1,1,0,6,3,3,0
cLLP02,LPLC1,3,0,3,0,6,0,6,0
cLLP02,LTe21,2,0,2,0,6,0,6,0
cLLP02,LC11,3,2,1,0,6,4,2,0
cLLP02,LC33a,3,0,3,0,6,0,6,0
cLLP02,LLPC3,3,0,3,0,6,0,6,0
cLLP02,TmY9q,3,2,1,0,6,4,2,0
cLLP02,LC17,3,1,2,0,6,2,4,0
cLLP02,LT47,3,1,2,0,6,2,4,0
cLLP02,LT77,2,1,1,0,6,4,2,0
cLLP02,LC29,3,1,2,0,6,2,4,0
cLLP02,LTe42a,3,1,2,0,6,2,4,0
cLLP02,Tm8a,3,2,1,0,6,4,2,0
cLLP02,LC16,3,1,2,0,6,2,4,0
cLLP02,Li11,3,1,2,0,6,2,4,0
cLLP02,LT78,3,2,1,0,6,4,2,0
cLLP02,LTe66,3,2,1,0,6,4,2,0
cLLP02,TmY14,3,1,2,0,6,2,4,0
LT57,LC10d,3,2,1,0,6,4,2,0
LT57,LT72,3,0,3,0,6,0,6,0
LT57,LC10b,3,1,2,0,6,2,4,0
LT63,Li06,3,0,3,0,6,0,6,0
LT63,LTe08,1,0,1,0,6,0,6,0
LT63,Li05,3,0,3,0,6,0,6,0
LT63,LTe49d,3,1,2,0,6,2,4,0
LT63,TmY5a,3,1,2,0,6,2,4,0
LT63,LPLC1,2,0,2,0,6,0,6,0
LT63,cL14,2,1,1,0,6,3,3,0
LT63,LTe41,2,1,1,0,6,2,4,0
LT63,Li28,3,1,2,0,6,2,4,0
LT63,LT57,3,2,1,0,6,4,2,0
LT63,LT65,3,2,1,0,6,4,2,0
LT63,LT67,1,0,1,0,6,0,6,0
LT63,cL04,2,1,1,0,6,3,3,0
LTe26,Li18,3,2,1,0,6,4,2,0
LTe26,LMa2,3,1,2,0,6,2,4,0
CB3833,APDN3,1,0,1,0,6,0,6,0
MeTu4c,LTe70,3,1,2,0,6,2,4,0
LC43,MTe54,1,0,1,0,6,0,6,0
LT1a,LT79,2,1,1,0,6,3,3,0
LT1a,Li06,3,2,1,0,6,4,2,0
DNp11,LC10a,3,0,3,0,6,0,6,0
DNp11,LT83,1,0,1,0,6,0,6,0
LCe07,LMt1,3,1,2,0,6,2,4,0
LCe07,LMt3,3,1,2,0,6,2,4,0
MeTu4a,LTe75,3,1,2,0,6,2,4,0
LC9,Tm20,3,1,2,0,6,2,4,0
DNp30,Tm2,3,2,1,0,6,4,2,0
DNp30,Pm02,3,3,0,0,6,6,0,0
DNp30,Pm09,3,1,2,0,6,2,4,0
LC22,Li08,3,1,2,0,6,2,4,0
LC27,PLP251,3,2,1,0,6,4,2,0
LC10d,LMt2,3,1,2,0,6,2,4,0
LLPC3,MLt3,3,1,2,0,6,2,4,0
MeMe_e07,Tm16,2,1,1,0,6,4,2,0
MeMe_e07,Tm9,3,1,2,0,6,2,4,0
MTe07,aMe19a,2,0,1,1,6,0,3,3
MeTu1,T2a,3,0,3,0,6,0,6,0
MeTu1,T2,3,0,3,0,6,0,6,0
MTe05,aMe9,3,2,1,0,6,4,2,0
LTe04,LC20b,1,0,1,0,6,0,6,0
LC14a1,LTe08,2,1,1,0,6,3,3,0
LT52,LPLC2,3,1,2,0,6,2,4,0
MeTu4d,MTe32,3,0,3,0,6,0,6,0
LC22,LC15,3,0,3,0,6,0,6,0
LT51,LTe42a,3,1,2,0,6,2,4,0
LT38,Li18,2,1,1,0,6,2,4,0
LT38,Li30,2,1,1,0,6,2,4,0
LT38,LT80,3,2,1,0,6,4,2,0
LT38,Tlp4,2,1,1,0,6,3,3,0
cL17,LCe01a,3,1,2,0,6,2,4,0
cL17,LTe16,2,1,1,0,6,2,4,0
cL17,LTe58,2,1,1,0,6,3,3,0
cL17,LTe14,1,1,0,0,6,6,0,0
cL17,LLPt,3,0,3,0,6,0,6,0
cL17,LTe59,3,1,2,0,6,2,4,0
cL17,TmY5a,2,1,1,0,6,4,2,0
MTe01b,Sm35,3,2,1,0,6,4,2,0
LT1c,cL07,1,0,1,0,6,0,6,0
LT1c,LT56,1,0,1,0,6,0,6,0
MeTu4a,LTe38b,3,2,1,0,6,4,2,0
aMe1,aMe17b,3,2,1,0,6,4,2,0
aMe1,MTe40,1,0,1,0,6,0,6,0
MeMe_e07,DNc02,2,1,1,0,6,3,3,0
MeMe_e07,L2,3,2,1,0,6,4,2,0
LT59,LT86,2,1,1,0,6,4,2,0
MeTu3b,Mi10,2,0,2,0,6,0,6,0
LTe20,LTe18,2,1,1,0,6,3,3,0
LTe20,CB0802,1,0,1,0,6,0,6,0
LTe20,LT61a,2,1,1,0,6,2,4,0
LTe20,LT60,2,1,1,0,6,4,2,0
LC9,LTe12,3,0,3,0,6,0,6,0
cM02a,MeTu1,3,1,2,0,6,2,4,0
cM02a,MLt5,3,2,1,0,6,4,2,0
cM02a,MTe37,2,1,1,0,6,4,2,0
cM02a,MTe46,2,1,1,0,6,2,4,0
cM02a,Sm03,2,1,1,0,6,3,3,0
LC10a,LC13,2,0,2,0,6,0,6,0
LPT28,cM05,1,0,1,0,6,0,6,0
CB0230,5-HTPMPV03,1,0,1,0,6,0,6,0
LC14a1,Li27,3,2,1,0,6,4,2,0
LLPC4,LTe64,2,0,2,0,6,0,6,0
LC37a,Tm5b,3,0,3,0,6,0,6,0
LC37a,Tm37,3,1,2,0,6,2,4,0
LC37a,LCe01b,2,1,1,0,6,4,2,0
MTe02,Tm32,3,2,1,0,6,4,2,0
MeTu1,MeTu2b,1,0,1,0,6,0,6,0
LC10a,LT69,3,2,1,0,6,4,2,0
LC13,LC10b,3,0,3,0,6,0,6,0
LT64,LT51,3,2,1,0,6,4,2,0
LC28a,cL14,2,0,2,0,6,0,6,0
LC28a,LTe28,3,2,1,0,6,4,2,0
LT57,LCe05,3,1,2,0,6,2,4,0
LT74,Li06,3,1,2,0,6,2,4,0
LT74,TmY5a,3,2,1,0,6,4,2,0
LT74,LT83,3,1,2,0,6,2,4,0
LCe05,LC40,3,1,2,0,6,2,4,0
LC20b,LT47,2,1,1,0,6,3,3,0
LC10b,Tm32,3,2,1,0,6,4,2,0
cM19,Pm14,2,1,1,0,6,4,2,0
LC18,LC6,3,1,2,0,6,2,4,0
LPT23,LPT26,2,1,1,0,6,4,2,0
LTe35,LTe33,2,0,2,0,6,0,6,0
mALD2,Li31,2,1,1,0,6,3,3,0
mALD2,LC12,3,2,1,0,6,4,2,0
cL18,LT52,2,1,1,0,6,4,2,0
MeMe_e05,MeTu3b,3,1,2,0,6,2,4,0
MTe51,MTe47,3,0,3,0,6,0,6,0
LCe03,LCe01a,3,2,1,0,6,4,2,0
OA-AL2b1,PLP251,1,1,0,0,6,6,0,0
OA-AL2b1,Li29,2,1,1,0,6,4,2,0
OA-AL2b1,LT79,2,1,1,0,6,3,3,0
OA-AL2b1,Tm16,3,1,2,0,6,2,4,0
OA-AL2b1,Tm5f,3,1,2,0,6,2,4,0
OA-AL2b1,Li07,3,1,2,0,6,2,4,0
OA-AL2b1,LT86,2,1,1,0,6,2,4,0
LC33a,LPLC4,2,0,2,0,6,0,6,0
MTe03,Tm37,2,1,1,0,6,3,3,0
MTe03,Tlp1,1,0,1,0,6,0,6,0
MeTu1,Sm05,3,1,2,0,6,2,4,0
LC31a,LTe20,3,1,2,0,6,2,4,0
MeMe_e08,LPi02,3,2,1,0,6,4,2,0
LTe42a,LPLC4,2,1,1,0,6,4,2,0
LTe42a,LTe26,1,0,1,0,6,0,6,0
LTe42a,LT52,1,0,1,0,6,0,6,0
cLM01,TmY10,3,0,3,0,6,0,6,0
cLM01,Sm06,3,2,1,0,6,4,2,0
cLM01,LMa5,2,1,1,0,6,2,4,0
cLM01,LT52,3,0,3,0,6,0,6,0
cLM01,Sm07,3,2,1,0,6,4,2,0
LC22,Tm35,3,2,1,0,6,4,2,0
MeTu3c,Sm22,3,0,3,0,6,0,6,0
LPC1,TmY3,3,2,1,0,6,4,2,0
MTe01a,Sm02,3,0,3,0,6,0,6,0
cM11,LT53,1,0,1,0,6,0,6,0
cM11,MeTu3c,3,0,3,0,6,0,6,0
cM11,Sm10,3,0,3,0,6,0,6,0
cM11,MTe22,1,0,1,0,6,0,6,0
cM11,MTe49,2,0,2,0,6,0,6,0
cM01c,MeMe_e01,3,1,2,0,6,2,4,0
LPT48_vCal3,LPLC4,3,2,1,0,6,4,2,0
LPT48_vCal3,TmY5a,3,1,2,0,6,2,4,0
LPT48_vCal3,TmY15,3,2,1,0,6,4,2,0
LPT48_vCal3,LPi12,2,1,1,0,6,2,4,0
cMLLP02,Tm20,3,1,2,0,6,2,4,0
cMLLP02,5-HTPMPV03,2,1,1,0,6,3,3,0
cMLLP02,MTe47,2,1,1,0,6,4,2,0
cMLLP02,T4d,3,1,2,0,6,2,4,0
cMLLP02,T5a,3,0,3,0,6,0,6,0
cMLLP02,cLP01,3,2,1,0,6,4,2,0
LTe18,mALD2,1,0,1,0,6,0,6,0
MTe04,Sm03,3,1,2,0,6,2,4,0
LC16,LTe24,1,0,1,0,6,0,6,0
LC16,Li13,3,1,2,0,6,2,4,0
LT68,Li10,3,1,2,0,6,2,4,0
LTe64,Li01,3,0,3,0,6,0,6,0
LPLC4,Li28,3,1,2,0,6,2,4,0
LC39,LMa2,2,1,1,0,6,3,3,0
HSS,LT38,1,0,1,0,6,0,6,0
OA-AL2i2,TmY3,3,2,1,0,6,4,2,0
OA-AL2i2,Y4,3,1,2,0,6,2,4,0
OA-AL2i2,Tm20,3,0,3,0,6,0,6,0
OA-AL2i2,LT1a,2,1,1,0,6,3,3,0
LC16,LC15,3,2,1,0,6,4,2,0
cLP01,LPi06,3,2,1,0,6,4,2,0
l-LNv,C2,3,2,1,0,6,4,2,0
l-LNv,Sm33,2,1,1,0,6,4,2,0
l-LNv,aMe12,3,2,1,0,6,4,2,0
MeTu4a,MeMe_e02,3,1,2,0,6,2,4,0
LC37a,cL12,1,0,0,1,6,0,0,6
LC37a,LTe08,3,1,2,0,6,2,4,0
LT57,Li12,3,1,2,0,6,2,4,0
aMe17c,L4,3,2,1,0,6,4,2,0
MTe03,Sm08,3,1,2,0,6,2,4,0
LC15,Tm27,3,1,2,0,6,2,4,0
LC18,LT11,3,1,2,0,6,2,4,0
cL01,LC9,3,1,2,0,6,2,4,0
MTe19,Sm41,1,0,1,0,6,0,6,0
LC13,LPLC2,3,0,3,0,6,0,6,0
LTe33,LC24,2,1,1,0,6,2,4,0
cL12,MLt5,2,1,1,0,6,4,2,0
cL12,LCe04,2,1,1,0,6,3,3,0
cL12,LTe32,2,1,1,0,6,4,2,0
LC14b,cL01,1,1,0,0,6,6,0,0
MeMe_e03,LT58,1,1,0,0,6,6,0,0
MeMe_e03,MeTu4d,3,2,1,0,6,4,2,0
MeMe_e03,MTe17,3,1,2,0,6,2,4,0
MeMe_e03,C2,2,1,1,0,6,4,2,0
MTe51,MLt4,3,1,2,0,6,2,4,0
MTe51,LT36,1,0,1,0,6,0,6,0
LC14b,MTe02,2,1,1,0,6,2,4,0
VS3,LPi09,3,1,2,0,6,2,4,0
LC40,LTe08,3,1,2,0,6,2,4,0
cLP05,TmY31,3,1,2,0,6,2,4,0
cLP05,T5c,3,2,1,0,6,4,2,0
LTe24,LT79,1,0,1,0,6,0,6,0
LTe24,Li10,3,1,2,0,6,2,4,0
MTe47,LPi06,3,1,2,0,6,2,4,0
MTe47,LT75,3,2,1,0,6,4,2,0
MTe47,LC20b,2,0,2,0,6,0,6,0
MTe47,Tm1,3,1,2,0,6,2,4,0
MeMe_e03,cM13,1,0,1,0,6,0,6,0
MeMe_e03,LT53,1,0,1,0,6,0,6,0
MTe33,Tm37,3,1,2,0,6,2,4,0
LC20b,LT82a,3,2,1,0,6,4,2,0
LC21,Li03,3,1,2,0,6,2,4,0
cM03,Tm5c,3,1,2,0,6,2,4,0
cM03,Sm04,3,1,2,0,6,2,4,0
LC15,LMt3,3,2,1,0,6,4,2,0
cML02,Tm27,2,0,2,0,6,0,6,0
LC29,LTe24,2,1,1,0,6,3,3,0
LC20b,LTe47,3,2,1,0,6,4,2,0
LPLC4,Y12,3,0,3,0,6,0,6,0
LC40,LC14a2,2,0,2,0,6,0,6,0
LPT26,VST2,3,2,1,0,6,4,2,0
LC29,Li05,3,1,2,0,6,2,4,0
LC16,LT1c,3,1,2,0,6,2,4,0
MTe01b,CB0816,3,2,1,0,6,4,2,0
aMe19b,Sm40,2,1,1,0,6,3,3,0
LT40,LC19,3,0,3,0,6,0,6,0
LT40,TmY31,2,1,1,0,6,2,4,0
LT40,LC11,3,2,1,0,6,4,2,0
LC21,LMt4,3,0,3,0,6,0,6,0
LC40,LC10d,3,1,2,0,6,2,4,0
MeMe_e04,MeTu2a,3,3,0,0,6,6,0,0
AN_multi_125,CT1,1,1,0,0,6,6,0,0
AN_multi_125,AN_multi_125,1,0,0,1,6,0,0,6
AN_multi_125,Tm20,3,1,2,0,6,2,4,0
LC10d,LC9,3,0,3,0,6,0,6,0
LC29,TmY5a,3,2,1,0,6,4,2,0
aMe17a2,Mi1,3,2,1,0,6,4,2,0
aMe17a2,Tm5d,3,0,3,0,6,0,6,0
aMe17a2,L2,3,1,2,0,6,2,4,0
aMe17a2,Sm29,3,2,1,0,6,4,2,0
aMe17a2,MTe14,3,1,2,0,6,2,4,0
PLP231,5-HTPMPV01,1,0,1,0,6,0,6,0
LLPC2,LPi05,3,2,1,0,6,4,2,0
mALC3,Y12,2,0,2,0,6,0,6,0
mALC3,LC11,2,1,1,0,6,2,4,0
mALC3,Pm04,1,0,1,0,6,0,6,0
mALC3,Li22,2,0,2,0,6,0,6,0
mALC3,T4a,3,0,3,0,6,0,6,0
mALC3,Tm21,3,1,2,0,6,2,4,0
mALC3,LT80,2,0,2,0,6,0,6,0
mALC3,LC14b,2,1,1,0,6,2,4,0
MeTu2a,MeTu1,3,1,2,0,6,2,4,0
MeTu2a,Tm5e,3,1,2,0,6,2,4,0
MTe51,TmY5a,3,2,1,0,6,4,2,0
SIP017,cM09,2,0,2,0,6,0,6,0
LTe75,LTe25,2,1,1,0,6,2,4,0
AVLP151,LTe38a,1,0,1,0,6,0,6,0
mALC5,LT58,2,1,1,0,6,2,4,0
mALC5,LPi01,2,1,1,0,6,2,4,0
mALC5,LTe01,1,0,1,0,6,0,6,0
mALC5,Y11,3,1,2,0,6,2,4,0
mALC5,Sm12,3,1,2,0,6,2,4,0
mALC5,Li01,2,1,1,0,6,2,4,0
mALC5,Li30,1,0,1,0,6,0,6,0
LC9,Li18,3,2,1,0,6,4,2,0
MeMe_e07,L1,3,3,0,0,6,6,0,0
cM13,MLt7,2,0,2,0,6,0,6,0
cM13,OA-AL2i4,2,1,1,0,6,3,3,0
MTe52,OA-AL2i2,3,2,1,0,6,4,2,0
CB0816,T2a,2,1,1,0,6,2,4,0
CB0816,Sm19,3,3,0,0,6,6,0,0
LC24,LTe46,2,1,1,0,6,2,4,0
OA-ASM1,Tm5c,3,2,1,0,6,4,2,0
OA-ASM1,LTe10,3,2,1,0,6,4,2,0
OA-ASM1,Sm32,3,3,0,0,6,6,0,0
OA-ASM1,LC10b,3,2,1,0,6,4,2,0
OA-ASM1,LTe08,2,1,1,0,6,2,4,0
OA-ASM1,LCe07,3,1,2,0,6,2,4,0
OA-ASM1,LMa3,3,1,2,0,6,2,4,0
OA-ASM1,LC11,3,0,3,0,6,0,6,0
LTe51,LT36,1,0,1,0,6,0,6,0
MeTu4c,LT70,2,1,1,0,6,3,3,0
LC6,LC10d,3,2,1,0,6,4,2,0
PLP217,DNpe053,1,0,0,1,6,0,0,6
LTe71,Sm42,2,1,1,0,6,2,4,0
LC41,LC40,3,0,3,0,6,0,6,0
LC41,Li23,2,1,1,0,6,2,4,0
LC11,Tm5d,3,1,2,0,6,2,4,0
LC31a,LC15,3,2,1,0,6,4,2,0
LT86,LT39,1,0,1,0,6,0,6,0
cM08c,LPLC4,2,1,1,0,6,4,2,0
cM08c,MTe37,2,1,1,0,6,3,3,0
cM08c,Tm5e,3,1,2,0,6,2,4,0
cM08c,Sm22,3,0,3,0,6,0,6,0
cM08c,T2,3,2,1,0,6,4,2,0
LC13,Tm5b,3,2,1,0,6,4,2,0
LLPC1,LPi06,3,0,3,0,6,0,6,0
LLPC1,LT83,2,1,1,0,6,3,3,0
cL19,PLP231,1,1,0,0,6,6,0,0
LTe45,TmY10,2,0,2,0,6,0,6,0
MTe52,Sm04,2,1,1,0,6,3,3,0
LC13,Y4,3,2,1,0,6,4,2,0
s-LNva,DNp27,1,0,1,0,6,0,6,0
LT56,LCe06,3,2,1,0,6,4,2,0
LT56,OA-AL2i2,2,0,2,0,6,0,6,0
LT56,Tm4,2,0,2,0,6,0,6,0
LC10b,Tm7,3,2,1,0,6,4,2,0
LTe58,LC10b,3,0,3,0,6,0,6,0
LC11,Tm5a,3,1,2,0,6,2,4,0
LAL047,CB0802,1,0,1,0,6,0,6,0
LAL047,LTe69,1,0,1,0,6,0,6,0
MTe37,Dm2,3,2,1,0,6,4,2,0
MTe37,Sm21,1,0,1,0,6,0,6,0
MTe37,Sm38,2,1,1,0,6,2,4,0
MTe37,MTe23,2,1,1,0,6,4,2,0
OA-AL2b2,Dm12,3,1,2,0,6,2,4,0
OA-AL2b2,Dm8a,3,0,3,0,6,0,6,0
OA-AL2b2,Tm25,3,2,1,0,6,4,2,0
OA-AL2b2,cM07,2,1,1,0,6,3,3,0
OA-AL2b2,Tm20,3,1,2,0,6,2,4,0
MTe04,Sm36,3,1,2,0,6,2,4,0
MTe04,TmY10,3,2,1,0,6,4,2,0
Nod1,Nod2,2,1,1,0,6,4,2,0
LC24,LTe25,3,1,2,0,6,2,4,0
LC24,LC28a,3,2,1,0,6,4,2,0
LPT58,Y12,3,0,3,0,6,0,6,0
LPT58,cLP01,3,0,3,0,6,0,6,0
LPT58,T5c,3,1,2,0,6,2,4,0
LPT58,TmY9q⊥,3,2,1,0,6,4,2,0
LC13,LT79,3,2,1,0,6,4,2,0
LLPC3,Tm7,3,2,1,0,6,4,2,0
DNc02,Dm10,3,2,1,0,6,4,2,0
aMe10,Sm12,3,2,1,0,6,4,2,0
LC14a2,LC4,2,0,2,0,6,0,6,0
LTe33,Li12,3,2,1,0,6,4,2,0
LTe60,Tm32,3,2,1,0,6,4,2,0
CB0472,Li07,3,1,2,0,6,2,4,0
MTe47,LMa1,2,2,0,0,6,6,0,0
MTe47,TmY14,3,1,2,0,6,2,4,0
MTe47,LPLC2,3,2,1,0,6,4,2,0
MTe47,LPT54,2,0,2,0,6,0,6,0
MeTu4a,LTe71,1,0,1,0,6,0,6,0
LT65,Li08,3,0,3,0,6,0,6,0
LT65,Tm8a,3,2,1,0,6,4,2,0
LT65,LTe14,2,1,1,0,6,4,2,0
LT65,Y1,2,0,2,0,6,0,6,0
LT65,Li12,2,1,1,0,6,2,4,0
LT65,LTe42b,2,1,1,0,6,3,3,0
OA-AL2b2,Mi9,3,3,0,0,6,6,0,0
LT70,LMt4,3,2,1,0,6,4,2,0
cL01,Li30,2,0,2,0,6,0,6,0
MTe02,Tm5f,3,1,2,0,6,2,4,0
LT61b,Li13,2,1,1,0,6,2,4,0
LT61b,Li31,2,1,1,0,6,4,2,0
MeTu3b,Sm35,3,2,1,0,6,4,2,0
LC22,Li28,3,2,1,0,6,4,2,0
CB0592,Sm05,3,1,2,0,6,2,4,0
CB0592,Li27,2,1,1,0,6,2,4,0
CB0592,MeLp2,2,0,0,2,6,0,0,6
CB0592,Tm5f,3,1,2,0,6,2,4,0
CB0592,T4a,3,1,2,0,6,2,4,0
CB0592,LC17,3,1,2,0,6,2,4,0
MTe01b,TmY5a,3,2,1,0,6,4,2,0
LPLC4,LC18,3,0,3,0,6,0,6,0
LPLC4,cL07,1,0,1,0,6,0,6,0
VS1,Tlp4,3,2,1,0,6,4,2,0
LC24,Tm5e,3,1,2,0,6,2,4,0
LCe01b,LC45,3,2,1,0,6,4,2,0
LC22,LMt3,3,2,1,0,6,4,2,0
LC9,LC28a,2,1,1,0,6,2,4,0
LC34,LTe24,3,2,1,0,6,4,2,0
LC9,TmY11,3,2,1,0,6,4,2,0
LLPC3,LC40,3,2,1,0,6,4,2,0
LPLC1,Tm5c,3,2,1,0,6,4,2,0
cLLPM01,Tm4,3,2,1,0,6,4,2,0
LC10a,LC31a,3,2,1,0,6,4,2,0
LC14b,LC19,1,1,0,0,6,6,0,0
LTe13,OA-AL2b1,1,0,1,0,6,0,6,0
LT78,LTe54,2,0,2,0,6,0,6,0
MTe54,Pm01,2,0,2,0,6,0,6,0
LCe09,MeTu4a,2,0,2,0,6,0,6,0
MTe03,MeTu4a,3,1,2,0,6,2,4,0
LC10d,LT73,2,0,2,0,6,0,6,0
LT78,Tm36,3,2,1,0,6,4,2,0
LT78,Y3,3,1,2,0,6,2,4,0
LT78,TmY5a,3,1,2,0,6,2,4,0
cL06,LT65,2,1,1,0,6,3,3,0
LTe52,LTe58,3,0,3,0,6,0,6,0
LC10d,LTe65,3,1,2,0,6,2,4,0
LC6,LC16,3,2,1,0,6,4,2,0
LC14a1,LTe21,2,1,1,0,6,3,3,0
LLPC1,T5b,2,1,1,0,6,4,2,0
cM12,Sm02,2,1,1,0,6,2,4,0
cM12,Sm22,2,0,2,0,6,0,6,0
cM12,Sm13,2,0,2,0,6,0,6,0
cM12,TmY10,3,2,1,0,6,4,2,0
5-HTPMPV03,MTe51,2,1,1,0,6,4,2,0
CB0566,MLt7,3,2,1,0,6,4,2,0
CB0566,C2,3,1,2,0,6,2,4,0
MeMe_e05,cM04,1,1,0,0,6,6,0,0
MTe05,MTe46,2,1,1,0,6,3,3,0
aMe5,aMe6a,3,2,1,0,6,4,2,0
LPLC4,Tm3,3,0,3,0,6,0,6,0
LT78,LTe65,1,0,1,0,6,0,6,0
LC28a,T5b,3,0,3,0,6,0,6,0
LC28a,LLPC2,2,1,1,0,6,4,2,0
LC28a,T4b,3,0,3,0,6,0,6,0
VCH,Li29,2,1,1,0,6,4,2,0
VCH,HSN,2,1,1,0,6,3,3,0
LT84,Tm35,2,1,1,0,6,4,2,0
LT84,LTe66,2,1,1,0,6,4,2,0
LT84,LTe35,1,0,1,0,6,0,6,0
LT84,LT63,2,1,1,0,6,2,4,0
LT84,LCe03,2,0,2,0,6,0,6,0
LTe31,LC17,3,1,2,0,6,2,4,0
LTe31,LC20b,3,1,2,0,6,2,4,0
LC10a,LT78,2,1,1,0,6,3,3,0
LC14a1,LTe33,3,0,3,0,6,0,6,0
MTe51,Li09,3,1,2,0,6,2,4,0
LPC1,T4a,2,0,2,0,6,0,6,0
LC14a1,LT78,2,1,1,0,6,4,2,0
LLPC3,LCe07,2,1,1,0,6,2,4,0
cL02a,LTe65,3,1,2,0,6,2,4,0
cL02a,Tm32,3,1,2,0,6,2,4,0
MTe51,MTe03,3,2,1,0,6,4,2,0
HSN,LPi02,2,1,1,0,6,2,4,0
aMe22,cM09,3,2,1,0,6,4,2,0
aMe22,PLP069,1,0,1,0,6,0,6,0
aMe22,MTe20,1,0,1,0,6,0,6,0
cL22b,LC26,1,0,1,0,6,0,6,0
cL22b,LT85,2,1,1,0,6,2,4,0
cL22b,LTe08,2,1,1,0,6,2,4,0
cL22b,LT81,1,0,1,0,6,0,6,0
LT85,PLP217,1,0,1,0,6,0,6,0
cM01b,Mi15,2,0,2,0,6,0,6,0
cM01b,TmY4,3,2,1,0,6,4,2,0
AN_multi_124,LMa5,3,3,0,0,6,6,0,0
cM08b,Sm08,3,1,2,0,6,2,4,0
cM08b,Sm06,2,1,1,0,6,2,4,0
cM08b,Tm5b,3,0,3,0,6,0,6,0
LC27,Li08,3,1,2,0,6,2,4,0
cM14,Tm5f,3,2,1,0,6,4,2,0
cM14,TmY11,3,0,3,0,6,0,6,0
cM14,Sm34,2,1,1,0,6,3,3,0
cM14,Sm15,2,0,2,0,6,0,6,0
cM14,LT58,2,1,1,0,6,2,4,0
cM14,Pm05,2,1,1,0,6,4,2,0
cM14,MeTu4d,2,1,1,0,6,2,4,0
cM14,Sm30,2,1,1,0,6,2,4,0
LT53,Li21,1,0,1,0,6,0,6,0
MeTu4b,LTe22,3,2,1,0,6,4,2,0
LC16,Li09,2,1,1,0,6,4,2,0
LC10a,Li01,3,2,1,0,6,4,2,0
LC20a,LTe11,2,1,1,0,6,3,3,0
LT63,Tm5e,2,1,1,0,6,3,3,0
LT63,cLLP02,3,2,1,0,6,4,2,0
LT63,PLP241,1,0,1,0,6,0,6,0
DNp27,aMe9,1,0,0,1,6,0,0,6
DNp27,LC35,2,2,0,0,6,6,0,0
DNp27,cL13,1,0,1,0,6,0,6,0
MTe17,MTe26,2,1,1,0,6,4,2,0
LLPC2,LT38,3,1,2,0,6,2,4,0
cLP01,LPi09,3,2,1,0,6,4,2,0
LT51,LT36,1,0,1,0,6,0,6,0
LT51,Tm8a,2,1,1,0,6,2,4,0
cM19,LMt2,3,1,2,0,6,2,4,0
LC28a,Tlp5,2,1,1,0,6,4,2,0
MTe22,PLP069,1,0,1,0,6,0,6,0
MTe22,Tm5e,2,1,1,0,6,2,4,0
LC35,LMa3,2,1,1,0,6,2,4,0
MTe12,aMe20,1,0,1,0,6,0,6,0
LPLC2,LT77,3,2,1,0,6,4,2,0
LPLC2,Li11,3,2,1,0,6,4,2,0
PLP021,LTe49b,1,0,1,0,6,0,6,0
PLP021,PLP215,1,0,1,0,6,0,6,0
PLP021,cM09,1,0,1,0,6,0,6,0
LC46,PLP215,2,0,2,0,6,0,6,0
LC46,LC10f,1,0,1,0,6,0,6,0
LTe32,LTe24,2,0,2,0,6,0,6,0
LTe32,LC36,2,0,2,0,6,0,6,0
CB2197,LTe18,1,0,1,0,6,0,6,0
CB2197,PLP241,1,0,1,0,6,0,6,0
LPLC4,LPi13,3,1,2,0,6,2,4,0
MeTu3c,Dm8a,3,1,2,0,6,2,4,0
MTe01b,MTe24,3,1,2,0,6,2,4,0
LPLC2,LT83,2,0,2,0,6,0,6,0
DNp27,Li17,3,2,1,0,6,4,2,0
MTe23,MeTu1,3,1,2,0,6,2,4,0
MTe23,LT43,1,0,1,0,6,0,6,0
MTe23,LTe20,1,0,1,0,6,0,6,0
LT77,LTe54,3,1,2,0,6,2,4,0
LT77,LT69,2,1,1,0,6,4,2,0
LCe01b,LC13,3,2,1,0,6,4,2,0
LCe01b,LT67,3,1,2,0,6,2,4,0
MTe52,Mi10,3,1,2,0,6,2,4,0
AN_multi_125,AN_multi_124,1,0,0,1,6,0,0,6
LTe27,LC10f,3,1,2,0,6,2,4,0
LTe27,LC31b,2,1,1,0,6,2,4,0
LPLC1,LPT23,3,2,1,0,6,4,2,0
MTe03,Sm27,3,1,2,0,6,2,4,0
MTe03,MTe22,1,0,1,0,6,0,6,0
MTe04,MLt8,3,2,1,0,6,4,2,0
LTe38a,LT55,3,2,1,0,6,4,2,0
LT80,LC17,3,2,1,0,6,4,2,0
LT80,LTe12,1,0,1,0,6,0,6,0
LC6,Li06,3,1,2,0,6,2,4,0
LPT49,LPT28,2,1,1,0,6,2,4,0
LPLC2,Tm31,3,1,2,0,6,2,4,0
cM03,MeTu1,3,1,2,0,6,2,4,0
cM03,MeTu3b,3,2,1,0,6,4,2,0
aMe4,Mi9,3,1,2,0,6,2,4,0
LLPC3,LMt1,2,0,2,0,6,0,6,0
LLPC3,Li24,3,1,2,0,6,2,4,0
LLPC3,LT41,3,2,1,0,6,4,2,0
MeMe_e07,LMa2,3,0,3,0,6,0,6,0
MeMe_e07,Li21,2,0,2,0,6,0,6,0
MeMe_e07,LPT54,1,0,1,0,6,0,6,0
LLPC1,Tlp4,3,1,2,0,6,2,4,0
LLPC1,T5c,3,1,2,0,6,2,4,0
LTe02,Tm16,2,1,1,0,6,4,2,0
MTe49,LC25,1,0,1,0,6,0,6,0
LC28a,LTe07,3,1,2,0,6,2,4,0
cLP02,TmY9q,3,2,1,0,6,4,2,0
mALC4,LMa5,3,1,2,0,6,2,4,0
mALC4,LC9,3,0,3,0,6,0,6,0
LC10a,LT79,3,2,1,0,6,4,2,0
MTe40,Dm2,3,2,1,0,6,4,2,0
MTe40,MTe38,1,0,1,0,6,0,6,0
MeTu4c,MTe02,1,0,1,0,6,0,6,0
LLPC2,LC26,2,1,1,0,6,2,4,0
PLP032,LPLC4,2,1,1,0,6,4,2,0
cL11,LC10e,3,0,3,0,6,0,6,0
cL03,TmY3,3,1,2,0,6,2,4,0
LC20b,LTe49a,2,1,1,0,6,2,4,0
LC20b,LC10f,2,1,1,0,6,3,3,0
LT74,LC13,2,1,1,0,6,3,3,0
aMe9,aMe1,1,1,0,0,6,6,0,0
LT55,CB1329,1,1,0,0,6,6,0,0
LT55,LTe19,2,1,1,0,6,4,2,0
OA-AL2i1,5-HTPMPV03,2,1,1,0,6,3,3,0
OA-AL2i1,T3,3,1,2,0,6,2,4,0
OA-AL2i1,LLPC2,3,2,1,0,6,4,2,0
OA-AL2i1,Tm5f,3,2,1,0,6,4,2,0
OA-AL2i1,Tm3,3,2,1,0,6,4,2,0
OA-AL2i1,Y11,3,1,2,0,6,2,4,0
OA-AL2i1,T2a,3,2,1,0,6,4,2,0
cM15,Sm01,3,1,2,0,6,2,4,0
cM15,Tm21,3,0,3,0,6,0,6,0
cM15,LMa1,3,2,1,0,6,4,2,0
cM15,MTe44,2,1,1,0,6,2,4,0
cM15,MTe27,2,1,1,0,6,3,3,0
cM15,cLLPM02,2,1,1,0,6,3,3,0
LTe17,cL15,1,0,1,0,6,0,6,0
LTe17,Tm8b,1,0,1,0,6,0,6,0
LTe17,LC45,1,0,1,0,6,0,6,0
LTe17,LC6,3,2,1,0,6,4,2,0
LTe17,LT72,2,1,1,0,6,3,3,0
LTe17,cLLP02,2,1,1,0,6,4,2,0
aMe5,Sm27,2,0,2,0,6,0,6,0
aMe26,MLt8,3,1,2,0,6,2,4,0
LT33,Tm21,3,1,2,0,6,2,4,0
LT33,Li31,2,1,1,0,6,2,4,0
LT64,LT47,2,1,1,0,6,2,4,0
LT64,LT84,2,1,1,0,6,4,2,0
LC29,LC31b,3,1,2,0,6,2,4,0
LC9,LT42,1,0,1,0,6,0,6,0
aMe4,Mi10,3,1,2,0,6,2,4,0
LCe02,LPLC4,2,0,2,0,6,0,6,0
LC45,LTe62,1,0,1,0,6,0,6,0
LC45,LTe42b,2,1,1,0,6,3,3,0
LC45,LTe64,2,0,2,0,6,0,6,0
LPLC1,TmY3,3,2,1,0,6,4,2,0
aMe6a,LAL047,1,0,1,0,6,0,6,0
OA-AL2i4,cM05,1,0,1,0,6,0,6,0
OA-AL2i4,CB0816,3,1,2,0,6,2,4,0
OA-AL2i4,LPT53,1,0,1,0,6,0,6,0
OA-AL2i4,Sm20,3,2,1,0,6,4,2,0
OA-AL2i4,MLt6,2,1,1,0,6,4,2,0
OA-AL2i4,MLt2,3,2,1,0,6,4,2,0
OA-AL2i4,TmY5a,3,1,2,0,6,2,4,0
OA-AL2i4,TmY14,2,1,1,0,6,3,3,0
OA-AL2i4,MLt1,3,2,1,0,6,4,2,0
OA-AL2i4,Sm34,2,1,1,0,6,2,4,0
OA-AL2i2,LC4,3,2,1,0,6,4,2,0
LC36,LT59,3,1,2,0,6,2,4,0
LPT27,VS3,2,1,1,0,6,2,4,0
cL17,LTe10,2,1,1,0,6,3,3,0
cL17,Li08,3,0,3,0,6,0,6,0
cL17,LT74,2,0,2,0,6,0,6,0
cL17,LC9,1,0,1,0,6,0,6,0
cL17,Li32,1,0,1,0,6,0,6,0
LC10d,LLPC2,3,2,1,0,6,4,2,0
LLPC2,Tm5b,3,1,2,0,6,2,4,0
MTe32,MTe31,1,0,1,0,6,0,6,0
MTe32,LTe51,1,0,1,0,6,0,6,0
aMe3,LTe69,1,0,1,0,6,0,6,0
LC40,LC13,3,2,1,0,6,4,2,0
LTe74,LTe33,2,1,1,0,6,2,4,0
LTe74,LC10a,3,1,2,0,6,2,4,0
LTe23,cL19,1,0,1,0,6,0,6,0
cM04,MTe46,3,1,2,0,6,2,4,0
LLPC1,VSm,2,0,2,0,6,0,6,0
LT61a,LC22,3,2,1,0,6,4,2,0
LLPC1,Nod3,3,2,1,0,6,4,2,0
cM05,MeTu4a,3,0,3,0,6,0,6,0
cM05,Mi1,2,1,1,0,6,4,2,0
cM05,Tm7,2,1,1,0,6,2,4,0
LPT57,LPi09,3,2,1,0,6,4,2,0
LPT57,LLPC2,2,0,2,0,6,0,6,0
H2,LPLC1,3,1,2,0,6,2,4,0
H2,LPi01,2,1,1,0,6,2,4,0
LC43,LTe17,1,0,1,0,6,0,6,0
LC19,LC12,2,0,2,0,6,0,6,0
LC19,LTe59,1,0,1,0,6,0,6,0
MTe03,MLt2,3,0,3,0,6,0,6,0
cM03,MeTu3c,3,0,3,0,6,0,6,0
LT57,LC27,3,2,1,0,6,4,2,0
LT57,LT78,2,1,1,0,6,4,2,0
LT77,LC10b,2,0,2,0,6,0,6,0
LT77,Tm5f,2,1,1,0,6,2,4,0
LC10a,Tm21,3,2,1,0,6,4,2,0
cLP02,Nod3,3,0,3,0,6,0,6,0
LT36,LC10b,3,1,2,0,6,2,4,0
LT36,Li01,2,1,1,0,6,4,2,0
LT36,TmY20,2,1,1,0,6,2,4,0
LT36,LTe17,2,1,1,0,6,2,4,0
LT36,LT65,2,1,1,0,6,3,3,0
LT36,Li28,1,0,1,0,6,0,6,0
LT36,MeTu4c,3,1,2,0,6,2,4,0
LT36,Li23,1,0,1,0,6,0,6,0
LT36,cL06,2,1,1,0,6,2,4,0
MTe28,TmY31,3,1,2,0,6,2,4,0
MTe28,MLt6,2,1,1,0,6,2,4,0
MTe28,aMe22,1,0,1,0,6,0,6,0
LT52,Li04,2,1,1,0,6,3,3,0
MC65,CB0802,1,0,1,0,6,0,6,0
cL04,LLPt,3,1,2,0,6,2,4,0
cL04,CB0802,2,0,2,0,6,0,6,0
MTe51,Sm12,3,2,1,0,6,4,2,0
LPLC1,LC28a,3,2,1,0,6,4,2,0
MTe01a,MLt1,3,2,1,0,6,4,2,0
MTe43,LPT42_Nod4,1,0,1,0,6,0,6,0
LT58,LPLC4,3,2,1,0,6,4,2,0
LT58,MTe18,3,1,2,0,6,2,4,0
LT58,LCe04,3,1,2,0,6,2,4,0
LT58,LT34,2,1,1,0,6,3,3,0
LT58,MTe40,2,1,1,0,6,2,4,0
LT58,LTe76,2,1,1,0,6,2,4,0
LC28a,cM08a,3,0,3,0,6,0,6,0
LTe12,Li33,2,1,1,0,6,3,3,0
LC17,LT80,2,0,2,0,6,0,6,0
LPT50,H2,1,1,0,0,6,6,0,0
LLPC1,CT1,1,0,1,0,6,0,6,0
LC10c,LTe49a,3,1,2,0,6,2,4,0
MeTu4d,Sm40,3,1,2,0,6,2,4,0
aMe5,cM09,3,1,2,0,6,2,4,0
LC29,LC10f,2,1,1,0,6,3,3,0
LPT21,TmY31,3,0,3,0,6,0,6,0
LPT21,LLPC2,3,2,1,0,6,4,2,0
LPT21,cL05,1,0,1,0,6,0,6,0
LPT21,LPT52,2,1,1,0,6,4,2,0
LPT21,LLPC3,3,2,1,0,6,4,2,0
LTe42c,LT70,1,0,1,0,6,0,6,0
LTe56,LC34,3,1,2,0,6,2,4,0
LC36,LTe14,3,1,2,0,6,2,4,0
cL09,LC11,3,0,3,0,6,0,6,0
cL09,cL03,1,0,1,0,6,0,6,0
cL09,LPLC4,2,1,1,0,6,3,3,0
MTe01b,aMe19b,3,2,1,0,6,4,2,0
MTe50,Sm06,3,1,2,0,6,2,4,0
LLPC3,TmY16,2,0,2,0,6,0,6,0
LC36,cLP04,1,0,1,0,6,0,6,0
LC36,LC20b,2,1,1,0,6,4,2,0
LC11,LT63,2,0,2,0,6,0,6,0
MTe04,MeTu3b,3,2,1,0,6,4,2,0
aMe25,OA-AL2b1,1,0,1,0,6,0,6,0
cML01,Tm8b,3,1,2,0,6,2,4,0
cML01,LT1d,2,1,1,0,6,3,3,0
cML01,Mi13,3,2,1,0,6,4,2,0
cML01,5-HTPMPV03,2,1,1,0,6,4,2,0
cML01,Tm16,2,1,1,0,6,2,4,0
cML01,VCH,1,0,1,0,6,0,6,0
cML01,T5a,3,1,2,0,6,2,4,0
cML01,Li14,3,2,1,0,6,4,2,0
LPLC4,LTe18,1,0,1,0,6,0,6,0
LC24,LC15,2,1,1,0,6,4,2,0
LTe33,Tm20,3,1,2,0,6,2,4,0
LT53,LTe58,3,2,1,0,6,4,2,0
LT53,Tlp14,3,1,2,0,6,2,4,0
LC10d,Li08,3,2,1,0,6,4,2,0
MTe30,MTe32,2,1,1,0,6,3,3,0
MeLp2,TmY11,3,3,0,0,6,6,0,0
MeLp2,T4d,3,3,0,0,6,6,0,0
MeLp2,Mi1,2,0,2,0,6,0,6,0
cL02a,LC14a2,3,2,1,0,6,4,2,0
cL02a,OA-AL2b1,2,1,1,0,6,2,4,0
LTe42b,MTe40,1,0,1,0,6,0,6,0
cL01,Li12,2,0,2,0,6,0,6,0
MeTu3c,aMe25,2,1,1,0,6,4,2,0
PLP069,LTe56,1,0,1,0,6,0,6,0
LC17,LC31b,3,1,2,0,6,2,4,0
MTe03,MTe54,3,2,1,0,6,4,2,0
LPLC4,LPi15,3,2,1,0,6,4,2,0
CB0592,LT82a,2,0,2,0,6,0,6,0
CB0592,Dm2,3,3,0,0,6,6,0,0
PLP174,LTe56,1,0,1,0,6,0,6,0
MTe05,MeMe_e10,3,2,1,0,6,4,2,0
LPLC1,Li14,3,2,1,0,6,4,2,0
LC21,LTe42a,2,1,1,0,6,4,2,0
LT51,Li05,3,1,2,0,6,2,4,0
LPT45_dCal1,LPLC1,3,2,1,0,6,4,2,0
cL05,LTe76,2,1,1,0,6,3,3,0
cL05,TmY4,3,2,1,0,6,4,2,0
cL05,Li13,3,2,1,0,6,4,2,0
cL05,Tm8b,3,1,2,0,6,2,4,0
cL05,LC34,2,1,1,0,6,3,3,0
cL05,Sm07,1,0,1,0,6,0,6,0
cL05,Li07,2,0,2,0,6,0,6,0
aMe5,Sm07,2,0,2,0,6,0,6,0
MTe26,Sm15,3,1,2,0,6,2,4,0
cM08b,Dm8a,3,0,3,0,6,0,6,0
CB0472,Li03,2,2,0,0,6,6,0,0
CB0472,LC20a,2,2,0,0,6,6,0,0
CB0472,cM10,1,1,0,0,6,6,0,0
LTe36,LTe21,1,0,1,0,6,0,6,0
LC10e,TmY5a,2,1,1,0,6,4,2,0
PLP185,LC40,1,0,1,0,6,0,6,0
LTe43,LT55,2,1,1,0,6,3,3,0
VST2,LPT26,2,1,1,0,6,3,3,0
VST2,TmY14,3,1,2,0,6,2,4,0
VST2,LPi15,1,0,1,0,6,0,6,0
LC35,Li10,3,2,1,0,6,4,2,0
cL18,MLt4,2,0,2,0,6,0,6,0
cL18,LC11,3,1,2,0,6,2,4,0
cL18,Tm5d,2,0,2,0,6,0,6,0
cL18,Y11,2,1,1,0,6,4,2,0
cL18,LTe12,1,0,1,0,6,0,6,0
cL18,cLLP02,2,1,1,0,6,2,4,0
LPLC2,Li24,3,1,2,0,6,2,4,0
cLLP02,Y12,3,0,3,0,6,0,6,0
cLLP02,LPT23,2,1,1,0,6,4,2,0
cLLP02,LT43,3,2,1,0,6,4,2,0
cLLP02,cLP04,1,0,1,0,6,0,6,0
cLLPM02,MTe47,2,0,2,0,6,0,6,0
cLLPM02,LMa5,3,2,1,0,6,4,2,0
cLLPM02,LT51,1,0,1,0,6,0,6,0
cM09,PLP251,2,1,1,0,6,2,4,0
cM09,MLt7,3,1,2,0,6,2,4,0
cM09,OA-AL2b1,2,1,1,0,6,4,2,0
cM09,Sm42,2,1,1,0,6,3,3,0
LC15,Li30,2,1,1,0,6,3,3,0
LC15,LC24,3,1,2,0,6,2,4,0
cMLLP01,Tm8b,3,0,3,0,6,0,6,0
cMLLP01,Tm5e,3,2,1,0,6,4,2,0
cMLLP01,Li09,3,2,1,0,6,4,2,0
cMLLP01,LTe59,2,1,1,0,6,3,3,0
cMLLP01,LT38,1,0,1,0,6,0,6,0
cMLLP01,Tm36,3,1,2,0,6,2,4,0
cMLLP01,Tm33,2,1,1,0,6,4,2,0
cMLLP01,Tm7,3,2,1,0,6,4,2,0
cMLLP01,Sm06,1,0,1,0,6,0,6,0
cMLLP01,LC36,2,1,1,0,6,4,2,0
cMLLP01,Sm05,3,2,1,0,6,4,2,0
cMLLP01,LPT47_vCal2,2,1,1,0,6,3,3,0
cMLLP01,LC24,3,1,2,0,6,2,4,0
DNpe053,CB0802,1,0,1,0,6,0,6,0
DNpe053,Li33,1,0,1,0,6,0,6,0
DNpe053,Sm18,2,1,1,0,6,2,4,0
DNpe053,AN_multi_124,1,0,0,1,6,0,0,6
LC36,LTe51,2,1,1,0,6,4,2,0
LTe38c,LTe15,1,0,1,0,6,0,6,0
LTe38c,LT52,2,0,2,0,6,0,6,0
LTe38c,LTe76,2,1,1,0,6,2,4,0
cL13,Li05,2,0,2,0,6,0,6,0
cL13,LT63,2,1,1,0,6,4,2,0
cL13,Li30,2,1,1,0,6,2,4,0
cL13,LC16,2,1,1,0,6,4,2,0
cL13,LC43,2,1,1,0,6,3,3,0
CB0566,cM08c,1,0,1,0,6,0,6,0
aMe4,Dm2,3,2,1,0,6,4,2,0
LC12,LC17,3,2,1,0,6,4,2,0
LPLC4,Li31,3,2,1,0,6,4,2,0
LPLC1,LC14a2,3,2,1,0,6,4,2,0
LTe49a,LTe49a,2,1,1,0,6,2,4,0
aMe12,Sm34,3,2,1,0,6,4,2,0
LPT52,LPi12,1,0,1,0,6,0,6,0
aMe17a1,Sm34,3,0,3,0,6,0,6,0
aMe17a1,MLt5,3,1,2,0,6,2,4,0
aMe17a1,Mi1,3,1,2,0,6,2,4,0
aMe17a1,aMe25,2,1,1,0,6,4,2,0
aMe17a1,Mi2,2,1,1,0,6,4,2,0
aMe12,MeTu3b,3,3,0,0,6,6,0,0
LC31c,Li17,3,0,3,0,6,0,6,0
LPLC4,LMa4,3,2,1,0,6,4,2,0
vCal1,LPT30,2,1,1,0,6,3,3,0
vCal1,LPT23,1,0,0,1,6,0,0,6
vCal1,cLP05,1,0,1,0,6,0,6,0
LC28a,CB3089,2,1,1,0,6,4,2,0
aMe9,LCe04,1,1,0,0,6,6,0,0
LTe49b,LT64,1,0,1,0,6,0,6,0
LPLC4,LT72,2,1,1,0,6,2,4,0
LPLC2,LT33,2,1,1,0,6,2,4,0
aMe9,aMe13,1,0,1,0,6,0,6,0
aMe9,CB1329,1,1,0,0,6,6,0,0
aMe9,MTe09,1,1,0,0,6,6,0,0
MTe38,Sm37,2,1,1,0,6,3,3,0
MTe38,LC44,1,0,1,0,6,0,6,0
LC21,LT64,1,0,1,0,6,0,6,0
cL22c,LC43,2,1,1,0,6,3,3,0
cL22c,Li23,2,1,1,0,6,2,4,0
LTe32,aMe20,1,0,1,0,6,0,6,0
cL15,Tm7,1,0,1,0,6,0,6,0
cL15,LC37a,2,1,1,0,6,3,3,0
cL15,Li03,2,1,1,0,6,2,4,0
AN_multi_124,Tm20,2,2,0,0,6,6,0,0
LTe21,PLP217,1,0,1,0,6,0,6,0
LTe21,DNp27,1,0,1,0,6,0,6,0
LTe21,Li10,2,0,2,0,6,0,6,0
LTe21,LT51,2,0,2,0,6,0,6,0
LT39,Li12,3,0,3,0,6,0,6,0
LT39,LC26,3,1,2,0,6,2,4,0
LT39,LC21,3,1,2,0,6,2,4,0
LT39,LC22,3,0,3,0,6,0,6,0
LT39,OA-ASM1,2,1,1,0,6,4,2,0
LT39,LC28a,2,0,2,0,6,0,6,0
LT39,Li18,3,1,2,0,6,2,4,0
LT43,Li31,2,1,1,0,6,3,3,0
MeTu3c,MeMe_e06,3,2,1,0,6,4,2,0
LC10e,Tm8a,3,1,2,0,6,2,4,0
MTe44,DN1a,1,0,1,0,6,0,6,0
MTe05,Tm37,2,0,2,0,6,0,6,0
LC24,LTe17,1,0,1,0,6,0,6,0
LTe25,Li31,1,0,1,0,6,0,6,0
LTe25,cM08c,2,1,1,0,6,2,4,0
LTe25,Li10,3,2,1,0,6,4,2,0
LTe25,PLP174,1,0,1,0,6,0,6,0
mALB5,MLt7,3,0,3,0,6,0,6,0
mALB5,LTe24,1,0,1,0,6,0,6,0
mALB5,LTe11,1,0,1,0,6,0,6,0
LC24,cM07,3,2,1,0,6,4,2,0
cM04,MLt4,3,2,1,0,6,4,2,0
cM04,cM09,2,1,1,0,6,2,4,0
MTe18,LT37,1,0,1,0,6,0,6,0
MeMe_e07,Pm06,2,2,0,0,6,6,0,0
VS6,VST2,3,2,1,0,6,4,2,0
VS6,VS8,2,1,1,0,6,2,4,0
VSm,LLPC3,3,2,1,0,6,4,2,0
LC31a,LPLC1,3,2,1,0,6,4,2,0
LT41,LC11,3,2,1,0,6,4,2,0
LT41,LC26,3,2,1,0,6,4,2,0
LT41,LC28a,2,1,1,0,6,4,2,0
LT41,LC12,3,2,1,0,6,4,2,0
LT41,LTe15,2,1,1,0,6,2,4,0
LT66,Li06,3,0,3,0,6,0,6,0
LT66,LT62,1,0,1,0,6,0,6,0
LTe64,cM15,1,0,1,0,6,0,6,0
cM04,Mi15,3,2,1,0,6,4,2,0
cM16,Mi2,3,2,1,0,6,4,2,0
cM16,TmY10,3,1,2,0,6,2,4,0
cM16,MTe45,2,1,1,0,6,3,3,0
cM16,MTe46,3,1,2,0,6,2,4,0
cLP03,TmY31,3,1,2,0,6,2,4,0
MTe54,Tm32,3,2,1,0,6,4,2,0
LPT53,T4c,3,1,2,0,6,2,4,0
PLP215,Li33,2,1,1,0,6,3,3,0
PLP215,LTe53,1,0,1,0,6,0,6,0
LC17,LT79,2,1,1,0,6,4,2,0
Nod2,PLP163,1,0,0,1,6,0,0,6
aMe19a,aMe13,1,1,0,0,6,6,0,0
aMe19a,aMe15,1,1,0,0,6,6,0,0
LC33a,LTe36,2,1,1,0,6,2,4,0
LC14b,T4d,2,2,0,0,6,6,0,0
Mi9,MTe47,3,3,0,0,6,6,0,0
Dm8b,MTe40,2,2,0,0,6,6,0,0
Mi13,MeMe_e08,2,2,0,0,6,6,0,0
Y12,Li02,3,3,0,0,6,6,0,0
Tm5c,Sm34,3,3,0,0,6,6,0,0
Tm7,LMt3,3,3,0,0,6,6,0,0
Dm2,TmY15,2,2,0,0,6,6,0,0
TmY20,LTe18,3,3,0,0,6,6,0,0
Li06,LC35,3,3,0,0,6,6,0,0
Li09,LTe30,3,3,0,0,6,6,0,0
MLt1,C2,3,3,0,0,6,6,0,0
Tm36,Li29,3,3,0,0,6,6,0,0
Li10,AOTU026,3,3,0,0,6,6,0,0
Dm4,TmY10,3,3,0,0,6,6,0,0
Li19,Dm16,1,1,0,0,6,6,0,0
Pm13,Tm3,2,2,0,0,6,6,0,0
Pm13,MLt1,2,2,0,0,6,6,0,0
Y1,Li01,2,2,0,0,6,6,0,0
Sm03,Dm9,3,3,0,0,6,6,0,0
TmY15,LPT31,3,3,0,0,6,6,0,0
Dm3v,Dm16,3,3,0,0,6,6,0,0
TmY20,LT58,3,3,0,0,6,6,0,0
Sm14,PDt,3,3,0,0,6,6,0,0
Tm36,Y1,2,2,0,0,6,6,0,0
T4b,Lawf2,2,2,0,0,6,6,0,0
Tm16,cL02b,3,3,0,0,6,6,0,0
MLt4,Tlp4,2,2,0,0,6,6,0,0
T4b,MeLp2,3,3,0,0,6,6,0,0
Sm12,Sm36,3,3,0,0,6,6,0,0
Sm03,Sm10,3,3,0,0,6,6,0,0
L3,Dm6,3,3,0,0,6,6,0,0
Y12,LTe05,3,3,0,0,6,6,0,0
Y12,LPT47_vCal2,3,3,0,0,6,6,0,0
LMt2,cML01,3,3,0,0,6,6,0,0
Li21,Mi2,2,2,0,0,6,6,0,0
T4d,Pm07,3,3,0,0,6,6,0,0
Tm33,LTe03,2,2,0,0,6,6,0,0
Sm09,Mi10,3,3,0,0,6,6,0,0
Sm09,MTe01b,3,3,0,0,6,6,0,0
Tm31,LC25,3,3,0,0,6,6,0,0
Tm4,DNp30,3,3,0,0,6,6,0,0
Li03,LCe06,2,2,0,0,6,6,0,0
Li26,LC14b,3,3,0,0,6,6,0,0
Pm05,5-HTPMPV03,3,3,0,0,6,6,0,0
Tm5f,cL19,2,2,0,0,6,6,0,0
T4d,Pm03,2,2,0,0,6,6,0,0
Y11,MTe47,3,3,0,0,6,6,0,0
Tm8a,MTe08,3,3,0,0,6,6,0,0
Dm16,Dm6,3,3,0,0,6,6,0,0
Li10,LTe35,3,3,0,0,6,6,0,0
Sm04,Sm03,3,3,0,0,6,6,0,0
TmY16,LC35,3,3,0,0,6,6,0,0
Sm19,Tm5c,3,3,0,0,6,6,0,0
Dm12,Dm9,3,3,0,0,6,6,0,0
DmDRA2,Sm19,3,3,0,0,6,6,0,0
Tm37,Sm02,3,3,0,0,6,6,0,0
Tm5e,LMt4,3,3,0,0,6,6,0,0
LMa1,Mi14,2,2,0,0,6,6,0,0
TmY9q⊥,T4a,3,3,0,0,6,6,0,0
TmY4,LTe49e,1,1,0,0,6,6,0,0
Tm20,MeLp1,2,2,0,0,6,6,0,0
TmY11,H2,3,3,0,0,6,6,0,0
TmY10,LTe47,3,3,0,0,6,6,0,0
TmY16,LTe64,2,2,0,0,6,6,0,0
TmY16,H2,2,2,0,0,6,6,0,0
Tm27,Sm21,3,3,0,0,6,6,0,0
Tm5f,cL16,3,3,0,0,6,6,0,0
TmY9q⊥,MeLp2,3,3,0,0,6,6,0,0
TmY5a,LPT50,3,3,0,0,6,6,0,0
LPi07,VST1,3,3,0,0,6,6,0,0
Sm08,DmDRA1,2,2,0,0,6,6,0,0
LPi06,Tlp5,3,3,0,0,6,6,0,0
Tm3,LTe65,3,3,0,0,6,6,0,0
Tm35,CB3089,2,2,0,0,6,6,0,0
LPi05,OA-AL2i1,3,3,0,0,6,6,0,0
Tm5b,Li19,1,1,0,0,6,6,0,0
Tm5b,LT61b,1,1,0,0,6,6,0,0
LLPt,LT84,2,2,0,0,6,6,0,0
Sm10,cM08a,3,3,0,0,6,6,0,0
LMa5,LT87,3,3,0,0,6,6,0,0
Sm08,Sm33,3,3,0,0,6,6,0,0
TmY4,MeTu3c,1,1,0,0,6,6,0,0
Tm27,aMe5,3,3,0,0,6,6,0,0
Li07,Lat,2,2,0,0,6,6,0,0
Li07,LTe15,3,3,0,0,6,6,0,0
TmY10,Y12,3,3,0,0,6,6,0,0
MLt3,DNp27,3,3,0,0,6,6,0,0
TmY3,5-HTPMPV03,3,3,0,0,6,6,0,0
Tm32,cM10,3,3,0,0,6,6,0,0
Tm5f,Sm15,2,2,0,0,6,6,0,0
Li02,LPT04_HST,2,2,0,0,6,6,0,0
Li16,Tm5f,3,3,0,0,6,6,0,0
TmY31,cM16,2,2,0,0,6,6,0,0
TmY11,LTe32,3,3,0,0,6,6,0,0
TmY16,Li11,3,3,0,0,6,6,0,0
Sm03,MTe36,2,2,0,0,6,6,0,0
LMt4,Mi9,3,3,0,0,6,6,0,0
LLPt,LT38,2,2,0,0,6,6,0,0
Li03,LTe32,3,3,0,0,6,6,0,0
Tm16,OA-ASM1,3,3,0,0,6,6,0,0
Tm8b,LTe68,2,2,0,0,6,6,0,0
Tm5d,LT11,3,3,0,0,6,6,0,0
Y3,cMLLP01,3,3,0,0,6,6,0,0
T5d,LMt4,3,3,0,0,6,6,0,0
Dm12,MLt5,3,3,0,0,6,6,0,0
PDt,Pm14,2,2,0,0,6,6,0,0
Pm03,LMt4,3,3,0,0,6,6,0,0
TmY14,MTe44,3,3,0,0,6,6,0,0
MLt6,LCe01a,2,2,0,0,6,6,0,0
LMa2,LT72,3,3,0,0,6,6,0,0
C2,aMe3,2,2,0,0,6,6,0,0
LPi08,T4d,3,3,0,0,6,6,0,0
LPi08,cLP05,2,2,0,0,6,6,0,0
Li11,LT53,1,1,0,0,6,6,0,0
T4d,LC10a,3,3,0,0,6,6,0,0
Dm15,Lawf2,3,3,0,0,6,6,0,0
LMt4,Li26,3,3,0,0,6,6,0,0
Li08,Tm32,3,3,0,0,6,6,0,0
TmY31,LTe04,1,1,0,0,6,6,0,0
Tm5d,MTe23,3,3,0,0,6,6,0,0
Tm33,MLt5,3,3,0,0,6,6,0,0
Tm33,TmY9q,2,2,0,0,6,6,0,0
Tm33,MeTu4c,3,3,0,0,6,6,0,0
Tm37,LC19,2,2,0,0,6,6,0,0
MLt5,Sm33,3,3,0,0,6,6,0,0
Y11,LT75,2,2,0,0,6,6,0,0
Tm33,LTe76,2,2,0,0,6,6,0,0
Tm5e,LC41,3,3,0,0,6,6,0,0
R8,Lawf2,2,2,0,0,6,6,0,0
LMt3,LT82a,3,3,0,0,6,6,0,0
TmY3,VS8,3,3,0,0,6,6,0,0
Tm20,Li19,3,3,0,0,6,6,0,0
Tm8b,LC27,2,2,0,0,6,6,0,0
Dm8b,Sm14,2,2,0,0,6,6,0,0
Li06,TmY4,3,3,0,0,6,6,0,0
MLt6,LTe38a,1,1,0,0,6,6,0,0
T5c,MeLp2,3,3,0,0,6,6,0,0
Li11,LC45,3,3,0,0,6,6,0,0
Sm21,MTe48,3,3,0,0,6,6,0,0
Tm5e,Sm35,3,3,0,0,6,6,0,0
TmY4,Tm1,3,3,0,0,6,6,0,0
Sm13,MTe34,3,3,0,0,6,6,0,0
Sm03,aMe12,3,3,0,0,6,6,0,0
Tm5f,cL17,3,3,0,0,6,6,0,0
Tm32,LTe71,2,2,0,0,6,6,0,0
Tm20,LT62,2,2,0,0,6,6,0,0
Dm3v,Sm05,3,3,0,0,6,6,0,0
Y4,Li19,3,3,0,0,6,6,0,0
Tm16,LCe08,3,3,0,0,6,6,0,0
LMa2,MLt6,3,3,0,0,6,6,0,0
LMa2,MTe41,3,3,0,0,6,6,0,0
T4d,cML01,3,3,0,0,6,6,0,0
MLt1,MTe01a,3,3,0,0,6,6,0,0
LLPt,aMe8,3,3,0,0,6,6,0,0
Sm08,Sm14,3,3,0,0,6,6,0,0
MLt1,LTe70,3,3,0,0,6,6,0,0
Sm23,MTe20,3,3,0,0,6,6,0,0
Tm8b,LCe02,2,2,0,0,6,6,0,0
T2a,cML01,3,3,0,0,6,6,0,0
Tm16,Sm04,3,3,0,0,6,6,0,0
Tm16,Dm9,3,3,0,0,6,6,0,0
Dm11,MLt2,3,3,0,0,6,6,0,0
Tm5a,LTe29,3,3,0,0,6,6,0,0
Sm33,Sm30,3,3,0,0,6,6,0,0
Tm3,cL15,2,2,0,0,6,6,0,0
Pm05,Tm8b,3,3,0,0,6,6,0,0
LMt2,LLPC1,3,3,0,0,6,6,0,0
Li09,MLt6,2,2,0,0,6,6,0,0
Tm3,LTe01,2,2,0,0,6,6,0,0
TmY15,LC10e,3,3,0,0,6,6,0,0
TmY9q⊥,Pm06,3,3,0,0,6,6,0,0
Y3,cM08a,2,2,0,0,6,6,0,0
Pm09,LMt4,3,3,0,0,6,6,0,0
Tm5b,cM07,3,3,0,0,6,6,0,0
PDt,T2a,3,3,0,0,6,6,0,0
Li27,TmY11,1,1,0,0,6,6,0,0
Li27,LTe42c,1,1,0,0,6,6,0,0
LMt1,LPLC2,3,3,0,0,6,6,0,0
MLt4,C2,1,1,0,0,6,6,0,0
Mi13,Pm07,3,3,0,0,6,6,0,0
C3,TmY9q,3,3,0,0,6,6,0,0
Tm8a,MeTu3b,3,3,0,0,6,6,0,0
Tm16,MLt6,2,2,0,0,6,6,0,0
Li10,LC31b,2,2,0,0,6,6,0,0
Tm2,Tm33,2,2,0,0,6,6,0,0
Mi14,MeMe_e08,3,3,0,0,6,6,0,0
Tm5e,MeTu4d,3,3,0,0,6,6,0,0
Tm35,cLLP02,3,3,0,0,6,6,0,0
Sm26,MTe17,3,3,0,0,6,6,0,0
Sm12,LC14b,3,3,0,0,6,6,0,0
MLt2,Dm4,2,2,0,0,6,6,0,0
MLt2,LCe02,3,3,0,0,6,6,0,0
Sm40,MLt5,2,2,0,0,6,6,0,0
Sm40,MeTu4d,3,3,0,0,6,6,0,0
Tm5e,LTe48,2,2,0,0,6,6,0,0
Li17,Tm5a,3,3,0,0,6,6,0,0
Sm11,Mi14,3,3,0,0,6,6,0,0
TmY9q,LT73,1,1,0,0,6,6,0,0
MLt7,cM18,3,3,0,0,6,6,0,0
Tm9,LT83,1,1,0,0,6,6,0,0
Tm5b,LT53,2,2,0,0,6,6,0,0
Dm9,Dm3q,3,3,0,0,6,6,0,0
Sm13,OA-ASM1,3,3,0,0,6,6,0,0
Tm9,MeTu2a,2,2,0,0,6,6,0,0
T4c,Pm03,3,3,0,0,6,6,0,0
Sm33,Sm41,2,2,0,0,6,6,0,0
Pm14,MeTu3b,2,2,0,0,6,6,0,0
Pm14,MTe33,2,2,0,0,6,6,0,0
Li06,LTe26,3,3,0,0,6,6,0,0
Mi15,MTe48,2,2,0,0,6,6,0,0
Tm20,LC29,3,3,0,0,6,6,0,0
Tm21,Nod5,3,3,0,0,6,6,0,0
TmY5a,Sm21,3,3,0,0,6,6,0,0
TmY10,aMe13,2,2,0,0,6,6,0,0
Dm9,Tm27,3,3,0,0,6,6,0,0
T4b,MeMe_e08,2,2,0,0,6,6,0,0
T2,Sm05,2,2,0,0,6,6,0,0
Tm7,LT80,2,2,0,0,6,6,0,0
Sm36,MTe25,2,2,0,0,6,6,0,0
TmY3,LT74,2,2,0,0,6,6,0,0
Tlp14,Li02,1,1,0,0,6,6,0,0
Tm5f,Sm12,2,2,0,0,6,6,0,0
Li05,LTe10,1,1,0,0,6,6,0,0
Li05,cL13,1,1,0,0,6,6,0,0
Li05,LTe48,1,1,0,0,6,6,0,0
R7,OA-AL2i3,2,2,0,0,6,6,0,0
TmY15,LCe06,2,2,0,0,6,6,0,0
Tm4,LT60,1,1,0,0,6,6,0,0
Tm7,AVLP534,2,2,0,0,6,6,0,0
Dm11,Tm8a,3,3,0,0,6,6,0,0
Tm5b,Sm26,3,3,0,0,6,6,0,0
Dm9,MLt5,3,3,0,0,6,6,0,0
MLt7,aMe4,1,1,0,0,6,6,0,0
Tm34,LTe03,3,3,0,0,6,6,0,0
Sm19,mALC5,2,2,0,0,6,6,0,0
TmY31,LC11,2,2,0,0,6,6,0,0
Tm5f,Y1,3,3,0,0,6,6,0,0
Li09,LTe10,2,2,0,0,6,6,0,0
Li28,TmY11,3,3,0,0,6,6,0,0
Li28,Tm8a,3,3,0,0,6,6,0,0
Li28,LC19,3,3,0,0,6,6,0,0
Sm04,Lawf1,3,3,0,0,6,6,0,0
Tm20,LC14b,2,2,0,0,6,6,0,0
Dm12,Sm20,3,3,0,0,6,6,0,0
Tm20,LC9,3,3,0,0,6,6,0,0
Li33,cM10,1,1,0,0,6,6,0,0
Li33,Y1,1,1,0,0,6,6,0,0
Tm5b,Sm30,2,2,0,0,6,6,0,0
DmDRA2,Sm01,2,2,0,0,6,6,0,0
Tm5e,MeLp1,3,3,0,0,6,6,0,0
Sm35,Mi9,1,1,0,0,6,6,0,0
LLPt,cL11,3,3,0,0,6,6,0,0
LLPt,OA-AL2i1,3,3,0,0,6,6,0,0
Sm01,Tm32,1,1,0,0,6,6,0,0
Am1,cML01,1,1,0,0,6,6,0,0
Am1,VSm,2,2,0,0,6,6,0,0
Li02,LT82a,1,1,0,0,6,6,0,0
Sm06,TmY9q⊥,3,3,0,0,6,6,0,0
LMa1,LT1d,1,1,0,0,6,6,0,0
Sm06,Tm9,2,2,0,0,6,6,0,0
LPi12,TmY3,3,3,0,0,6,6,0,0
Li06,LC19,2,2,0,0,6,6,0,0
Li29,Tm5a,3,3,0,0,6,6,0,0
Li29,LLPC1,3,3,0,0,6,6,0,0
Pm04,LMt3,2,2,0,0,6,6,0,0
Tm5e,MTe16,3,3,0,0,6,6,0,0
Sm32,aMe5,1,1,0,0,6,6,0,0
T5b,LPT45_dCal1,3,3,0,0,6,6,0,0
Sm19,Sm41,3,3,0,0,6,6,0,0
Tm5c,LC45,2,2,0,0,6,6,0,0
Sm01,L1,1,1,0,0,6,6,0,0
Sm03,MLt2,2,2,0,0,6,6,0,0
Sm16,Tm8b,2,2,0,0,6,6,0,0
Pm11,Mi14,3,3,0,0,6,6,0,0
Sm43,Sm34,2,2,0,0,6,6,0,0
Dm8b,MTe23,3,3,0,0,6,6,0,0
T5b,Li20,1,1,0,0,6,6,0,0
Li04,LC19,2,2,0,0,6,6,0,0
Sm35,MeTu4c,3,3,0,0,6,6,0,0
MLt8,TmY10,3,3,0,0,6,6,0,0
LLPt,cL19,2,2,0,0,6,6,0,0
Sm24,Tm27,3,3,0,0,6,6,0,0
Sm24,Tm7,3,3,0,0,6,6,0,0
Sm09,L3,2,2,0,0,6,6,0,0
LPi01,Sm32,1,1,0,0,6,6,0,0
Li15,LC29,2,2,0,0,6,6,0,0
LMt4,LC15,3,3,0,0,6,6,0,0
Li30,LC34,1,1,0,0,6,6,0,0
Li30,LTe54,2,2,0,0,6,6,0,0
Li31,LT58,1,1,0,0,6,6,0,0
Li31,Tm7,3,3,0,0,6,6,0,0
Pm07,Sm11,1,1,0,0,6,6,0,0
Mi10,MeTu3a,2,2,0,0,6,6,0,0
Li01,Y4,2,2,0,0,6,6,0,0
Sm21,LT58,1,1,0,0,6,6,0,0
Tm7,cM10,2,2,0,0,6,6,0,0
Li32,LTe57,1,1,0,0,6,6,0,0
MLt7,LAL047,1,1,0,0,6,6,0,0
LPLC1,Li02,3,3,0,0,6,6,0,0
LLPC1,Pm14,3,3,0,0,6,6,0,0
LTe31,LC13,2,2,0,0,6,6,0,0
cM12,MLt5,3,3,0,0,6,6,0,0
LC43,LC19,2,2,0,0,6,6,0,0
MeTu2b,Sm39,3,3,0,0,6,6,0,0
PLP249,LT56,1,1,0,0,6,6,0,0
PLP249,CB0143,1,1,0,0,6,6,0,0
LC39,LT52,2,2,0,0,6,6,0,0
LC20a,LTe41,3,3,0,0,6,6,0,0
LT74,Li24,3,3,0,0,6,6,0,0
LC19,LC10c,1,1,0,0,6,6,0,0
LLPC2,LT78,2,2,0,0,6,6,0,0
MeTu1,MTe36,2,2,0,0,6,6,0,0
LC31b,LT83,2,2,0,0,6,6,0,0
LC21,LTe49f,2,2,0,0,6,6,0,0
LC29,Li06,2,2,0,0,6,6,0,0
LTe64,PLP163,1,1,0,0,6,6,0,0
LCe01a,Tm5c,3,3,0,0,6,6,0,0
MTe50,cL19,1,1,0,0,6,6,0,0
LC31b,LT56,1,1,0,0,6,6,0,0
cM04,Tm27,2,2,0,0,6,6,0,0
aMe17a1,Sm37,1,1,0,0,6,6,0,0
LPC2,Li06,2,2,0,0,6,6,0,0
LT70,Li02,3,3,0,0,6,6,0,0
aMe22,LTe71,1,1,0,0,6,6,0,0
MTe05,aMe4,2,2,0,0,6,6,0,0
LC24,LC4,3,3,0,0,6,6,0,0
LC24,PLP185,1,1,0,0,6,6,0,0
MeTu4b,LC33a,3,3,0,0,6,6,0,0
MTe52,Tm33,3,3,0,0,6,6,0,0
LPLC4,LC20a,2,2,0,0,6,6,0,0
MeTu4a,Li17,3,3,0,0,6,6,0,0
LC25,LC45,2,2,0,0,6,6,0,0
LC25,LCe01b,3,3,0,0,6,6,0,0
LC37a,LT51,3,3,0,0,6,6,0,0
LTe49f,LTe19,1,0,0,1,6,0,0,6
aMe25,LCe04,1,1,0,0,6,6,0,0
aMe25,LT86,1,1,0,0,6,6,0,0
LTe14,CB3866,1,1,0,0,6,6,0,0
LLPC3,TmY9q,3,3,0,0,6,6,0,0
LT52,LCe01a,3,3,0,0,6,6,0,0
MTe25,PLP215,1,1,0,0,6,6,0,0
MTe25,aMe17b,1,1,0,0,6,6,0,0
MTe25,MTe28,1,1,0,0,6,6,0,0
MTe25,Tm35,3,3,0,0,6,6,0,0
MTe25,AOTU053,1,1,0,0,6,6,0,0
MTe25,APDN3,1,1,0,0,6,6,0,0
MTe25,cM12,1,1,0,0,6,6,0,0
OA-AL2i4,MLt5,3,3,0,0,6,6,0,0
MeTu1,aMe10,2,2,0,0,6,6,0,0
aMe5,aMe12,3,3,0,0,6,6,0,0
PLP231,LTe49f,1,1,0,0,6,6,0,0
LC22,Li21,3,3,0,0,6,6,0,0
MTe40,TmY31,3,3,0,0,6,6,0,0
MTe40,APDN3,1,1,0,0,6,6,0,0
cL09,TmY3,3,3,0,0,6,6,0,0
cL09,LMa5,1,1,0,0,6,6,0,0
cM05,Sm06,2,2,0,0,6,6,0,0
VS2,VS1,1,1,0,0,6,6,0,0
PLP051,Li33,1,1,0,0,6,6,0,0
LCe02,LC10c,3,3,0,0,6,6,0,0
cL16,LT84,2,2,0,0,6,6,0,0
cL16,TmY20,3,3,0,0,6,6,0,0
cL16,TmY5a,3,3,0,0,6,6,0,0
cL16,LTe14,2,2,0,0,6,6,0,0
cL16,Tm5c,3,3,0,0,6,6,0,0
LPT51,LC34,1,1,0,0,6,6,0,0
LPT51,LTe53,1,1,0,0,6,6,0,0
LT57,LT55,2,2,0,0,6,6,0,0
LPLC4,LPi11,3,3,0,0,6,6,0,0
cLPL01,LMa3,2,2,0,0,6,6,0,0
MTe08,cL16,1,1,0,0,6,6,0,0
MTe35,CB0734,1,1,0,0,6,6,0,0
MTe35,MTe12,2,2,0,0,6,6,0,0
LC22,Tm5e,3,3,0,0,6,6,0,0
cL13,LC29,2,2,0,0,6,6,0,0
cL13,Li28,1,1,0,0,6,6,0,0
cML01,T5d,3,3,0,0,6,6,0,0
cML01,cM15,1,1,0,0,6,6,0,0
cML01,LTe05,1,1,0,0,6,6,0,0
cML01,mALC4,1,1,0,0,6,6,0,0
LTe03,LC10a,3,3,0,0,6,6,0,0
LTe03,PLP251,1,1,0,0,6,6,0,0
MTe53,MTe01a,3,3,0,0,6,6,0,0
aMe8,cM08a,2,2,0,0,6,6,0,0
MeTu4c,MTe24,3,3,0,0,6,6,0,0
LT79,LT87,1,1,0,0,6,6,0,0
cL10,LatB,2,2,0,0,6,6,0,0
cL10,Sm09,2,2,0,0,6,6,0,0
MeTu4a,LTe24,2,2,0,0,6,6,0,0
MTe33,LTe28,1,1,0,0,6,6,0,0
MTe33,LC43,1,1,0,0,6,6,0,0
LC40,Tm36,2,2,0,0,6,6,0,0
cM08c,MTe53,1,1,0,0,6,6,0,0
cM08c,LPLC2,3,3,0,0,6,6,0,0
cM08c,MTe16,2,2,0,0,6,6,0,0
OA-AL2i3,Tm20,3,3,0,0,6,6,0,0
mALC6,CL104,1,1,0,0,6,6,0,0
LC6,LT78,2,2,0,0,6,6,0,0
LC6,LT84,1,1,0,0,6,6,0,0
LC22,LTe10,3,3,0,0,6,6,0,0
LT59,LTe75,1,1,0,0,6,6,0,0
LC15,TmY15,3,3,0,0,6,6,0,0
LTe02,LC9,3,3,0,0,6,6,0,0
MTe52,LMt2,3,3,0,0,6,6,0,0
LC31a,LPLC2,3,3,0,0,6,6,0,0
MTe51,MTe14,2,2,0,0,6,6,0,0
cM18,MTe16,2,2,0,0,6,6,0,0
LTe08,Li11,3,3,0,0,6,6,0,0
LTe08,LC10a,3,3,0,0,6,6,0,0
LTe08,Tm36,3,3,0,0,6,6,0,0
LC20a,PLP231,1,1,0,0,6,6,0,0
LC22,Li03,3,3,0,0,6,6,0,0
LT64,LC20b,3,3,0,0,6,6,0,0
cL07,Li19,1,1,0,0,6,6,0,0
LPT23,cLP02,3,3,0,0,6,6,0,0
LPT23,Nod2,2,2,0,0,6,6,0,0
LTe43,LCe06,2,2,0,0,6,6,0,0
LTe43,AOTU065,1,1,0,0,6,6,0,0
LC37a,Tm5a,2,2,0,0,6,6,0,0
PLP150a,LT70,1,1,0,0,6,6,0,0
LLPC4,LLPC4,1,1,0,0,6,6,0,0
LAL047,LC22,2,2,0,0,6,6,0,0
MTe03,PLP022,1,1,0,0,6,6,0,0
LT51,LT59,2,2,0,0,6,6,0,0
cM10,OA-ASM1,3,3,0,0,6,6,0,0
LPT27,DNp31,1,1,0,0,6,6,0,0
MTe43,LTe21,1,1,0,0,6,6,0,0
MTe43,Lawf1,3,3,0,0,6,6,0,0
s-LNva,Lat,1,1,0,0,6,6,0,0
s-LNva,aMe3,1,1,0,0,6,6,0,0
LC13,LT1a,3,3,0,0,6,6,0,0
MeTu4a,LT77,3,3,0,0,6,6,0,0
cM06,TmY9q,1,1,0,0,6,6,0,0
MTe12,MeMe_e10,1,1,0,0,6,6,0,0
LC24,Li03,1,1,0,0,6,6,0,0
LT77,LT63,2,2,0,0,6,6,0,0
LPT42_Nod4,LPLC1,3,3,0,0,6,6,0,0
LT57,AVLP593,1,1,0,0,6,6,0,0
LC11,LCe08,3,3,0,0,6,6,0,0
LC11,LT87,3,3,0,0,6,6,0,0
MeTu3a,aMe4,3,3,0,0,6,6,0,0
VS1,LPLC1,2,2,0,0,6,6,0,0
MTe20,CB1329,1,1,0,0,6,6,0,0
APDN3,aMe15,1,0,0,1,6,0,0,6
OA-AL2i2,LC39,2,2,0,0,6,6,0,0
LCe05,LT55,1,1,0,0,6,6,0,0
LC22,LT60,2,2,0,0,6,6,0,0
LC27,LC46,3,3,0,0,6,6,0,0
mALC5,Mi4,3,3,0,0,6,6,0,0
mALC5,T4a,2,2,0,0,6,6,0,0
LC28a,PLP252,1,1,0,0,6,6,0,0
LCe03,Lat,3,3,0,0,6,6,0,0
cM02a,LT58,1,1,0,0,6,6,0,0
LTe30,LC39,2,2,0,0,6,6,0,0
cM07,Mi13,3,3,0,0,6,6,0,0
cM07,LC31b,2,2,0,0,6,6,0,0
cM07,Tm31,3,3,0,0,6,6,0,0
cM07,LC24,2,2,0,0,6,6,0,0
cM07,MTe22,1,1,0,0,6,6,0,0
LC25,LT57,3,3,0,0,6,6,0,0
cL20,LLPt,2,2,0,0,6,6,0,0
cL20,LCe01b,3,3,0,0,6,6,0,0
LT1c,LT82a,2,2,0,0,6,6,0,0
LT1c,LC16,2,2,0,0,6,6,0,0
LT56,LMa4,3,3,0,0,6,6,0,0
LT41,LTe49f,2,2,0,0,6,6,0,0
LT41,LC10b,2,2,0,0,6,6,0,0
LT41,TmY31,1,1,0,0,6,6,0,0
LT69,LTe19,1,1,0,0,6,6,0,0
LT69,Li27,2,2,0,0,6,6,0,0
mALD2,cL16,1,1,0,0,6,6,0,0
mALD2,MTe35,1,1,0,0,6,6,0,0
LC20a,LTe31,2,2,0,0,6,6,0,0
MeTu1,MTe30,3,3,0,0,6,6,0,0
CB0143,cL16,1,1,0,0,6,6,0,0
cM16,TmY4,2,2,0,0,6,6,0,0
cM16,MeTu4b,2,2,0,0,6,6,0,0
cM16,LT58,1,1,0,0,6,6,0,0
LTe51,Tm32,2,2,0,0,6,6,0,0
LTe51,CL104,1,1,0,0,6,6,0,0
LC35,Li25,3,3,0,0,6,6,0,0
LC35,LLPt,3,3,0,0,6,6,0,0
Nod5,OA-AL2b2,1,1,0,0,6,6,0,0
LC9,Tm5c,3,3,0,0,6,6,0,0
cL11,LTe38b,1,1,0,0,6,6,0,0
cL11,LC20a,2,2,0,0,6,6,0,0
cL11,Li09,1,1,0,0,6,6,0,0
LC18,Y4,2,2,0,0,6,6,0,0
cM08b,Sm42,1,1,0,0,6,6,0,0
cM08b,Mi15,3,3,0,0,6,6,0,0
LT38,cLLPM01,2,2,0,0,6,6,0,0
LC13,LTe03,1,1,0,0,6,6,0,0
cLLPM01,MeMe_e08,2,2,0,0,6,6,0,0
aMe6a,cM07,1,1,0,0,6,6,0,0
OA-AL2i1,Tm9,3,3,0,0,6,6,0,0
OA-AL2i1,Li10,3,3,0,0,6,6,0,0
OA-AL2i1,Li28,2,2,0,0,6,6,0,0
OA-AL2i1,LMa1,3,3,0,0,6,6,0,0
cM01a,Tm27,1,1,0,0,6,6,0,0
LC10b,LTe63,2,2,0,0,6,6,0,0
MTe17,Sm07,3,3,0,0,6,6,0,0
mALD1,cM08c,1,1,0,0,6,6,0,0
mALD1,LTe60,1,1,0,0,6,6,0,0
PLP023,Nod3,1,1,0,0,6,6,0,0
PLP023,LHPV2i2a,1,1,0,0,6,6,0,0
PLP023,PLP215,1,1,0,0,6,6,0,0
LTe73,MTe24,1,1,0,0,6,6,0,0
LTe50,PLP215,1,1,0,0,6,6,0,0
LPLC1,Y1,3,3,0,0,6,6,0,0
MTe01b,TmY4,2,2,0,0,6,6,0,0
LPT31,Tlp4,3,3,0,0,6,6,0,0
cL15,PLP103b,1,1,0,0,6,6,0,0
cL15,Li07,2,2,0,0,6,6,0,0
LPLC2,LC15,2,2,0,0,6,6,0,0
LT39,Tm5c,3,3,0,0,6,6,0,0
cL02b,Tm5b,3,3,0,0,6,6,0,0
cL02b,Y4,3,3,0,0,6,6,0,0
MTe42,PLP022,1,1,0,0,6,6,0,0
LTe38b,PLP104,1,1,0,0,6,6,0,0
cM03,MTe25,2,2,0,0,6,6,0,0
LC20a,LCe04,3,3,0,0,6,6,0,0
MTe22,MTe17,1,1,0,0,6,6,0,0
MTe22,TmY9q,2,2,0,0,6,6,0,0
MTe13,cML01,1,1,0,0,6,6,0,0
LT52,SIP017,1,0,0,1,6,0,0,6
LTe10,cL19,1,1,0,0,6,6,0,0
cL14,TmY9q⊥,1,1,0,0,6,6,0,0
cL14,LT58,1,1,0,0,6,6,0,0
MTe30,mALD1,1,1,0,0,6,6,0,0
DNpe053,aMe13,1,1,0,0,6,6,0,0
cL04,LT56,2,2,0,0,6,6,0,0
cL04,LTe68,2,2,0,0,6,6,0,0
cL04,LC13,2,2,0,0,6,6,0,0
LPT54,MTe08,2,2,0,0,6,6,0,0
LCe03,LC10a,3,3,0,0,6,6,0,0
MeTu4a,Dm8b,3,3,0,0,6,6,0,0
LC10b,Li11,3,3,0,0,6,6,0,0
LT84,LC21,3,3,0,0,6,6,0,0
LTe42b,LTe60,1,1,0,0,6,6,0,0
cMLLP02,LPi09,3,3,0,0,6,6,0,0
cMLLP02,LPT45_dCal1,2,2,0,0,6,6,0,0
cMLLP02,Tm3,3,3,0,0,6,6,0,0
cMLLP02,VS7,2,2,0,0,6,6,0,0
aMe17a2,Sm21,3,3,0,0,6,6,0,0
MTe28,aMe9,1,1,0,0,6,6,0,0
cL01,aMe6a,1,1,0,0,6,6,0,0
MTe51,Lat,1,1,0,0,6,6,0,0
cL18,LMa4,1,1,0,0,6,6,0,0
VS6,TmY20,2,2,0,0,6,6,0,0
LCe09,LT68,1,1,0,0,6,6,0,0
LCe05,Tm5c,3,3,0,0,6,6,0,0
LCe05,Li09,3,3,0,0,6,6,0,0
cM09,LTe73,3,3,0,0,6,6,0,0
MTe02,MTe12,2,2,0,0,6,6,0,0
LTe38a,LC36,2,2,0,0,6,6,0,0
cL22c,LC14b,2,2,0,0,6,6,0,0
cL22c,LTe75,1,1,0,0,6,6,0,0
MTe27,LHPV2i2a,1,1,0,0,6,6,0,0
MTe27,MLt4,3,3,0,0,6,6,0,0
cLP03,LT73,1,1,0,0,6,6,0,0
cM14,MTe08,2,2,0,0,6,6,0,0
cM14,Mi14,2,2,0,0,6,6,0,0
LT38,TmY9q,2,2,0,0,6,6,0,0
LC21,LTe64,2,2,0,0,6,6,0,0
VCH,LPT26,1,1,0,0,6,6,0,0
cL08,LLPC3,2,2,0,0,6,6,0,0
cL08,LMt4,3,3,0,0,6,6,0,0
LC35,LC12,3,3,0,0,6,6,0,0
LC35,LLPC3,3,3,0,0,6,6,0,0
cM15,DNp30,2,2,0,0,6,6,0,0
LC28a,LTe08,3,3,0,0,6,6,0,0
LC25,Y3,1,1,0,0,6,6,0,0
LT58,cLM01,1,1,0,0,6,6,0,0
LT58,LC33a,1,1,0,0,6,6,0,0
LT58,LTe06,1,1,0,0,6,6,0,0
LT53,cM14,1,0,0,1,6,0,0,6
MTe51,LTe46,1,1,0,0,6,6,0,0
LTe17,LT69,1,1,0,0,6,6,0,0
LC12,TmY5a,3,3,0,0,6,6,0,0
LT11,Tm27,3,3,0,0,6,6,0,0
MeTu3a,Dm2,3,3,0,0,6,6,0,0
LTe42a,LT59,1,1,0,0,6,6,0,0
LTe42a,Li10,3,3,0,0,6,6,0,0
HSS,TmY16,3,3,0,0,6,6,0,0
LTe38a,cL11,1,1,0,0,6,6,0,0
LC13,Li29,2,2,0,0,6,6,0,0
LT85,LC27,1,1,0,0,6,6,0,0
LC6,Li24,3,3,0,0,6,6,0,0
HSE,VST2,1,1,0,0,6,6,0,0
PLP022,LTe38b,1,1,0,0,6,6,0,0
PLP022,LT36,1,1,0,0,6,6,0,0
PLP022,LPT04_HST,1,1,0,0,6,6,0,0
PLP022,cL20,1,1,0,0,6,6,0,0
PLP022,LTe33,1,1,0,0,6,6,0,0
LC34,CB0734,2,2,0,0,6,6,0,0
AOTU065,LT69,1,1,0,0,6,6,0,0
cM01b,MeTu1,2,2,0,0,6,6,0,0
cLP02,Li14,2,2,0,0,6,6,0,0
LT43,MeTu3b,3,3,0,0,6,6,0,0
LC34,LTe17,3,3,0,0,6,6,0,0
LPT53,HSS,1,1,0,0,6,6,0,0
LC11,cL02a,2,2,0,0,6,6,0,0
DNp11,cL01,1,0,0,1,6,0,0,6
LLPC3,cL02a,3,3,0,0,6,6,0,0
cL22a,LTe70,1,1,0,0,6,6,0,0
cL22a,LTe43,1,1,0,0,6,6,0,0
MeTu3a,Li33,1,1,0,0,6,6,0,0
LT62,cL21,1,1,0,0,6,6,0,0
cL22b,Tm35,2,2,0,0,6,6,0,0
cL22b,Tm16,1,1,0,0,6,6,0,0
DNg33,Tm1,2,2,0,0,6,6,0,0
LTe21,LTe58,1,1,0,0,6,6,0,0
LTe21,LC19,1,1,0,0,6,6,0,0
LTe21,cL21,1,1,0,0,6,6,0,0
LC10e,LT64,3,3,0,0,6,6,0,0
LC24,PLP239,1,1,0,0,6,6,0,0
LPT26,LPi04,3,3,0,0,6,6,0,0
LPT26,Y3,3,3,0,0,6,6,0,0
LT70,LTe03,2,2,0,0,6,6,0,0
AVLP534,LMa5,2,2,0,0,6,6,0,0
AVLP534,AVLP593,1,1,0,0,6,6,0,0
PLP177,APDN3,1,1,0,0,6,6,0,0
LC22,Y11,2,2,0,0,6,6,0,0
LT67,MTe54,1,1,0,0,6,6,0,0
cLLPM02,Tm5c,2,2,0,0,6,6,0,0
LPT28,TmY11,2,2,0,0,6,6,0,0
LTe12,Li31,1,1,0,0,6,6,0,0
VSm,Am1,1,1,0,0,6,6,0,0
LT52,Li25,1,1,0,0,6,6,0,0
cL02d,LC9,1,1,0,0,6,6,0,0
MTe31,LTe20,1,1,0,0,6,6,0,0
cLP04,Y3,3,3,0,0,6,6,0,0
cLP04,cL04,1,1,0,0,6,6,0,0
aMe1,aMe24,1,1,0,0,6,6,0,0
LC43,Tm36,1,1,0,0,6,6,0,0
LC10d,LTe07,2,2,0,0,6,6,0,0
MTe08,Pm07,2,2,0,0,6,6,0,0
cL06,TmY20,3,3,0,0,6,6,0,0
cL06,TmY9q,2,2,0,0,6,6,0,0
LCe03,LC6,2,2,0,0,6,6,0,0
aMe26,LTe50,1,1,0,0,6,6,0,0
aMe1,MTe52,1,1,0,0,6,6,0,0
PLP248,cLPL01,1,0,0,1,6,0,0,6
PLP248,DNp31,1,1,0,0,6,6,0,0
PLP248,PLP035,1,1,0,0,6,6,0,0
LPT29,Pm14,1,1,0,0,6,6,0,0
cL16,OA-AL2b1,1,1,0,0,6,6,0,0
LT72,cL22a,1,1,0,0,6,6,0,0
Nod2,H2,1,0,0,1,6,0,0,6
LTe01,CB0143,1,1,0,0,6,6,0,0
LPT49,LPi08,3,3,0,0,6,6,0,0
LPT49,LPLC2,3,3,0,0,6,6,0,0
LPT49,cL11,1,0,0,1,6,0,0,6
LC10b,LT87,1,1,0,0,6,6,0,0
cM02b,Sm35,1,1,0,0,6,6,0,0
cM02b,Y11,1,1,0,0,6,6,0,0
aMe13,LNda,1,1,0,0,6,6,0,0
LCe01b,LTe26,1,1,0,0,6,6,0,0
cL04,LPLC2,1,1,0,0,6,6,0,0
MTe16,MTe01a,2,2,0,0,6,6,0,0
MTe16,MTe36,1,1,0,0,6,6,0,0
cM13,aMe4,2,2,0,0,6,6,0,0
cM13,LC37a,1,1,0,0,6,6,0,0
LT81,cL13,1,0,0,1,6,0,0,6
VS8,Y1,3,3,0,0,6,6,0,0
VS8,HSE,1,1,0,0,6,6,0,0
VS8,LPi11,1,1,0,0,6,6,0,0
LTe28,LTe76,1,1,0,0,6,6,0,0
LTe29,Li06,3,3,0,0,6,6,0,0
MTe32,LTe60,1,1,0,0,6,6,0,0
MTe32,aMe13,1,1,0,0,6,6,0,0
LC31c,LC21,2,2,0,0,6,6,0,0
VS5,VST2,2,2,0,0,6,6,0,0
mALC4,LC22,3,3,0,0,6,6,0,0
DCH,VCH,1,1,0,0,6,6,0,0
DCH,Nod1,2,2,0,0,6,6,0,0
LT65,cL14,1,1,0,0,6,6,0,0
LT65,LTe08,1,1,0,0,6,6,0,0
LTe58,LPLC4,2,2,0,0,6,6,0,0
cM08c,aMe13,1,1,0,0,6,6,0,0
cM08c,LTe20,1,1,0,0,6,6,0,0
LPT30,CB0143,1,1,0,0,6,6,0,0
LPT30,PLP081,1,1,0,0,6,6,0,0
LTe22,cL17,1,1,0,0,6,6,0,0
MTe21,DN1-l,1,1,0,0,6,6,0,0
LTe25,LTe65,2,2,0,0,6,6,0,0
aMe3,LT64,1,1,0,0,6,6,0,0
aMe3,LT53,1,1,0,0,6,6,0,0
VS3,Y12,3,3,0,0,6,6,0,0
PLP081,cL02c,1,0,0,1,6,0,0,6
LTe20,OA-AL2b2,1,1,0,0,6,6,0,0
cMLLP01,MLt1,2,2,0,0,6,6,0,0
cMLLP01,LPT04_HST,1,1,0,0,6,6,0,0
cMLLP01,cL19,1,1,0,0,6,6,0,0
cL05,Tm5e,3,3,0,0,6,6,0,0
cL05,Tm32,2,2,0,0,6,6,0,0
cL05,MeTu4c,3,3,0,0,6,6,0,0
cL05,MLt2,3,3,0,0,6,6,0,0
LT52,LTe33,1,1,0,0,6,6,0,0
LT52,LC10f,1,1,0,0,6,6,0,0
LC10d,LC35,1,1,0,0,6,6,0,0
PLP163,PLP249,1,1,0,0,6,6,0,0
PLP163,CB0802,1,1,0,0,6,6,0,0
aMe17c,Sm12,2,2,0,0,6,6,0,0
LC22,Tm36,2,2,0,0,6,6,0,0
LTe42c,LC37a,1,1,0,0,6,6,0,0
LTe42c,LTe42a,1,1,0,0,6,6,0,0
VS4,Y1,3,3,0,0,6,6,0,0
aMe17c,T2a,3,3,0,0,6,6,0,0
aMe17c,MeMe_e05,1,1,0,0,6,6,0,0
Tm9,MeLp1,2,1,1,0,5,2,3,0
LPi06,cLP02,2,1,1,0,5,2,3,0
Mi9,LMt4,2,1,1,0,5,3,2,0
Sm06,Mi4,2,0,2,0,5,0,5,0
Li13,Li21,2,0,2,0,5,0,5,0
Li08,mALC4,2,0,2,0,5,0,5,0
L5,TmY10,2,0,2,0,5,0,5,0
Dm8b,Tm36,2,0,2,0,5,0,5,0
Dm8b,MTe01a,2,1,1,0,5,2,3,0
TmY10,5-HTPMPV01,2,0,2,0,5,0,5,0
Sm24,aMe17b,2,1,1,0,5,3,2,0
TmY11,LTe63,1,0,1,0,5,0,5,0
Li07,MLt4,2,0,2,0,5,0,5,0
Li07,Li15,2,1,1,0,5,3,2,0
Tm5c,LMt3,2,1,1,0,5,2,3,0
Dm8a,Sm16,2,1,1,0,5,2,3,0
Li20,LT83,2,1,1,0,5,3,2,0
Y4,LTe11,2,0,2,0,5,0,5,0
T1,T2a,2,0,2,0,5,0,5,0
Sm19,Mi15,2,0,2,0,5,0,5,0
Tm5c,MTe07,2,0,2,0,5,0,5,0
Dm11,Sm06,2,0,2,0,5,0,5,0
MLt5,Tm5d,2,0,2,0,5,0,5,0
TmY11,LT42,2,0,2,0,5,0,5,0
Li02,LTe02,2,1,1,0,5,2,3,0
Li02,LT68,1,0,1,0,5,0,5,0
Tm5c,Sm39,2,1,1,0,5,2,3,0
Pm12,Li06,2,0,2,0,5,0,5,0
Dm10,Sm07,2,1,1,0,5,3,2,0
TmY11,Li25,2,0,2,0,5,0,5,0
Sm07,Li05,2,0,2,0,5,0,5,0
Sm07,LLPt,2,0,2,0,5,0,5,0
Sm07,LC24,2,0,2,0,5,0,5,0
Li11,LTe31,2,0,2,0,5,0,5,0
Sm05,LCe06,1,0,1,0,5,0,5,0
Sm05,LT79,2,0,2,0,5,0,5,0
Sm05,LTe03,1,0,1,0,5,0,5,0
Sm05,Sm35,2,0,2,0,5,0,5,0
Sm05,LC39,2,0,2,0,5,0,5,0
MLt5,LTe75,2,0,2,0,5,0,5,0
TmY11,Pm01,2,0,2,0,5,0,5,0
Lawf2,Tm5e,2,0,2,0,5,0,5,0
Lawf2,Sm42,2,0,2,0,5,0,5,0
Sm01,Dm20,2,0,2,0,5,0,5,0
TmY15,Li32,2,0,2,0,5,0,5,0
Sm40,Pm13,2,0,2,0,5,0,5,0
Sm40,Tm4,2,1,1,0,5,2,3,0
Tm20,Li04,1,0,1,0,5,0,5,0
Tm5e,LTe09,2,0,2,0,5,0,5,0
Tm5e,MeMe_e05,2,0,2,0,5,0,5,0
Tm5a,MeLp1,2,0,2,0,5,0,5,0
T2a,Li01,2,0,2,0,5,0,5,0
Sm01,MLt1,2,1,1,0,5,2,3,0
Tm5c,cM08c,2,1,1,0,5,2,3,0
Mi2,Y1,2,1,1,0,5,2,3,0
Tm2,MTe44,2,0,2,0,5,0,5,0
Sm07,Dm16,2,0,2,0,5,0,5,0
TmY9q,LC29,2,0,2,0,5,0,5,0
LPi05,T3,2,0,2,0,5,0,5,0
TmY31,aMe8,2,0,2,0,5,0,5,0
Pm04,cML01,2,1,1,0,5,2,3,0
Li14,TmY16,2,1,1,0,5,2,3,0
Tm1,MeTu3c,2,1,1,0,5,2,3,0
Tm5f,MTe52,2,1,1,0,5,3,2,0
Li02,LTe68,2,0,2,0,5,0,5,0
Li03,Y1,2,0,2,0,5,0,5,0
R7,Dm10,2,1,1,0,5,2,3,0
Tm8b,Sm35,2,0,2,0,5,0,5,0
L3,aMe12,2,0,2,0,5,0,5,0
TmY16,LC16,2,0,2,0,5,0,5,0
TmY16,MeLp2,2,1,1,0,5,2,3,0
Tm3,Li30,2,1,1,0,5,3,2,0
LPi05,Li02,1,0,1,0,5,0,5,0
LPi05,LMa3,1,0,1,0,5,0,5,0
Sm08,MTe12,2,1,1,0,5,3,2,0
Li03,LT56,2,0,2,0,5,0,5,0
Sm21,R8,2,0,2,0,5,0,5,0
Y3,MeLp2,2,1,1,0,5,3,2,0
Tm8b,MTe01b,2,1,1,0,5,3,2,0
MLt7,cM01c,1,0,1,0,5,0,5,0
TmY31,cLP03,2,0,2,0,5,0,5,0
MLt2,MTe02,2,1,1,0,5,3,2,0
Tm16,LTe57,2,0,2,0,5,0,5,0
Dm6,cM05,2,1,1,0,5,3,2,0
MLt6,LT64,2,1,1,0,5,2,3,0
Y11,LC20b,2,1,1,0,5,2,3,0
T2a,MeTu1,2,0,2,0,5,0,5,0
Tlp5,Tm21,2,1,1,0,5,3,2,0
Sm31,TmY3,2,1,1,0,5,2,3,0
Sm31,MTe22,2,1,1,0,5,3,2,0
Tm33,Sm20,2,0,2,0,5,0,5,0
Pm05,MLt7,2,0,2,0,5,0,5,0
Sm19,Tm3,2,0,2,0,5,0,5,0
Tm8b,LTe10,2,0,2,0,5,0,5,0
Tm8b,MLt1,2,1,1,0,5,2,3,0
TmY14,LPT48_vCal3,2,0,2,0,5,0,5,0
MLt1,AN_multi_125,2,0,2,0,5,0,5,0
Tm5b,C2,1,0,1,0,5,0,5,0
TmY16,Li30,2,1,1,0,5,3,2,0
Tm34,Sm35,2,1,1,0,5,3,2,0
Sm09,Mi2,2,1,1,0,5,3,2,0
TmY16,Tm5b,1,0,1,0,5,0,5,0
MLt1,LTe04,1,0,1,0,5,0,5,0
Sm31,Mi10,2,0,2,0,5,0,5,0
Li19,TmY11,2,0,2,0,5,0,5,0
Tm34,LTe41,2,1,1,0,5,2,3,0
Tm33,LTe30,1,0,1,0,5,0,5,0
Tm4,LPT30,2,1,1,0,5,3,2,0
LMa3,Li14,2,1,1,0,5,2,3,0
Li07,LCe07,2,0,2,0,5,0,5,0
Pm11,DNp30,2,0,2,0,5,0,5,0
Tm37,cLLP02,2,1,1,0,5,2,3,0
MLt4,MTe50,2,1,1,0,5,3,2,0
Tm31,aMe12,2,1,1,0,5,2,3,0
Pm01,LC4,2,0,2,0,5,0,5,0
LLPt,VCH,2,1,1,0,5,3,2,0
PDt,Dm15,2,0,2,0,5,0,5,0
PDt,MLt1,2,0,2,0,5,0,5,0
Mi10,Li06,2,1,1,0,5,3,2,0
Tm5c,MTe17,2,0,2,0,5,0,5,0
MLt8,aMe26,2,0,2,0,5,0,5,0
Tm5a,Sm32,2,0,2,0,5,0,5,0
L1,Dm16,2,1,1,0,5,3,2,0
MLt4,MeTu4a,2,0,2,0,5,0,5,0
Li04,LTe48,2,0,2,0,5,0,5,0
Li04,LC10e,2,1,1,0,5,2,3,0
Li12,LT68,2,1,1,0,5,2,3,0
Sm41,Lat,2,1,1,0,5,3,2,0
LMt3,LC9,2,1,1,0,5,3,2,0
Tm8b,Tm25,2,1,1,0,5,3,2,0
Tm5e,Tlp5,2,0,2,0,5,0,5,0
R1-6,TmY5a,1,0,1,0,5,0,5,0
R1-6,LMa4,2,0,2,0,5,0,5,0
R1-6,LMa3,2,0,2,0,5,0,5,0
R1-6,T5a,1,0,1,0,5,0,5,0
Tm7,LTe38a,2,1,1,0,5,3,2,0
Sm08,MTe07,2,1,1,0,5,3,2,0
Li02,cL19,2,1,1,0,5,2,3,0
Y1,LPT54,2,1,1,0,5,3,2,0
Pm06,LMt2,2,0,2,0,5,0,5,0
Sm18,Tm8b,2,0,2,0,5,0,5,0
Mi10,Li05,1,0,1,0,5,0,5,0
Li13,LT73,2,0,2,0,5,0,5,0
Li13,LT86,1,0,1,0,5,0,5,0
Li13,MeTu4c,2,1,1,0,5,2,3,0
Tm5b,LLPC1,2,1,1,0,5,2,3,0
TmY31,MTe45,2,1,1,0,5,2,3,0
T2a,Mi15,2,1,1,0,5,3,2,0
Tm5e,MTe49,2,1,1,0,5,3,2,0
Tlp14,TmY16,2,1,1,0,5,3,2,0
MLt1,T4a,2,0,2,0,5,0,5,0
DmDRA1,MLt1,2,0,2,0,5,0,5,0
Tm4,LTe57,2,0,2,0,5,0,5,0
Tm9,L1,2,0,2,0,5,0,5,0
T5c,LPT42_Nod4,2,0,2,0,5,0,5,0
Sm08,MTe35,2,1,1,0,5,3,2,0
Dm8b,Li10,2,0,2,0,5,0,5,0
Sm07,TmY14,2,1,1,0,5,2,3,0
Sm19,Sm25,2,0,2,0,5,0,5,0
Sm19,Sm42,1,0,1,0,5,0,5,0
TmY3,LPi15,2,0,2,0,5,0,5,0
Sm25,Tm8a,2,1,1,0,5,2,3,0
Tm21,LT73,2,0,2,0,5,0,5,0
Sm10,LPi05,1,0,1,0,5,0,5,0
MLt1,LTe32,2,0,2,0,5,0,5,0
Tm5c,Sm28,2,1,1,0,5,3,2,0
Tm27,Sm41,2,0,2,0,5,0,5,0
Tm8b,Li23,2,1,1,0,5,3,2,0
Pm03,TmY31,2,0,2,0,5,0,5,0
TmY15,LT1c,1,0,1,0,5,0,5,0
Li03,LTe11,2,0,2,0,5,0,5,0
Sm11,MTe49,2,1,1,0,5,3,2,0
Sm11,Sm40,2,1,1,0,5,3,2,0
LPi14,TmY31,2,0,2,0,5,0,5,0
LPi14,LPi03,1,0,1,0,5,0,5,0
LPi14,cLLP02,2,0,2,0,5,0,5,0
TmY20,LTe23,2,0,2,0,5,0,5,0
Dm3v,Mi1,2,1,1,0,5,2,3,0
Tm5b,OA-AL2b1,2,0,2,0,5,0,5,0
T3,LC35,2,1,1,0,5,2,3,0
Tm5f,LCe09,1,0,1,0,5,0,5,0
Li03,LTe43,2,1,1,0,5,2,3,0
T4a,T2a,2,0,2,0,5,0,5,0
T2a,LT1c,2,1,1,0,5,3,2,0
Tlp4,LT74,2,1,1,0,5,2,3,0
DmDRA1,MTe07,2,0,2,0,5,0,5,0
DmDRA1,Sm34,2,1,1,0,5,2,3,0
TmY5a,LCe02,2,0,2,0,5,0,5,0
MLt2,Li06,2,0,2,0,5,0,5,0
MLt2,cM17,2,1,1,0,5,3,2,0
Tm3,MeTu4_unknown,2,0,2,0,5,0,5,0
Dm9,Tm5f,2,1,1,0,5,2,3,0
Tm33,LMt2,2,0,2,0,5,0,5,0
LPi06,Li16,2,1,1,0,5,2,3,0
TmY20,Sm19,2,0,2,0,5,0,5,0
Y1,LTe08,2,1,1,0,5,2,3,0
Dm11,TmY31,1,0,1,0,5,0,5,0
Dm11,Tm8b,1,0,1,0,5,0,5,0
R7,MeMe_e03,2,1,1,0,5,2,3,0
Sm03,MeTu1,2,1,1,0,5,2,3,0
TmY10,LTe66,2,0,2,0,5,0,5,0
Y4,Tm33,2,1,1,0,5,3,2,0
R7,Dm12,2,1,1,0,5,3,2,0
TmY4,5-HTPMPV03,2,0,2,0,5,0,5,0
TmY9q⊥,CB3089,2,0,2,0,5,0,5,0
Tm8a,Dm13,2,0,2,0,5,0,5,0
Tm34,LTe30,2,1,1,0,5,2,3,0
Dm10,T4d,2,0,2,0,5,0,5,0
Dm10,Pm10,2,0,2,0,5,0,5,0
Sm28,MTe07,2,1,1,0,5,2,3,0
Sm28,Dm8a,2,1,1,0,5,3,2,0
TmY9q,MLt1,2,1,1,0,5,3,2,0
Dm3p,Mi15,2,0,2,0,5,0,5,0
T5c,VS2,2,0,2,0,5,0,5,0
Tm3,DNc01,2,0,2,0,5,0,5,0
Tm5d,LMa4,2,0,2,0,5,0,5,0
Tm31,Li30,2,1,1,0,5,3,2,0
Pm08,TmY31,2,0,2,0,5,0,5,0
Tlp14,C2,2,1,1,0,5,2,3,0
Tm1,Sm32,2,1,1,0,5,3,2,0
L5,Dm3q,2,0,2,0,5,0,5,0
Tm27,MLt7,2,0,2,0,5,0,5,0
TmY16,LLPC3,2,0,2,0,5,0,5,0
Li18,Mi10,2,0,2,0,5,0,5,0
Li18,LTe49a,2,0,2,0,5,0,5,0
Sm15,Sm20,2,0,2,0,5,0,5,0
Tm2,MeTu1,2,0,2,0,5,0,5,0
Y3,Dm10,2,0,2,0,5,0,5,0
Mi15,Lat,2,1,1,0,5,3,2,0
TmY9q,LC9,2,0,2,0,5,0,5,0
T4b,Nod1,2,1,1,0,5,3,2,0
LMt3,TmY3,2,1,1,0,5,3,2,0
MLt1,LMt1,2,0,2,0,5,0,5,0
Li10,LLPC4,2,1,1,0,5,2,3,0
TmY16,Tm5e,1,0,1,0,5,0,5,0
LLPt,LTe52,2,1,1,0,5,2,3,0
Li11,Tm16,2,0,2,0,5,0,5,0
LMt1,LTe24,2,1,1,0,5,2,3,0
Mi10,Lat,2,1,1,0,5,3,2,0
R7,TmY9q,1,0,1,0,5,0,5,0
Sm22,Pm13,2,1,1,0,5,2,3,0
Tm32,MTe09,2,0,2,0,5,0,5,0
Tm5f,LCe06,2,0,2,0,5,0,5,0
Tm8a,LT38,2,1,1,0,5,3,2,0
Li02,LTe66,2,1,1,0,5,3,2,0
Y4,LPi02,2,1,1,0,5,2,3,0
Li01,LTe16,2,0,2,0,5,0,5,0
Tm34,MTe36,2,0,2,0,5,0,5,0
Li11,LTe42a,1,0,1,0,5,0,5,0
Li11,LT64,2,1,1,0,5,3,2,0
Li13,Tm4,2,0,2,0,5,0,5,0
Li03,LTe71,1,0,1,0,5,0,5,0
Li03,LT52,2,1,1,0,5,3,2,0
Dm8b,T2a,2,0,2,0,5,0,5,0
T2a,L3,2,1,1,0,5,3,2,0
MLt4,Li18,2,1,1,0,5,3,2,0
Mi10,L4,2,0,2,0,5,0,5,0
Sm32,Sm40,2,0,2,0,5,0,5,0
TmY4,OA-AL2b1,2,0,2,0,5,0,5,0
L5,T3,2,0,2,0,5,0,5,0
L5,T4d,1,0,1,0,5,0,5,0
LLPt,LLPC4,2,0,2,0,5,0,5,0
L3,Sm15,1,0,1,0,5,0,5,0
Tm4,Dm13,2,0,2,0,5,0,5,0
Y3,LC31b,2,1,1,0,5,3,2,0
Mi1,LPi09,2,1,1,0,5,2,3,0
TmY4,LC31a,2,0,2,0,5,0,5,0
TmY9q,Nod1,2,0,2,0,5,0,5,0
LMa2,Sm31,2,0,2,0,5,0,5,0
Tlp4,Li25,2,0,2,0,5,0,5,0
Pm08,MTe51,2,0,2,0,5,0,5,0
Li15,LT60,2,0,2,0,5,0,5,0
LPi15,LPC2,2,0,2,0,5,0,5,0
LPi15,Tlp14,1,0,1,0,5,0,5,0
LPi15,LPT47_vCal2,2,1,1,0,5,2,3,0
TmY31,mALC4,2,0,2,0,5,0,5,0
Li01,LTe45,2,1,1,0,5,3,2,0
R1-6,Pm08,1,0,1,0,5,0,5,0
Tm3,MTe35,2,0,2,0,5,0,5,0
T2a,Tm35,2,1,1,0,5,3,2,0
Dm18,Tm9,2,0,2,0,5,0,5,0
Tm7,Pm03,2,0,2,0,5,0,5,0
Dm2,Tm2,2,0,2,0,5,0,5,0
Sm08,Tm3,2,0,2,0,5,0,5,0
Sm08,MTe04,2,0,2,0,5,0,5,0
Sm03,Mi10,2,0,2,0,5,0,5,0
LMt3,Sm09,2,1,1,0,5,2,3,0
T2,LTe12,1,0,1,0,5,0,5,0
MLt1,LT57,2,0,2,0,5,0,5,0
Dm4,MLt6,2,0,2,0,5,0,5,0
Y4,LTe42a,2,0,2,0,5,0,5,0
Tm34,Li21,2,1,1,0,5,3,2,0
MLt5,MTe16,2,1,1,0,5,3,2,0
Li08,MLt1,2,0,2,0,5,0,5,0
Tm37,LC27,2,0,2,0,5,0,5,0
Tm32,LTe25,1,0,1,0,5,0,5,0
T4d,LPi15,2,1,1,0,5,2,3,0
Tm20,LTe49a,2,0,2,0,5,0,5,0
Dm4,Dm13,1,0,1,0,5,0,5,0
Tm5c,MeMe_e08,2,1,1,0,5,3,2,0
TmY9q⊥,5-HTPMPV03,2,0,2,0,5,0,5,0
T4c,LC14a1,2,0,2,0,5,0,5,0
Tm5e,LTe67,2,0,2,0,5,0,5,0
Lawf2,MLt1,1,0,1,0,5,0,5,0
Tlp4,Li16,1,0,1,0,5,0,5,0
DmDRA1,Sm09,2,1,1,0,5,3,2,0
Li28,LTe41,2,1,1,0,5,2,3,0
Li28,Y4,2,0,2,0,5,0,5,0
Li28,LT39,2,1,1,0,5,2,3,0
T5a,LPT22,2,0,2,0,5,0,5,0
Sm12,Pm05,2,1,1,0,5,2,3,0
Tm21,Li02,2,0,2,0,5,0,5,0
Dm11,Sm31,2,0,2,0,5,0,5,0
Y12,LT51,2,1,1,0,5,3,2,0
Tm35,MTe28,2,0,2,0,5,0,5,0
Mi1,cML02,2,0,2,0,5,0,5,0
Li08,LTe03,2,0,2,0,5,0,5,0
Pm14,L1,1,0,1,0,5,0,5,0
Pm14,Sm40,2,0,2,0,5,0,5,0
Tm25,Li19,2,0,2,0,5,0,5,0
C2,Dm2,2,1,1,0,5,2,3,0
Li11,OA-AL2b1,2,1,1,0,5,2,3,0
T2a,Li33,2,1,1,0,5,2,3,0
TmY3,cLP03,2,1,1,0,5,2,3,0
Tm31,MTe31,2,1,1,0,5,3,2,0
LMa4,MTe03,2,1,1,0,5,3,2,0
Dm11,Dm3p,2,1,1,0,5,2,3,0
TmY31,Sm29,2,1,1,0,5,2,3,0
Li12,LTe46,2,1,1,0,5,3,2,0
TmY9q⊥,MeTu4a,2,0,2,0,5,0,5,0
Tm5b,LC27,2,0,2,0,5,0,5,0
Sm09,MTe37,2,1,1,0,5,3,2,0
Sm09,MeTu3c,2,1,1,0,5,2,3,0
MLt6,Sm14,2,0,2,0,5,0,5,0
Li04,aMe17a2,1,0,1,0,5,0,5,0
Li04,Tm16,2,0,2,0,5,0,5,0
Li10,PLP241,2,0,2,0,5,0,5,0
MLt6,MTe49,1,0,1,0,5,0,5,0
Tm21,Mi15,2,0,2,0,5,0,5,0
Tm5c,LTe43,2,0,2,0,5,0,5,0
Mi1,Sm19,2,1,1,0,5,2,3,0
Y12,LPT52,2,1,1,0,5,2,3,0
Sm15,MC65,2,0,2,0,5,0,5,0
LPi07,LPT50,2,1,1,0,5,3,2,0
Sm10,TmY31,2,0,2,0,5,0,5,0
Tlp1,DNp27,2,0,2,0,5,0,5,0
Li31,Tm5d,2,1,1,0,5,3,2,0
Li31,cML01,2,1,1,0,5,2,3,0
Li31,LTe16,2,1,1,0,5,3,2,0
Li31,Tm33,1,0,1,0,5,0,5,0
Li31,LLPC3,2,0,2,0,5,0,5,0
Sm30,OA-AL2i3,1,0,1,0,5,0,5,0
Li22,T2a,2,1,1,0,5,3,2,0
TmY31,Pm06,2,0,2,0,5,0,5,0
Tm5e,Dm11,2,0,2,0,5,0,5,0
Tm4,LTe47,2,0,2,0,5,0,5,0
Tm5f,LT66,2,1,1,0,5,2,3,0
TmY4,LPT42_Nod4,2,1,1,0,5,2,3,0
Sm39,cM08c,2,1,1,0,5,3,2,0
Sm39,Mi1,2,1,1,0,5,3,2,0
Sm39,MeTu3a,2,0,2,0,5,0,5,0
Sm39,Tm5e,2,0,2,0,5,0,5,0
Sm39,CB0816,2,1,1,0,5,2,3,0
TmY31,MeMe_e07,1,0,1,0,5,0,5,0
TmY31,LT55,2,0,2,0,5,0,5,0
Li06,LTe65,2,1,1,0,5,2,3,0
LMt4,TmY4,2,0,2,0,5,0,5,0
Dm4,TmY9q,2,1,1,0,5,3,2,0
Mi2,Li28,1,0,1,0,5,0,5,0
Y12,LMa1,1,0,1,0,5,0,5,0
LMt4,Tlp5,2,0,2,0,5,0,5,0
Y1,Pm10,2,1,1,0,5,3,2,0
Li14,LC18,2,0,2,0,5,0,5,0
Sm03,Sm20,2,1,1,0,5,2,3,0
Tm32,Mi15,2,1,1,0,5,3,2,0
Pm06,Pm13,2,1,1,0,5,3,2,0
Sm06,MTe22,2,0,2,0,5,0,5,0
Tm37,LC10e,2,1,1,0,5,2,3,0
LMt1,TmY14,2,1,1,0,5,2,3,0
Tm9,L5,2,0,2,0,5,0,5,0
T4b,mALC5,2,1,1,0,5,3,2,0
Li02,cL11,2,0,2,0,5,0,5,0
Pm12,Y4,2,0,2,0,5,0,5,0
Li08,MLt2,2,1,1,0,5,3,2,0
Tm5b,LTe37,1,0,1,0,5,0,5,0
TmY5a,Sm41,2,0,2,0,5,0,5,0
Dm18,Dm15,2,1,1,0,5,2,3,0
T2,cL09,2,1,1,0,5,3,2,0
MLt4,LTe58,1,0,1,0,5,0,5,0
Tm25,LT1b,2,0,2,0,5,0,5,0
C2,aMe4,1,0,1,0,5,0,5,0
Sm42,MeTu4d,1,0,1,0,5,0,5,0
Sm42,LC14b,2,0,2,0,5,0,5,0
Sm42,MTe39,2,1,1,0,5,3,2,0
MLt8,Tm33,2,1,1,0,5,2,3,0
Li25,LC29,2,1,1,0,5,2,3,0
Li25,LMa4,2,0,2,0,5,0,5,0
Li25,LT79,2,1,1,0,5,2,3,0
Tm21,T4b,2,0,2,0,5,0,5,0
MLt7,MeTu3c,2,0,2,0,5,0,5,0
Tm5f,LTe37,2,0,2,0,5,0,5,0
Tm7,L3,2,1,1,0,5,2,3,0
Tm8a,Sm33,2,0,2,0,5,0,5,0
Sm05,LCe09,1,0,1,0,5,0,5,0
Tm5c,LC43,2,0,2,0,5,0,5,0
Mi9,MTe41,2,0,2,0,5,0,5,0
Tm34,Pm12,1,0,1,0,5,0,5,0
Li02,cM07,2,1,1,0,5,2,3,0
Y1,Li18,2,1,1,0,5,3,2,0
TmY15,LC24,2,0,2,0,5,0,5,0
Pm08,T4d,2,1,1,0,5,3,2,0
Y12,Tm5e,2,1,1,0,5,3,2,0
Sm02,Tm2,2,0,2,0,5,0,5,0
Mi10,Sm20,2,0,2,0,5,0,5,0
Dm2,TmY14,2,1,1,0,5,3,2,0
T3,TmY31,2,0,2,0,5,0,5,0
TmY15,LPT30,2,1,1,0,5,2,3,0
Mi10,LT33,1,0,1,0,5,0,5,0
Li21,Tm5b,2,1,1,0,5,3,2,0
Li21,Y3,2,1,1,0,5,3,2,0
Li21,TmY10,1,0,1,0,5,0,5,0
Sm22,MeTu4c,1,0,1,0,5,0,5,0
Li27,Dm2,1,0,1,0,5,0,5,0
Li27,LC14a2,2,1,1,0,5,3,2,0
Tm5b,Dm10,2,1,1,0,5,3,2,0
Li08,OA-AL2b1,1,0,1,0,5,0,5,0
Li09,LTe29,2,1,1,0,5,3,2,0
Li09,LTe49c,2,0,2,0,5,0,5,0
TmY9q,LC20a,2,0,2,0,5,0,5,0
T5b,LC17,2,1,1,0,5,2,3,0
LLPt,T2a,1,0,1,0,5,0,5,0
Li05,LMt1,2,1,1,0,5,2,3,0
Li04,MLt8,2,0,2,0,5,0,5,0
MLt1,LT65,2,1,1,0,5,2,3,0
Sm07,MTe09,2,0,2,0,5,0,5,0
Sm29,MeTu3c,2,1,1,0,5,3,2,0
Li09,LT64,1,0,1,0,5,0,5,0
R7,Tm37,2,0,2,0,5,0,5,0
Sm08,Tm34,2,1,1,0,5,2,3,0
C3,MeMe_e08,2,0,2,0,5,0,5,0
Sm33,R7,2,0,2,0,5,0,5,0
Sm33,TmY4,1,0,1,0,5,0,5,0
Sm33,MLt1,2,1,1,0,5,2,3,0
Sm33,MTe46,2,1,1,0,5,2,3,0
Tm20,MTe13,2,1,1,0,5,3,2,0
Li11,LCe01a,2,1,1,0,5,3,2,0
TmY3,LPi10,2,1,1,0,5,2,3,0
LPi12,cM15,1,0,1,0,5,0,5,0
LPi12,LPT21,2,1,1,0,5,2,3,0
MLt2,Y1,2,1,1,0,5,3,2,0
Tm32,LT63,2,1,1,0,5,3,2,0
MLt5,R7,1,0,1,0,5,0,5,0
MLt5,LTe49a,2,0,2,0,5,0,5,0
Tm25,MTe51,2,1,1,0,5,2,3,0
MLt2,LTe42b,2,1,1,0,5,3,2,0
L5,R1-6,2,0,2,0,5,0,5,0
Sm07,LPLC4,1,0,1,0,5,0,5,0
Tm32,Sm21,2,1,1,0,5,3,2,0
Dm19,Tm21,2,1,1,0,5,2,3,0
Sm27,Sm25,2,1,1,0,5,3,2,0
T5a,LPi12,2,1,1,0,5,3,2,0
T5c,Li17,2,1,1,0,5,2,3,0
Li09,LTe40,2,1,1,0,5,3,2,0
Tm7,Sm20,2,0,2,0,5,0,5,0
LPi05,T5a,2,1,1,0,5,2,3,0
LPi05,cLLP02,2,0,2,0,5,0,5,0
T2,Tlp14,2,0,2,0,5,0,5,0
LPi09,LC10a,2,1,1,0,5,3,2,0
Tm27,Dm8b,2,1,1,0,5,2,3,0
TmY16,LC4,2,0,2,0,5,0,5,0
LMa1,Tlp4,2,1,1,0,5,3,2,0
Sm03,MeMe_e02,2,1,1,0,5,3,2,0
LMa1,T1,2,0,2,0,5,0,5,0
Li12,cLLP02,2,1,1,0,5,3,2,0
TmY16,MTe13,2,1,1,0,5,2,3,0
MLt4,MTe03,2,1,1,0,5,2,3,0
Tm36,cM07,2,0,2,0,5,0,5,0
TmY20,HSN,2,1,1,0,5,3,2,0
Sm10,MTe32,2,1,1,0,5,2,3,0
Sm14,Pm05,2,0,2,0,5,0,5,0
Li33,C2,1,0,1,0,5,0,5,0
Li33,LT85,2,1,1,0,5,3,2,0
Li33,LTe70,2,1,1,0,5,2,3,0
Li33,LT76,2,1,1,0,5,2,3,0
Li33,CB3089,2,1,1,0,5,2,3,0
Li33,LC44,1,0,1,0,5,0,5,0
Li33,LT83,2,1,1,0,5,3,2,0
Li33,LTe27,2,1,1,0,5,3,2,0
Li33,LTe50,2,1,1,0,5,3,2,0
Sm05,Y12,1,0,1,0,5,0,5,0
Pm14,cM06,1,0,1,0,5,0,5,0
Pm14,Sm06,2,1,1,0,5,3,2,0
Y3,Sm19,2,0,2,0,5,0,5,0
Tm7,MTe38,2,1,1,0,5,3,2,0
Tm7,Tm2,2,0,2,0,5,0,5,0
Tlp1,Tm2,2,1,1,0,5,3,2,0
Mi1,aMe4,2,1,1,0,5,3,2,0
Mi9,cLLPM01,2,1,1,0,5,3,2,0
Sm36,MTe38,2,0,2,0,5,0,5,0
Sm36,Mi10,2,0,2,0,5,0,5,0
Sm36,aMe17a2,2,0,2,0,5,0,5,0
Li01,Li04,2,1,1,0,5,3,2,0
Li01,LTe12,2,1,1,0,5,2,3,0
MLt6,mALC5,2,1,1,0,5,3,2,0
TmY5a,cLP02,2,1,1,0,5,3,2,0
Mi13,R1-6,1,0,1,0,5,0,5,0
Li08,Li31,2,1,1,0,5,2,3,0
Pm02,Pm11,2,1,1,0,5,3,2,0
T4d,Tm1,2,0,2,0,5,0,5,0
Li25,Y4,2,1,1,0,5,2,3,0
Mi1,Tm37,2,1,1,0,5,3,2,0
Pm13,TmY4,2,1,1,0,5,3,2,0
Sm35,MeTu3b,2,1,1,0,5,3,2,0
Pm03,LPi07,1,0,1,0,5,0,5,0
R7,Sm21,2,0,2,0,5,0,5,0
TmY4,MLt7,2,1,1,0,5,2,3,0
LMa2,Tm32,2,0,2,0,5,0,5,0
Y3,LT67,1,0,1,0,5,0,5,0
Dm8a,MLt3,2,0,2,0,5,0,5,0
Sm15,cLM01,2,1,1,0,5,2,3,0
Tm34,LCe01a,2,1,1,0,5,2,3,0
Dm1,R7,2,0,2,0,5,0,5,0
Tm4,cM09,2,0,2,0,5,0,5,0
Dm10,Sm15,1,0,1,0,5,0,5,0
Dm19,Dm20,2,0,2,0,5,0,5,0
Sm30,Sm19,2,0,2,0,5,0,5,0
Mi2,T5d,2,0,2,0,5,0,5,0
LPi03,LPT22,2,0,2,0,5,0,5,0
LMa1,Li25,2,0,2,0,5,0,5,0
PDt,LMa4,2,1,1,0,5,2,3,0
PDt,TmY15,2,0,2,0,5,0,5,0
Tm35,Sm39,2,1,1,0,5,3,2,0
Sm38,MTe03,2,1,1,0,5,2,3,0
Sm38,Sm05,2,1,1,0,5,3,2,0
Sm38,MTe30,2,1,1,0,5,3,2,0
MLt4,aMe20,2,0,2,0,5,0,5,0
Tm35,LTe31,2,0,2,0,5,0,5,0
Tm7,LT85,2,1,1,0,5,3,2,0
TmY16,LPi12,2,0,2,0,5,0,5,0
Li32,LTe20,1,0,1,0,5,0,5,0
Li32,LC31b,2,1,1,0,5,2,3,0
Li32,Tm16,2,1,1,0,5,2,3,0
Li32,LT75,1,0,1,0,5,0,5,0
Li32,LT66,1,0,1,0,5,0,5,0
Li32,Li07,2,0,2,0,5,0,5,0
Li32,LMt1,2,0,2,0,5,0,5,0
Tm8b,LTe17,2,1,1,0,5,2,3,0
Tm8b,LTe13,2,0,2,0,5,0,5,0
Sm08,Sm30,2,1,1,0,5,2,3,0
TmY9q,LTe47,2,0,2,0,5,0,5,0
TmY9q,LC6,2,1,1,0,5,2,3,0
Tlp4,Li13,1,0,1,0,5,0,5,0
Tm32,LC27,2,1,1,0,5,3,2,0
MLt6,TmY4,2,1,1,0,5,3,2,0
LMa2,cM07,2,1,1,0,5,3,2,0
Dm10,Sm31,1,0,1,0,5,0,5,0
MLt5,MTe12,2,1,1,0,5,2,3,0
L3,Dm18,2,1,1,0,5,2,3,0
Sm34,Sm14,2,0,2,0,5,0,5,0
Pm04,CT1,2,1,1,0,5,3,2,0
Sm18,MTe20,2,1,1,0,5,3,2,0
Li04,LT52,1,0,1,0,5,0,5,0
Li04,LTe36,2,0,2,0,5,0,5,0
Tm9,TmY20,2,1,1,0,5,3,2,0
Tm5d,LT84,2,0,2,0,5,0,5,0
TmY3,mALC4,2,1,1,0,5,3,2,0
Lat,Sm18,2,1,1,0,5,3,2,0
Tm5a,MTe45,2,1,1,0,5,2,3,0
MLt7,Dm2,2,1,1,0,5,2,3,0
CT1,LPT26,1,0,1,0,5,0,5,0
CT1,T3,2,1,1,0,5,3,2,0
CT1,OA-AL2i2,2,0,2,0,5,0,5,0
CT1,Pm07,2,1,1,0,5,3,2,0
LMt2,MLt1,2,0,2,0,5,0,5,0
T5b,cLP01,2,1,1,0,5,3,2,0
Tm3,Sm24,1,0,1,0,5,0,5,0
T4d,DNc02,2,1,1,0,5,3,2,0
Sm14,MTe12,2,1,1,0,5,2,3,0
Mi2,LPi07,2,0,2,0,5,0,5,0
Y12,OA-AL2i2,2,1,1,0,5,3,2,0
Tm5e,LT85,2,1,1,0,5,3,2,0
PDt,T3,2,1,1,0,5,3,2,0
PDt,Y3,2,0,2,0,5,0,5,0
PDt,Pm12,2,1,1,0,5,3,2,0
LMa2,Am1,2,0,2,0,5,0,5,0
Li24,cL16,2,1,1,0,5,3,2,0
Y11,Li16,1,0,1,0,5,0,5,0
T5b,Tm27,2,0,2,0,5,0,5,0
Mi15,MeMe_e09,2,1,1,0,5,2,3,0
Sm12,MeTu3b,2,1,1,0,5,3,2,0
Li06,Tlp4,2,1,1,0,5,3,2,0
Tm5a,LC36,2,0,2,0,5,0,5,0
T4c,Pm11,2,0,2,0,5,0,5,0
Sm09,Li11,2,0,2,0,5,0,5,0
Sm09,C3,1,0,1,0,5,0,5,0
Am1,LPT48_vCal3,1,0,1,0,5,0,5,0
Am1,LLPt,2,1,1,0,5,3,2,0
Am1,cM15,2,1,1,0,5,3,2,0
Am1,VS7,1,0,1,0,5,0,5,0
Tm16,Sm27,2,1,1,0,5,2,3,0
MLt1,L3,2,0,2,0,5,0,5,0
T4c,cM15,2,1,1,0,5,2,3,0
Tm3,Tm34,2,1,1,0,5,3,2,0
Tm35,Sm22,2,0,2,0,5,0,5,0
Li22,Tm4,2,1,1,0,5,2,3,0
Tm5f,LTe05,2,1,1,0,5,2,3,0
TmY31,cM05,1,0,1,0,5,0,5,0
Y1,LLPC4,2,1,1,0,5,3,2,0
Tm33,Li03,2,1,1,0,5,3,2,0
Li01,LTe63,2,1,1,0,5,3,2,0
T2,mALC4,2,1,1,0,5,3,2,0
Li03,LC37a,2,0,2,0,5,0,5,0
DmDRA2,Sm15,1,0,1,0,5,0,5,0
Tm5c,cM10,2,1,1,0,5,3,2,0
TmY9q,MLt3,1,0,1,0,5,0,5,0
Li05,LT72,2,0,2,0,5,0,5,0
Tm21,Sm42,2,1,1,0,5,2,3,0
LPi14,LPT30,1,0,1,0,5,0,5,0
C3,T5d,2,0,2,0,5,0,5,0
C3,T5b,2,0,2,0,5,0,5,0
LPi10,HSE,1,0,1,0,5,0,5,0
T2a,MeTu3c,2,0,2,0,5,0,5,0
Tm16,Sm01,2,0,2,0,5,0,5,0
TmY31,aMe26,2,1,1,0,5,2,3,0
Sm09,cM15,1,0,1,0,5,0,5,0
Sm08,LT58,2,0,2,0,5,0,5,0
Tm25,LTe76,2,0,2,0,5,0,5,0
Y12,LT87,2,1,1,0,5,2,3,0
Lawf2,CB0592,1,0,1,0,5,0,5,0
Li10,cL22a,2,1,1,0,5,3,2,0
Tm8a,LTe23,2,1,1,0,5,3,2,0
Mi4,Sm03,2,0,2,0,5,0,5,0
Pm10,TmY9q⊥,2,0,2,0,5,0,5,0
LLPt,cLPL01,2,0,2,0,5,0,5,0
Li07,LT63,2,1,1,0,5,2,3,0
TmY20,Dm10,2,0,2,0,5,0,5,0
Sm32,LTe62,1,0,1,0,5,0,5,0
Sm20,Tm3,2,0,2,0,5,0,5,0
T2,MTe13,2,0,2,0,5,0,5,0
Lawf1,R8,2,0,2,0,5,0,5,0
LPi02,LPi09,2,0,2,0,5,0,5,0
Tm27,LCe06,2,1,1,0,5,2,3,0
Dm2,LC10c,2,0,2,0,5,0,5,0
L4,Tm36,2,1,1,0,5,3,2,0
Sm03,MLt6,2,1,1,0,5,3,2,0
TmY9q⊥,cL02b,1,0,1,0,5,0,5,0
Y11,MTe34,2,1,1,0,5,3,2,0
Y11,LC26,2,1,1,0,5,2,3,0
Tm34,LTe10,2,1,1,0,5,2,3,0
TmY10,LTe40,2,1,1,0,5,3,2,0
Li10,LCe02,2,0,2,0,5,0,5,0
Li02,LTe01,2,0,2,0,5,0,5,0
Mi9,MTe46,2,1,1,0,5,3,2,0
TmY4,LT40,2,1,1,0,5,3,2,0
Tm5f,LT1b,2,1,1,0,5,3,2,0
Li10,PLP177,2,1,1,0,5,3,2,0
Sm06,OA-AL2i4,2,1,1,0,5,3,2,0
Li07,Li31,2,1,1,0,5,3,2,0
Mi15,MTe28,2,1,1,0,5,2,3,0
Sm10,Sm37,2,1,1,0,5,3,2,0
Sm06,OA-AL2i1,2,0,2,0,5,0,5,0
Li01,LC17,2,1,1,0,5,2,3,0
Tm5a,MTe01a,1,0,1,0,5,0,5,0
Tlp5,LTe52,2,1,1,0,5,3,2,0
Li17,LC22,2,0,2,0,5,0,5,0
C2,Li12,1,0,1,0,5,0,5,0
C2,LT84,1,0,1,0,5,0,5,0
Dm12,Pm05,2,1,1,0,5,3,2,0
Sm22,Sm02,2,1,1,0,5,2,3,0
Sm32,T3,2,0,2,0,5,0,5,0
Sm32,LMa5,2,1,1,0,5,2,3,0
Li17,Li19,2,0,2,0,5,0,5,0
Y4,Li11,2,1,1,0,5,3,2,0
Tm8b,LTe21,2,1,1,0,5,2,3,0
Tm8b,LTe49b,2,0,2,0,5,0,5,0
TmY20,Tm21,2,0,2,0,5,0,5,0
TmY11,OA-ASM1,2,1,1,0,5,2,3,0
Sm18,MTe15,2,1,1,0,5,3,2,0
Li12,LTe61,2,0,2,0,5,0,5,0
Li12,LTe31,2,1,1,0,5,3,2,0
Li30,Pm01,1,0,1,0,5,0,5,0
Li30,Tlp5,2,1,1,0,5,2,3,0
Li30,CB0472,2,1,1,0,5,2,3,0
Li26,T5c,2,1,1,0,5,2,3,0
Li03,LT59,2,0,2,0,5,0,5,0
TmY9q,T5d,2,1,1,0,5,3,2,0
Li06,LT1c,2,0,2,0,5,0,5,0
TmY16,Nod2,2,1,1,0,5,2,3,0
Y12,LC18,2,1,1,0,5,2,3,0
MLt2,Li08,2,1,1,0,5,2,3,0
MLt2,LT78,2,0,2,0,5,0,5,0
Sm21,Sm13,2,1,1,0,5,3,2,0
Tm32,MTe32,2,1,1,0,5,3,2,0
Pm13,MTe32,2,1,1,0,5,2,3,0
LMt2,LT11,2,1,1,0,5,3,2,0
Tm5e,Dm15,1,0,1,0,5,0,5,0
Pm05,LPi07,1,0,1,0,5,0,5,0
Tm20,LTe55,2,1,1,0,5,2,3,0
Dm1,Tm9,2,1,1,0,5,3,2,0
Tm8a,LTe40,1,0,1,0,5,0,5,0
Y12,LPi12,2,1,1,0,5,3,2,0
Y12,MTe51,2,1,1,0,5,2,3,0
Li11,Tm5c,2,1,1,0,5,3,2,0
Tm5f,LCe01a,2,1,1,0,5,2,3,0
TmY10,PLP068,2,1,1,0,5,3,2,0
Tlp1,LPT29,2,1,1,0,5,3,2,0
Tlp1,LTe32,1,0,1,0,5,0,5,0
Tm5e,LCe02,2,1,1,0,5,2,3,0
Dm3v,TmY3,2,0,2,0,5,0,5,0
Pm03,LMt2,2,1,1,0,5,3,2,0
Dm10,Li02,1,0,1,0,5,0,5,0
Tm4,Li18,2,0,2,0,5,0,5,0
Li16,Li24,2,0,2,0,5,0,5,0
Dm6,L3,2,1,1,0,5,3,2,0
Tm20,LTe74,2,1,1,0,5,2,3,0
Tm5a,LTe10,2,1,1,0,5,2,3,0
L2,Dm10,2,1,1,0,5,3,2,0
MLt2,LC25,1,0,1,0,5,0,5,0
Li29,TmY15,2,1,1,0,5,2,3,0
Li29,LC46,2,1,1,0,5,2,3,0
Li29,LTe10,2,1,1,0,5,2,3,0
Li29,LCe01b,1,0,1,0,5,0,5,0
Li29,LT65,2,1,1,0,5,3,2,0
Sm37,Sm19,2,0,2,0,5,0,5,0
Sm37,OA-AL2i4,2,1,1,0,5,2,3,0
Sm37,aMe26,2,1,1,0,5,3,2,0
Sm37,MTe02,2,0,2,0,5,0,5,0
Sm37,Sm30,2,1,1,0,5,3,2,0
TmY3,LT66,2,1,1,0,5,3,2,0
Tm5f,LTe76,2,1,1,0,5,2,3,0
Sm07,Tm20,2,1,1,0,5,2,3,0
T3,Tm16,2,1,1,0,5,2,3,0
Sm15,T2a,2,1,1,0,5,3,2,0
Sm36,MTe31,2,0,2,0,5,0,5,0
Sm13,Sm20,2,1,1,0,5,2,3,0
TmY4,OA-AL2i1,2,1,1,0,5,3,2,0
L2,Dm3v,2,1,1,0,5,3,2,0
MLt6,Mi15,2,1,1,0,5,2,3,0
Sm22,T3,2,1,1,0,5,2,3,0
LPi13,Li07,1,0,1,0,5,0,5,0
LPi13,LPT51,2,1,1,0,5,2,3,0
R1-6,LLPC2,2,0,2,0,5,0,5,0
Sm32,Tm9,2,1,1,0,5,3,2,0
Li24,LT75,2,1,1,0,5,3,2,0
Tm5c,MTe52,2,1,1,0,5,2,3,0
LMt4,T5a,2,1,1,0,5,2,3,0
Y4,OA-AL2i1,2,1,1,0,5,2,3,0
Mi2,Sm07,2,0,2,0,5,0,5,0
C2,Dm14,2,1,1,0,5,3,2,0
Lawf2,Tm33,2,0,2,0,5,0,5,0
Tm3,LTe49c,2,0,2,0,5,0,5,0
Tm5f,LC33a,2,1,1,0,5,2,3,0
Li02,MLt2,1,0,1,0,5,0,5,0
Sm38,MeMe_e01,2,1,1,0,5,3,2,0
Sm38,MLt8,2,1,1,0,5,2,3,0
Dm1,R8,2,1,1,0,5,2,3,0
Sm12,LMa5,1,0,1,0,5,0,5,0
Dm4,Dm8b,1,0,1,0,5,0,5,0
Dm8b,Sm12,2,1,1,0,5,3,2,0
Sm01,Sm12,2,1,1,0,5,3,2,0
TmY20,LCe09,2,1,1,0,5,2,3,0
Y11,MTe52,2,1,1,0,5,3,2,0
Pm09,Tm33,2,1,1,0,5,3,2,0
Li12,LTe21,2,1,1,0,5,2,3,0
TmY10,MeTu4b,2,1,1,0,5,3,2,0
MLt7,Tm36,1,0,1,0,5,0,5,0
Sm26,MeMe_e02,2,0,2,0,5,0,5,0
Tm16,cL10,2,1,1,0,5,3,2,0
Li23,LC13,2,0,2,0,5,0,5,0
Li23,Li28,2,1,1,0,5,3,2,0
Li23,cL10,1,0,1,0,5,0,5,0
Li23,LC28a,2,1,1,0,5,3,2,0
Mi13,Mi15,2,1,1,0,5,2,3,0
Tm5a,LT68,2,1,1,0,5,2,3,0
TmY9q,MTe51,2,1,1,0,5,3,2,0
Li27,LLPC4,1,0,1,0,5,0,5,0
Dm8a,L5,2,1,1,0,5,3,2,0
Li18,LT57,2,1,1,0,5,2,3,0
Sm31,cM17,2,1,1,0,5,3,2,0
LPi07,LC6,1,0,1,0,5,0,5,0
Tm32,aMe17a2,2,1,1,0,5,3,2,0
Li10,LC31c,2,1,1,0,5,3,2,0
Sm30,MTe03,2,1,1,0,5,3,2,0
Li12,LTe53,2,1,1,0,5,3,2,0
Tm5b,LTe15,2,1,1,0,5,3,2,0
Li17,cL09,2,1,1,0,5,2,3,0
T4b,Tlp14,2,1,1,0,5,2,3,0
Tm5f,Li25,2,1,1,0,5,2,3,0
Sm16,MTe28,2,1,1,0,5,3,2,0
Sm09,cM08a,2,1,1,0,5,3,2,0
Li11,Y4,2,1,1,0,5,2,3,0
Tm8b,cLLP02,2,1,1,0,5,3,2,0
R7,Tm4,2,1,1,0,5,2,3,0
Li09,cLLP02,2,1,1,0,5,3,2,0
Tm21,Li13,1,0,1,0,5,0,5,0
LMt3,Li25,2,1,1,0,5,2,3,0
LMt3,LC13,2,1,1,0,5,3,2,0
R8,Dm10,2,1,1,0,5,2,3,0
Dm15,Sm32,2,1,1,0,5,2,3,0
Tm16,Sm36,2,1,1,0,5,3,2,0
LMa3,LT51,2,1,1,0,5,2,3,0
Sm31,cM08a,2,1,1,0,5,3,2,0
MLt1,Y1,2,1,1,0,5,3,2,0
LCe06,LTe17,2,0,2,0,5,0,5,0
MeTu1,aMe17a2,2,0,2,0,5,0,5,0
LC21,LCe07,2,1,1,0,5,2,3,0
LT55,LTe51,2,2,0,0,5,5,0,0
LT55,LTe25,2,2,0,0,5,5,0,0
LT55,LT43,2,1,1,0,5,3,2,0
LT55,LTe23,2,1,1,0,5,2,3,0
LT55,aMe20,2,1,1,0,5,2,3,0
LT55,cL19,2,0,0,2,5,0,0,5
aMe5,TmY11,2,0,2,0,5,0,5,0
LC12,LC4,2,0,2,0,5,0,5,0
MTe45,LTe33,1,0,1,0,5,0,5,0
LT1d,LT82a,1,0,1,0,5,0,5,0
LT1d,LT11,2,1,1,0,5,2,3,0
LCe01,Li18,2,1,1,0,5,3,2,0
LLPC1,cLP02,1,0,1,0,5,0,5,0
MeLp1,T4a,2,1,1,0,5,3,2,0
MeLp1,cMLLP02,1,1,0,0,5,5,0,0
MeLp1,LPT23,2,2,0,0,5,5,0,0
MeLp1,T4b,2,1,1,0,5,3,2,0
MeLp1,Mi4,2,1,1,0,5,3,2,0
MeLp1,LPi05,2,2,0,0,5,5,0,0
LC14b,MLt8,2,1,1,0,5,3,2,0
LT87,OA-AL2b1,1,0,1,0,5,0,5,0
LT87,aMe17a2,1,0,1,0,5,0,5,0
LT87,LC31c,2,1,1,0,5,2,3,0
LT66,LMa2,2,2,0,0,5,5,0,0
LC28a,PLP241,2,0,2,0,5,0,5,0
cM09,LTe06,2,0,2,0,5,0,5,0
cM09,aMe20,2,0,2,0,5,0,5,0
cM09,LTe13,2,1,1,0,5,2,3,0
LC25,LCe02,2,1,1,0,5,3,2,0
LLPC1,LPi04,2,0,2,0,5,0,5,0
LT11,cML01,1,0,1,0,5,0,5,0
LT11,LT78,2,0,2,0,5,0,5,0
LT11,LT83,2,1,1,0,5,2,3,0
LT11,LT62,2,1,1,0,5,3,2,0
LT11,T5b,2,0,2,0,5,0,5,0
LT11,LTe29,2,1,1,0,5,3,2,0
cLPL01,TmY10,2,1,1,0,5,3,2,0
cLPL01,LPT30,1,0,1,0,5,0,5,0
cLPL01,TmY14,2,1,1,0,5,2,3,0
cL22a,PLP185,1,0,1,0,5,0,5,0
MeMe_e01,Tm3,2,0,2,0,5,0,5,0
MeMe_e01,Tm7,2,1,1,0,5,3,2,0
MTe46,cM16,1,0,1,0,5,0,5,0
LC14a1,LC28a,2,2,0,0,5,5,0,0
LT34,TmY5a,2,0,2,0,5,0,5,0
LT34,LC36,2,0,2,0,5,0,5,0
LT34,LTe47,1,0,1,0,5,0,5,0
LT34,LTe42a,1,0,1,0,5,0,5,0
LT34,Y4,1,0,1,0,5,0,5,0
LT34,cLLP02,2,0,2,0,5,0,5,0
LT34,LC25,2,0,2,0,5,0,5,0
LT34,LT86,1,0,1,0,5,0,5,0
LT34,Tm35,2,1,1,0,5,3,2,0
LT34,LT51,2,1,1,0,5,2,3,0
LT34,Tm36,2,1,1,0,5,2,3,0
LT34,Li29,2,1,1,0,5,2,3,0
VSm,LPT27,2,1,1,0,5,3,2,0
VSm,VS3,2,1,1,0,5,3,2,0
LPT51,LT52,1,0,1,0,5,0,5,0
cLP01,LLPC2,2,0,2,0,5,0,5,0
LPLC4,cLP04,1,0,1,0,5,0,5,0
LT42,LMa2,2,1,1,0,5,3,2,0
LT42,LC10d,2,0,2,0,5,0,5,0
LT42,LT56,1,0,1,0,5,0,5,0
LT42,Tm16,1,0,1,0,5,0,5,0
LTe15,Am1,1,0,1,0,5,0,5,0
LTe15,LC10a,1,0,1,0,5,0,5,0
LC14a1,Li02,1,1,0,0,5,5,0,0
MTe07,L5,1,0,1,0,5,0,5,0
MTe07,TmY5a,2,0,2,0,5,0,5,0
MeMe_e02,Tm5b,2,0,2,0,5,0,5,0
MeMe_e02,TmY10,2,1,1,0,5,2,3,0
LT60,DNp11,1,0,1,0,5,0,5,0
aMe12,Lawf1,2,1,1,0,5,2,3,0
LC20a,LTe64,1,0,1,0,5,0,5,0
LC46,LTe69,2,0,2,0,5,0,5,0
cLP02,Li13,2,1,1,0,5,2,3,0
MeTu4a,Mi15,2,0,2,0,5,0,5,0
LT43,LTe73,2,1,1,0,5,3,2,0
LT82a,LT87,2,1,1,0,5,2,3,0
LTe09,LC33a,1,0,1,0,5,0,5,0
MTe01b,Pm07,2,0,2,0,5,0,5,0
LC31a,LTe18,2,1,1,0,5,2,3,0
LC18,LT1c,2,0,2,0,5,0,5,0
LC34,LPLC4,2,1,1,0,5,2,3,0
LC12,Li29,2,1,1,0,5,3,2,0
MTe41,LMa2,2,1,1,0,5,3,2,0
MTe46,LPLC4,1,0,1,0,5,0,5,0
MTe51,LTe40,1,0,1,0,5,0,5,0
cL16,LTe16,2,1,1,0,5,3,2,0
cL16,LC19,2,1,1,0,5,3,2,0
cL16,LT42,1,0,1,0,5,0,5,0
cL16,LTe45,2,1,1,0,5,2,3,0
cL16,LTe05,2,1,1,0,5,2,3,0
cL16,LC10e,2,1,1,0,5,2,3,0
cL16,LTe15,2,1,1,0,5,3,2,0
LC14b,LatB,2,2,0,0,5,5,0,0
MTe01b,MTe07,2,1,1,0,5,3,2,0
LC9,LT87,2,1,1,0,5,2,3,0
MTe50,TmY4,2,1,1,0,5,3,2,0
MeTu3b,Sm09,2,0,2,0,5,0,5,0
LC25,LTe64,2,0,2,0,5,0,5,0
LC24,LTe20,1,0,1,0,5,0,5,0
cL14,LTe24,1,0,1,0,5,0,5,0
cL14,LC41,1,0,1,0,5,0,5,0
cL14,LC28a,2,1,1,0,5,2,3,0
cL14,LT84,2,1,1,0,5,3,2,0
cL14,LT70,2,1,1,0,5,2,3,0
cL14,Tm25,1,0,1,0,5,0,5,0
LC14a2,LTe29,2,2,0,0,5,5,0,0
LC14a2,cL08,1,1,0,0,5,5,0,0
LCe02,LTe50,1,0,1,0,5,0,5,0
LCe02,LTe60,1,0,1,0,5,0,5,0
LC10e,LC14b,2,0,2,0,5,0,5,0
MeMe_e08,C3,2,1,1,0,5,2,3,0
MeTu1,TmY3,2,1,1,0,5,3,2,0
cM01a,cLLP02,1,0,1,0,5,0,5,0
cM01a,TmY4,2,0,2,0,5,0,5,0
MTe29,Sm15,2,1,1,0,5,2,3,0
MTe29,cL20,1,0,1,0,5,0,5,0
cM18,MTe51,2,1,1,0,5,2,3,0
cM18,Sm15,2,0,2,0,5,0,5,0
cM18,TmY15,2,1,1,0,5,3,2,0
cM18,aMe5,1,0,1,0,5,0,5,0
cM18,MTe47,2,1,1,0,5,2,3,0
cM18,T2a,2,1,1,0,5,3,2,0
cM18,Tm9,2,1,1,0,5,2,3,0
MTe01a,cLM01,2,0,2,0,5,0,5,0
H1,T5d,2,2,0,0,5,5,0,0
H1,Tlp5,2,1,1,0,5,3,2,0
LC20b,LTe30,2,0,2,0,5,0,5,0
LT62,T2a,2,0,2,0,5,0,5,0
LCe03,LTe47,2,1,1,0,5,2,3,0
CB0816,Tm2,2,1,1,0,5,3,2,0
CB0816,Mi13,2,2,0,0,5,5,0,0
CB0816,DNc02,1,0,1,0,5,0,5,0
CB0816,L5,1,0,1,0,5,0,5,0
LC14a2,cLLP02,2,1,1,0,5,3,2,0
LC11,LC24,2,1,1,0,5,3,2,0
LT79,cL10,1,0,1,0,5,0,5,0
LT79,OA-AL2b1,1,0,1,0,5,0,5,0
LT79,aMe17a2,1,0,1,0,5,0,5,0
LT79,Li12,2,1,1,0,5,3,2,0
LT79,cL21,1,0,1,0,5,0,5,0
cM08c,Li08,2,0,2,0,5,0,5,0
cM08c,Sm37,2,1,1,0,5,3,2,0
cM08c,LTe01,2,0,2,0,5,0,5,0
cM08c,LTe56,1,0,1,0,5,0,5,0
aMe26,cM08c,2,0,2,0,5,0,5,0
aMe26,Sm41,2,1,1,0,5,3,2,0
LPLC4,PLP032,1,0,1,0,5,0,5,0
LCe04,LTe02,2,1,1,0,5,3,2,0
LPT54,Nod2,1,0,1,0,5,0,5,0
LPT54,MLt5,2,0,2,0,5,0,5,0
LPT54,Tm8b,2,1,1,0,5,2,3,0
LPT54,LPi03,2,0,2,0,5,0,5,0
LPT54,Mi9,2,1,1,0,5,2,3,0
LC34,PLP021,1,0,1,0,5,0,5,0
LMTe01,Li02,2,0,2,0,5,0,5,0
aMe9,aMe4,1,0,1,0,5,0,5,0
MeMe_e02,MeMe_e10,2,0,0,2,5,0,0,5
LC26,Li09,2,0,2,0,5,0,5,0
cL03,T5b,2,0,2,0,5,0,5,0
LC14a2,Dm16,1,1,0,0,5,5,0,0
LT69,Tm32,2,1,1,0,5,3,2,0
LT69,LTe01,2,1,1,0,5,3,2,0
cL19,Li05,2,1,1,0,5,3,2,0
cL19,OA-AL2b1,2,0,0,2,5,0,0,5
LPT45_dCal1,TmY9q,2,0,2,0,5,0,5,0
LPT23,LT39,1,0,1,0,5,0,5,0
LC21,Tm5c,2,0,2,0,5,0,5,0
LTe47,Tm5f,2,0,2,0,5,0,5,0
LTe47,TmY20,2,0,2,0,5,0,5,0
LTe47,LT51,2,0,2,0,5,0,5,0
LTe47,LC37a,1,0,1,0,5,0,5,0
LC12,LT1d,1,0,1,0,5,0,5,0
cL08,LC35,2,1,1,0,5,3,2,0
cL08,LTe18,2,1,1,0,5,3,2,0
cL08,Y4,2,1,1,0,5,3,2,0
LC28a,LCe01a,2,1,1,0,5,3,2,0
AN_multi_124,AN_multi_124,1,1,0,0,5,5,0,0
LC14a2,LT56,2,1,1,0,5,2,3,0
DNc01,T5c,2,0,2,0,5,0,5,0
DNc01,DNc01,1,1,0,0,5,5,0,0
DNc01,CT1,1,0,1,0,5,0,5,0
CB0816,Sm41,2,0,2,0,5,0,5,0
MTe54,Tm27,2,0,2,0,5,0,5,0
MTe25,Dm2,2,0,2,0,5,0,5,0
MTe25,MeTu3b,2,1,1,0,5,2,3,0
LC16,LC19,2,0,2,0,5,0,5,0
LC14a2,cL22b,2,0,2,0,5,0,5,0
cM19,LC17,2,1,1,0,5,3,2,0
LCe01a,MLt4,1,0,1,0,5,0,5,0
LTe29,LC10c,2,1,1,0,5,3,2,0
LTe29,LPLC1,2,1,1,0,5,3,2,0
LTe29,LC10b,2,1,1,0,5,2,3,0
cL10,LTe13,1,0,1,0,5,0,5,0
cL10,MLt3,2,1,1,0,5,2,3,0
cL10,LCe04,2,1,1,0,5,2,3,0
cL10,LT43,2,1,1,0,5,2,3,0
cL10,aMe19b,1,0,1,0,5,0,5,0
MeTu4c,Pm13,2,1,1,0,5,3,2,0
MeTu4c,MTe05,2,1,1,0,5,2,3,0
cM08c,LNda,1,0,1,0,5,0,5,0
aMe17b,Sm42,2,1,1,0,5,3,2,0
aMe26,Sm32,2,0,2,0,5,0,5,0
MeMe_e01,aMe17c,2,0,2,0,5,0,5,0
cL07,LC22,2,0,2,0,5,0,5,0
cL07,LT79,1,0,1,0,5,0,5,0
cL07,LC21,2,0,2,0,5,0,5,0
cL07,LC15,2,0,2,0,5,0,5,0
cM08a,Sm27,2,1,1,0,5,3,2,0
cM17,PDt,2,1,1,0,5,3,2,0
cM17,MTe03,2,1,1,0,5,2,3,0
cM17,Sm40,2,1,1,0,5,2,3,0
cM17,C2,2,1,1,0,5,3,2,0
LPT30,TmY9q⊥,2,1,1,0,5,2,3,0
LPT30,LPi04,2,1,1,0,5,3,2,0
MeMe_e01,cM08b,2,2,0,0,5,5,0,0
LLPC3,5-HTPMPV03,2,0,2,0,5,0,5,0
aMe10,MeLp1,2,0,0,2,5,0,0,5
LTe69,CB1329,1,0,1,0,5,0,5,0
OA-AL2i3,TmY31,1,0,1,0,5,0,5,0
OA-AL2i3,Sm03,2,0,2,0,5,0,5,0
OA-AL2i3,C3,2,1,1,0,5,3,2,0
OA-AL2i3,MeMe_e05,1,0,1,0,5,0,5,0
LC22,TmY9q,2,0,2,0,5,0,5,0
LC4,LC22,2,1,1,0,5,2,3,0
cM02b,MTe51,2,0,2,0,5,0,5,0
cM02b,aMe25,1,0,1,0,5,0,5,0
cM02b,Sm40,2,0,2,0,5,0,5,0
cM02b,MTe19,1,0,1,0,5,0,5,0
cM02b,Pm14,2,0,2,0,5,0,5,0
cM02b,cM12,2,1,1,0,5,2,3,0
LC14b,Tm27,2,1,1,0,5,2,3,0
LTe06,LC13,2,1,1,0,5,2,3,0
LPTe02,LLPC3,2,0,2,0,5,0,5,0
cM06,Sm32,2,1,1,0,5,3,2,0
cM06,Tm16,1,0,1,0,5,0,5,0
MeLp2,TmY5a,2,1,1,0,5,3,2,0
LC24,LT82a,2,0,2,0,5,0,5,0
MTe54,MTe27,2,0,2,0,5,0,5,0
MeTu4a,cL04,2,0,2,0,5,0,5,0
MeMe_e08,Sm07,2,1,1,0,5,3,2,0
LT72,Tm35,2,0,2,0,5,0,5,0
LT72,5-HTPMPV03,1,0,1,0,5,0,5,0
LT72,PLP004,1,0,1,0,5,0,5,0
PLP241,cL20,1,0,0,1,5,0,0,5
LPLC4,T4d,2,1,1,0,5,3,2,0
LC27,LT72,2,1,1,0,5,2,3,0
LC27,LC27,2,1,1,0,5,2,3,0
LC10c,Tm33,2,1,1,0,5,2,3,0
LC6,LMa5,2,1,1,0,5,3,2,0
LC9,Li27,2,0,2,0,5,0,5,0
cL20,TmY20,2,1,1,0,5,3,2,0
cL20,Tlp5,1,0,1,0,5,0,5,0
cL20,LTe45,1,0,1,0,5,0,5,0
cL20,Tm5a,2,1,1,0,5,2,3,0
cL20,Tm21,2,1,1,0,5,2,3,0
LC11,OA-AL2i2,2,1,1,0,5,2,3,0
LT37,LT63,2,1,1,0,5,2,3,0
LT37,Tm5d,2,1,1,0,5,2,3,0
LT37,LT55,2,1,1,0,5,3,2,0
LT37,Li03,2,0,2,0,5,0,5,0
MTe46,LatB,1,1,0,0,5,5,0,0
MTe46,aMe22,1,1,0,0,5,5,0,0
5-HTPMPV03,cM14,1,0,1,0,5,0,5,0
5-HTPMPV03,Sm22,2,1,1,0,5,2,3,0
5-HTPMPV03,cM18,2,1,1,0,5,2,3,0
MeMe_e09,Tm5a,2,0,2,0,5,0,5,0
CB2580,cL17,1,0,1,0,5,0,5,0
CB2580,cL04,1,0,1,0,5,0,5,0
LC46,PLP051,2,1,1,0,5,3,2,0
LC10b,Li32,2,0,2,0,5,0,5,0
cL21,LT61a,2,1,1,0,5,3,2,0
PLP177,LTe32,1,0,1,0,5,0,5,0
PLP177,DNp27,1,0,1,0,5,0,5,0
5-HTPMPV01,PLP251,1,0,1,0,5,0,5,0
LLPC1,LPi13,2,0,2,0,5,0,5,0
MeMe_e01,aMe26,2,2,0,0,5,5,0,0
LC10a,LC18,2,0,2,0,5,0,5,0
LPLC2,cLLP02,2,1,1,0,5,2,3,0
LC10e,MeTu4a,2,0,2,0,5,0,5,0
MTe08,Pm10,2,1,1,0,5,2,3,0
LC10d,Y4,2,0,2,0,5,0,5,0
LTe22,Li12,2,1,1,0,5,2,3,0
LTe22,Li30,2,1,1,0,5,3,2,0
LTe22,LPLC4,2,0,2,0,5,0,5,0
LTe22,LTe16,2,1,1,0,5,3,2,0
MTe42,cL20,1,0,1,0,5,0,5,0
MTe42,cL16,1,0,1,0,5,0,5,0
MTe42,cM11,1,0,1,0,5,0,5,0
MTe42,LPT51,1,0,1,0,5,0,5,0
MTe42,Sm42,2,1,1,0,5,3,2,0
cL18,LTe03,2,1,1,0,5,3,2,0
cL18,LT58,2,0,2,0,5,0,5,0
aMe17c,Sm41,2,1,1,0,5,2,3,0
aMe17c,R7,1,0,1,0,5,0,5,0
MeTu1,Sm22,2,0,2,0,5,0,5,0
MeMe_e06,LTe71,1,1,0,0,5,5,0,0
MeMe_e06,Sm41,1,1,0,0,5,5,0,0
MeMe_e06,MeMe_e09,2,0,0,2,5,0,0,5
LT82a,LT62,2,1,1,0,5,3,2,0
MTe12,Sm36,2,1,1,0,5,2,3,0
LTe30,LC9,2,1,1,0,5,3,2,0
LTe30,LTe75,2,1,1,0,5,3,2,0
LTe30,LT77,2,1,1,0,5,2,3,0
LTe30,Tm5e,2,1,1,0,5,2,3,0
LPT50,TmY11,2,2,0,0,5,5,0,0
LPT50,TmY3,1,1,0,0,5,5,0,0
LTe58,LTe69,2,1,1,0,5,2,3,0
cM07,Dm3p,2,0,2,0,5,0,5,0
cM07,LC14b,2,1,1,0,5,3,2,0
cM07,LTe64,2,0,2,0,5,0,5,0
cM07,LTe02,2,1,1,0,5,3,2,0
cM07,cM17,2,1,1,0,5,2,3,0
LTe19,cLLP02,1,0,1,0,5,0,5,0
LT83,LC14a2,2,1,1,0,5,2,3,0
LT83,LT63,1,0,1,0,5,0,5,0
MTe07,Tm8a,2,0,2,0,5,0,5,0
MeTu4a,MTe24,2,1,1,0,5,3,2,0
LC31b,cMLLP01,1,0,1,0,5,0,5,0
LC31b,LT87,2,1,1,0,5,3,2,0
HBeyelet,MTe40,1,0,1,0,5,0,5,0
cM19,MTe08,2,1,1,0,5,2,3,0
CB0802,LT66,1,0,1,0,5,0,5,0
mALD1,LC10b,2,0,2,0,5,0,5,0
mALD1,CB3790,1,0,1,0,5,0,5,0
mALD1,PLP004,1,0,1,0,5,0,5,0
MTe48,aMe13,1,0,1,0,5,0,5,0
LC17,LT61b,2,1,1,0,5,2,3,0
LTe11,LT73,1,0,1,0,5,0,5,0
MTe14,Sm06,2,0,2,0,5,0,5,0
MTe14,MTe21,1,0,1,0,5,0,5,0
LC25,LLPt,2,1,1,0,5,3,2,0
cLLP02,LC6,2,0,2,0,5,0,5,0
cLLP02,LT40,2,0,2,0,5,0,5,0
cLLP02,LC39,2,1,1,0,5,2,3,0
LT63,Tm35,2,1,1,0,5,3,2,0
LTe26,LT58,2,1,1,0,5,3,2,0
LTe26,LC10d,2,0,2,0,5,0,5,0
LTe26,Li13,2,0,2,0,5,0,5,0
LTe26,LC10a,2,0,2,0,5,0,5,0
LTe26,LPLC2,2,1,1,0,5,3,2,0
LTe26,LC26,2,0,2,0,5,0,5,0
LTe26,TmY20,2,0,2,0,5,0,5,0
CB3833,Pm10,2,0,2,0,5,0,5,0
MeMe_e06,Sm14,2,0,2,0,5,0,5,0
LC14b,LT1b,2,2,0,0,5,5,0,0
LCe03,Li29,2,1,1,0,5,3,2,0
LT1a,Li24,2,0,2,0,5,0,5,0
LT1a,MTe08,1,0,1,0,5,0,5,0
DNp11,LT62,2,1,1,0,5,3,2,0
DNp11,CB3238,1,0,0,1,5,0,0,5
LCe07,Li21,2,0,2,0,5,0,5,0
DNp30,T4a,2,1,1,0,5,3,2,0
LTe41,Li32,2,1,1,0,5,2,3,0
LTe41,LTe45,2,1,1,0,5,3,2,0
LTe41,Tm5e,1,0,1,0,5,0,5,0
MTe53,LC33a,1,0,1,0,5,0,5,0
MTe53,aMe1,2,1,1,0,5,2,3,0
MeMe_e07,Pm14,1,1,0,0,5,5,0,0
LC28a,Tm27,2,1,1,0,5,3,2,0
MeTu1,Sm13,2,0,2,0,5,0,5,0
LTe04,cM09,2,1,1,0,5,2,3,0
LTe04,LT77,2,1,1,0,5,3,2,0
LC28a,LTe25,1,0,1,0,5,0,5,0
LT52,Tm7,2,1,1,0,5,2,3,0
MeTu4d,cLLP02,1,0,1,0,5,0,5,0
LT38,Y11,2,1,1,0,5,2,3,0
LT38,LTe51,2,0,2,0,5,0,5,0
LT38,cLM01,1,0,1,0,5,0,5,0
LT38,Li29,2,1,1,0,5,3,2,0
LT38,Tm7,2,0,2,0,5,0,5,0
cL17,LT78,2,1,1,0,5,2,3,0
cL17,LT85,1,0,1,0,5,0,5,0
cL17,LC11,2,1,1,0,5,2,3,0
cL17,LTe36,2,1,1,0,5,3,2,0
cLLPM01,Pm03,2,1,1,0,5,2,3,0
LCe05,LC33a,1,0,1,0,5,0,5,0
LT59,LT43,1,0,1,0,5,0,5,0
LT59,LT65,2,1,1,0,5,3,2,0
LTe20,Li31,2,1,1,0,5,2,3,0
LTe20,LTe12,2,1,1,0,5,3,2,0
LTe20,T3,1,0,1,0,5,0,5,0
LTe20,TmY16,1,0,1,0,5,0,5,0
cM02a,Tm8a,2,1,1,0,5,2,3,0
cM02a,Sm24,2,1,1,0,5,2,3,0
cM02a,aMe26,2,1,1,0,5,3,2,0
cM02a,TmY4,2,0,2,0,5,0,5,0
cM02a,MeTu3c,2,1,1,0,5,3,2,0
LC22,LC35,2,1,1,0,5,3,2,0
LC10a,TmY20,2,0,2,0,5,0,5,0
LPT28,OA-AL2i1,2,1,1,0,5,3,2,0
LC14b,Li11,2,1,1,0,5,3,2,0
DN1-l,cL10,1,0,1,0,5,0,5,0
LC37a,LC29,2,0,2,0,5,0,5,0
MTe51,MeTu4a,2,0,2,0,5,0,5,0
LC29,Li30,2,1,1,0,5,2,3,0
LC10d,Tm37,2,0,2,0,5,0,5,0
MeTu3c,MTe50,2,0,2,0,5,0,5,0
LT64,LTe14,2,1,1,0,5,3,2,0
LT57,LTe46,2,0,2,0,5,0,5,0
LT74,cML01,1,0,1,0,5,0,5,0
LT74,TmY9q⊥,2,0,2,0,5,0,5,0
LC18,Li26,2,1,1,0,5,2,3,0
LTe35,Li33,2,1,1,0,5,3,2,0
mALD2,LCe01a,1,0,1,0,5,0,5,0
mALD2,MeTu4c,2,0,2,0,5,0,5,0
mALD2,cL05,1,0,1,0,5,0,5,0
mALD2,MLt8,2,1,1,0,5,3,2,0
MTe06,MeMe_e05,2,1,1,0,5,3,2,0
MTe06,aMe8,1,0,1,0,5,0,5,0
cL18,LC21,2,0,2,0,5,0,5,0
MeMe_e05,Tm33,2,1,1,0,5,2,3,0
MeMe_e05,MLt2,2,1,1,0,5,2,3,0
MeMe_e05,Sm18,2,1,1,0,5,2,3,0
MeMe_e05,MLt5,2,0,2,0,5,0,5,0
MeMe_e05,MTe30,2,1,1,0,5,3,2,0
MeMe_e05,Sm41,2,0,2,0,5,0,5,0
MeMe_e05,cL17,1,0,0,1,5,0,0,5
aMe4,aMe19a,2,0,2,0,5,0,5,0
LCe02,Li33,2,0,2,0,5,0,5,0
OA-AL2b1,aMe20,2,1,1,0,5,3,2,0
OA-AL2b1,LC20b,2,2,0,0,5,5,0,0
OA-AL2b1,LTe30,2,1,1,0,5,3,2,0
OA-AL2b1,LTe48,1,1,0,0,5,5,0,0
OA-AL2b1,cL04,2,1,1,0,5,2,3,0
OA-AL2b1,LTe42c,2,1,1,0,5,2,3,0
OA-AL2b1,LTe62,2,1,1,0,5,2,3,0
OA-AL2b1,aMe9,1,0,0,1,5,0,0,5
LT57,LCe06,2,1,1,0,5,3,2,0
LT57,Tm35,2,0,2,0,5,0,5,0
LLPC2,TmY16,2,1,1,0,5,2,3,0
LC33a,LC14a2,2,0,2,0,5,0,5,0
LC33a,LC36,2,1,1,0,5,2,3,0
MTe03,Li10,2,0,2,0,5,0,5,0
MTe03,LC34,2,0,2,0,5,0,5,0
MTe03,LTe38a,2,0,2,0,5,0,5,0
LTe07,LT36,1,0,1,0,5,0,5,0
LTe42a,LC13,2,0,2,0,5,0,5,0
LTe42a,Li08,2,0,2,0,5,0,5,0
LTe42a,Tm31,2,0,2,0,5,0,5,0
cLM01,Pm13,2,1,1,0,5,2,3,0
cLM01,LC10b,2,1,1,0,5,3,2,0
cLM01,LC13,2,1,1,0,5,3,2,0
cLM01,MTe34,1,0,1,0,5,0,5,0
cLM01,T2a,2,1,1,0,5,2,3,0
LC10a,TmY16,2,1,1,0,5,2,3,0
cM11,Sm23,2,0,2,0,5,0,5,0
cM11,Li17,1,0,1,0,5,0,5,0
cM11,Tm20,1,0,1,0,5,0,5,0
cM11,LT51,1,0,1,0,5,0,5,0
cM11,LC40,1,0,1,0,5,0,5,0
cM11,LMTe01,2,0,2,0,5,0,5,0
cM01c,MTe25,2,1,1,0,5,3,2,0
cM01c,MLt8,2,1,1,0,5,2,3,0
LPT48_vCal3,AOTU065,1,0,0,1,5,0,0,5
MeTu3c,MeTu4c,2,1,1,0,5,3,2,0
cMLLP02,cML01,1,0,1,0,5,0,5,0
cMLLP02,LPT23,2,1,1,0,5,2,3,0
MTe04,aMe9,2,0,2,0,5,0,5,0
LT68,MLt1,2,0,2,0,5,0,5,0
LT68,LCe01b,2,1,1,0,5,3,2,0
LTe64,TmY16,1,0,1,0,5,0,5,0
LC20a,Tm5f,2,1,1,0,5,3,2,0
OA-AL2i2,LT87,2,1,1,0,5,3,2,0
OA-AL2i2,MLt1,2,1,1,0,5,3,2,0
LC14a1,LT1c,2,1,1,0,5,3,2,0
aMe12,MeMe_e06,2,1,1,0,5,2,3,0
LC20b,cL14,2,0,2,0,5,0,5,0
MTe19,Dm2,2,1,1,0,5,3,2,0
MTe05,MeTu3b,2,1,1,0,5,2,3,0
LC41,LTe58,1,0,1,0,5,0,5,0
cL12,cL11,1,0,1,0,5,0,5,0
cL12,PLP251,2,1,1,0,5,2,3,0
cL12,LTe75,2,1,1,0,5,3,2,0
MeMe_e03,aMe17b,2,1,1,0,5,3,2,0
MeMe_e03,Tm5e,2,1,1,0,5,3,2,0
MeMe_e03,Tm31,2,2,0,0,5,5,0,0
MeMe_e08,Tm2,2,0,2,0,5,0,5,0
cL01,cM16,1,0,0,1,5,0,0,5
cL01,LTe21,2,1,1,0,5,3,2,0
VS3,LPLC1,1,0,1,0,5,0,5,0
LC14b,LPi04,2,1,1,0,5,2,3,0
LTe02,LTe07,2,0,2,0,5,0,5,0
LC11,Li29,2,0,2,0,5,0,5,0
cLP05,LPi05,2,1,1,0,5,2,3,0
cLP05,LPT53,1,0,1,0,5,0,5,0
cLP05,TmY20,2,1,1,0,5,2,3,0
LTe24,LTe40,1,0,1,0,5,0,5,0
LTe24,LTe33,2,1,1,0,5,3,2,0
LTe24,LTe30,1,0,1,0,5,0,5,0
LTe24,LC46,2,1,1,0,5,3,2,0
MTe47,Tm3,2,1,1,0,5,3,2,0
MTe47,CB0592,2,0,0,2,5,0,0,5
MeMe_e03,Sm36,1,0,1,0,5,0,5,0
MTe33,Tm5f,2,1,1,0,5,2,3,0
MTe33,MTe32,2,1,1,0,5,2,3,0
MeMe_e08,MeMe_e01,1,0,0,1,5,0,0,5
LC20b,cL13,1,0,1,0,5,0,5,0
MeMe_e02,cM01b,1,0,1,0,5,0,5,0
cM03,Pm14,2,1,1,0,5,3,2,0
LC15,Tm5d,2,0,2,0,5,0,5,0
cML02,Y4,2,0,2,0,5,0,5,0
cML02,T5a,2,1,1,0,5,2,3,0
LC29,PLP241,1,0,1,0,5,0,5,0
LPT26,LPT30,1,0,1,0,5,0,5,0
MeTu3c,Dm11,2,0,2,0,5,0,5,0
aMe19b,MLt4,2,1,1,0,5,3,2,0
aMe19b,Sm02,2,1,1,0,5,2,3,0
aMe19b,Sm11,2,1,1,0,5,2,3,0
LT40,Y1,2,0,2,0,5,0,5,0
LT40,LT47,1,0,1,0,5,0,5,0
LC40,LC27,2,1,1,0,5,3,2,0
MTe52,Sm31,2,1,1,0,5,3,2,0
MeMe_e04,Sm25,2,0,2,0,5,0,5,0
LC25,TmY10,2,1,1,0,5,2,3,0
LC22,LTe42c,2,1,1,0,5,2,3,0
LC26,LC20a,1,0,1,0,5,0,5,0
AN_multi_125,MLt4,1,0,1,0,5,0,5,0
LC10e,MeTu4c,2,0,2,0,5,0,5,0
aMe17a2,L5,2,1,1,0,5,3,2,0
aMe17a2,Tm36,2,1,1,0,5,3,2,0
aMe17a2,MTe30,2,1,1,0,5,2,3,0
aMe17a2,Tm3,2,1,1,0,5,3,2,0
aMe17a2,Dm17,2,1,1,0,5,3,2,0
aMe17a2,Sm14,2,1,1,0,5,2,3,0
aMe17a2,aMe17a1,2,1,1,0,5,2,3,0
aMe17a2,Sm37,2,1,1,0,5,2,3,0
PLP231,LC10a,1,0,1,0,5,0,5,0
LLPC2,vCal1,2,0,2,0,5,0,5,0
LC10e,LTe01,2,0,2,0,5,0,5,0
mALC3,TmY5a,2,0,2,0,5,0,5,0
LPLC4,LTe29,1,0,1,0,5,0,5,0
MeTu2a,cM11,1,0,1,0,5,0,5,0
MeTu2a,Sm03,2,1,1,0,5,2,3,0
MeTu2a,Tm1,2,0,2,0,5,0,5,0
MeTu2a,Dm2,2,0,2,0,5,0,5,0
LC21,LC26,2,1,1,0,5,2,3,0
LC21,TmY14,2,0,2,0,5,0,5,0
LCe09,LTe09,2,0,2,0,5,0,5,0
MeTu4a,LC14b,2,1,1,0,5,3,2,0
l-LNv,L2,1,0,1,0,5,0,5,0
AVLP151,CB3089,1,0,1,0,5,0,5,0
AVLP151,MLt4,2,1,1,0,5,2,3,0
AVLP151,cL20,1,0,1,0,5,0,5,0
VS4,LPi15,2,1,1,0,5,3,2,0
MTe51,LTe69,1,0,1,0,5,0,5,0
MTe51,Tm8b,2,1,1,0,5,2,3,0
LC39,MLt3,2,1,1,0,5,2,3,0
LC39,LC14a1,2,1,1,0,5,2,3,0
LC39,LTe03,2,1,1,0,5,2,3,0
mALC5,Li33,2,1,1,0,5,2,3,0
mALC5,Tm21,2,1,1,0,5,3,2,0
mALC5,Dm20,2,0,2,0,5,0,5,0
mALC5,LCe01b,2,1,1,0,5,2,3,0
mALC5,LTe62,2,1,1,0,5,3,2,0
MeMe_e07,Pm04,2,0,2,0,5,0,5,0
MeMe_e07,Tm5a,2,0,2,0,5,0,5,0
MeMe_e07,Lawf2,2,2,0,0,5,5,0,0
MeMe_e07,cM06,2,0,2,0,5,0,5,0
cM13,Mi15,2,1,1,0,5,3,2,0
cM13,cM09,2,1,1,0,5,2,3,0
cM13,MTe23,2,1,1,0,5,2,3,0
LPT22,T5a,2,1,1,0,5,3,2,0
CB0816,LatB,1,0,1,0,5,0,5,0
LLPC4,cL15,1,0,1,0,5,0,5,0
LTe38c,LC28a,2,1,1,0,5,3,2,0
LTe38c,PLP004,1,0,1,0,5,0,5,0
MeMe_e07,Tm5c,2,2,0,0,5,5,0,0
MTe03,Pm14,2,0,2,0,5,0,5,0
OA-ASM1,cM15,2,2,0,0,5,5,0,0
OA-ASM1,LTe05,2,2,0,0,5,5,0,0
OA-ASM1,OA-AL2b1,2,0,0,2,5,0,0,5
OA-ASM1,TmY9q,2,2,0,0,5,5,0,0
LTe05,LCe08,1,0,1,0,5,0,5,0
LTe40,CB2216,1,0,1,0,5,0,5,0
MTe06,MeMe_e10,2,0,2,0,5,0,5,0
LC37a,LTe49d,2,1,1,0,5,3,2,0
VS7,cM01b,1,0,1,0,5,0,5,0
LT1b,LC21,2,0,2,0,5,0,5,0
LT86,LCe07,1,0,0,1,5,0,0,5
LT86,cLP04,1,0,1,0,5,0,5,0
LT86,Li30,2,1,1,0,5,3,2,0
cM08c,CB1329,1,0,1,0,5,0,5,0
cM08c,C2,1,0,1,0,5,0,5,0
cM08c,LTe25,2,1,1,0,5,2,3,0
MTe04,MC65,2,1,1,0,5,2,3,0
PLP231,aMe8,1,0,0,1,5,0,0,5
LC13,LT83,2,1,1,0,5,2,3,0
cL21,LT1a,2,1,1,0,5,2,3,0
LTe45,LTe14,2,1,1,0,5,2,3,0
LTe45,Li13,2,0,2,0,5,0,5,0
LC12,LMa2,2,0,2,0,5,0,5,0
LT68,LTe22,2,1,1,0,5,2,3,0
LC21,LTe08,2,1,1,0,5,3,2,0
LC11,cMLLP01,1,0,1,0,5,0,5,0
s-LNva,cM08c,1,0,1,0,5,0,5,0
MTe36,LC37a,1,0,1,0,5,0,5,0
LC16,LC24,2,1,1,0,5,2,3,0
MTe04,Sm30,2,1,1,0,5,3,2,0
MTe04,Dm8a,2,1,1,0,5,2,3,0
cM08a,Sm32,2,1,1,0,5,2,3,0
LT56,mALC4,2,1,1,0,5,2,3,0
LT56,Pm01,1,0,1,0,5,0,5,0
LT56,cL08,2,1,1,0,5,3,2,0
PLP051,LTe19,1,0,0,1,5,0,0,5
LAL047,cL06,1,0,1,0,5,0,5,0
LAL047,PLP174,1,0,1,0,5,0,5,0
MTe37,MTe26,1,0,1,0,5,0,5,0
MTe37,CB0816,2,1,1,0,5,2,3,0
MTe37,cL16,1,0,1,0,5,0,5,0
MTe37,MeMe_e04,2,1,1,0,5,3,2,0
MTe37,aMe19b,1,0,1,0,5,0,5,0
MTe37,MTe51,2,1,1,0,5,2,3,0
Nod1,HSS,2,0,2,0,5,0,5,0
LPT58,OA-AL2i1,2,1,1,0,5,2,3,0
LPT58,LPi05,2,1,1,0,5,2,3,0
LC21,LTe18,2,1,1,0,5,2,3,0
LC21,LTe30,1,0,1,0,5,0,5,0
LC21,TmY10,2,0,2,0,5,0,5,0
MeMe_e09,aMe9,2,0,0,2,5,0,0,5
MeMe_e09,MTe48,1,1,0,0,5,5,0,0
LTe33,LC26,2,1,1,0,5,2,3,0
LTe33,Li13,2,1,1,0,5,2,3,0
LTe33,Li05,2,1,1,0,5,2,3,0
LTe60,LC10e,2,1,1,0,5,2,3,0
LTe60,aMe20,2,1,1,0,5,3,2,0
LTe60,Li33,2,1,1,0,5,3,2,0
LTe60,cM08c,2,0,2,0,5,0,5,0
LTe60,TmY10,2,1,1,0,5,3,2,0
LC10d,LTe57,2,1,1,0,5,3,2,0
CB0472,LPLC4,2,0,2,0,5,0,5,0
CB0472,Li30,2,1,1,0,5,2,3,0
CB0472,Li12,1,0,1,0,5,0,5,0
MeTu3b,cM03,2,0,2,0,5,0,5,0
MTe47,LMt2,2,1,1,0,5,3,2,0
LC46,Li33,2,1,1,0,5,3,2,0
LPT42_Nod4,LPT21,1,0,0,1,5,0,0,5
LC10b,cL16,2,1,1,0,5,3,2,0
LT73,LTe24,2,0,2,0,5,0,5,0
LT65,Li17,2,0,2,0,5,0,5,0
LT65,Tm8b,1,0,1,0,5,0,5,0
LT65,LC10e,2,1,1,0,5,2,3,0
LT65,cL22b,2,1,1,0,5,2,3,0
LT65,LT57,2,1,1,0,5,3,2,0
OA-AL2b2,aMe24,1,0,1,0,5,0,5,0
cL01,cL14,2,1,1,0,5,2,3,0
LC24,LCe03,2,1,1,0,5,3,2,0
MC65,LTe11,2,1,1,0,5,2,3,0
LT61b,cML01,1,0,1,0,5,0,5,0
LT61b,LT73,2,0,2,0,5,0,5,0
LT61b,MTe08,1,0,1,0,5,0,5,0
LT61b,LC31c,1,0,1,0,5,0,5,0
LT61b,LT61a,2,1,1,0,5,2,3,0
LT61b,LTe64,2,0,2,0,5,0,5,0
LT61b,LT1a,2,1,1,0,5,3,2,0
LT61b,LC29,2,1,1,0,5,3,2,0
LTe64,cLLPM02,1,0,1,0,5,0,5,0
LC16,LTe08,1,0,1,0,5,0,5,0
LC16,Tm5c,2,1,1,0,5,2,3,0
LC16,Li28,2,1,1,0,5,2,3,0
MeMe_e10,MeTu4a,2,2,0,0,5,5,0,0
CB0592,Sm23,2,1,1,0,5,3,2,0
CB0592,Li24,2,2,0,0,5,5,0,0
CB0592,cL20,1,1,0,0,5,5,0,0
CB0592,LC4,1,1,0,0,5,5,0,0
CB0592,LPi14,2,2,0,0,5,5,0,0
CB0592,Mi1,2,1,1,0,5,2,3,0
CB0592,LT62,2,1,1,0,5,3,2,0
CB0592,LC35,2,1,1,0,5,2,3,0
CB0592,LPi13,2,1,1,0,5,2,3,0
LMTe01,Tm8a,2,0,2,0,5,0,5,0
LMTe01,LT52,2,0,2,0,5,0,5,0
LMTe01,LT76,2,1,1,0,5,3,2,0
cL01,Li13,2,1,1,0,5,2,3,0
LC13,APDN3,1,0,1,0,5,0,5,0
cLLPM01,LMa1,2,1,1,0,5,2,3,0
LC21,LTe65,2,0,2,0,5,0,5,0
LT78,LLPt,2,1,1,0,5,3,2,0
MTe24,MTe17,1,0,1,0,5,0,5,0
MTe54,T3,2,0,2,0,5,0,5,0
MTe03,Sm06,2,0,2,0,5,0,5,0
LT78,cLP04,1,0,1,0,5,0,5,0
LT78,cL07,1,0,1,0,5,0,5,0
cL06,LT59,2,1,1,0,5,3,2,0
cL06,LT63,1,0,1,0,5,0,5,0
cL06,LTe74,1,0,1,0,5,0,5,0
cL06,LTe53,1,0,1,0,5,0,5,0
cL06,cLP04,1,0,1,0,5,0,5,0
cL06,Li12,2,1,1,0,5,3,2,0
cL06,LLPt,2,1,1,0,5,2,3,0
cL06,LT57,1,0,1,0,5,0,5,0
LT53,LPLC2,2,0,2,0,5,0,5,0
LT53,LTe51,2,0,2,0,5,0,5,0
LT53,LC37a,2,0,2,0,5,0,5,0
MTe05,Sm21,2,0,2,0,5,0,5,0
MTe05,Sm18,2,0,2,0,5,0,5,0
MeTu3c,MeTu4a,2,1,1,0,5,2,3,0
cM12,Sm31,2,1,1,0,5,2,3,0
cM12,MTe03,2,1,1,0,5,3,2,0
cM12,OA-AL2i4,2,1,1,0,5,3,2,0
MTe16,Sm03,2,1,1,0,5,2,3,0
5-HTPMPV03,Tm33,2,0,2,0,5,0,5,0
5-HTPMPV03,LT59,1,0,1,0,5,0,5,0
5-HTPMPV03,Sm40,2,0,2,0,5,0,5,0
CB0566,Tm27,2,1,1,0,5,3,2,0
CB0566,MTe33,2,1,1,0,5,3,2,0
CB0566,aMe17b,2,1,1,0,5,2,3,0
LC19,cL22a,2,0,2,0,5,0,5,0
LC19,LT59,1,0,1,0,5,0,5,0
LT74,LC31b,2,0,2,0,5,0,5,0
LT74,LMt1,2,1,1,0,5,2,3,0
LC28a,Am1,1,0,1,0,5,0,5,0
LC28a,LPi05,1,0,1,0,5,0,5,0
VCH,cMLLP02,2,1,1,0,5,2,3,0
VCH,Nod1,2,1,1,0,5,3,2,0
LT84,LTe08,2,1,1,0,5,3,2,0
LT84,LTe02,2,0,2,0,5,0,5,0
LT84,Tm5c,2,1,1,0,5,3,2,0
LTe31,Li01,2,1,1,0,5,3,2,0
LLPC3,OA-AL2i1,2,1,1,0,5,2,3,0
OA-AL2b2,aMe12,2,0,1,1,5,0,3,2
OA-AL2b2,Tm5f,2,1,1,0,5,3,2,0
MTe51,Sm27,1,0,1,0,5,0,5,0
MTe51,T2,2,0,2,0,5,0,5,0
aMe22,LTe23,1,0,1,0,5,0,5,0
LC4,LT41,2,1,1,0,5,2,3,0
cL22b,LT53,2,0,2,0,5,0,5,0
cL22b,CB3089,2,1,1,0,5,2,3,0
cL22b,LTe16,2,1,1,0,5,3,2,0
cL22b,LTe35,2,1,1,0,5,3,2,0
cL22b,Li23,2,1,1,0,5,2,3,0
cLP03,Tm9,1,0,1,0,5,0,5,0
cM01b,Tm5a,1,0,1,0,5,0,5,0
cM01b,Sm06,2,1,1,0,5,2,3,0
cM01b,cM02b,1,0,1,0,5,0,5,0
AN_multi_124,Lawf1,2,2,0,0,5,5,0,0
AN_multi_124,DNg33,1,1,0,0,5,5,0,0
cM08b,CB0816,1,0,1,0,5,0,5,0
cM08b,MeTu4d,2,1,1,0,5,2,3,0
cM08b,MTe06,1,0,1,0,5,0,5,0
cL02a,LPT31,2,0,2,0,5,0,5,0
cL02a,TmY9q⊥,2,0,2,0,5,0,5,0
cM14,PDt,2,1,1,0,5,3,2,0
cM14,cM08c,2,1,1,0,5,3,2,0
cM14,Sm17,2,1,1,0,5,3,2,0
LT53,LT66,2,1,1,0,5,2,3,0
cLP04,PLP051,1,0,1,0,5,0,5,0
LC14b,LT1d,1,1,0,0,5,5,0,0
LC14b,LLPC4,1,1,0,0,5,5,0,0
LC14b,Pm04,1,1,0,0,5,5,0,0
MeMe_e01,Sm09,2,2,0,0,5,5,0,0
LT63,LC46,2,1,1,0,5,3,2,0
LT63,LTe32,2,1,1,0,5,2,3,0
DNp27,cL16,1,0,1,0,5,0,5,0
DNp27,LT42,1,1,0,0,5,5,0,0
DNp27,LC31a,1,0,1,0,5,0,5,0
DNp27,LMa3,1,0,1,0,5,0,5,0
MTe17,Sm15,2,0,2,0,5,0,5,0
MTe17,Sm37,2,1,1,0,5,2,3,0
MTe17,Sm30,2,0,2,0,5,0,5,0
LCe01a,LC39,2,1,1,0,5,3,2,0
MTe47,CB0802,1,0,1,0,5,0,5,0
LT51,LC10a,2,1,1,0,5,2,3,0
LC9,LTe49a,2,1,1,0,5,3,2,0
MTe22,aMe17a2,1,0,1,0,5,0,5,0
MTe22,Sm12,2,1,1,0,5,2,3,0
MTe22,Sm19,2,0,2,0,5,0,5,0
LC35,LC21,2,1,1,0,5,2,3,0
LT53,LTe65,2,1,1,0,5,3,2,0
MTe12,PLP215,1,0,1,0,5,0,5,0
PLP021,LPLC4,1,0,1,0,5,0,5,0
PLP021,LTe49d,1,0,1,0,5,0,5,0
PLP021,MTe02,1,0,1,0,5,0,5,0
MTe51,MeTu1,2,0,2,0,5,0,5,0
HSE,VS6,2,1,1,0,5,3,2,0
HSE,Tlp5,2,1,1,0,5,3,2,0
HSE,LPT04_HST,2,1,1,0,5,2,3,0
CB2197,LT65,1,0,1,0,5,0,5,0
CB2197,cL11,1,0,1,0,5,0,5,0
CB2197,LC33a,1,0,1,0,5,0,5,0
DNp27,LC20a,1,1,0,0,5,5,0,0
DNp27,LC17,2,0,2,0,5,0,5,0
LTe52,Tm5e,2,1,1,0,5,3,2,0
LTe52,LC16,2,1,1,0,5,3,2,0
LTe52,LC31b,2,0,2,0,5,0,5,0
LTe52,Li10,2,1,1,0,5,2,3,0
OA-AL2i3,L1,2,1,1,0,5,2,3,0
OA-ASM1,Mi2,2,2,0,0,5,5,0,0
OA-ASM1,LT42,2,2,0,0,5,5,0,0
LTe27,Tm35,2,1,1,0,5,2,3,0
LTe27,LC10e,2,1,1,0,5,3,2,0
MTe03,MTe32,2,1,1,0,5,3,2,0
LTe38a,LTe38a,1,0,1,0,5,0,5,0
LT80,Li16,1,0,1,0,5,0,5,0
LPT49,LPT23,1,0,1,0,5,0,5,0
LPT49,VST2,2,0,2,0,5,0,5,0
LC21,LT65,2,1,1,0,5,3,2,0
cM03,Tm34,2,1,1,0,5,3,2,0
LCe07,LC35,2,0,2,0,5,0,5,0
LC40,Tm5c,2,1,1,0,5,2,3,0
LTe65,LT51,2,1,1,0,5,2,3,0
LC14a2,Li23,1,0,1,0,5,0,5,0
LTe58,LC10d,2,1,1,0,5,3,2,0
MeTu3a,Sm08,2,1,1,0,5,3,2,0
LT76,LTe26,2,1,1,0,5,2,3,0
MeMe_e07,T5d,2,0,2,0,5,0,5,0
LLPC1,T4d,2,1,1,0,5,2,3,0
CB3238,LTe61,1,0,1,0,5,0,5,0
CB3238,LC19,2,1,1,0,5,3,2,0
cLP03,CB0802,1,0,1,0,5,0,5,0
LTe67,LC33a,2,1,1,0,5,2,3,0
LTe67,cM09,2,1,1,0,5,3,2,0
mALC4,Li20,2,1,1,0,5,2,3,0
mALC4,LT56,2,1,1,0,5,3,2,0
mALC4,DNp11,1,0,1,0,5,0,5,0
LTe66,LC14a2,2,1,1,0,5,3,2,0
MTe40,MTe32,1,0,1,0,5,0,5,0
MTe40,LT36,1,0,1,0,5,0,5,0
MTe40,MTe30,1,0,1,0,5,0,5,0
MTe40,Lawf1,2,1,1,0,5,2,3,0
MTe40,MeMe_e02,2,1,1,0,5,3,2,0
LTe59,LT52,2,0,2,0,5,0,5,0
PLP032,LTe38a,2,0,2,0,5,0,5,0
cL11,LC16,1,0,1,0,5,0,5,0
cL11,LTe32,2,0,2,0,5,0,5,0
cL11,cL04,2,1,1,0,5,2,3,0
LC15,TmY9q⊥,2,1,1,0,5,2,3,0
aMe9,MC65,2,0,2,0,5,0,5,0
LT38,TmY3,2,1,1,0,5,2,3,0
DCH,VS8,2,1,1,0,5,2,3,0
OA-AL2i1,Tlp4,2,1,1,0,5,3,2,0
OA-AL2i1,Li22,2,1,1,0,5,2,3,0
OA-AL2i1,TmY10,2,1,1,0,5,2,3,0
OA-AL2i1,C2,2,0,2,0,5,0,5,0
OA-AL2i1,cL18,2,1,1,0,5,2,3,0
OA-AL2i1,MTe44,2,1,1,0,5,3,2,0
OA-AL2i1,Li29,2,1,1,0,5,2,3,0
cM15,Tm32,2,1,1,0,5,3,2,0
cM15,DNc02,2,1,1,0,5,3,2,0
cM15,MTe23,2,1,1,0,5,2,3,0
cM15,Sm15,2,1,1,0,5,2,3,0
cM15,Dm13,2,1,1,0,5,3,2,0
LTe17,LT77,2,1,1,0,5,2,3,0
LTe17,LTe22,1,0,1,0,5,0,5,0
LTe17,LT63,2,1,1,0,5,3,2,0
LTe17,LTe49c,1,0,1,0,5,0,5,0
LTe17,LC34,2,1,1,0,5,3,2,0
LT47,LC10d,2,0,2,0,5,0,5,0
LT64,Li27,2,1,1,0,5,3,2,0
MC65,Tm16,2,0,2,0,5,0,5,0
LPLC2,LT73,2,1,1,0,5,2,3,0
LCe02,Li05,1,0,1,0,5,0,5,0
LC45,LTe76,1,0,1,0,5,0,5,0
LC45,LC40,2,1,1,0,5,3,2,0
LT52,LTe41,2,1,1,0,5,2,3,0
aMe6a,Tm5f,1,0,1,0,5,0,5,0
aMe6a,LT53,1,0,1,0,5,0,5,0
OA-AL2i4,cM15,1,0,1,0,5,0,5,0
OA-AL2i4,Pm13,2,1,1,0,5,3,2,0
OA-AL2i4,MLt4,2,1,1,0,5,3,2,0
OA-AL2i2,Mi1,2,0,2,0,5,0,5,0
OA-AL2i2,cM15,2,1,1,0,5,2,3,0
LPT27,cL15,1,0,1,0,5,0,5,0
cL17,mALD1,1,1,0,0,5,5,0,0
cL17,TmY4,1,0,1,0,5,0,5,0
cL17,LT63,2,1,1,0,5,2,3,0
cL17,Y3,2,1,1,0,5,3,2,0
cL17,Li27,1,1,0,0,5,5,0,0
LC14a2,LT69,2,1,1,0,5,3,2,0
LTe46,Li10,2,0,2,0,5,0,5,0
LTe46,Li32,2,1,1,0,5,3,2,0
LTe46,LCe08,2,1,1,0,5,3,2,0
MTe32,LTe54,1,0,1,0,5,0,5,0
MTe32,DN1a,1,0,1,0,5,0,5,0
aMe3,Li16,2,0,2,0,5,0,5,0
aMe3,PLP174,1,0,1,0,5,0,5,0
MTe11,MTe16,2,1,1,0,5,2,3,0
LT61a,Li25,2,0,2,0,5,0,5,0
LT61a,LT60,2,1,1,0,5,2,3,0
LT61a,Li31,2,1,1,0,5,2,3,0
cM05,cM10,2,1,1,0,5,3,2,0
cM05,MTe27,2,1,1,0,5,3,2,0
cM05,Tm32,2,1,1,0,5,3,2,0
LPT57,VST1,2,1,1,0,5,2,3,0
LPT57,LPTe02,1,0,1,0,5,0,5,0
H2,LPi07,2,0,2,0,5,0,5,0
H2,cMLLP01,1,0,0,1,5,0,0,5
LPLC2,LC17,2,1,1,0,5,2,3,0
LC19,aMe20,1,0,1,0,5,0,5,0
LC19,LT86,2,1,1,0,5,2,3,0
LC19,LTe54,1,0,1,0,5,0,5,0
LC19,Li28,2,0,2,0,5,0,5,0
MTe03,Tm5e,2,1,1,0,5,2,3,0
MTe03,Sm11,2,1,1,0,5,2,3,0
cM03,5-HTPMPV03,2,1,1,0,5,2,3,0
LTe43,LTe44,2,1,1,0,5,2,3,0
LC20b,LC45,1,0,1,0,5,0,5,0
LPC1,LPi03,2,0,2,0,5,0,5,0
MeTu4c,T2a,2,1,1,0,5,2,3,0
LLPC2,MLt3,2,0,2,0,5,0,5,0
LT36,LTe38c,2,0,2,0,5,0,5,0
LT36,OA-AL2b1,1,0,1,0,5,0,5,0
LT36,LTe64,2,1,1,0,5,2,3,0
LT36,LT64,2,1,1,0,5,2,3,0
MTe28,CB3790,1,0,1,0,5,0,5,0
MTe28,Pm05,2,1,1,0,5,2,3,0
LPLC2,Tm21,2,1,1,0,5,3,2,0
cL04,LCe03,1,0,1,0,5,0,5,0
cL04,CB0472,2,1,1,0,5,3,2,0
MTe43,LMTe01,1,0,1,0,5,0,5,0
MTe43,DNp27,1,0,1,0,5,0,5,0
MTe43,TmY31,2,0,2,0,5,0,5,0
LT58,MeTu4a,2,1,1,0,5,3,2,0
LT58,MTe28,2,1,1,0,5,3,2,0
LT58,Li32,2,1,1,0,5,3,2,0
LT58,OA-AL2b1,1,0,1,0,5,0,5,0
LT58,LTe21,2,1,1,0,5,3,2,0
LT58,MTe35,2,1,1,0,5,2,3,0
LT58,LTe14,1,0,1,0,5,0,5,0
LLPC1,LT64,2,1,1,0,5,3,2,0
LT57,LC20a,2,1,1,0,5,3,2,0
LC10a,LMt4,2,1,1,0,5,2,3,0
LTe12,LC31a,2,1,1,0,5,3,2,0
LTe12,LMa2,2,0,2,0,5,0,5,0
LC14a1,LT65,2,0,2,0,5,0,5,0
LTe54,LTe50,1,0,1,0,5,0,5,0
LPT50,cM15,1,0,1,0,5,0,5,0
LPT50,T4c,2,1,1,0,5,2,3,0
LTe14,PLP004,1,0,1,0,5,0,5,0
LTe14,LTe24,2,1,1,0,5,3,2,0
LTe14,Li31,1,0,1,0,5,0,5,0
Nod5,PLP177,1,0,0,1,5,0,0,5
Nod5,LPi13,2,1,1,0,5,3,2,0
CB1791,aMe15,1,0,1,0,5,0,5,0
MTe52,C3,2,1,1,0,5,3,2,0
LC20a,Tlp1,1,0,1,0,5,0,5,0
LPT21,LPC2,2,0,2,0,5,0,5,0
LPT21,TmY16,2,0,2,0,5,0,5,0
LC20a,LT57,2,0,2,0,5,0,5,0
LTe42c,LTe47,1,0,1,0,5,0,5,0
LTe42c,LC20b,2,1,1,0,5,2,3,0
MTe07,LTe71,1,0,1,0,5,0,5,0
LTe56,cL17,1,0,1,0,5,0,5,0
LTe56,Li10,2,1,1,0,5,2,3,0
LPT31,LPi10,2,1,1,0,5,3,2,0
APDN3,aMe26,1,0,1,0,5,0,5,0
LTe32,LC10d,2,1,1,0,5,3,2,0
LTe32,Li33,2,1,1,0,5,3,2,0
LTe38b,PLP217,1,0,1,0,5,0,5,0
MTe18,LTe52,1,0,1,0,5,0,5,0
aMe10,cM11,2,0,2,0,5,0,5,0
aMe10,CB0816,1,0,0,1,5,0,0,5
LC15,Tm8a,2,1,1,0,5,2,3,0
LC20a,LCe06,2,1,1,0,5,3,2,0
LC11,LT39,2,1,1,0,5,3,2,0
MTe04,Sm39,2,1,1,0,5,2,3,0
cML01,Sm09,2,1,1,0,5,3,2,0
cML01,Tlp5,2,1,1,0,5,3,2,0
cML01,LC4,2,1,1,0,5,3,2,0
cML01,MTe44,2,1,1,0,5,2,3,0
cML01,LT62,2,1,1,0,5,2,3,0
cML01,MTe27,2,1,1,0,5,2,3,0
LTe48,LC10e,2,0,2,0,5,0,5,0
LT67,LTe55,1,0,1,0,5,0,5,0
MeTu4c,Tm33,2,1,1,0,5,2,3,0
MeTu4c,Sm27,2,1,1,0,5,2,3,0
LTe33,LTe32,1,0,1,0,5,0,5,0
LTe53,LTe11,2,1,1,0,5,2,3,0
LTe53,LT78,2,1,1,0,5,3,2,0
cM10,Sm27,2,1,1,0,5,3,2,0
cM10,LMa2,2,1,1,0,5,2,3,0
cM10,LPT54,2,1,1,0,5,3,2,0
cM10,Pm13,2,1,1,0,5,2,3,0
cM10,MTe46,2,1,1,0,5,3,2,0
LTe16,Li31,1,0,1,0,5,0,5,0
LTe16,LT81,2,1,1,0,5,3,2,0
LTe16,aMe20,2,1,1,0,5,2,3,0
LTe16,LC10b,1,0,1,0,5,0,5,0
LTe16,LTe14,2,1,1,0,5,2,3,0
MTe30,Sm13,2,0,2,0,5,0,5,0
MTe30,Sm35,2,1,1,0,5,3,2,0
LCe03,LT58,1,0,1,0,5,0,5,0
LC10e,LTe32,2,1,1,0,5,2,3,0
MeTu4d,MeTu4d,1,0,1,0,5,0,5,0
MeMe_e01,cM01c,2,2,0,0,5,5,0,0
LPT31,LT66,2,1,1,0,5,3,2,0
LTe42b,cM12,1,0,1,0,5,0,5,0
LTe42b,LC37a,1,0,1,0,5,0,5,0
LTe42b,cL16,1,0,1,0,5,0,5,0
cL01,LT86,2,1,1,0,5,3,2,0
cL01,aMe1,1,0,1,0,5,0,5,0
cL01,cL22b,2,1,1,0,5,3,2,0
LC13,TmY9q⊥,2,1,1,0,5,2,3,0
PLP069,LTe40,1,0,1,0,5,0,5,0
LC17,LT56,2,1,1,0,5,3,2,0
CB0592,MTe54,2,2,0,0,5,5,0,0
PLP174,LCe04,1,0,1,0,5,0,5,0
LT81,Li10,1,0,1,0,5,0,5,0
cL05,LC14a1,2,1,1,0,5,2,3,0
cL05,cM07,1,0,1,0,5,0,5,0
cL05,cL02d,1,0,1,0,5,0,5,0
cL05,LTe69,2,1,1,0,5,3,2,0
cL05,LTe24,1,0,1,0,5,0,5,0
cL05,LTe21,1,0,1,0,5,0,5,0
MTe26,MeMe_e06,2,1,1,0,5,2,3,0
MTe26,Tm8b,2,1,1,0,5,2,3,0
cM08b,LNda,1,0,1,0,5,0,5,0
CB0472,LC40,2,2,0,0,5,5,0,0
CB0472,LC28a,2,2,0,0,5,5,0,0
LTe36,LTe24,1,0,1,0,5,0,5,0
PLP251,5-HTPMPV01,1,0,1,0,5,0,5,0
PLP251,LTe56,1,0,1,0,5,0,5,0
cL02c,TmY9q⊥,2,1,1,0,5,3,2,0
PLP185,MTe22,1,0,1,0,5,0,5,0
LC10b,LC9,2,1,1,0,5,2,3,0
LTe43,LC34,2,1,1,0,5,2,3,0
VST2,LPi03,2,1,1,0,5,3,2,0
LC35,LTe08,2,1,1,0,5,2,3,0
cL18,LT87,1,0,1,0,5,0,5,0
cL18,Li29,2,1,1,0,5,3,2,0
cL18,LT82a,2,0,2,0,5,0,5,0
cL18,LTe18,1,0,1,0,5,0,5,0
MTe02,Mi2,2,1,1,0,5,3,2,0
LC21,Li18,2,0,2,0,5,0,5,0
aMe19b,Sm23,2,0,2,0,5,0,5,0
aMe19b,cL04,1,0,1,0,5,0,5,0
aMe19b,Sm08,2,0,2,0,5,0,5,0
aMe19b,MTe26,1,0,1,0,5,0,5,0
cLLPM02,MTe54,2,0,2,0,5,0,5,0
cLLPM02,LPi08,2,0,2,0,5,0,5,0
cLLPM02,TmY15,2,0,2,0,5,0,5,0
cLLPM02,LMa2,2,1,1,0,5,2,3,0
cLLPM02,Tm4,1,0,1,0,5,0,5,0
cLLPM02,TmY31,2,1,1,0,5,3,2,0
cLLPM02,TmY14,1,0,1,0,5,0,5,0
cLLPM02,LPC2,1,0,1,0,5,0,5,0
cM09,aMe6a,1,0,1,0,5,0,5,0
cM09,Li13,2,0,2,0,5,0,5,0
cM09,LC15,2,0,2,0,5,0,5,0
LT51,cL06,1,0,1,0,5,0,5,0
cMLLP01,cLLP02,2,1,1,0,5,2,3,0
cMLLP01,LC16,2,0,2,0,5,0,5,0
cMLLP01,cLLPM02,1,0,1,0,5,0,5,0
cMLLP01,MTe13,2,1,1,0,5,2,3,0
cMLLP01,MTe52,2,1,1,0,5,3,2,0
cMLLP01,LTe14,2,1,1,0,5,3,2,0
cMLLP01,MeMe_e08,2,1,1,0,5,2,3,0
DNpe053,cM04,2,1,1,0,5,3,2,0
LC36,cL22b,1,0,0,1,5,0,0,5
MTe54,Sm40,2,1,1,0,5,3,2,0
OA-ASM1,cL20,2,1,1,0,5,2,3,0
OA-ASM1,LTe06,2,1,1,0,5,2,3,0
cL13,LT77,1,0,1,0,5,0,5,0
cL13,LT58,1,0,1,0,5,0,5,0
cL13,LT69,2,1,1,0,5,3,2,0
CB0566,Tm31,2,1,1,0,5,2,3,0
aMe4,cM05,2,1,1,0,5,2,3,0
MeMe_e10,MTe06,2,0,2,0,5,0,5,0
LC37a,Li13,2,1,1,0,5,2,3,0
LPT52,LPC2,2,0,2,0,5,0,5,0
LPT47_vCal2,Y12,2,1,1,0,5,3,2,0
aMe17a1,Sm28,2,1,1,0,5,3,2,0
aMe17a1,cM15,2,1,1,0,5,2,3,0
aMe17a1,MTe03,2,0,2,0,5,0,5,0
aMe17a1,Tm8b,2,1,1,0,5,2,3,0
aMe17a1,MTe47,2,1,1,0,5,2,3,0
aMe17a1,MeMe_e05,1,0,1,0,5,0,5,0
aMe17a1,Sm03,2,0,2,0,5,0,5,0
aMe17a1,aMe26,2,1,1,0,5,2,3,0
aMe17a1,TmY5a,2,0,2,0,5,0,5,0
aMe17a1,TmY31,2,1,1,0,5,2,3,0
aMe17a1,cM09,2,1,1,0,5,2,3,0
aMe17a1,Pm14,2,1,1,0,5,3,2,0
LTe73,mALD1,1,0,1,0,5,0,5,0
aMe19a,Sm29,2,1,1,0,5,2,3,0
aMe19a,CB1329,1,0,1,0,5,0,5,0
LC10d,LC16,2,1,1,0,5,2,3,0
LC31c,LT1c,1,0,1,0,5,0,5,0
LC31c,LTe12,2,1,1,0,5,3,2,0
LC31c,LMa2,2,1,1,0,5,2,3,0
vCal1,LPC1,2,1,1,0,5,2,3,0
vCal1,Nod1,1,0,0,1,5,0,0,5
LC10b,LC4,2,1,1,0,5,2,3,0
LPLC4,Li29,2,1,1,0,5,3,2,0
LPLC4,LT66,2,1,1,0,5,2,3,0
MTe38,LTe68,1,0,1,0,5,0,5,0
MTe38,Tm37,1,0,1,0,5,0,5,0
MTe38,LCe09,1,0,1,0,5,0,5,0
LT80,LC15,2,1,1,0,5,2,3,0
cL22c,LTe24,1,0,1,0,5,0,5,0
cL22c,CB3238,1,0,1,0,5,0,5,0
cL22c,LC46,2,1,1,0,5,2,3,0
cL22c,cL04,1,0,1,0,5,0,5,0
cL22c,LTe14,1,0,1,0,5,0,5,0
cL22c,LC31a,2,1,1,0,5,2,3,0
LTe32,5-HTPMPV01,1,0,1,0,5,0,5,0
cL15,Li21,2,1,1,0,5,2,3,0
cL15,LTe54,2,1,1,0,5,2,3,0
cL15,Li06,2,1,1,0,5,2,3,0
LC17,LTe65,2,0,2,0,5,0,5,0
LTe21,Li32,1,0,1,0,5,0,5,0
LTe21,Li07,1,0,1,0,5,0,5,0
MTe27,MTe42,1,0,1,0,5,0,5,0
LT39,TmY31,2,0,2,0,5,0,5,0
LT39,Tm32,2,1,1,0,5,2,3,0
LT39,LTe08,1,0,1,0,5,0,5,0
LT43,MeTu3c,2,1,1,0,5,3,2,0
MTe51,MTe09,2,1,1,0,5,2,3,0
MTe44,APDN3,1,0,1,0,5,0,5,0
MTe44,LMa1,2,1,1,0,5,3,2,0
MTe44,LT78,1,0,1,0,5,0,5,0
LTe25,Tm5f,2,0,2,0,5,0,5,0
LTe25,Tm35,2,0,2,0,5,0,5,0
LTe25,LTe58,2,1,1,0,5,3,2,0
mALB5,LTe21,1,0,1,0,5,0,5,0
mALB5,LTe20,1,0,1,0,5,0,5,0
LTe59,PLP051,1,0,1,0,5,0,5,0
LC27,LT77,2,1,1,0,5,2,3,0
MTe05,MTe22,1,0,1,0,5,0,5,0
aMe4,OA-AL2b1,1,0,1,0,5,0,5,0
MTe18,LT36,1,0,1,0,5,0,5,0
MTe18,CB0802,1,0,1,0,5,0,5,0
MeTu2a,Tm33,1,0,1,0,5,0,5,0
MeTu2a,Sm32,2,1,1,0,5,2,3,0
LTe10,Li30,2,1,1,0,5,3,2,0
LTe10,Tm31,2,1,1,0,5,3,2,0
VS6,HSE,2,1,1,0,5,3,2,0
LPLC2,LPi08,2,0,2,0,5,0,5,0
LT41,LMt1,2,0,2,0,5,0,5,0
LT41,Li20,2,1,1,0,5,3,2,0
LT41,LC10d,2,1,1,0,5,2,3,0
LT41,LC36,2,0,2,0,5,0,5,0
LT41,LTe09,2,1,1,0,5,2,3,0
LT66,LC14a2,2,0,0,2,5,0,0,5
LT66,cM15,1,0,1,0,5,0,5,0
cL01,aMe20,1,0,1,0,5,0,5,0
cM16,C3,2,0,2,0,5,0,5,0
cM16,MeMe_e08,2,0,2,0,5,0,5,0
cM16,cM10,2,1,1,0,5,2,3,0
cM16,MTe27,1,0,1,0,5,0,5,0
cM16,MTe28,2,1,1,0,5,3,2,0
cM16,Sm08,1,0,1,0,5,0,5,0
cM16,Mi13,1,0,1,0,5,0,5,0
cM16,Sm15,2,1,1,0,5,2,3,0
cL04,LT77,1,0,1,0,5,0,5,0
cL04,Tm5f,1,0,1,0,5,0,5,0
cL04,mALD1,2,1,1,0,5,3,2,0
cL04,Li11,2,0,2,0,5,0,5,0
MeMe_e10,TmY4,2,0,2,0,5,0,5,0
LLPC3,LC18,2,1,1,0,5,2,3,0
LPT53,H1,2,1,1,0,5,2,3,0
LPT53,H2,2,1,1,0,5,2,3,0
PLP215,LT74,1,0,1,0,5,0,5,0
PLP215,LT53,1,0,1,0,5,0,5,0
LPLC4,Tlp14,2,1,1,0,5,3,2,0
Nod2,HSS,1,0,1,0,5,0,5,0
LT52,TmY15,2,1,1,0,5,3,2,0
aMe19a,cM04,2,2,0,0,5,5,0,0
aMe19a,OA-AL2i3,2,2,0,0,5,5,0,0
aMe19a,cM08a,1,1,0,0,5,5,0,0
MeMe_e07,aMe3,1,1,0,0,5,5,0,0
MeMe_e07,OA-AL2b2,1,0,0,1,5,0,0,5
LLPC1,LPT26,2,1,1,0,5,3,2,0
LC10c,LTe44,1,0,1,0,5,0,5,0
LC33a,LTe69,2,1,1,0,5,2,3,0
MTe02,MTe45,1,0,1,0,5,0,5,0
VST2,LPT27,2,1,1,0,5,2,3,0
Li22,Li10,2,2,0,0,5,5,0,0
TmY31,VST1,2,2,0,0,5,5,0,0
Mi1,LC10a,2,2,0,0,5,5,0,0
Mi2,Sm06,2,2,0,0,5,5,0,0
TmY4,cL02a,2,2,0,0,5,5,0,0
Tm2,Sm42,2,2,0,0,5,5,0,0
Tm35,LTe29,2,2,0,0,5,5,0,0
Tlp4,LT80,2,2,0,0,5,5,0,0
Tm34,LT53,2,2,0,0,5,5,0,0
Tm34,LMa1,2,2,0,0,5,5,0,0
Li21,LC10d,2,2,0,0,5,5,0,0
Sm14,TmY31,2,2,0,0,5,5,0,0
MLt3,C2,2,2,0,0,5,5,0,0
Tm5e,MLt2,2,2,0,0,5,5,0,0
TmY20,Pm05,2,2,0,0,5,5,0,0
Sm09,MTe28,2,2,0,0,5,5,0,0
Tm7,LTe52,2,2,0,0,5,5,0,0
Tm36,LTe30,1,1,0,0,5,5,0,0
Pm09,TmY4,2,2,0,0,5,5,0,0
Dm4,MTe42,2,2,0,0,5,5,0,0
Pm13,MLt2,2,2,0,0,5,5,0,0
Pm13,Sm30,2,2,0,0,5,5,0,0
Y1,PDt,1,1,0,0,5,5,0,0
MLt4,MTe01a,1,1,0,0,5,5,0,0
Tm25,LTe12,2,2,0,0,5,5,0,0
MLt6,MTe52,2,2,0,0,5,5,0,0
Tlp4,LMt2,2,2,0,0,5,5,0,0
Li10,PLP215,2,2,0,0,5,5,0,0
Sm02,LMa1,1,1,0,0,5,5,0,0
Tm5b,Pm09,2,2,0,0,5,5,0,0
R8,MTe04,2,2,0,0,5,5,0,0
Tm21,LTe05,2,2,0,0,5,5,0,0
Tm4,LC10c,2,2,0,0,5,5,0,0
Li25,LTe24,2,2,0,0,5,5,0,0
Li03,LC10b,2,2,0,0,5,5,0,0
Tlp5,LT84,2,2,0,0,5,5,0,0
Y3,Sm40,2,2,0,0,5,5,0,0
MLt2,LTe08,2,2,0,0,5,5,0,0
Sm30,MeMe_e03,2,2,0,0,5,5,0,0
Y12,Pm07,2,2,0,0,5,5,0,0
Tlp1,LCe03,2,2,0,0,5,5,0,0
Sm16,MTe50,2,2,0,0,5,5,0,0
Sm02,MeMe_e04,2,2,0,0,5,5,0,0
Li03,LTe49f,1,1,0,0,5,5,0,0
TmY5a,MTe50,2,2,0,0,5,5,0,0
Mi9,aMe4,1,1,0,0,5,5,0,0
Sm42,Tm2,2,2,0,0,5,5,0,0
Sm42,CB0566,1,1,0,0,5,5,0,0
Sm42,Sm19,1,1,0,0,5,5,0,0
Sm42,cM19,2,2,0,0,5,5,0,0
Sm30,Sm05,2,2,0,0,5,5,0,0
Dm1,Dm3q,2,2,0,0,5,5,0,0
Tm36,LTe42b,1,1,0,0,5,5,0,0
Tm36,Sm15,2,2,0,0,5,5,0,0
TmY4,Dm17,2,2,0,0,5,5,0,0
Y4,mALC4,2,2,0,0,5,5,0,0
Li10,cL21,2,2,0,0,5,5,0,0
Sm34,MeTu3c,2,2,0,0,5,5,0,0
DmDRA2,aMe9,2,2,0,0,5,5,0,0
DmDRA2,Sm02,2,2,0,0,5,5,0,0
Dm3v,Tm5d,2,2,0,0,5,5,0,0
TmY31,VST2,2,2,0,0,5,5,0,0
Tm34,cL14,2,2,0,0,5,5,0,0
R7,aMe3,2,2,0,0,5,5,0,0
Mi2,Dm8a,2,2,0,0,5,5,0,0
Tlp14,Li13,2,2,0,0,5,5,0,0
Sm32,Dm3q,2,2,0,0,5,5,0,0
Sm08,Lat,2,2,0,0,5,5,0,0
Dm8a,MTe46,2,2,0,0,5,5,0,0
Tm7,Mi14,2,2,0,0,5,5,0,0
Tm1,LPC2,2,2,0,0,5,5,0,0
TmY9q,MTe14,2,2,0,0,5,5,0,0
Tm27,Dm9,2,2,0,0,5,5,0,0
Tm5b,Mi13,2,2,0,0,5,5,0,0
Sm12,cM16,2,2,0,0,5,5,0,0
Tm4,LT56,2,2,0,0,5,5,0,0
TmY31,Nod3,2,2,0,0,5,5,0,0
Tm8b,Sm06,2,2,0,0,5,5,0,0
Tm8b,MeMe_e02,2,2,0,0,5,5,0,0
LMt4,LC13,2,2,0,0,5,5,0,0
Y11,Li02,2,2,0,0,5,5,0,0
Tm5b,TmY15,1,1,0,0,5,5,0,0
TmY11,cL20,1,1,0,0,5,5,0,0
Tm5f,Sm27,2,2,0,0,5,5,0,0
Li17,LCe01b,2,2,0,0,5,5,0,0
Sm02,MTe31,2,2,0,0,5,5,0,0
Li23,aMe17a2,1,1,0,0,5,5,0,0
Li23,LC22,2,2,0,0,5,5,0,0
C2,Dm12,1,1,0,0,5,5,0,0
LMt1,cML01,2,2,0,0,5,5,0,0
Sm37,Sm18,2,2,0,0,5,5,0,0
Sm16,DmDRA1,2,2,0,0,5,5,0,0
MLt2,TmY4,2,2,0,0,5,5,0,0
Li21,CT1,2,2,0,0,5,5,0,0
Sm01,AVLP534,1,1,0,0,5,5,0,0
Li16,LC28a,1,1,0,0,5,5,0,0
LMt4,MeMe_e07,2,2,0,0,5,5,0,0
Li16,Li22,2,2,0,0,5,5,0,0
LLPt,OA-ASM1,2,2,0,0,5,5,0,0
Tm8a,Sm20,2,2,0,0,5,5,0,0
Tm5b,LMa4,1,1,0,0,5,5,0,0
Sm03,AVLP534,2,2,0,0,5,5,0,0
Sm30,Sm36,2,2,0,0,5,5,0,0
Sm25,Sm06,2,2,0,0,5,5,0,0
Tm7,Sm14,2,2,0,0,5,5,0,0
Tm2,Tm8b,2,2,0,0,5,5,0,0
LPi04,LPTe02,2,2,0,0,5,5,0,0
Tm5a,Sm35,2,2,0,0,5,5,0,0
Li14,LMa3,2,2,0,0,5,5,0,0
LLPt,LT68,2,2,0,0,5,5,0,0
Dm6,T2a,2,2,0,0,5,5,0,0
LMt3,cL16,2,2,0,0,5,5,0,0
Li21,LT1b,2,2,0,0,5,5,0,0
Li21,LTe05,2,2,0,0,5,5,0,0
TmY10,LTe52,2,2,0,0,5,5,0,0
Sm18,Tm21,2,2,0,0,5,5,0,0
TmY3,DNc02,2,2,0,0,5,5,0,0
Dm10,Pm08,2,2,0,0,5,5,0,0
Mi15,MTe10,2,2,0,0,5,5,0,0
Tm20,LCe07,2,2,0,0,5,5,0,0
Sm08,TmY20,2,2,0,0,5,5,0,0
Li09,LTe08,2,2,0,0,5,5,0,0
Tm3,LTe08,2,2,0,0,5,5,0,0
Dm8a,TmY3,2,2,0,0,5,5,0,0
Li18,cM07,2,2,0,0,5,5,0,0
TmY4,LTe27,1,1,0,0,5,5,0,0
R8,CB0816,2,2,0,0,5,5,0,0
Sm12,PDt,2,2,0,0,5,5,0,0
L1,Pm05,1,1,0,0,5,5,0,0
MLt1,LCe01a,2,2,0,0,5,5,0,0
Mi2,LC18,2,2,0,0,5,5,0,0
Mi2,LC28a,1,1,0,0,5,5,0,0
Tm1,Tlp14,2,2,0,0,5,5,0,0
Sm41,AVLP534,1,1,0,0,5,5,0,0
Li05,LTe30,2,2,0,0,5,5,0,0
Li18,LT52,2,2,0,0,5,5,0,0
Y11,Mi1,2,2,0,0,5,5,0,0
Li27,LT76,2,2,0,0,5,5,0,0
Dm2,MTe16,1,1,0,0,5,5,0,0
Tm37,LTe42b,2,2,0,0,5,5,0,0
TmY9q,cM07,2,2,0,0,5,5,0,0
LMt4,LT61a,2,2,0,0,5,5,0,0
Y3,LT11,2,2,0,0,5,5,0,0
TmY15,LTe05,2,2,0,0,5,5,0,0
LPi13,Nod2,1,1,0,0,5,5,0,0
TmY4,Tm2,1,1,0,0,5,5,0,0
TmY20,Tm1,1,1,0,0,5,5,0,0
Tm3,LCe06,2,2,0,0,5,5,0,0
Pm04,TmY9q⊥,2,2,0,0,5,5,0,0
Pm04,LC12,2,2,0,0,5,5,0,0
Sm38,cM09,1,1,0,0,5,5,0,0
Sm38,MeTu4a,2,2,0,0,5,5,0,0
Tm31,LC39,2,2,0,0,5,5,0,0
MLt1,MTe13,2,2,0,0,5,5,0,0
Sm30,Lawf1,2,2,0,0,5,5,0,0
Tm8a,cL21,2,2,0,0,5,5,0,0
TmY10,LC10f,2,2,0,0,5,5,0,0
TmY31,CB0734,1,1,0,0,5,5,0,0
Sm33,OA-AL2i4,2,2,0,0,5,5,0,0
Sm12,5-HTPMPV03,2,2,0,0,5,5,0,0
Mi10,Pm13,2,2,0,0,5,5,0,0
LMa1,LT52,1,1,0,0,5,5,0,0
LMa5,LLPC3,2,2,0,0,5,5,0,0
Tm20,LTe09,2,2,0,0,5,5,0,0
Sm27,MTe23,2,2,0,0,5,5,0,0
Mi10,T3,1,1,0,0,5,5,0,0
Mi13,CB0816,2,2,0,0,5,5,0,0
Sm06,MLt1,2,2,0,0,5,5,0,0
Dm8b,MTe31,2,2,0,0,5,5,0,0
TmY15,LTe08,2,2,0,0,5,5,0,0
Tm5c,LTe24,2,2,0,0,5,5,0,0
PDt,Dm12,2,2,0,0,5,5,0,0
Sm12,AOTU053,2,2,0,0,5,5,0,0
Li07,cL10,2,2,0,0,5,5,0,0
TmY20,cL08,2,2,0,0,5,5,0,0
Pm01,Sm42,2,2,0,0,5,5,0,0
Li12,aMe5,2,2,0,0,5,5,0,0
Li12,MTe53,2,2,0,0,5,5,0,0
Li12,TmY16,2,2,0,0,5,5,0,0
Mi13,T4a,2,2,0,0,5,5,0,0
Sm13,TmY14,1,1,0,0,5,5,0,0
Dm6,Dm10,2,2,0,0,5,5,0,0
Tm5e,MTe46,2,2,0,0,5,5,0,0
Sm38,Sm23,2,2,0,0,5,5,0,0
Sm38,Sm28,2,2,0,0,5,5,0,0
MLt5,Sm20,2,2,0,0,5,5,0,0
T5a,Li16,1,1,0,0,5,5,0,0
T5a,LMt3,2,2,0,0,5,5,0,0
Mi1,MeTu4c,1,1,0,0,5,5,0,0
T3,T5c,2,2,0,0,5,5,0,0
Pm05,Dm10,1,1,0,0,5,5,0,0
Mi14,Y11,2,2,0,0,5,5,0,0
Y11,cML01,2,2,0,0,5,5,0,0
TmY4,LCe05,1,1,0,0,5,5,0,0
TmY9q⊥,LC20a,2,2,0,0,5,5,0,0
Pm01,TmY16,2,2,0,0,5,5,0,0
C3,LC14b,2,2,0,0,5,5,0,0
TmY3,L3,2,2,0,0,5,5,0,0
MLt7,LTe45,2,2,0,0,5,5,0,0
T2a,LT73,2,2,0,0,5,5,0,0
MLt8,LC14b,2,2,0,0,5,5,0,0
Pm14,Dm8a,1,1,0,0,5,5,0,0
Tm7,LCe04,2,2,0,0,5,5,0,0
Lawf1,Lawf2,2,2,0,0,5,5,0,0
Pm14,Tm5b,2,2,0,0,5,5,0,0
Pm05,mALC3,2,2,0,0,5,5,0,0
Dm8a,Pm05,1,1,0,0,5,5,0,0
LMt3,LCe06,2,2,0,0,5,5,0,0
Tm35,cL07,2,2,0,0,5,5,0,0
TmY3,LTe08,2,2,0,0,5,5,0,0
Mi4,Sm21,2,2,0,0,5,5,0,0
Sm23,Tm8b,2,2,0,0,5,5,0,0
TmY5a,LT56,2,2,0,0,5,5,0,0
Y11,Lawf2,2,2,0,0,5,5,0,0
MLt4,PLP051,2,2,0,0,5,5,0,0
LMa2,aMe5,1,1,0,0,5,5,0,0
Sm09,MTe22,2,2,0,0,5,5,0,0
Tm21,OA-AL2i3,2,2,0,0,5,5,0,0
Tm2,Tlp1,2,2,0,0,5,5,0,0
Li05,LTe25,1,1,0,0,5,5,0,0
MLt7,aMe13,2,2,0,0,5,5,0,0
TmY9q⊥,PLP150a,2,2,0,0,5,5,0,0
Dm11,Sm16,1,1,0,0,5,5,0,0
Tm5a,MeMe_e09,2,2,0,0,5,5,0,0
LMt4,Mi4,2,2,0,0,5,5,0,0
Sm15,Pm05,1,1,0,0,5,5,0,0
Tm5e,cM08a,2,2,0,0,5,5,0,0
Sm14,CB0566,2,2,0,0,5,5,0,0
TmY5a,cLLPM02,2,2,0,0,5,5,0,0
Sm10,MLt4,2,2,0,0,5,5,0,0
Dm13,DmDRA2,2,2,0,0,5,5,0,0
LPi05,LPi01,2,2,0,0,5,5,0,0
Y1,LMt4,2,2,0,0,5,5,0,0
Li01,LTe38a,2,2,0,0,5,5,0,0
Sm29,MeTu4d,2,2,0,0,5,5,0,0
Sm29,aMe20,1,1,0,0,5,5,0,0
T5b,LC12,2,2,0,0,5,5,0,0
TmY4,Dm9,2,2,0,0,5,5,0,0
Tm8b,LT65,2,2,0,0,5,5,0,0
Mi1,LC14b,2,2,0,0,5,5,0,0
Li05,LMt4,2,2,0,0,5,5,0,0
Tm25,LT77,2,2,0,0,5,5,0,0
Pm03,Tm8a,2,2,0,0,5,5,0,0
LMa1,Li02,2,2,0,0,5,5,0,0
Tm8b,LTe57,2,2,0,0,5,5,0,0
Dm12,Tm32,1,1,0,0,5,5,0,0
LLPt,DCH,2,2,0,0,5,5,0,0
LLPt,LTe32,1,1,0,0,5,5,0,0
Sm29,aMe19b,1,1,0,0,5,5,0,0
Li33,cL02b,2,2,0,0,5,5,0,0
Li08,LTe51,2,2,0,0,5,5,0,0
Sm02,Tm34,2,2,0,0,5,5,0,0
Sm01,Lawf1,2,2,0,0,5,5,0,0
LPi11,VST1,2,2,0,0,5,5,0,0
Li17,LTe20,2,2,0,0,5,5,0,0
Li12,LTe27,2,2,0,0,5,5,0,0
Tm32,TmY3,2,2,0,0,5,5,0,0
MLt2,LTe64,2,2,0,0,5,5,0,0
Li13,LTe29,2,2,0,0,5,5,0,0
Sm35,Mi15,2,2,0,0,5,5,0,0
Tlp5,Li13,2,2,0,0,5,5,0,0
TmY9q⊥,LTe51,2,2,0,0,5,5,0,0
Tm37,Sm08,2,2,0,0,5,5,0,0
Am1,Li15,2,2,0,0,5,5,0,0
Li02,PLP068,1,1,0,0,5,5,0,0
Sm22,MLt4,2,2,0,0,5,5,0,0
TmY9q⊥,LPT23,2,2,0,0,5,5,0,0
LPi10,OA-AL2i1,2,2,0,0,5,5,0,0
Lawf2,MTe13,1,1,0,0,5,5,0,0
L1,PDt,2,2,0,0,5,5,0,0
MLt3,LTe11,2,2,0,0,5,5,0,0
Sm31,aMe17b,2,2,0,0,5,5,0,0
LPi12,LPT45_dCal1,1,1,0,0,5,5,0,0
Pm05,MTe35,1,1,0,0,5,5,0,0
TmY31,MLt5,2,2,0,0,5,5,0,0
Sm33,MTe01a,2,2,0,0,5,5,0,0
Li29,LT41,1,1,0,0,5,5,0,0
Li29,LT53,1,1,0,0,5,5,0,0
Li29,Tm5d,2,2,0,0,5,5,0,0
Tm37,MTe23,2,2,0,0,5,5,0,0
LMa3,LPT30,1,1,0,0,5,5,0,0
Sm29,MTe51,2,2,0,0,5,5,0,0
TmY20,LTe06,1,1,0,0,5,5,0,0
Tm35,Dm8a,2,2,0,0,5,5,0,0
T4b,MTe52,1,1,0,0,5,5,0,0
TmY20,Li16,1,1,0,0,5,5,0,0
Tm8a,cLLPM02,1,1,0,0,5,5,0,0
Tm8a,CB0592,1,1,0,0,5,5,0,0
Tm31,LTe08,2,2,0,0,5,5,0,0
Mi1,Sm40,1,1,0,0,5,5,0,0
Sm06,aMe19b,2,2,0,0,5,5,0,0
Tm35,cL06,1,1,0,0,5,5,0,0
LMa1,TmY4,2,2,0,0,5,5,0,0
TmY9q⊥,LTe16,2,2,0,0,5,5,0,0
TmY31,LTe45,2,2,0,0,5,5,0,0
Tm4,LC45,2,2,0,0,5,5,0,0
Dm8b,Dm12,2,2,0,0,5,5,0,0
Li17,Li05,2,2,0,0,5,5,0,0
LPi02,LPT30,1,1,0,0,5,5,0,0
Dm18,Dm12,2,2,0,0,5,5,0,0
Sm35,Tm33,2,2,0,0,5,5,0,0
Tm36,MTe02,2,2,0,0,5,5,0,0
Sm02,TmY4,1,1,0,0,5,5,0,0
Tm5d,TmY11,2,2,0,0,5,5,0,0
LPi15,Li29,1,1,0,0,5,5,0,0
LPi15,LPT58,1,1,0,0,5,5,0,0
Dm17,Tm20,2,2,0,0,5,5,0,0
Sm20,Lawf2,1,1,0,0,5,5,0,0
Tm1,LC14a1,2,2,0,0,5,5,0,0
Dm10,Dm16,2,2,0,0,5,5,0,0
Y12,CB2848,2,2,0,0,5,5,0,0
Lawf1,aMe4,2,2,0,0,5,5,0,0
Li18,Li04,1,1,0,0,5,5,0,0
Tm37,LT73,2,2,0,0,5,5,0,0
Tm8a,Y12,2,2,0,0,5,5,0,0
R7,CB0566,2,2,0,0,5,5,0,0
LPi10,Tm16,2,2,0,0,5,5,0,0
Mi10,MTe26,2,2,0,0,5,5,0,0
TmY16,LT51,1,1,0,0,5,5,0,0
Sm06,Pm13,1,1,0,0,5,5,0,0
Mi14,MTe46,1,1,0,0,5,5,0,0
Li30,LT65,1,1,0,0,5,5,0,0
Li30,Tm5c,2,2,0,0,5,5,0,0
Li30,LTe51,1,1,0,0,5,5,0,0
TmY10,Pm04,1,1,0,0,5,5,0,0
Mi15,aMe6a,2,2,0,0,5,5,0,0
Tm5f,LTe57,2,2,0,0,5,5,0,0
Tm33,Dm1,1,1,0,0,5,5,0,0
LLPt,LPT57,1,1,0,0,5,5,0,0
Sm21,LTe62,1,1,0,0,5,5,0,0
Sm21,Tm8b,2,2,0,0,5,5,0,0
Li32,cL19,1,1,0,0,5,5,0,0
Li32,TmY14,2,2,0,0,5,5,0,0
Li32,cM07,1,1,0,0,5,5,0,0
Li32,cL20,1,1,0,0,5,5,0,0
LC41,LT57,1,1,0,0,5,5,0,0
LCe03,Li13,2,2,0,0,5,5,0,0
LC33a,LC28a,2,2,0,0,5,5,0,0
LC9,Li11,1,1,0,0,5,5,0,0
LC11,LC35,1,1,0,0,5,5,0,0
PLP249,LC31c,1,1,0,0,5,5,0,0
LPC1,LPT31,2,2,0,0,5,5,0,0
LTe04,cLLP02,1,1,0,0,5,5,0,0
MTe50,cL16,1,1,0,0,5,5,0,0
LC19,Li33,2,2,0,0,5,5,0,0
MTe39,OA-AL2b2,1,1,0,0,5,5,0,0
LC15,Li19,2,2,0,0,5,5,0,0
LPC1,CB0592,2,2,0,0,5,5,0,0
LTe64,cLPL01,1,0,0,1,5,0,0,5
LC10d,LLPC3,2,2,0,0,5,5,0,0
LCe01a,LC10d,2,2,0,0,5,5,0,0
LC27,LTe35,2,2,0,0,5,5,0,0
cM04,Sm29,2,2,0,0,5,5,0,0
aMe17a1,TmY15,2,2,0,0,5,5,0,0
aMe17a1,Sm24,1,1,0,0,5,5,0,0
aMe17a1,MTe17,1,1,0,0,5,5,0,0
LTe45,LTe02,1,1,0,0,5,5,0,0
aMe22,aMe19a,1,1,0,0,5,5,0,0
aMe22,LPT51,1,1,0,0,5,5,0,0
LC24,LTe18,1,1,0,0,5,5,0,0
LT73,LT77,1,1,0,0,5,5,0,0
aMe25,cM08c,1,1,0,0,5,5,0,0
aMe25,MeTu4a,1,1,0,0,5,5,0,0
aMe25,MTe50,1,1,0,0,5,5,0,0
LC11,cL16,1,1,0,0,5,5,0,0
LTe16,Li01,2,2,0,0,5,5,0,0
MeTu2a,LC17,2,2,0,0,5,5,0,0
LC29,LC20b,1,1,0,0,5,5,0,0
LT52,Li03,2,2,0,0,5,5,0,0
LT52,MLt6,2,2,0,0,5,5,0,0
MTe25,MLt6,2,2,0,0,5,5,0,0
MTe25,MeMe_e09,1,1,0,0,5,5,0,0
OA-AL2i4,aMe17c,2,2,0,0,5,5,0,0
OA-AL2i4,Tm5b,2,2,0,0,5,5,0,0
OA-AL2i4,LPT58,1,0,0,1,5,0,0,5
LC20b,LMt2,2,2,0,0,5,5,0,0
cL12,LT77,2,2,0,0,5,5,0,0
cL12,cL22a,1,1,0,0,5,5,0,0
MTe49,mALD1,1,1,0,0,5,5,0,0
LT57,Y3,2,2,0,0,5,5,0,0
MTe40,5-HTPMPV01,1,0,0,1,5,0,0,5
MTe40,LTe38a,1,1,0,0,5,5,0,0
cL09,T5a,2,2,0,0,5,5,0,0
cM05,MTe51,2,2,0,0,5,5,0,0
cL21,Y1,2,2,0,0,5,5,0,0
cL21,TmY31,2,2,0,0,5,5,0,0
cL21,LPT30,1,1,0,0,5,5,0,0
MTe50,LTe23,1,1,0,0,5,5,0,0
LC22,LC25,2,2,0,0,5,5,0,0
LPT57,Y1,2,2,0,0,5,5,0,0
cL16,LT78,2,2,0,0,5,5,0,0
cL16,LT40,2,2,0,0,5,5,0,0
LT61a,LT82a,2,2,0,0,5,5,0,0
LPT51,MLt1,1,1,0,0,5,5,0,0
LPT51,LTe05,1,1,0,0,5,5,0,0
MeTu3b,cM08b,2,2,0,0,5,5,0,0
LC39,cL18,1,1,0,0,5,5,0,0
LTe37,LC19,2,2,0,0,5,5,0,0
LTe37,LTe67,1,1,0,0,5,5,0,0
LC27,TmY10,2,2,0,0,5,5,0,0
cLPL01,LT87,1,1,0,0,5,5,0,0
LC36,PLP023,1,1,0,0,5,5,0,0
LT52,Y11,2,2,0,0,5,5,0,0
LHPV2i2a,LTe51,1,1,0,0,5,5,0,0
LHPV2i2a,PLP150a,1,1,0,0,5,5,0,0
LHPV2i2a,LTe71,1,1,0,0,5,5,0,0
LTe27,cM08a,2,2,0,0,5,5,0,0
aMe17b,LT58,2,2,0,0,5,5,0,0
LC16,LTe64,2,2,0,0,5,5,0,0
cL13,LTe57,1,1,0,0,5,5,0,0
cML01,LLPC2,2,2,0,0,5,5,0,0
PLP185,CL104,1,1,0,0,5,5,0,0
MTe12,PLP185,1,1,0,0,5,5,0,0
MTe12,OA-AL2b1,1,1,0,0,5,5,0,0
LTe03,Li30,2,2,0,0,5,5,0,0
MTe50,LT55,1,1,0,0,5,5,0,0
LC20b,PLP023,1,1,0,0,5,5,0,0
CB3235,PLP215,1,1,0,0,5,5,0,0
CB3235,LTe30,1,1,0,0,5,5,0,0
CB3235,LT39,1,1,0,0,5,5,0,0
LT79,LC6,2,2,0,0,5,5,0,0
cL10,LTe69,1,1,0,0,5,5,0,0
cL10,aMe17a2,1,1,0,0,5,5,0,0
cL10,MLt4,2,2,0,0,5,5,0,0
cL10,LT64,1,1,0,0,5,5,0,0
cL10,LC13,2,2,0,0,5,5,0,0
cL10,Li05,2,2,0,0,5,5,0,0
MTe33,LTe54,1,1,0,0,5,5,0,0
PLP252,LTe68,1,1,0,0,5,5,0,0
cM08c,Sm27,2,2,0,0,5,5,0,0
mALC6,PLP251,1,1,0,0,5,5,0,0
LT59,cL11,1,1,0,0,5,5,0,0
LT40,LTe61,1,1,0,0,5,5,0,0
LTe33,Li18,2,2,0,0,5,5,0,0
LTe33,LT58,2,2,0,0,5,5,0,0
LC25,Tm5e,2,2,0,0,5,5,0,0
LLPC3,LTe66,2,2,0,0,5,5,0,0
HSN,Tm3,2,2,0,0,5,5,0,0
LC31a,Li09,2,2,0,0,5,5,0,0
MTe23,LC33a,1,1,0,0,5,5,0,0
MTe23,cL17,1,1,0,0,5,5,0,0
MTe23,cL04,1,1,0,0,5,5,0,0
LTe08,Tm5f,2,2,0,0,5,5,0,0
LTe08,LTe55,1,1,0,0,5,5,0,0
LTe08,LC15,2,2,0,0,5,5,0,0
LTe08,OA-ASM1,2,2,0,0,5,5,0,0
LTe08,LT64,1,1,0,0,5,5,0,0
LTe08,LT77,1,1,0,0,5,5,0,0
LC10b,Li28,2,2,0,0,5,5,0,0
LT64,Tm5e,2,2,0,0,5,5,0,0
cL07,LMa2,2,2,0,0,5,5,0,0
MeTu3c,MLt6,2,2,0,0,5,5,0,0
LT51,Tm5e,2,2,0,0,5,5,0,0
LT51,TmY5a,2,2,0,0,5,5,0,0
LT51,LT58,1,1,0,0,5,5,0,0
cLP03,cL03,2,2,0,0,5,5,0,0
cLLP02,LTe33,2,2,0,0,5,5,0,0
cLLP02,LC14b,2,2,0,0,5,5,0,0
cLLP02,LT65,2,2,0,0,5,5,0,0
LPT23,Tm5e,1,1,0,0,5,5,0,0
LTe64,Li08,2,2,0,0,5,5,0,0
LCe07,LC36,1,0,0,1,5,0,0,5
LC18,LT62,2,2,0,0,5,5,0,0
LPT04_HST,LT40,1,1,0,0,5,5,0,0
MTe37,PLP231,1,1,0,0,5,5,0,0
LT78,PLP037b,1,1,0,0,5,5,0,0
LT78,TmY31,2,2,0,0,5,5,0,0
AOTU053,MeTu2b,1,1,0,0,5,5,0,0
aMe5,l-LNv,2,2,0,0,5,5,0,0
cL03,Li22,2,2,0,0,5,5,0,0
DNc02,CT1,1,1,0,0,5,5,0,0
LC37a,LT52,1,1,0,0,5,5,0,0
LCe01a,Li28,2,2,0,0,5,5,0,0
LTe53,cL04,1,1,0,0,5,5,0,0
LTe53,LT43,1,1,0,0,5,5,0,0
LTe53,LC39,1,1,0,0,5,5,0,0
LTe53,LTe75,1,1,0,0,5,5,0,0
PLP150a,LT37,1,0,0,1,5,0,0,5
LAL047,MLt5,2,2,0,0,5,5,0,0
LAL047,LC36,2,2,0,0,5,5,0,0
LAL047,LTe23,1,1,0,0,5,5,0,0
cLP03,VST2,2,2,0,0,5,5,0,0
LC33a,LT58,1,1,0,0,5,5,0,0
LC9,LC35,1,1,0,0,5,5,0,0
cM10,LC22,2,2,0,0,5,5,0,0
LPT27,PLP051,1,1,0,0,5,5,0,0
LPT27,MTe33,1,1,0,0,5,5,0,0
LLPC3,Li05,2,2,0,0,5,5,0,0
MTe43,AVLP593,1,1,0,0,5,5,0,0
MTe43,T2,2,2,0,0,5,5,0,0
cM06,Tm20,2,2,0,0,5,5,0,0
cM06,MLt5,2,2,0,0,5,5,0,0
cM06,MLt4,2,2,0,0,5,5,0,0
PLP103b,LT37,1,1,0,0,5,5,0,0
LC24,LC10b,2,2,0,0,5,5,0,0
VS1,TmY4,1,1,0,0,5,5,0,0
LT81,LC19,1,0,0,1,5,0,0,5
APDN3,DNp27,1,1,0,0,5,5,0,0
MTe13,LC31a,1,1,0,0,5,5,0,0
OA-AL2i2,MTe44,2,2,0,0,5,5,0,0
OA-AL2i2,Mi9,2,2,0,0,5,5,0,0
LPTe01,LPT23,2,2,0,0,5,5,0,0
LLPC2,LPT23,1,1,0,0,5,5,0,0
LTe09,aMe26,1,1,0,0,5,5,0,0
mALC5,MeMe_e07,1,1,0,0,5,5,0,0
mALC5,T2a,2,2,0,0,5,5,0,0
mALC5,LTe42a,1,1,0,0,5,5,0,0
LLPC2,CB0734,1,1,0,0,5,5,0,0
MTe41,MTe47,2,2,0,0,5,5,0,0
LC4,LT51,2,2,0,0,5,5,0,0
cM02a,Sm09,2,2,0,0,5,5,0,0
cM02a,Sm35,1,1,0,0,5,5,0,0
cM02a,cM13,1,1,0,0,5,5,0,0
LTe30,LTe06,1,1,0,0,5,5,0,0
cM07,Li29,1,1,0,0,5,5,0,0
cM07,Li31,1,1,0,0,5,5,0,0
cM07,LC37a,2,2,0,0,5,5,0,0
LC45,MLt4,2,2,0,0,5,5,0,0
LTe60,LT57,2,2,0,0,5,5,0,0
LC25,Tm7,2,2,0,0,5,5,0,0
MTe06,MeTu3a,2,2,0,0,5,5,0,0
cL20,cL01,1,1,0,0,5,5,0,0
LC10e,LTe43,2,2,0,0,5,5,0,0
LT87,LT61b,1,1,0,0,5,5,0,0
MTe48,cL10,1,1,0,0,5,5,0,0
MTe01b,Lat,2,2,0,0,5,5,0,0
LC37a,LTe60,2,2,0,0,5,5,0,0
LC37a,LC46,2,2,0,0,5,5,0,0
LT1c,Li31,1,1,0,0,5,5,0,0
LT56,cL07,1,1,0,0,5,5,0,0
LT41,LT11,1,1,0,0,5,5,0,0
LT41,cLP04,1,1,0,0,5,5,0,0
LT69,LT70,1,1,0,0,5,5,0,0
LT69,LTe32,1,1,0,0,5,5,0,0
mALD2,aMe8,1,1,0,0,5,5,0,0
mALD2,LTe28,1,1,0,0,5,5,0,0
mALD2,aMe1,1,1,0,0,5,5,0,0
mALD2,Tm32,2,2,0,0,5,5,0,0
CB0143,DCH,1,1,0,0,5,5,0,0
cM16,cM14,1,1,0,0,5,5,0,0
LC35,Li19,2,2,0,0,5,5,0,0
LC35,LPLC1,2,2,0,0,5,5,0,0
Nod5,LC11,2,2,0,0,5,5,0,0
LT63,cL16,2,2,0,0,5,5,0,0
LT63,TmY9q,2,2,0,0,5,5,0,0
LLPC1,LTe52,2,2,0,0,5,5,0,0
LT51,LC17,2,2,0,0,5,5,0,0
LT51,Y3,2,2,0,0,5,5,0,0
LT51,LTe08,1,1,0,0,5,5,0,0
MeTu3c,MeMe_e03,2,2,0,0,5,5,0,0
cL11,cL11,1,0,0,1,5,0,0,5
cL11,cL20,1,1,0,0,5,5,0,0
cL11,CB0472,1,1,0,0,5,5,0,0
cL11,LTe52,1,1,0,0,5,5,0,0
cL11,CB3238,1,1,0,0,5,5,0,0
MTe52,CB0734,1,1,0,0,5,5,0,0
LPT58,LPT52,1,1,0,0,5,5,0,0
LC27,TmY20,2,2,0,0,5,5,0,0
cM08b,MTe46,1,1,0,0,5,5,0,0
LT1b,cM19,1,1,0,0,5,5,0,0
LT1b,Li25,2,2,0,0,5,5,0,0
cLLPM01,TmY14,1,1,0,0,5,5,0,0
MTe51,LC24,1,1,0,0,5,5,0,0
OA-AL2i1,Dm2,2,2,0,0,5,5,0,0
OA-AL2i1,LPTe01,2,2,0,0,5,5,0,0
OA-AL2i1,LMt2,2,2,0,0,5,5,0,0
OA-AL2i1,HSS,1,1,0,0,5,5,0,0
OA-AL2i1,LT53,2,2,0,0,5,5,0,0
OA-AL2i1,LPT49,1,1,0,0,5,5,0,0
MTe06,LatB,1,1,0,0,5,5,0,0
mALD1,LCe01a,1,1,0,0,5,5,0,0
mALD1,LTe75,1,1,0,0,5,5,0,0
mALD1,LC10e,2,2,0,0,5,5,0,0
mALD1,LC43,2,2,0,0,5,5,0,0
mALD1,aMe19a,1,1,0,0,5,5,0,0
mALD1,cM09,1,1,0,0,5,5,0,0
mALD1,LC44,1,1,0,0,5,5,0,0
LTe33,LTe09,1,1,0,0,5,5,0,0
PLP023,PLP177,1,1,0,0,5,5,0,0
PLP023,CB0143,1,1,0,0,5,5,0,0
PLP023,LT41,1,1,0,0,5,5,0,0
LC31a,Li11,2,2,0,0,5,5,0,0
LPC2,LC13,2,2,0,0,5,5,0,0
LTe73,MTe03,1,1,0,0,5,5,0,0
LC20a,LC41,2,2,0,0,5,5,0,0
LT37,MeTu4a,2,2,0,0,5,5,0,0
LPLC4,LT39,1,1,0,0,5,5,0,0
LTe50,LTe75,1,1,0,0,5,5,0,0
LTe50,Li10,2,2,0,0,5,5,0,0
LC13,LLPC2,2,2,0,0,5,5,0,0
cL15,cL17,1,1,0,0,5,5,0,0
cL15,LPT49,1,0,0,1,5,0,0,5
LTe13,LPLC4,2,2,0,0,5,5,0,0
LT39,LT74,2,2,0,0,5,5,0,0
LT39,LC45,2,2,0,0,5,5,0,0
cL02b,LC9,2,2,0,0,5,5,0,0
MTe42,LT39,1,1,0,0,5,5,0,0
MTe42,LTe52,1,1,0,0,5,5,0,0
MTe42,cL10,1,1,0,0,5,5,0,0
LLPC3,PLP037b,1,1,0,0,5,5,0,0
LTe66,cL02d,1,0,0,1,5,0,0,5
MTe22,Sm05,2,2,0,0,5,5,0,0
LatB,Lat,2,2,0,0,5,5,0,0
LT80,Tm21,2,2,0,0,5,5,0,0
cL14,LC11,1,1,0,0,5,5,0,0
cL14,LC14a1,2,2,0,0,5,5,0,0
LTe58,LTe58,1,1,0,0,5,5,0,0
MTe30,aMe13,1,1,0,0,5,5,0,0
MeTu4a,MTe07,1,1,0,0,5,5,0,0
MTe03,aMe24,1,1,0,0,5,5,0,0
cL04,LTe73,1,1,0,0,5,5,0,0
cL04,LTe53,2,2,0,0,5,5,0,0
LPT54,OA-AL2i4,1,1,0,0,5,5,0,0
LPT54,MTe13,2,2,0,0,5,5,0,0
LPT54,cM08b,1,1,0,0,5,5,0,0
LC13,LT78,2,2,0,0,5,5,0,0
LTe38b,cM02a,1,1,0,0,5,5,0,0
LCe03,Li08,2,2,0,0,5,5,0,0
LTe24,LTe59,1,1,0,0,5,5,0,0
LC9,LT67,1,1,0,0,5,5,0,0
LT53,cM17,1,1,0,0,5,5,0,0
LT53,LC10e,2,2,0,0,5,5,0,0
LT84,Tm5f,1,1,0,0,5,5,0,0
LTe42b,LTe19,1,1,0,0,5,5,0,0
cLP05,Nod3,1,1,0,0,5,5,0,0
cLP05,cLP01,1,1,0,0,5,5,0,0
MTe14,LTe20,1,1,0,0,5,5,0,0
LTe74,aMe20,1,1,0,0,5,5,0,0
LTe74,PLP022,1,1,0,0,5,5,0,0
cMLLP02,LPi05,2,2,0,0,5,5,0,0
cMLLP02,Tm27,2,2,0,0,5,5,0,0
cL01,LT77,1,1,0,0,5,5,0,0
aMe17a2,MTe01a,2,2,0,0,5,5,0,0
LT70,cL02a,2,2,0,0,5,5,0,0
MTe28,PLP239,1,1,0,0,5,5,0,0
LC46,DNp31,1,1,0,0,5,5,0,0
MeTu4d,Sm06,2,2,0,0,5,5,0,0
LPT48_vCal3,vCal1,1,1,0,0,5,5,0,0
LPT48_vCal3,cL15,1,0,0,1,5,0,0,5
cL02b,LC18,1,1,0,0,5,5,0,0
cL02b,T2a,2,2,0,0,5,5,0,0
DN1a,cL10,1,1,0,0,5,5,0,0
DGI,LAL047,1,1,0,0,5,5,0,0
DGI,LTe37,1,1,0,0,5,5,0,0
LTe01,cL04,1,1,0,0,5,5,0,0
LTe01,Tm8a,1,1,0,0,5,5,0,0
cM09,aMe24,1,1,0,0,5,5,0,0
cL22c,Li07,2,2,0,0,5,5,0,0
LTe59,Li02,2,2,0,0,5,5,0,0
LTe54,LT75,1,1,0,0,5,5,0,0
MTe27,LC35,1,1,0,0,5,5,0,0
LTe70,LTe72,1,1,0,0,5,5,0,0
cLP03,LT82a,1,1,0,0,5,5,0,0
cLP03,LC35,1,1,0,0,5,5,0,0
cML02,Li22,1,1,0,0,5,5,0,0
cML02,T5d,2,2,0,0,5,5,0,0
LTe38c,Li33,1,1,0,0,5,5,0,0
LPT21,T5d,1,1,0,0,5,5,0,0
cM14,LMa2,1,1,0,0,5,5,0,0
cM14,cM16,1,1,0,0,5,5,0,0
LT38,cL07,1,1,0,0,5,5,0,0
LLPC2,LCe06,2,2,0,0,5,5,0,0
LCe06,cL13,1,1,0,0,5,5,0,0
MTe01a,Sm13,2,2,0,0,5,5,0,0
MTe52,cL04,1,1,0,0,5,5,0,0
LT68,LC16,2,2,0,0,5,5,0,0
LT68,LTe73,2,2,0,0,5,5,0,0
LT68,PLP231,1,1,0,0,5,5,0,0
VCH,LPT50,1,1,0,0,5,5,0,0
VCH,DCH,1,1,0,0,5,5,0,0
cL08,Li14,2,2,0,0,5,5,0,0
LNda,LatB,1,1,0,0,5,5,0,0
cM15,MTe24,1,1,0,0,5,5,0,0
cM15,Sm17,2,2,0,0,5,5,0,0
cM15,MTe28,1,1,0,0,5,5,0,0
LPT22,TmY10,2,2,0,0,5,5,0,0
LT42,Li28,1,1,0,0,5,5,0,0
LT42,cLP03,1,1,0,0,5,5,0,0
LT42,LPT57,1,1,0,0,5,5,0,0
LT42,Tm20,1,1,0,0,5,5,0,0
MTe01a,MTe54,2,2,0,0,5,5,0,0
PLP036,LTe58,1,1,0,0,5,5,0,0
LT82a,LAL047,1,1,0,0,5,5,0,0
LT82a,TmY14,1,1,0,0,5,5,0,0
MTe03,MTe24,1,1,0,0,5,5,0,0
MeTu4c,LC20a,2,2,0,0,5,5,0,0
LLPC1,LT62,2,2,0,0,5,5,0,0
LT58,LT84,1,1,0,0,5,5,0,0
LT58,LT57,2,2,0,0,5,5,0,0
LT58,LTe12,1,1,0,0,5,5,0,0
LT58,LC27,2,2,0,0,5,5,0,0
LT58,Sm03,2,2,0,0,5,5,0,0
LT58,MTe02,2,2,0,0,5,5,0,0
LT58,LTe29,1,1,0,0,5,5,0,0
LT58,LTe08,1,1,0,0,5,5,0,0
LC31b,LMa1,2,2,0,0,5,5,0,0
MTe04,LTe35,1,1,0,0,5,5,0,0
LTe17,cL11,1,1,0,0,5,5,0,0
LTe17,LC28a,1,1,0,0,5,5,0,0
MeTu4c,Tm5d,2,2,0,0,5,5,0,0
LT11,LT80,1,1,0,0,5,5,0,0
AN_multi_124,AN_multi_125,1,1,0,0,5,5,0,0
MeTu3c,Tm20,2,2,0,0,5,5,0,0
LCe01b,PLP239,1,1,0,0,5,5,0,0
MTe45,MTe37,1,1,0,0,5,5,0,0
MTe45,LTe56,1,1,0,0,5,5,0,0
LTe38a,PLP023,1,1,0,0,5,5,0,0
LT85,LT52,2,2,0,0,5,5,0,0
LT85,LTe24,1,1,0,0,5,5,0,0
LCe05,LTe42a,1,1,0,0,5,5,0,0
PLP022,PLP104,1,1,0,0,5,5,0,0
AOTU065,TmY5a,2,2,0,0,5,5,0,0
MTe51,LTe38a,1,1,0,0,5,5,0,0
LTe06,LT64,2,2,0,0,5,5,0,0
Nod1,LLPC2,1,0,0,1,5,0,0,5
DNp11,LMa2,2,2,0,0,5,5,0,0
LC10a,LC36,2,2,0,0,5,5,0,0
cL22a,LC40,2,2,0,0,5,5,0,0
cL22a,LC20b,1,1,0,0,5,5,0,0
cL22a,Li04,2,2,0,0,5,5,0,0
LC24,LTe40,2,2,0,0,5,5,0,0
LT62,AVLP151,1,0,0,1,5,0,0,5
LT62,LT82a,2,2,0,0,5,5,0,0
cL22b,cL22b,1,0,0,1,5,0,0,5
cL22b,LC6,2,2,0,0,5,5,0,0
cL22b,LT86,1,1,0,0,5,5,0,0
cL22b,LTe21,1,1,0,0,5,5,0,0
cL22b,CB0472,1,1,0,0,5,5,0,0
DNg33,T3,2,2,0,0,5,5,0,0
LTe21,LTe48,1,1,0,0,5,5,0,0
AVLP151,OA-AL2i3,1,0,0,1,5,0,0,5
LPT26,cM14,1,0,0,1,5,0,0,5
LPT26,LPT31,2,2,0,0,5,5,0,0
LPT26,CB0143,1,1,0,0,5,5,0,0
LPT26,Tlp5,2,2,0,0,5,5,0,0
PLP177,VCH,1,1,0,0,5,5,0,0
LT43,LT68,1,1,0,0,5,5,0,0
LC22,LT65,2,2,0,0,5,5,0,0
LTe26,LCe01b,1,1,0,0,5,5,0,0
LTe26,AVLP151,1,1,0,0,5,5,0,0
LT67,PLP239,1,1,0,0,5,5,0,0
LT67,PLP252,1,1,0,0,5,5,0,0
LTe05,LTe53,1,1,0,0,5,5,0,0
cLLPM02,Tlp14,1,1,0,0,5,5,0,0
LPT23,LPT50,1,1,0,0,5,5,0,0
LPT28,LPi13,1,1,0,0,5,5,0,0
LT64,cM14,1,0,0,1,5,0,0,5
LC20b,LTe20,2,2,0,0,5,5,0,0
MTe13,Pm01,1,1,0,0,5,5,0,0
cMLLP02,VS1,1,1,0,0,5,5,0,0
cMLLP02,LPT47_vCal2,1,1,0,0,5,5,0,0
LTe46,LPT04_HST,1,1,0,0,5,5,0,0
LCe08,LTe09,1,1,0,0,5,5,0,0
cLLP02,LTe14,1,1,0,0,5,5,0,0
cLLP02,MeTu4c,2,2,0,0,5,5,0,0
cLLP02,LT58,1,1,0,0,5,5,0,0
H2,Nod1,1,1,0,0,5,5,0,0
cLP01,Tm36,2,2,0,0,5,5,0,0
cLP04,LT78,1,1,0,0,5,5,0,0
cLP04,LPC1,2,2,0,0,5,5,0,0
cLP04,LC10e,2,2,0,0,5,5,0,0
cLLPM01,Pm02,2,2,0,0,5,5,0,0
aMe1,LT58,1,1,0,0,5,5,0,0
LC20a,LT55,1,1,0,0,5,5,0,0
LC43,LC15,1,1,0,0,5,5,0,0
LC36,PLP022,1,1,0,0,5,5,0,0
aMe26,LNda,1,1,0,0,5,5,0,0
aMe26,MTe01a,2,2,0,0,5,5,0,0
LPC2,APDN3,1,1,0,0,5,5,0,0
cL06,aMe20,1,1,0,0,5,5,0,0
cL06,Li30,1,1,0,0,5,5,0,0
LTe63,MTe10,1,0,0,1,5,0,0,5
LPT29,Li10,2,2,0,0,5,5,0,0
LPT29,CB0143,1,1,0,0,5,5,0,0
cL16,MTe43,1,1,0,0,5,5,0,0
cL16,LT64,2,2,0,0,5,5,0,0
cL16,LTe53,1,1,0,0,5,5,0,0
LTe01,Li18,2,2,0,0,5,5,0,0
LPT49,LPT53,1,0,0,1,5,0,0,5
LPT49,LLPC4,2,2,0,0,5,5,0,0
LPT49,VSm,1,1,0,0,5,5,0,0
LPT49,LPT29,1,1,0,0,5,5,0,0
LPT49,VS2,1,1,0,0,5,5,0,0
cM02b,MTe03,2,2,0,0,5,5,0,0
MTe50,LT64,1,1,0,0,5,5,0,0
aMe13,s-LNva,1,1,0,0,5,5,0,0
LCe01b,LTe31,1,1,0,0,5,5,0,0
LTe75,cL04,1,1,0,0,5,5,0,0
LTe75,LTe60,1,1,0,0,5,5,0,0
LT86,LT70,1,1,0,0,5,5,0,0
LT86,LTe65,1,1,0,0,5,5,0,0
LT86,LTe42c,1,1,0,0,5,5,0,0
PLP035,LLPC3,1,1,0,0,5,5,0,0
LTe19,LT59,1,0,0,1,5,0,0,5
MTe38,Sm13,2,2,0,0,5,5,0,0
MTe38,LTe32,1,1,0,0,5,5,0,0
LT34,LC35,2,2,0,0,5,5,0,0
LT34,cL16,2,2,0,0,5,5,0,0
LT77,cL18,1,1,0,0,5,5,0,0
VS8,LPLC2,2,2,0,0,5,5,0,0
MTe51,PLP185,1,1,0,0,5,5,0,0
LLPC4,LLPC3,1,1,0,0,5,5,0,0
LTe28,PLP239,1,1,0,0,5,5,0,0
MeTu2b,MeTu2a,1,1,0,0,5,5,0,0
cM09,MTe53,2,2,0,0,5,5,0,0
LTe07,LC46,1,1,0,0,5,5,0,0
LTe29,OA-AL2b1,1,1,0,0,5,5,0,0
MTe32,PLP239,1,1,0,0,5,5,0,0
MTe18,aMe13,1,1,0,0,5,5,0,0
MTe18,PLP022,1,1,0,0,5,5,0,0
LC31c,LMt2,2,2,0,0,5,5,0,0
VS5,LLPC1,2,2,0,0,5,5,0,0
mALC4,LC28a,1,1,0,0,5,5,0,0
DCH,TmY11,2,2,0,0,5,5,0,0
LTe09,mALD1,1,1,0,0,5,5,0,0
LT65,LTe65,2,2,0,0,5,5,0,0
LT65,LC20a,2,2,0,0,5,5,0,0
LT65,LT72,1,1,0,0,5,5,0,0
LC17,LTe69,1,1,0,0,5,5,0,0
LC17,LTe58,2,2,0,0,5,5,0,0
MTe04,PLP185,1,1,0,0,5,5,0,0
LTe58,LT58,1,1,0,0,5,5,0,0
mALC3,LT51,1,1,0,0,5,5,0,0
LC46,LTe61,1,1,0,0,5,5,0,0
LC45,TmY31,2,2,0,0,5,5,0,0
LTe22,cLLP02,1,1,0,0,5,5,0,0
LTe15,MTe43,1,1,0,0,5,5,0,0
MTe21,Pm14,1,1,0,0,5,5,0,0
LTe25,AVLP593,1,1,0,0,5,5,0,0
LTe25,LCe06,1,1,0,0,5,5,0,0
LTe25,LC22,1,1,0,0,5,5,0,0
aMe3,cM08b,1,1,0,0,5,5,0,0
VS3,TmY4,2,2,0,0,5,5,0,0
VS3,cLP03,1,1,0,0,5,5,0,0
PLP081,PLP103b,1,1,0,0,5,5,0,0
PLP081,PLP104,1,1,0,0,5,5,0,0
PLP081,CB0230,1,0,0,1,5,0,0,5
PLP081,Nod1,1,1,0,0,5,5,0,0
cL02a,Li19,1,1,0,0,5,5,0,0
cL02a,LPLC4,2,2,0,0,5,5,0,0
cMLLP01,LAL047,1,1,0,0,5,5,0,0
cMLLP01,MTe34,1,1,0,0,5,5,0,0
cMLLP01,PLP103b,1,1,0,0,5,5,0,0
cMLLP01,Sm41,1,1,0,0,5,5,0,0
cMLLP01,cL18,1,1,0,0,5,5,0,0
cMLLP01,LT65,1,1,0,0,5,5,0,0
cMLLP01,LPT21,1,1,0,0,5,5,0,0
cMLLP01,LTe42a,1,1,0,0,5,5,0,0
cMLLP01,DCH,1,1,0,0,5,5,0,0
cL05,LCe08,1,1,0,0,5,5,0,0
cL05,LTe60,1,1,0,0,5,5,0,0
MTe06,cM08a,1,1,0,0,5,5,0,0
MTe08,MeTu4c,2,2,0,0,5,5,0,0
LTe64,LMa1,1,1,0,0,5,5,0,0
LLPC4,Li05,2,2,0,0,5,5,0,0
LC16,LC18,2,2,0,0,5,5,0,0
LT83,LC14a1,2,2,0,0,5,5,0,0
LT83,cL16,1,1,0,0,5,5,0,0
aMe17c,Sm09,2,2,0,0,5,5,0,0
LPLC2,Tm1,2,2,0,0,5,5,0,0
PLP032,CB2580,1,0,0,1,5,0,0,5
Y3,aMe20,2,0,2,0,4,0,4,0
Tm27,LPi07,2,0,2,0,4,0,4,0
Mi13,Sm04,2,1,1,0,4,2,2,0
Dm10,TmY4,2,0,2,0,4,0,4,0
Tm5c,MTe11,2,1,1,0,4,2,2,0
LPi06,OA-AL2i1,2,1,1,0,4,2,2,0
LPi06,CT1,2,0,2,0,4,0,4,0
MLt4,LC20b,2,0,2,0,4,0,4,0
Tm5f,LTe49b,2,0,2,0,4,0,4,0
TmY3,LT73,2,0,2,0,4,0,4,0
Tm5b,MLt4,1,0,1,0,4,0,4,0
T3,LC22,2,1,1,0,4,2,2,0
Tm20,MTe28,2,0,2,0,4,0,4,0
Sm08,MTe08,2,1,1,0,4,2,2,0
Li08,Tm34,2,0,2,0,4,0,4,0
Li08,cL14,2,0,2,0,4,0,4,0
Tm3,MTe47,2,0,2,0,4,0,4,0
Sm16,Sm40,1,0,1,0,4,0,4,0
Sm24,Sm31,2,0,2,0,4,0,4,0
Tm4,LTe29,2,1,1,0,4,2,2,0
Tm5f,LTe16,2,0,2,0,4,0,4,0
LPi06,TmY5a,2,1,1,0,4,2,2,0
Tm32,Li06,2,0,2,0,4,0,4,0
R8,aMe4,2,0,2,0,4,0,4,0
Sm18,Tm5d,2,0,2,0,4,0,4,0
Li20,LC12,2,0,2,0,4,0,4,0
Li20,TmY11,2,1,1,0,4,2,2,0
Li20,LC21,2,0,2,0,4,0,4,0
Li20,Li10,2,0,2,0,4,0,4,0
Tm8b,LTe25,2,0,2,0,4,0,4,0
Tm5f,Dm11,2,1,1,0,4,2,2,0
Dm8b,Dm10,1,0,1,0,4,0,4,0
Tm5e,LC46,2,0,2,0,4,0,4,0
TmY9q,LT64,2,0,2,0,4,0,4,0
Y12,LC24,2,0,2,0,4,0,4,0
Sm34,l-LNv,2,0,2,0,4,0,4,0
Sm34,MTe05,2,1,1,0,4,2,2,0
Sm34,Sm02,2,1,1,0,4,2,2,0
Sm19,aMe17b,1,0,1,0,4,0,4,0
Sm19,MeMe_e09,1,0,1,0,4,0,4,0
Tm5a,MLt2,2,1,1,0,4,2,2,0
MLt2,LT59,2,0,2,0,4,0,4,0
Tm27,T5c,2,0,2,0,4,0,4,0
Tm8b,MTe51,2,0,2,0,4,0,4,0
MLt6,LC10d,2,1,1,0,4,2,2,0
Pm05,T1,1,0,1,0,4,0,4,0
TmY16,LC14a2,2,1,1,0,4,2,2,0
Sm09,cM08b,2,1,1,0,4,2,2,0
Pm12,OA-AL2i1,1,0,1,0,4,0,4,0
Pm12,Pm06,1,0,1,0,4,0,4,0
Pm12,Lawf2,2,0,2,0,4,0,4,0
Sm07,LC10a,1,0,1,0,4,0,4,0
Sm23,Sm14,2,0,2,0,4,0,4,0
Sm23,Sm41,2,1,1,0,4,2,2,0
Tm7,LTe11,2,0,2,0,4,0,4,0
Tm7,MTe04,2,0,2,0,4,0,4,0
TmY5a,Lawf1,2,1,1,0,4,2,2,0
Sm05,TmY15,1,0,1,0,4,0,4,0
Tm21,LTe21,1,0,1,0,4,0,4,0
Tm21,LC10d,2,0,2,0,4,0,4,0
Dm15,Mi10,2,1,1,0,4,2,2,0
Tm27,LT79,1,0,1,0,4,0,4,0
TmY4,LTe46,2,1,1,0,4,2,2,0
T5d,Li16,2,1,1,0,4,2,2,0
R8,Tm8a,2,0,2,0,4,0,4,0
Tm20,MTe14,2,1,1,0,4,2,2,0
Tm5a,MTe13,2,1,1,0,4,2,2,0
Sm05,Sm42,2,0,2,0,4,0,4,0
Sm05,LTe06,1,0,1,0,4,0,4,0
Sm05,Sm40,2,0,2,0,4,0,4,0
Sm05,Sm20,2,1,1,0,4,2,2,0
Sm30,MeTu4d,2,1,1,0,4,2,2,0
Tm5b,Pm13,2,0,2,0,4,0,4,0
MLt4,Li17,2,0,2,0,4,0,4,0
Tm35,Mi13,2,1,1,0,4,2,2,0
MLt5,Tm36,2,0,2,0,4,0,4,0
MLt5,LPLC4,2,0,2,0,4,0,4,0
MLt5,LT51,2,0,2,0,4,0,4,0
Dm16,Lawf2,2,1,1,0,4,2,2,0
Tm20,LTe42a,2,1,1,0,4,2,2,0
Tm5b,LTe54,1,0,1,0,4,0,4,0
C2,TmY15,2,0,2,0,4,0,4,0
Li05,LT55,2,1,1,0,4,2,2,0
Tm36,LT1d,2,1,1,0,4,2,2,0
TmY4,LTe49b,2,0,2,0,4,0,4,0
LMa5,Am1,2,0,2,0,4,0,4,0
Tm5c,LC46,2,1,1,0,4,2,2,0
Tm32,LTe49b,2,0,2,0,4,0,4,0
Mi1,Dm14,2,0,2,0,4,0,4,0
Sm40,OA-AL2i4,2,1,1,0,4,2,2,0
Sm40,MeMe_e02,1,0,1,0,4,0,4,0
Sm05,MTe05,2,1,1,0,4,2,2,0
Sm04,Pm05,2,1,1,0,4,2,2,0
Sm08,MTe05,2,0,2,0,4,0,4,0
Y1,Li31,2,1,1,0,4,2,2,0
Sm16,aMe26,2,1,1,0,4,2,2,0
Sm16,aMe9,2,1,1,0,4,2,2,0
Mi9,MTe18,2,1,1,0,4,2,2,0
Tm3,cL09,2,0,2,0,4,0,4,0
Tm25,Li08,2,0,2,0,4,0,4,0
Sm15,aMe5,2,0,2,0,4,0,4,0
T4c,TmY10,2,0,2,0,4,0,4,0
LMt3,TmY31,2,0,2,0,4,0,4,0
Sm12,MeTu3a,2,1,1,0,4,2,2,0
Mi15,L3,2,0,2,0,4,0,4,0
TmY14,LC14a1,2,0,2,0,4,0,4,0
Sm04,Sm06,2,1,1,0,4,2,2,0
Lawf2,Tm5b,1,0,1,0,4,0,4,0
Sm32,Tm34,2,0,2,0,4,0,4,0
Li02,Tlp1,2,1,1,0,4,2,2,0
LPi11,T5a,2,1,1,0,4,2,2,0
Mi13,Dm18,2,0,2,0,4,0,4,0
Y3,MTe33,2,0,2,0,4,0,4,0
TmY3,OA-ASM1,2,0,2,0,4,0,4,0
Tm2,MTe41,2,0,2,0,4,0,4,0
Tm34,Tm8b,2,1,1,0,4,2,2,0
Tm16,LTe59,2,1,1,0,4,2,2,0
Li17,LMt3,2,0,2,0,4,0,4,0
Li17,Tlp1,2,1,1,0,4,2,2,0
Mi2,MTe02,2,1,1,0,4,2,2,0
MLt2,OA-AL2b1,2,0,2,0,4,0,4,0
LPi05,T2,1,0,1,0,4,0,4,0
LPi05,Tm25,2,0,2,0,4,0,4,0
Li21,Tm20,2,1,1,0,4,2,2,0
Li21,T5a,2,1,1,0,4,2,2,0
Tm16,LPT29,2,1,1,0,4,2,2,0
MLt7,MTe33,2,0,2,0,4,0,4,0
Mi1,aMe5,2,0,2,0,4,0,4,0
Tm33,LT67,2,1,1,0,4,2,2,0
Li06,cML01,2,1,1,0,4,2,2,0
Tm5f,Pm07,2,0,2,0,4,0,4,0
Tm5c,LTe42c,2,1,1,0,4,2,2,0
Sm27,Sm15,2,0,2,0,4,0,4,0
Sm28,Dm2,2,1,1,0,4,2,2,0
Y1,CB3089,2,1,1,0,4,2,2,0
MLt6,Tm5a,2,0,2,0,4,0,4,0
MLt6,Dm8a,2,1,1,0,4,2,2,0
Tm16,cL01,2,1,1,0,4,2,2,0
Tm21,LT53,2,1,1,0,4,2,2,0
T2a,MTe26,2,0,2,0,4,0,4,0
MLt5,MeMe_e01,2,0,2,0,4,0,4,0
Pm05,Dm3p,2,0,2,0,4,0,4,0
Pm05,MTe50,2,0,2,0,4,0,4,0
Tm5e,aMe9,2,0,2,0,4,0,4,0
Tm5e,Sm34,2,1,1,0,4,2,2,0
Sm06,aMe17a2,2,0,2,0,4,0,4,0
Sm06,Tm36,2,0,2,0,4,0,4,0
Li02,LT74,2,1,1,0,4,2,2,0
Li02,LMa1,2,1,1,0,4,2,2,0
Tm16,LAL047,2,1,1,0,4,2,2,0
Tm8b,Sm12,2,0,2,0,4,0,4,0
Dm20,R8,2,0,2,0,4,0,4,0
Y3,Sm04,2,1,1,0,4,2,2,0
T4b,LC28a,2,0,2,0,4,0,4,0
LPi05,LMa4,2,0,2,0,4,0,4,0
LPi05,Li33,1,0,1,0,4,0,4,0
LPi05,LC28a,2,0,2,0,4,0,4,0
LPi05,LC36,1,0,1,0,4,0,4,0
Tm8b,TmY3,2,0,2,0,4,0,4,0
Tm8b,LTe16,2,0,2,0,4,0,4,0
T5d,AVLP151,2,0,2,0,4,0,4,0
Tm5f,LPC2,2,0,2,0,4,0,4,0
Mi13,Pm06,2,0,2,0,4,0,4,0
Y1,Tm9,2,1,1,0,4,2,2,0
Li06,cL07,2,0,2,0,4,0,4,0
Li06,Li07,2,0,2,0,4,0,4,0
Sm21,MeTu1,2,1,1,0,4,2,2,0
T4a,LMt3,2,0,2,0,4,0,4,0
Li01,LTe37,2,1,1,0,4,2,2,0
Li18,LPLC4,2,0,2,0,4,0,4,0
Li18,LC20a,2,0,2,0,4,0,4,0
Tm8b,Sm30,2,0,2,0,4,0,4,0
Tm8b,MeTu3c,2,0,2,0,4,0,4,0
TmY3,mALC3,2,1,1,0,4,2,2,0
Li12,LT36,2,0,2,0,4,0,4,0
Li12,LT34,2,1,1,0,4,2,2,0
Li12,LTe06,2,0,2,0,4,0,4,0
LLPt,Nod1,2,0,2,0,4,0,4,0
LLPt,LC18,2,1,1,0,4,2,2,0
LMa2,MTe46,2,0,2,0,4,0,4,0
LMa2,cMLLP01,2,0,2,0,4,0,4,0
LMa2,cM05,2,1,1,0,4,2,2,0
Sm09,MTe32,2,1,1,0,4,2,2,0
Y12,MTe02,2,1,1,0,4,2,2,0
Y12,Li13,2,1,1,0,4,2,2,0
Sm19,Tm8b,2,1,1,0,4,2,2,0
TmY3,LTe11,1,0,1,0,4,0,4,0
Sm13,Dm4,2,0,2,0,4,0,4,0
Sm13,Mi14,2,1,1,0,4,2,2,0
Sm13,TmY11,2,1,1,0,4,2,2,0
Tlp4,LPT30,2,1,1,0,4,2,2,0
TmY4,LTe07,2,0,2,0,4,0,4,0
Pm09,Tm5a,2,0,2,0,4,0,4,0
Tm5d,LTe12,1,0,1,0,4,0,4,0
MLt6,aMe9,2,1,1,0,4,2,2,0
Pm07,Pm11,2,0,2,0,4,0,4,0
Li12,TmY9q,2,1,1,0,4,2,2,0
Pm10,LPi05,1,0,1,0,4,0,4,0
Tm5f,LTe10,2,0,2,0,4,0,4,0
Tm32,MTe24,2,0,2,0,4,0,4,0
T2a,Sm07,1,0,1,0,4,0,4,0
Tlp5,Tm2,2,0,2,0,4,0,4,0
Tlp5,LPi04,2,0,2,0,4,0,4,0
Pm02,Tm9,2,0,2,0,4,0,4,0
Tlp5,LMt2,2,0,2,0,4,0,4,0
TmY11,LC31b,1,0,1,0,4,0,4,0
Tm20,Pm08,2,0,2,0,4,0,4,0
Sm31,aMe12,2,0,2,0,4,0,4,0
Sm31,MeTu1,2,0,2,0,4,0,4,0
MLt2,Sm01,1,0,1,0,4,0,4,0
Sm19,MeTu3c,2,1,1,0,4,2,2,0
Pm10,Tm37,2,0,2,0,4,0,4,0
MLt2,LCe05,2,0,2,0,4,0,4,0
MLt3,MTe41,2,1,1,0,4,2,2,0
Y11,LTe05,2,1,1,0,4,2,2,0
Sm10,MLt5,2,1,1,0,4,2,2,0
Tm16,Sm11,2,1,1,0,4,2,2,0
MLt1,AN_multi_124,1,0,1,0,4,0,4,0
Tm5c,cLLP02,2,0,2,0,4,0,4,0
Tm5c,MTe10,2,1,1,0,4,2,2,0
Tm25,LT61a,2,0,2,0,4,0,4,0
TmY9q⊥,cM09,2,0,2,0,4,0,4,0
Tm34,Sm12,2,1,1,0,4,2,2,0
Tm5c,MTe38,2,0,2,0,4,0,4,0
Sm09,MeMe_e09,2,1,1,0,4,2,2,0
Sm07,R7,2,0,2,0,4,0,4,0
Li04,MeTu3c,2,0,2,0,4,0,4,0
Tm8a,Mi1,2,0,2,0,4,0,4,0
TmY20,LT76,2,1,1,0,4,2,2,0
MLt2,LC37a,2,0,2,0,4,0,4,0
MLt6,Dm8b,2,0,2,0,4,0,4,0
Tlp4,Y4,2,1,1,0,4,2,2,0
Sm27,Mi15,2,1,1,0,4,2,2,0
TmY11,mALC4,2,0,2,0,4,0,4,0
Tm31,MTe04,2,0,2,0,4,0,4,0
Y12,LC13,2,1,1,0,4,2,2,0
Y12,LPTe02,2,0,2,0,4,0,4,0
Tm34,MLt7,2,1,1,0,4,2,2,0
Tm5f,MTe47,2,1,1,0,4,2,2,0
Sm18,Tm31,2,0,2,0,4,0,4,0
T2,cL08,2,1,1,0,4,2,2,0
Tm2,R8,2,1,1,0,4,2,2,0
Sm31,Sm15,2,0,2,0,4,0,4,0
Dm14,OA-AL2i3,2,0,2,0,4,0,4,0
Li20,Tm5b,2,1,1,0,4,2,2,0
Li20,Li12,1,0,1,0,4,0,4,0
Li20,LC31a,2,1,1,0,4,2,2,0
Li20,LMt2,2,1,1,0,4,2,2,0
T5d,MTe47,2,1,1,0,4,2,2,0
TmY9q⊥,cL05,2,0,2,0,4,0,4,0
TmY9q⊥,LPi11,2,0,2,0,4,0,4,0
T5a,cL21,2,0,2,0,4,0,4,0
Li19,CB3089,2,0,2,0,4,0,4,0
Li19,Li15,2,1,1,0,4,2,2,0
Li19,LTe10,2,1,1,0,4,2,2,0
Tm34,LTe08,2,1,1,0,4,2,2,0
Sm27,MeTu1,2,0,2,0,4,0,4,0
Sm27,Sm03,2,1,1,0,4,2,2,0
Sm27,cM08b,2,0,2,0,4,0,4,0
TmY9q,mALC4,2,0,2,0,4,0,4,0
T4d,Tm4,2,0,2,0,4,0,4,0
T5a,Tm7,2,1,1,0,4,2,2,0
Tm25,LT83,2,0,2,0,4,0,4,0
TmY4,LC14a2,2,1,1,0,4,2,2,0
T5a,Tm36,2,0,2,0,4,0,4,0
Sm09,cM14,2,1,1,0,4,2,2,0
Tlp1,LT60,2,1,1,0,4,2,2,0
R8,Mi14,2,1,1,0,4,2,2,0
TmY9q⊥,MTe53,2,0,2,0,4,0,4,0
MLt1,Tm7,2,0,2,0,4,0,4,0
TmY9q,MTe03,2,0,2,0,4,0,4,0
Li17,Li32,1,0,1,0,4,0,4,0
Tm31,LC11,2,1,1,0,4,2,2,0
Tm31,LTe33,2,0,2,0,4,0,4,0
Pm01,Dm20,2,1,1,0,4,2,2,0
Pm01,LC16,1,0,1,0,4,0,4,0
Pm01,Tm5e,2,1,1,0,4,2,2,0
Tm3,TmY10,2,1,1,0,4,2,2,0
Li09,LTe22,2,1,1,0,4,2,2,0
Tm25,Tm9,2,0,2,0,4,0,4,0
PDt,L4,2,0,2,0,4,0,4,0
LMt4,LLPC1,2,1,1,0,4,2,2,0
Tm5d,TmY14,2,1,1,0,4,2,2,0
T2,Tm37,2,0,2,0,4,0,4,0
Tm5c,LTe17,2,1,1,0,4,2,2,0
Tm9,Li06,2,0,2,0,4,0,4,0
T5c,Tm5e,2,1,1,0,4,2,2,0
Dm2,LT58,1,0,1,0,4,0,4,0
Sm04,MLt8,2,1,1,0,4,2,2,0
T4a,Pm12,2,0,2,0,4,0,4,0
Sm01,Mi2,2,0,2,0,4,0,4,0
Sm02,Tm20,2,1,1,0,4,2,2,0
Li26,LPLC4,2,0,2,0,4,0,4,0
MLt5,aMe17a1,2,1,1,0,4,2,2,0
TmY15,Pm06,2,0,2,0,4,0,4,0
Tm33,LTe29,2,1,1,0,4,2,2,0
Tm33,MTe08,2,0,2,0,4,0,4,0
Tm9,MeTu1,2,1,1,0,4,2,2,0
MLt8,Sm03,2,1,1,0,4,2,2,0
Y3,LT76,2,1,1,0,4,2,2,0
Li10,cL06,2,1,1,0,4,2,2,0
Li15,OA-AL2i2,2,0,2,0,4,0,4,0
Tm7,MTe18,2,0,2,0,4,0,4,0
Li12,LT37,2,1,1,0,4,2,2,0
Sm41,MTe07,2,1,1,0,4,2,2,0
Sm41,Sm23,2,1,1,0,4,2,2,0
Sm41,MTe09,2,1,1,0,4,2,2,0
Sm41,MTe10,2,0,2,0,4,0,4,0
Sm41,MTe49,1,0,1,0,4,0,4,0
Dm2,L4,2,1,1,0,4,2,2,0
Tm8b,LT82a,2,0,2,0,4,0,4,0
TmY11,Tm2,2,0,2,0,4,0,4,0
LMa3,T5d,2,1,1,0,4,2,2,0
LMa3,Tlp5,2,1,1,0,4,2,2,0
LMa3,Y1,2,0,2,0,4,0,4,0
Tm5e,LTe24,2,0,2,0,4,0,4,0
LMa5,LT66,2,1,1,0,4,2,2,0
Pm05,Li11,2,0,2,0,4,0,4,0
R1-6,Li26,2,0,2,0,4,0,4,0
R1-6,Pm02,2,0,2,0,4,0,4,0
Mi13,Dm3v,2,1,1,0,4,2,2,0
C2,Pm02,2,0,2,0,4,0,4,0
MLt5,Tm5f,2,0,2,0,4,0,4,0
TmY3,Li28,2,0,2,0,4,0,4,0
Sm19,Sm24,2,1,1,0,4,2,2,0
Dm10,DNc01,2,1,1,0,4,2,2,0
Li02,Tm31,1,0,1,0,4,0,4,0
Li02,LTe43,2,0,2,0,4,0,4,0
Li17,cML01,2,0,2,0,4,0,4,0
Li17,Li14,2,1,1,0,4,2,2,0
Tm31,LC10b,2,0,2,0,4,0,4,0
Dm12,MTe04,1,0,1,0,4,0,4,0
LPi08,TmY15,2,1,1,0,4,2,2,0
Tm32,LTe01,2,1,1,0,4,2,2,0
Tm8a,Tm3,2,0,2,0,4,0,4,0
Tm5e,MTe09,2,1,1,0,4,2,2,0
Tm32,LT84,2,0,2,0,4,0,4,0
Li13,LTe01,2,0,2,0,4,0,4,0
Li13,LTe37,1,0,1,0,4,0,4,0
Li13,LTe73,2,0,2,0,4,0,4,0
Tm2,H2,1,0,1,0,4,0,4,0
TmY3,MLt5,2,1,1,0,4,2,2,0
Sm06,MTe38,2,1,1,0,4,2,2,0
Li06,LT76,2,0,2,0,4,0,4,0
MLt1,MTe04,1,0,1,0,4,0,4,0
MLt1,Li11,2,0,2,0,4,0,4,0
MLt1,MTe16,2,0,2,0,4,0,4,0
Mi15,MTe30,2,0,2,0,4,0,4,0
Y4,TmY10,2,1,1,0,4,2,2,0
Tm34,LTe45,2,1,1,0,4,2,2,0
Dm2,aMe17c,2,1,1,0,4,2,2,0
Tm21,LC14a2,2,0,2,0,4,0,4,0
Sm12,cM08a,2,1,1,0,4,2,2,0
T4d,LMa5,2,0,2,0,4,0,4,0
Sm23,MeTu4a,2,0,2,0,4,0,4,0
T5b,LPi13,2,0,2,0,4,0,4,0
Sm05,T2a,2,1,1,0,4,2,2,0
Pm03,cML01,2,1,1,0,4,2,2,0
L1,TmY4,2,1,1,0,4,2,2,0
MLt1,LT36,1,0,1,0,4,0,4,0
MLt1,LTe21,1,0,1,0,4,0,4,0
MLt1,LT75,2,0,2,0,4,0,4,0
MLt1,LTe17,2,1,1,0,4,2,2,0
TmY14,Tm5c,2,1,1,0,4,2,2,0
Dm20,Tm34,2,0,2,0,4,0,4,0
LMa3,Li01,2,0,2,0,4,0,4,0
Sm12,CB0566,2,1,1,0,4,2,2,0
Dm2,cM11,2,0,2,0,4,0,4,0
Sm10,Y4,2,0,2,0,4,0,4,0
MLt1,cM08b,2,1,1,0,4,2,2,0
Pm05,Sm06,1,0,1,0,4,0,4,0
Sm06,MTe24,2,0,2,0,4,0,4,0
Tm5d,LC39,2,0,2,0,4,0,4,0
LPi09,Am1,2,0,2,0,4,0,4,0
Sm01,MTe30,2,0,2,0,4,0,4,0
Li10,LT74,2,0,2,0,4,0,4,0
Mi1,DNp30,2,1,1,0,4,2,2,0
L5,MeTu1,2,0,2,0,4,0,4,0
Sm25,Tm25,2,0,2,0,4,0,4,0
Sm25,aMe4,1,0,1,0,4,0,4,0
Sm25,Sm14,2,0,2,0,4,0,4,0
Tm8a,Sm23,2,1,1,0,4,2,2,0
Tm8b,T2a,2,1,1,0,4,2,2,0
Sm19,TmY5a,2,1,1,0,4,2,2,0
Sm19,Sm22,2,1,1,0,4,2,2,0
Sm25,Sm35,2,0,2,0,4,0,4,0
Sm25,MTe02,2,1,1,0,4,2,2,0
Mi15,Tm9,2,0,2,0,4,0,4,0
Tm4,LT47,2,1,1,0,4,2,2,0
L1,Sm07,2,0,2,0,4,0,4,0
Y1,cMLLP01,2,0,2,0,4,0,4,0
Sm22,Sm41,1,0,1,0,4,0,4,0
Tm5c,MTe47,2,1,1,0,4,2,2,0
L4,TmY14,1,0,1,0,4,0,4,0
MLt1,Y12,1,0,1,0,4,0,4,0
Tm5a,aMe12,2,1,1,0,4,2,2,0
T4b,LPi03,1,0,1,0,4,0,4,0
Sm08,aMe17a2,2,1,1,0,4,2,2,0
Y1,Tm8a,2,0,2,0,4,0,4,0
T4d,Tm25,2,0,2,0,4,0,4,0
Li01,TmY16,2,1,1,0,4,2,2,0
Tm32,Mi13,2,0,2,0,4,0,4,0
TmY16,LPi09,1,0,1,0,4,0,4,0
Y12,cL21,2,0,2,0,4,0,4,0
LMt3,LC31b,1,0,1,0,4,0,4,0
LMt3,LT47,2,0,2,0,4,0,4,0
Mi1,Sm09,2,1,1,0,4,2,2,0
Y12,Tm5f,2,0,2,0,4,0,4,0
Tm5c,Tm2,2,1,1,0,4,2,2,0
Pm03,Sm09,2,0,2,0,4,0,4,0
Sm03,MTe45,2,1,1,0,4,2,2,0
Lawf1,Tm5f,2,0,2,0,4,0,4,0
Tm2,Tm34,2,0,2,0,4,0,4,0
TmY15,Dm4,2,1,1,0,4,2,2,0
TmY31,Sm38,2,1,1,0,4,2,2,0
LMa5,LT82a,2,1,1,0,4,2,2,0
Tlp1,LT47,1,0,1,0,4,0,4,0
Tm5f,TmY14,2,1,1,0,4,2,2,0
Sm25,MTe30,2,0,2,0,4,0,4,0
Sm25,TmY3,2,0,2,0,4,0,4,0
Sm25,MeMe_e02,2,0,2,0,4,0,4,0
Sm25,Sm09,2,1,1,0,4,2,2,0
Sm11,Tm37,2,1,1,0,4,2,2,0
LPi14,Li29,2,1,1,0,4,2,2,0
MLt4,Li07,2,1,1,0,4,2,2,0
T4d,CB0816,2,1,1,0,4,2,2,0
Pm11,Pm02,2,1,1,0,4,2,2,0
Tlp14,LMa1,2,0,2,0,4,0,4,0
Tm5d,LTe02,2,0,2,0,4,0,4,0
Tm31,MeTu3c,2,1,1,0,4,2,2,0
LMa1,LCe01b,1,0,1,0,4,0,4,0
LMa1,LTe06,1,0,1,0,4,0,4,0
TmY9q,Tm5a,2,0,2,0,4,0,4,0
LPi11,LPi02,1,0,1,0,4,0,4,0
MLt5,Sm40,2,0,2,0,4,0,4,0
Tlp4,LPT49,2,1,1,0,4,2,2,0
Sm15,Tm2,1,0,1,0,4,0,4,0
Sm15,Tm1,1,0,1,0,4,0,4,0
DmDRA1,Tm27,2,0,2,0,4,0,4,0
TmY3,LC24,2,0,2,0,4,0,4,0
Tlp1,LTe14,2,0,2,0,4,0,4,0
Tlp1,Tm25,2,1,1,0,4,2,2,0
Tm4,LT1a,2,0,2,0,4,0,4,0
Li17,cL08,2,1,1,0,4,2,2,0
Y12,LC14a2,2,1,1,0,4,2,2,0
TmY20,C2,2,1,1,0,4,2,2,0
Tm16,cL22a,2,1,1,0,4,2,2,0
Mi15,Li06,2,1,1,0,4,2,2,0
Tm32,MTe16,2,1,1,0,4,2,2,0
Tm27,MeTu4c,2,0,2,0,4,0,4,0
Tm20,cL13,2,1,1,0,4,2,2,0
TmY9q⊥,LTe76,1,0,1,0,4,0,4,0
TmY14,LC21,2,0,2,0,4,0,4,0
Sm03,MTe26,2,0,2,0,4,0,4,0
Mi4,R1-6,2,0,2,0,4,0,4,0
Li17,CT1,2,1,1,0,4,2,2,0
Li10,Y12,2,1,1,0,4,2,2,0
T3,LT87,2,0,2,0,4,0,4,0
LPi05,LPT49,2,1,1,0,4,2,2,0
T4d,LPT51,2,0,2,0,4,0,4,0
Tm35,cM14,2,1,1,0,4,2,2,0
MLt7,LC33a,2,1,1,0,4,2,2,0
MLt7,aMe17a1,2,0,2,0,4,0,4,0
Tm5a,LCe07,2,1,1,0,4,2,2,0
Sm32,aMe9,2,1,1,0,4,2,2,0
Tm16,LTe49d,2,1,1,0,4,2,2,0
Y1,LCe01b,1,0,1,0,4,0,4,0
Y1,Tm31,2,1,1,0,4,2,2,0
Tm37,Sm12,2,1,1,0,4,2,2,0
TmY3,Dm15,2,0,2,0,4,0,4,0
Mi1,Tm32,2,0,2,0,4,0,4,0
TmY4,Li18,2,1,1,0,4,2,2,0
Sm30,MLt6,2,0,2,0,4,0,4,0
Sm30,cM11,2,0,2,0,4,0,4,0
Y12,LC16,2,0,2,0,4,0,4,0
Sm15,aMe17b,2,1,1,0,4,2,2,0
Dm11,T2a,2,0,2,0,4,0,4,0
Li21,Tlp14,1,0,1,0,4,0,4,0
MLt3,cL16,2,1,1,0,4,2,2,0
Dm16,Tm27,2,0,2,0,4,0,4,0
TmY5a,Sm10,2,0,2,0,4,0,4,0
MLt7,Sm40,2,1,1,0,4,2,2,0
Sm31,cLM01,2,1,1,0,4,2,2,0
Tm33,LC19,2,1,1,0,4,2,2,0
Tm37,TmY20,2,1,1,0,4,2,2,0
Tm37,LC4,2,1,1,0,4,2,2,0
Pm06,TmY14,2,1,1,0,4,2,2,0
TmY9q⊥,LMa1,2,1,1,0,4,2,2,0
Tm7,LT69,2,0,2,0,4,0,4,0
Tm8b,OA-AL2b1,2,0,2,0,4,0,4,0
LPi09,LPi12,1,0,1,0,4,0,4,0
LPi09,LPi10,2,0,2,0,4,0,4,0
Dm10,T4a,1,0,1,0,4,0,4,0
Dm10,TmY16,2,1,1,0,4,2,2,0
Sm28,MeTu1,2,1,1,0,4,2,2,0
Tm5e,Li04,2,0,2,0,4,0,4,0
Tm3,MTe46,2,0,2,0,4,0,4,0
TmY9q⊥,Pm08,2,1,1,0,4,2,2,0
Tm5d,LC12,2,1,1,0,4,2,2,0
Tm5d,LT33,1,0,1,0,4,0,4,0
Tm25,cL21,2,0,2,0,4,0,4,0
Y1,LC6,2,0,2,0,4,0,4,0
Dm10,LMa4,2,1,1,0,4,2,2,0
Tm5a,T2,1,0,1,0,4,0,4,0
Li10,LT42,1,0,1,0,4,0,4,0
C3,OA-AL2i3,2,1,1,0,4,2,2,0
TmY11,C3,2,0,2,0,4,0,4,0
Tm9,Mi13,2,0,2,0,4,0,4,0
Sm13,Sm19,2,0,2,0,4,0,4,0
Tm8a,MTe39,2,1,1,0,4,2,2,0
Mi14,L1,1,0,1,0,4,0,4,0
TmY16,LPT23,2,0,2,0,4,0,4,0
R8,Tm7,2,0,2,0,4,0,4,0
Tm5d,Pm13,2,1,1,0,4,2,2,0
Tm8b,cM07,2,1,1,0,4,2,2,0
Tm8b,LT53,2,0,2,0,4,0,4,0
MLt3,Y3,2,0,2,0,4,0,4,0
R7,L4,1,0,1,0,4,0,4,0
Tm5e,LT73,2,0,2,0,4,0,4,0
Tm5c,Li15,2,0,2,0,4,0,4,0
Tm5f,LTe48,1,0,1,0,4,0,4,0
Y3,MLt8,2,0,2,0,4,0,4,0
Dm10,5-HTPMPV03,2,0,2,0,4,0,4,0
Tm37,T3,2,0,2,0,4,0,4,0
Tm27,Am1,2,0,2,0,4,0,4,0
LLPt,cL09,2,1,1,0,4,2,2,0
Tm35,LTe03,2,1,1,0,4,2,2,0
Dm4,MLt1,2,1,1,0,4,2,2,0
Tm2,MTe53,2,1,1,0,4,2,2,0
Tm4,cL18,2,0,2,0,4,0,4,0
DmDRA1,MeTu4a,2,1,1,0,4,2,2,0
DmDRA1,Sm39,2,1,1,0,4,2,2,0
DmDRA1,Dm4,2,1,1,0,4,2,2,0
Sm32,MTe44,2,1,1,0,4,2,2,0
Pm02,T1,2,1,1,0,4,2,2,0
Pm02,Tm5c,2,0,2,0,4,0,4,0
TmY15,Dm3p,2,0,2,0,4,0,4,0
Li06,Tm37,2,0,2,0,4,0,4,0
Tm8b,Li32,2,0,2,0,4,0,4,0
TmY11,LT60,2,0,2,0,4,0,4,0
Y1,LPT52,2,1,1,0,4,2,2,0
R7,Sm05,1,0,1,0,4,0,4,0
TmY9q⊥,LPi09,2,1,1,0,4,2,2,0
Tm5a,LMa4,2,0,2,0,4,0,4,0
Sm20,TmY31,1,0,1,0,4,0,4,0
Tm20,L1,2,1,1,0,4,2,2,0
Dm6,TmY5a,2,0,2,0,4,0,4,0
Tm8b,Li07,2,1,1,0,4,2,2,0
MLt1,Sm04,2,1,1,0,4,2,2,0
C2,PDt,2,0,2,0,4,0,4,0
Dm16,Dm3v,2,0,2,0,4,0,4,0
Tm33,cM08a,2,0,2,0,4,0,4,0
LMa4,LPi04,2,1,1,0,4,2,2,0
Li05,LTe55,2,1,1,0,4,2,2,0
LLPt,TmY3,2,0,2,0,4,0,4,0
Dm10,MTe04,2,0,2,0,4,0,4,0
LLPt,LTe49c,2,0,2,0,4,0,4,0
Li11,LT86,2,1,1,0,4,2,2,0
Li11,LCe06,2,0,2,0,4,0,4,0
LMt1,Lawf2,2,1,1,0,4,2,2,0
LMt1,cL20,2,0,2,0,4,0,4,0
T4a,Tm20,2,1,1,0,4,2,2,0
Dm13,Mi15,2,0,2,0,4,0,4,0
Sm22,MTe01a,2,0,2,0,4,0,4,0
TmY11,LCe01a,2,1,1,0,4,2,2,0
T5c,LC14a1,2,0,2,0,4,0,4,0
Sm08,TmY11,2,0,2,0,4,0,4,0
Tm25,L4,2,1,1,0,4,2,2,0
TmY10,cL04,2,0,2,0,4,0,4,0
TmY20,LT70,2,0,2,0,4,0,4,0
Dm12,T2,2,0,2,0,4,0,4,0
Sm26,Sm13,2,1,1,0,4,2,2,0
LPi09,LPT23,2,0,2,0,4,0,4,0
Li01,LTe25,2,1,1,0,4,2,2,0
Li01,Li29,2,1,1,0,4,2,2,0
Dm6,MLt3,2,0,2,0,4,0,4,0
Dm13,Tm20,2,0,2,0,4,0,4,0
Tm34,MLt3,2,1,1,0,4,2,2,0
Mi4,Dm11,1,0,1,0,4,0,4,0
LPi10,MeMe_e07,1,0,1,0,4,0,4,0
Sm26,Sm23,2,0,2,0,4,0,4,0
PDt,L2,2,0,2,0,4,0,4,0
PDt,Tm4,2,0,2,0,4,0,4,0
Y1,Pm02,2,1,1,0,4,2,2,0
Li03,Tm4,2,1,1,0,4,2,2,0
Li05,LTe46,2,0,2,0,4,0,4,0
LPi01,Nod3,1,0,1,0,4,0,4,0
LPi01,TmY16,2,1,1,0,4,2,2,0
Y3,CB3833,2,0,2,0,4,0,4,0
Li02,TmY9q⊥,2,1,1,0,4,2,2,0
MLt4,MeLp1,2,1,1,0,4,2,2,0
Y11,TmY10,1,0,1,0,4,0,4,0
Dm8a,aMe6a,1,0,1,0,4,0,4,0
TmY9q⊥,LCe01a,2,1,1,0,4,2,2,0
LMa2,MLt3,2,0,2,0,4,0,4,0
LLPt,LTe49a,2,0,2,0,4,0,4,0
LLPt,LTe65,2,0,2,0,4,0,4,0
Tm34,CB0816,2,1,1,0,4,2,2,0
Tm34,Sm08,2,1,1,0,4,2,2,0
TmY15,Li33,2,0,2,0,4,0,4,0
TmY15,cM06,2,1,1,0,4,2,2,0
TmY5a,LC31b,2,1,1,0,4,2,2,0
Tm27,cL20,2,0,2,0,4,0,4,0
Sm25,Tm5d,2,1,1,0,4,2,2,0
TmY4,LT37,2,0,2,0,4,0,4,0
Tm9,Tm31,2,1,1,0,4,2,2,0
TmY4,Mi1,2,1,1,0,4,2,2,0
T5c,LPT47_vCal2,1,0,1,0,4,0,4,0
Sm07,Sm22,1,0,1,0,4,0,4,0
Tm32,LC41,2,1,1,0,4,2,2,0
Tm32,Pm13,2,0,2,0,4,0,4,0
Y4,LC14b,2,1,1,0,4,2,2,0
Tm33,cL02a,2,0,2,0,4,0,4,0
TmY31,LT38,2,0,2,0,4,0,4,0
Sm16,MLt5,2,1,1,0,4,2,2,0
TmY15,Pm13,2,1,1,0,4,2,2,0
Sm32,Sm03,2,0,2,0,4,0,4,0
Dm9,TmY14,2,0,2,0,4,0,4,0
Dm9,Li11,2,0,2,0,4,0,4,0
TmY9q,Sm08,2,0,2,0,4,0,4,0
Li02,LT38,2,0,2,0,4,0,4,0
Tm5c,CB3089,2,0,2,0,4,0,4,0
Tm32,Li27,2,0,2,0,4,0,4,0
TmY9q⊥,LC12,2,1,1,0,4,2,2,0
Dm8b,MTe49,2,0,2,0,4,0,4,0
T3,Tm5d,2,1,1,0,4,2,2,0
MLt2,Li32,2,1,1,0,4,2,2,0
T2,Dm17,2,1,1,0,4,2,2,0
T2,Dm19,2,0,2,0,4,0,4,0
T4a,LPT30,2,1,1,0,4,2,2,0
TmY20,5-HTPMPV03,2,1,1,0,4,2,2,0
TmY15,LPT22,2,0,2,0,4,0,4,0
TmY15,LC35,2,1,1,0,4,2,2,0
Tm21,MTe53,2,1,1,0,4,2,2,0
Tm5c,MTe30,2,1,1,0,4,2,2,0
Tm36,MTe05,2,0,2,0,4,0,4,0
Pm11,Tlp4,2,1,1,0,4,2,2,0
Tm5e,TmY14,2,1,1,0,4,2,2,0
TmY31,LPT52,2,1,1,0,4,2,2,0
Sm09,MTe13,2,1,1,0,4,2,2,0
Tm2,Tm35,2,0,2,0,4,0,4,0
T5a,TmY31,2,0,2,0,4,0,4,0
Tlp4,LTe52,2,1,1,0,4,2,2,0
Tm20,Li21,2,1,1,0,4,2,2,0
Tlp4,LPTe02,2,1,1,0,4,2,2,0
Li02,LMa3,2,1,1,0,4,2,2,0
Mi1,DNc01,2,1,1,0,4,2,2,0
Tm35,PLP032,2,0,2,0,4,0,4,0
Li11,LC14a2,2,1,1,0,4,2,2,0
Tm3,LT82a,2,1,1,0,4,2,2,0
Li09,LT81,2,1,1,0,4,2,2,0
Sm07,MeTu4b,2,0,2,0,4,0,4,0
TmY9q,LTe07,2,0,2,0,4,0,4,0
Dm8a,TmY20,2,1,1,0,4,2,2,0
Tlp1,Tm3,2,1,1,0,4,2,2,0
Tlp1,CB0592,2,1,1,0,4,2,2,0
Li10,Li25,2,1,1,0,4,2,2,0
Pm06,Pm12,2,0,2,0,4,0,4,0
TmY9q⊥,LTe63,2,0,2,0,4,0,4,0
Tm5d,MTe45,2,0,2,0,4,0,4,0
LPi15,T5c,2,0,2,0,4,0,4,0
LPi15,Y4,2,1,1,0,4,2,2,0
Dm3p,T4a,2,0,2,0,4,0,4,0
Dm4,TmY31,2,0,2,0,4,0,4,0
Sm12,Mi13,2,1,1,0,4,2,2,0
Pm05,Sm24,2,0,2,0,4,0,4,0
T5d,LC15,2,0,2,0,4,0,4,0
TmY9q⊥,LT86,2,0,2,0,4,0,4,0
Sm04,TmY5a,2,1,1,0,4,2,2,0
Tm31,TmY4,2,0,2,0,4,0,4,0
Li02,LT73,2,0,2,0,4,0,4,0
Tm32,LTe47,2,0,2,0,4,0,4,0
Sm06,Mi14,2,0,2,0,4,0,4,0
Y4,LTe10,2,0,2,0,4,0,4,0
Y4,Pm13,2,1,1,0,4,2,2,0
Dm10,MeTu3c,2,0,2,0,4,0,4,0
Y3,cL17,2,1,1,0,4,2,2,0
Tm21,Sm09,2,1,1,0,4,2,2,0
T5d,Tm25,2,0,2,0,4,0,4,0
T5a,LPT58,2,1,1,0,4,2,2,0
T5a,LC15,2,0,2,0,4,0,4,0
Mi1,DNc02,2,1,1,0,4,2,2,0
Tm20,LTe16,2,0,2,0,4,0,4,0
T5c,LPi06,2,0,2,0,4,0,4,0
T5b,VCH,2,1,1,0,4,2,2,0
Tm5a,Tm21,2,0,2,0,4,0,4,0
L1,MLt1,2,1,1,0,4,2,2,0
Tm7,LTe38c,2,0,2,0,4,0,4,0
Sm21,MeMe_e07,2,1,1,0,4,2,2,0
T3,T5b,2,0,2,0,4,0,4,0
Tm5b,Dm20,2,0,2,0,4,0,4,0
LMa1,LT74,2,1,1,0,4,2,2,0
Sm03,LC17,1,0,1,0,4,0,4,0
Sm03,MTe21,2,1,1,0,4,2,2,0
LMt3,LC15,2,0,2,0,4,0,4,0
LMt3,LPi05,1,0,1,0,4,0,4,0
T3,DNp30,2,1,1,0,4,2,2,0
Tm36,LT73,2,0,2,0,4,0,4,0
Li05,MLt4,2,1,1,0,4,2,2,0
Li06,Tm8b,2,1,1,0,4,2,2,0
TmY31,cL01,2,0,2,0,4,0,4,0
Tm7,Sm26,2,0,2,0,4,0,4,0
T5b,cLP03,2,1,1,0,4,2,2,0
T5b,Tm25,2,1,1,0,4,2,2,0
Tm36,MeMe_e07,2,1,1,0,4,2,2,0
LMt2,LT66,2,0,2,0,4,0,4,0
Tlp5,LTe01,2,1,1,0,4,2,2,0
Sm12,Mi1,2,0,2,0,4,0,4,0
Sm12,MTe29,2,1,1,0,4,2,2,0
Tm3,MTe04,2,1,1,0,4,2,2,0
Mi4,aMe17a2,2,0,2,0,4,0,4,0
MLt2,TmY9q⊥,2,0,2,0,4,0,4,0
Tm9,Y4,2,1,1,0,4,2,2,0
T4a,LPT50,2,0,2,0,4,0,4,0
Mi2,aMe17a2,2,1,1,0,4,2,2,0
Tm2,cM07,2,1,1,0,4,2,2,0
Y3,Sm32,2,0,2,0,4,0,4,0
Tlp5,LTe14,2,0,2,0,4,0,4,0
MLt5,MTe37,2,0,2,0,4,0,4,0
Li13,LLPC3,2,0,2,0,4,0,4,0
Li13,LC31b,2,1,1,0,4,2,2,0
LLPt,LTe07,2,0,2,0,4,0,4,0
TmY5a,LTe13,2,1,1,0,4,2,2,0
Tm37,LTe30,2,0,2,0,4,0,4,0
Sm06,MTe52,2,1,1,0,4,2,2,0
Tlp1,cLP02,2,0,2,0,4,0,4,0
TmY11,cML01,2,0,2,0,4,0,4,0
Mi1,MTe42,2,1,1,0,4,2,2,0
TmY10,LTe16,2,1,1,0,4,2,2,0
Pm08,Tm5f,2,0,2,0,4,0,4,0
TmY15,cM15,2,1,1,0,4,2,2,0
L1,aMe5,2,1,1,0,4,2,2,0
Y12,LPT51,1,0,1,0,4,0,4,0
TmY10,LT70,2,0,2,0,4,0,4,0
Tm7,MTe19,2,0,2,0,4,0,4,0
Tm7,MeMe_e03,2,0,2,0,4,0,4,0
Tm5e,T3,2,1,1,0,4,2,2,0
Li09,Li03,2,0,2,0,4,0,4,0
Mi4,MTe07,2,1,1,0,4,2,2,0
Tm3,cLM01,2,0,2,0,4,0,4,0
Tm37,TmY11,2,1,1,0,4,2,2,0
Tm37,Mi14,2,1,1,0,4,2,2,0
Tm1,cM07,2,1,1,0,4,2,2,0
Y1,Nod5,2,1,1,0,4,2,2,0
Dm8a,MeTu4d,2,1,1,0,4,2,2,0
TmY10,LTe44,2,0,2,0,4,0,4,0
Tm36,MLt3,2,1,1,0,4,2,2,0
Mi13,Pm02,2,0,2,0,4,0,4,0
Tm4,cL21,2,0,2,0,4,0,4,0
MLt4,LTe42a,2,1,1,0,4,2,2,0
Li28,LT53,2,0,2,0,4,0,4,0
Li28,LTe40,2,1,1,0,4,2,2,0
Li28,TmY10,2,1,1,0,4,2,2,0
Li28,LLPC3,2,1,1,0,4,2,2,0
Li28,Tm27,2,1,1,0,4,2,2,0
Li28,LLPC1,2,0,2,0,4,0,4,0
Li28,LTe52,2,1,1,0,4,2,2,0
TmY31,cM08a,2,1,1,0,4,2,2,0
MLt1,Sm22,2,1,1,0,4,2,2,0
Y12,Li26,2,0,2,0,4,0,4,0
Li11,MTe44,1,0,1,0,4,0,4,0
Li11,LT73,1,0,1,0,4,0,4,0
Tm35,cMLLP01,2,0,2,0,4,0,4,0
Y12,LC10a,1,0,1,0,4,0,4,0
TmY15,LC20a,2,0,2,0,4,0,4,0
Tm35,PLP068,2,1,1,0,4,2,2,0
Y4,Li03,2,0,2,0,4,0,4,0
Tlp1,LC16,2,0,2,0,4,0,4,0
Y11,Tm5e,2,1,1,0,4,2,2,0
Li08,LC10f,2,1,1,0,4,2,2,0
TmY9q⊥,LTe32,2,1,1,0,4,2,2,0
Mi10,Dm13,2,1,1,0,4,2,2,0
Tm25,DNp27,1,0,1,0,4,0,4,0
Pm14,cM08c,2,1,1,0,4,2,2,0
Pm14,cML01,2,1,1,0,4,2,2,0
TmY4,LT63,2,0,2,0,4,0,4,0
Y12,LT61b,2,0,2,0,4,0,4,0
Tlp1,LC29,2,1,1,0,4,2,2,0
TmY9q,L5,1,0,1,0,4,0,4,0
LPi07,LPT54,2,1,1,0,4,2,2,0
Sm09,TmY14,2,1,1,0,4,2,2,0
Y4,cL16,2,0,2,0,4,0,4,0
Y4,OA-AL2i2,2,1,1,0,4,2,2,0
Y4,Tm5e,2,1,1,0,4,2,2,0
Tm35,Sm30,2,0,2,0,4,0,4,0
Sm04,LPT54,2,0,2,0,4,0,4,0
TmY31,Sm33,2,1,1,0,4,2,2,0
Pm11,Mi2,2,1,1,0,4,2,2,0
TmY15,DNp27,2,0,2,0,4,0,4,0
TmY15,5-HTPMPV03,2,1,1,0,4,2,2,0
Tm31,LCe01b,2,0,2,0,4,0,4,0
Sm03,DmDRA1,2,1,1,0,4,2,2,0
T4b,Tm9,2,1,1,0,4,2,2,0
Tm5c,MTe05,2,1,1,0,4,2,2,0
TmY16,Tm7,2,0,2,0,4,0,4,0
Sm10,TmY10,2,1,1,0,4,2,2,0
Y4,Tm5d,2,0,2,0,4,0,4,0
T4b,Pm03,2,1,1,0,4,2,2,0
Sm02,Sm25,2,1,1,0,4,2,2,0
T2a,LLPC2,2,0,2,0,4,0,4,0
Tm9,Mi2,2,1,1,0,4,2,2,0
Tlp14,mALC5,2,1,1,0,4,2,2,0
Tm5b,LT63,2,0,2,0,4,0,4,0
Tm5b,LTe41,1,0,1,0,4,0,4,0
Dm3q,Mi10,1,0,1,0,4,0,4,0
Mi10,MTe32,2,1,1,0,4,2,2,0
Li04,MeTu4c,2,1,1,0,4,2,2,0
Li04,Tm32,2,0,2,0,4,0,4,0
Li04,LT81,2,1,1,0,4,2,2,0
Li04,Tm8b,2,1,1,0,4,2,2,0
LMa4,cLPL01,2,0,2,0,4,0,4,0
Li10,aMe13,2,1,1,0,4,2,2,0
Li12,LT80,2,1,1,0,4,2,2,0
TmY11,VCH,2,1,1,0,4,2,2,0
Sm18,MTe21,2,0,2,0,4,0,4,0
Sm23,Lawf2,2,1,1,0,4,2,2,0
Tm5c,cM11,2,0,2,0,4,0,4,0
Li10,CB0472,2,1,1,0,4,2,2,0
Tm25,OA-AL2b1,2,1,1,0,4,2,2,0
Li13,MTe47,2,1,1,0,4,2,2,0
Dm8b,cM08b,1,0,1,0,4,0,4,0
Sm13,Sm34,2,1,1,0,4,2,2,0
Sm13,Sm22,2,1,1,0,4,2,2,0
Sm13,TmY4,2,1,1,0,4,2,2,0
Li19,TmY5a,2,0,2,0,4,0,4,0
Li19,Tm27,2,0,2,0,4,0,4,0
Li19,LLPt,2,1,1,0,4,2,2,0
Li19,Y4,2,1,1,0,4,2,2,0
Tm4,MeLp1,2,1,1,0,4,2,2,0
Mi4,Dm18,1,0,1,0,4,0,4,0
Pm07,T4d,2,0,2,0,4,0,4,0
Tlp5,VST2,2,0,2,0,4,0,4,0
Y3,cL01,2,1,1,0,4,2,2,0
MLt8,LTe49a,2,1,1,0,4,2,2,0
Sm09,PDt,2,0,2,0,4,0,4,0
Sm03,Sm16,2,0,2,0,4,0,4,0
Sm24,MLt2,2,0,2,0,4,0,4,0
Sm20,Sm32,2,1,1,0,4,2,2,0
TmY3,TmY9q,2,1,1,0,4,2,2,0
Tm20,Sm12,2,1,1,0,4,2,2,0
Tm20,MeTu4d,2,1,1,0,4,2,2,0
Sm15,Tm32,2,0,2,0,4,0,4,0
T5d,T3,2,1,1,0,4,2,2,0
Sm10,TmY20,2,1,1,0,4,2,2,0
Tm4,Li09,2,0,2,0,4,0,4,0
Tm4,LTe26,1,0,1,0,4,0,4,0
Sm10,Tm35,2,0,2,0,4,0,4,0
Dm2,TmY9q,2,0,2,0,4,0,4,0
Li01,Li08,2,0,2,0,4,0,4,0
Tm5f,Sm26,2,1,1,0,4,2,2,0
Li06,Dm15,1,0,1,0,4,0,4,0
TmY14,MLt1,2,1,1,0,4,2,2,0
Sm23,MTe04,2,1,1,0,4,2,2,0
Li31,Li13,2,1,1,0,4,2,2,0
Li31,LCe06,2,0,2,0,4,0,4,0
Li31,LT78,1,0,1,0,4,0,4,0
Li31,LC10a,1,0,1,0,4,0,4,0
Li31,LTe33,2,1,1,0,4,2,2,0
Li31,Tm5c,2,0,2,0,4,0,4,0
Li31,OA-AL2b1,1,0,1,0,4,0,4,0
Li31,LT56,2,1,1,0,4,2,2,0
Li31,LC37a,1,0,1,0,4,0,4,0
Li31,LLPC1,2,1,1,0,4,2,2,0
TmY20,LTe04,2,1,1,0,4,2,2,0
Sm30,Sm29,1,0,1,0,4,0,4,0
Sm30,Tm5b,2,1,1,0,4,2,2,0
Pm09,mALC3,1,0,1,0,4,0,4,0
TmY9q⊥,CB0592,2,0,2,0,4,0,4,0
Tm3,MeTu4a,2,1,1,0,4,2,2,0
L4,Sm03,2,1,1,0,4,2,2,0
TmY31,cM09,2,1,1,0,4,2,2,0
Tm36,MTe11,2,0,2,0,4,0,4,0
Sm39,MTe01b,2,0,2,0,4,0,4,0
Sm39,OA-AL2b2,2,1,1,0,4,2,2,0
MLt2,MLt1,2,0,2,0,4,0,4,0
TmY4,Mi14,2,1,1,0,4,2,2,0
TmY31,aMe20,2,1,1,0,4,2,2,0
Li06,LTe11,2,0,2,0,4,0,4,0
Dm4,TmY15,2,1,1,0,4,2,2,0
Mi9,LPT54,2,1,1,0,4,2,2,0
Sm30,TmY31,2,1,1,0,4,2,2,0
Sm30,Mi2,2,1,1,0,4,2,2,0
Tm9,LC14b,1,0,1,0,4,0,4,0
Li05,Tm34,2,0,2,0,4,0,4,0
Sm32,MeMe_e07,2,1,1,0,4,2,2,0
LMt1,Sm42,2,1,1,0,4,2,2,0
LMt1,Tm16,2,0,2,0,4,0,4,0
Tm35,MTe32,2,1,1,0,4,2,2,0
Tm35,Sm34,2,1,1,0,4,2,2,0
Li24,Tm20,2,1,1,0,4,2,2,0
Li24,Tm27,2,1,1,0,4,2,2,0
Li24,LC19,1,0,1,0,4,0,4,0
Li01,Li21,2,0,2,0,4,0,4,0
Mi4,Tm33,2,0,2,0,4,0,4,0
LMt4,cML01,1,0,1,0,4,0,4,0
Sm32,Li06,2,1,1,0,4,2,2,0
L5,Sm26,2,1,1,0,4,2,2,0
Tm34,Sm16,2,1,1,0,4,2,2,0
Li14,LMt2,2,0,2,0,4,0,4,0
Sm06,MLt5,2,0,2,0,4,0,4,0
TmY15,cL20,1,0,1,0,4,0,4,0
Tm5b,MLt5,2,0,2,0,4,0,4,0
TmY14,Li06,2,0,2,0,4,0,4,0
LMa3,Mi4,2,1,1,0,4,2,2,0
Pm05,MTe18,2,0,2,0,4,0,4,0
LMt3,cL03,1,0,1,0,4,0,4,0
Sm02,Sm38,2,1,1,0,4,2,2,0
LMt1,Pm13,2,0,2,0,4,0,4,0
LMt1,LLPC2,2,1,1,0,4,2,2,0
Tm9,MLt2,2,0,2,0,4,0,4,0
LMa3,CB3089,2,0,2,0,4,0,4,0
Li02,LT1a,2,1,1,0,4,2,2,0
Li02,Tm25,2,1,1,0,4,2,2,0
TmY16,Li06,2,1,1,0,4,2,2,0
TmY16,LC12,2,0,2,0,4,0,4,0
Pm12,TmY11,2,1,1,0,4,2,2,0
Tm5e,DNp27,2,1,1,0,4,2,2,0
Tm5e,PLP241,2,0,2,0,4,0,4,0
TmY20,T2,2,1,1,0,4,2,2,0
Li08,LC15,2,1,1,0,4,2,2,0
Li08,LC4,2,1,1,0,4,2,2,0
T2,Sm22,2,0,2,0,4,0,4,0
TmY11,MTe47,2,1,1,0,4,2,2,0
Sm29,Tm16,2,1,1,0,4,2,2,0
Sm29,MeTu3b,2,0,2,0,4,0,4,0
Sm29,Tm34,2,1,1,0,4,2,2,0
Sm29,MeTu1,2,0,2,0,4,0,4,0
Sm29,Sm22,2,1,1,0,4,2,2,0
TmY3,cL21,2,1,1,0,4,2,2,0
TmY5a,Sm26,2,1,1,0,4,2,2,0
LPi09,LPi14,2,0,2,0,4,0,4,0
LPi09,Y4,2,0,2,0,4,0,4,0
Y11,OA-AL2i1,2,0,2,0,4,0,4,0
MLt6,Pm05,2,1,1,0,4,2,2,0
MLt6,LC25,2,0,2,0,4,0,4,0
T4a,OA-AL2i2,2,1,1,0,4,2,2,0
Dm2,cM15,2,1,1,0,4,2,2,0
Tm27,Li08,2,1,1,0,4,2,2,0
Li01,LTe55,2,1,1,0,4,2,2,0
Tm25,Li30,2,1,1,0,4,2,2,0
Sm13,MTe22,2,1,1,0,4,2,2,0
Tm25,TmY20,2,0,2,0,4,0,4,0
TmY5a,Dm3p,2,1,1,0,4,2,2,0
Li07,LC6,1,0,1,0,4,0,4,0
Tm5f,LT63,1,0,1,0,4,0,4,0
Tm4,R8,2,0,2,0,4,0,4,0
TmY4,LCe07,2,0,2,0,4,0,4,0
Sm42,Sm18,2,1,1,0,4,2,2,0
Sm42,Sm17,1,0,1,0,4,0,4,0
Sm42,LMt2,2,0,2,0,4,0,4,0
Sm42,Tm21,2,1,1,0,4,2,2,0
Sm42,cM08b,1,0,1,0,4,0,4,0
Sm42,cM05,2,1,1,0,4,2,2,0
Sm42,OA-AL2i3,1,0,1,0,4,0,4,0
Sm42,Pm03,2,1,1,0,4,2,2,0
MLt8,LC22,2,1,1,0,4,2,2,0
MLt8,MLt5,2,1,1,0,4,2,2,0
Li10,LTe54,2,0,2,0,4,0,4,0
Y11,LC14b,2,1,1,0,4,2,2,0
LMa5,MTe18,2,1,1,0,4,2,2,0
Li25,Tm27,2,0,2,0,4,0,4,0
Li08,TmY5a,2,1,1,0,4,2,2,0
Li08,LC41,2,1,1,0,4,2,2,0
Lawf2,Y4,2,1,1,0,4,2,2,0
TmY20,Sm26,2,0,2,0,4,0,4,0
TmY31,MeTu2a,2,0,2,0,4,0,4,0
Tm3,Sm12,2,1,1,0,4,2,2,0
C3,TmY10,2,0,2,0,4,0,4,0
TmY20,Li23,2,0,2,0,4,0,4,0
TmY20,LTe07,2,0,2,0,4,0,4,0
MLt8,Sm10,2,0,2,0,4,0,4,0
MLt8,DmDRA1,2,1,1,0,4,2,2,0
Tm5e,Li07,2,1,1,0,4,2,2,0
Li06,LTe55,2,1,1,0,4,2,2,0
LMa1,LT84,2,1,1,0,4,2,2,0
Sm13,MTe38,1,0,1,0,4,0,4,0
TmY9q⊥,LTe11,1,0,1,0,4,0,4,0
Tm36,LT75,2,0,2,0,4,0,4,0
LPi10,Tm36,2,1,1,0,4,2,2,0
TmY14,TmY10,2,1,1,0,4,2,2,0
MLt4,TmY9q⊥,2,1,1,0,4,2,2,0
Tm5d,Y1,2,1,1,0,4,2,2,0
Tm34,LT65,1,0,1,0,4,0,4,0
Sm21,Sm34,2,0,2,0,4,0,4,0
Y4,LT78,2,1,1,0,4,2,2,0
Sm16,Sm32,2,0,2,0,4,0,4,0
Li22,Tm21,2,0,2,0,4,0,4,0
Li22,cL21,2,0,2,0,4,0,4,0
Li22,LC21,2,1,1,0,4,2,2,0
TmY16,Tm36,2,0,2,0,4,0,4,0
TmY14,MTe54,2,1,1,0,4,2,2,0
Li02,LT61b,2,1,1,0,4,2,2,0
Li02,LT36,2,0,2,0,4,0,4,0
LPi09,OA-AL2i1,2,1,1,0,4,2,2,0
Tlp5,LC29,2,0,2,0,4,0,4,0
T4b,VS5,1,0,1,0,4,0,4,0
Tm5e,Y11,2,1,1,0,4,2,2,0
TmY20,LC18,2,0,2,0,4,0,4,0
Dm4,L1,1,0,1,0,4,0,4,0
Li01,T5a,2,0,2,0,4,0,4,0
Dm11,Mi9,2,0,2,0,4,0,4,0
Dm11,T2,2,1,1,0,4,2,2,0
MLt1,Pm12,1,0,1,0,4,0,4,0
LMa2,LTe30,2,0,2,0,4,0,4,0
LPi11,TmY16,2,1,1,0,4,2,2,0
Tm5a,Tm9,2,1,1,0,4,2,2,0
Tm36,Sm27,2,0,2,0,4,0,4,0
Li21,LT73,2,0,2,0,4,0,4,0
Li21,LT74,2,1,1,0,4,2,2,0
Li21,T5d,2,1,1,0,4,2,2,0
Li13,Tm21,2,0,2,0,4,0,4,0
Li21,LC31c,2,0,2,0,4,0,4,0
Tm5a,MTe03,2,0,2,0,4,0,4,0
Sm22,LT58,1,0,1,0,4,0,4,0
Mi10,Pm03,2,1,1,0,4,2,2,0
Tm36,MeLp1,1,0,1,0,4,0,4,0
LPi06,LPi01,2,1,1,0,4,2,2,0
Li28,LMa4,2,1,1,0,4,2,2,0
Li28,LC39,2,1,1,0,4,2,2,0
Pm01,LPi07,1,0,1,0,4,0,4,0
Li27,Pm01,1,0,1,0,4,0,4,0
Li27,OA-AL2b1,2,1,1,0,4,2,2,0
Li27,Tlp5,1,0,1,0,4,0,4,0
Li27,LC10b,2,1,1,0,4,2,2,0
Li27,Y4,2,1,1,0,4,2,2,0
Li27,Tm32,2,0,2,0,4,0,4,0
Li27,TmY20,2,0,2,0,4,0,4,0
Li27,Tm3,1,0,1,0,4,0,4,0
LMa5,MTe41,2,1,1,0,4,2,2,0
TmY31,LTe26,2,1,1,0,4,2,2,0
Pm08,MTe42,2,1,1,0,4,2,2,0
Pm08,TmY9q⊥,2,0,2,0,4,0,4,0
T1,C2,2,0,2,0,4,0,4,0
Tm27,R7,2,1,1,0,4,2,2,0
TmY3,LT33,2,1,1,0,4,2,2,0
Li08,Li23,2,1,1,0,4,2,2,0
Tm8a,Dm4,2,1,1,0,4,2,2,0
Tlp4,T2a,2,1,1,0,4,2,2,0
Sm31,TmY11,2,1,1,0,4,2,2,0
Sm31,Pm07,2,0,2,0,4,0,4,0
C2,Sm02,2,0,2,0,4,0,4,0
Li09,LC39,1,0,1,0,4,0,4,0
TmY16,mALC5,2,1,1,0,4,2,2,0
Dm2,MTe15,1,0,1,0,4,0,4,0
Tm5c,MeLp1,2,1,1,0,4,2,2,0
R7,MTe50,1,0,1,0,4,0,4,0
Y4,LPT30,2,1,1,0,4,2,2,0
Y1,cL16,2,1,1,0,4,2,2,0
Sm08,MTe49,2,1,1,0,4,2,2,0
T3,Tm7,2,1,1,0,4,2,2,0
Tm5b,LC39,2,1,1,0,4,2,2,0
Sm06,Tm5f,1,0,1,0,4,0,4,0
TmY5a,cM17,2,1,1,0,4,2,2,0
TmY10,Sm20,2,0,2,0,4,0,4,0
T2,Sm40,2,1,1,0,4,2,2,0
Mi13,Tm7,2,0,2,0,4,0,4,0
Tm5d,aMe25,2,1,1,0,4,2,2,0
Sm05,MeMe_e08,2,0,2,0,4,0,4,0
Mi14,Y4,2,1,1,0,4,2,2,0
Pm10,MeTu1,2,0,2,0,4,0,4,0
Tm5b,LMt4,2,1,1,0,4,2,2,0
TmY4,LT82a,2,1,1,0,4,2,2,0
MLt1,Dm2,2,0,2,0,4,0,4,0
Tm5d,LPT54,1,0,1,0,4,0,4,0
Tm5e,Sm25,2,1,1,0,4,2,2,0
LPi07,LPT27,2,1,1,0,4,2,2,0
Sm29,Mi15,2,1,1,0,4,2,2,0
T5c,VS3,1,0,1,0,4,0,4,0
Tlp1,Nod1,2,1,1,0,4,2,2,0
Sm02,Tm32,2,1,1,0,4,2,2,0
Tm5a,Mi15,2,1,1,0,4,2,2,0
Sm22,Sm08,2,1,1,0,4,2,2,0
Sm33,Tm37,2,1,1,0,4,2,2,0
Sm33,Pm05,2,0,2,0,4,0,4,0
Sm33,Sm37,2,1,1,0,4,2,2,0
T4d,DNp27,1,0,1,0,4,0,4,0
TmY10,C3,2,0,2,0,4,0,4,0
Pm06,MeMe_e07,2,0,2,0,4,0,4,0
MLt3,MLt5,2,1,1,0,4,2,2,0
T4a,Pm07,2,1,1,0,4,2,2,0
Li11,LT69,2,1,1,0,4,2,2,0
Li11,LTe32,2,1,1,0,4,2,2,0
Tm27,DNp27,2,1,1,0,4,2,2,0
Li07,Tm33,2,0,2,0,4,0,4,0
LPi12,LC31a,2,1,1,0,4,2,2,0
LPi12,TmY9q⊥,2,1,1,0,4,2,2,0
Li13,cM09,1,0,1,0,4,0,4,0
T4c,Pm05,2,1,1,0,4,2,2,0
Y4,LTe47,2,0,2,0,4,0,4,0
TmY16,cLP02,2,1,1,0,4,2,2,0
Tm3,LTe42c,2,0,2,0,4,0,4,0
Tm5e,LT47,2,1,1,0,4,2,2,0
Li13,LT85,2,1,1,0,4,2,2,0
Li13,Li31,2,1,1,0,4,2,2,0
LMt4,Y12,1,0,1,0,4,0,4,0
LMt4,Tm27,2,0,2,0,4,0,4,0
L5,cM05,2,1,1,0,4,2,2,0
Sm20,Sm06,2,0,2,0,4,0,4,0
Sm20,MTe03,2,0,2,0,4,0,4,0
Y12,vCal1,2,1,1,0,4,2,2,0
Li02,LC45,2,0,2,0,4,0,4,0
MLt5,LC10d,2,0,2,0,4,0,4,0
LMa2,T4c,2,1,1,0,4,2,2,0
LPi05,LPi11,2,1,1,0,4,2,2,0
TmY3,LC16,2,1,1,0,4,2,2,0
Tm5d,R7,2,1,1,0,4,2,2,0
Mi9,aMe12,2,0,2,0,4,0,4,0
Tm7,Pm02,1,0,1,0,4,0,4,0
MLt2,LTe24,2,1,1,0,4,2,2,0
Tm8b,LT86,2,0,2,0,4,0,4,0
Tm5a,LLPC3,2,1,1,0,4,2,2,0
LMa4,MTe41,1,0,1,0,4,0,4,0
TmY9q⊥,Pm02,2,0,2,0,4,0,4,0
Sm07,LC28a,2,0,2,0,4,0,4,0
Sm07,Li10,2,0,2,0,4,0,4,0
LMa3,LC6,2,0,2,0,4,0,4,0
TmY9q⊥,cLP02,2,1,1,0,4,2,2,0
MLt1,LTe23,2,1,1,0,4,2,2,0
Tm8a,Tlp1,2,0,2,0,4,0,4,0
Tm8b,LC35,2,1,1,0,4,2,2,0
Tm8b,Dm13,2,0,2,0,4,0,4,0
T5c,Li22,2,1,1,0,4,2,2,0
MLt7,Mi10,2,0,2,0,4,0,4,0
Li09,LTe49b,2,0,2,0,4,0,4,0
TmY5a,MTe46,2,0,2,0,4,0,4,0
Sm40,Tm16,2,1,1,0,4,2,2,0
Sm40,MeTu4c,2,1,1,0,4,2,2,0
Y4,Tm5b,2,1,1,0,4,2,2,0
Tm37,LMa4,1,0,1,0,4,0,4,0
Tm2,cM05,2,1,1,0,4,2,2,0
Sm04,Sm32,2,1,1,0,4,2,2,0
Dm20,Dm1,2,1,1,0,4,2,2,0
Sm26,Tm5e,2,0,2,0,4,0,4,0
Li11,LT72,2,1,1,0,4,2,2,0
LMa1,Tm36,2,0,2,0,4,0,4,0
LMa1,Tm5b,2,1,1,0,4,2,2,0
TmY14,LPi08,2,1,1,0,4,2,2,0
TmY16,cM15,2,1,1,0,4,2,2,0
Tm16,Sm15,2,1,1,0,4,2,2,0
Dm8b,Sm30,2,1,1,0,4,2,2,0
Sm08,Mi1,2,0,2,0,4,0,4,0
Sm13,Sm32,2,0,2,0,4,0,4,0
Sm32,cM17,2,1,1,0,4,2,2,0
Sm32,MLt4,2,1,1,0,4,2,2,0
Mi2,R1-6,2,0,2,0,4,0,4,0
MLt7,MTe03,2,0,2,0,4,0,4,0
MLt7,MeTu1,2,1,1,0,4,2,2,0
TmY31,LPi06,2,1,1,0,4,2,2,0
TmY31,aMe10,2,1,1,0,4,2,2,0
Li13,cM07,2,1,1,0,4,2,2,0
Sm04,Tm3,2,0,2,0,4,0,4,0
MLt6,LC36,2,1,1,0,4,2,2,0
Sm14,aMe5,2,0,2,0,4,0,4,0
Sm14,MTe26,2,0,2,0,4,0,4,0
Li33,cL22a,1,0,1,0,4,0,4,0
Li33,LTe67,2,1,1,0,4,2,2,0
Li33,LTe03,2,1,1,0,4,2,2,0
Li33,LCe08,1,0,1,0,4,0,4,0
Li33,LTe07,2,1,1,0,4,2,2,0
Li33,Tlp5,2,0,2,0,4,0,4,0
Li33,aMe13,2,1,1,0,4,2,2,0
Li33,LTe66,2,0,2,0,4,0,4,0
Li33,LTe43,1,0,1,0,4,0,4,0
Tm35,LCe06,2,1,1,0,4,2,2,0
LPi07,LPi08,2,1,1,0,4,2,2,0
Li11,LTe51,2,0,2,0,4,0,4,0
Mi1,LMt4,2,1,1,0,4,2,2,0
Pm14,Sm15,2,1,1,0,4,2,2,0
Pm14,Tm8b,2,1,1,0,4,2,2,0
Mi15,TmY20,2,0,2,0,4,0,4,0
MLt7,Sm10,2,1,1,0,4,2,2,0
TmY31,VCH,2,0,2,0,4,0,4,0
L5,mALC5,2,0,2,0,4,0,4,0
Y3,MTe14,2,1,1,0,4,2,2,0
Dm3p,Dm2,2,1,1,0,4,2,2,0
Tm32,MLt2,2,1,1,0,4,2,2,0
Tm32,LC14a1,1,0,1,0,4,0,4,0
Tm32,LMa5,2,1,1,0,4,2,2,0
LLPt,Li25,1,0,1,0,4,0,4,0
Tlp1,cLLPM02,2,1,1,0,4,2,2,0
LMt1,Mi2,2,0,2,0,4,0,4,0
Dm15,Tm5d,2,1,1,0,4,2,2,0
Tm8a,cL02a,2,1,1,0,4,2,2,0
Li15,Tm20,2,1,1,0,4,2,2,0
T4d,LPT28,1,0,1,0,4,0,4,0
TmY20,LTe24,2,1,1,0,4,2,2,0
Tm37,Sm22,2,0,2,0,4,0,4,0
Sm36,Mi15,2,0,2,0,4,0,4,0
Sm36,Dm8b,2,1,1,0,4,2,2,0
MLt5,Tm37,2,0,2,0,4,0,4,0
MLt5,MTe09,2,1,1,0,4,2,2,0
MLt5,MTe42,2,0,2,0,4,0,4,0
Li01,TmY11,2,1,1,0,4,2,2,0
Tm5b,MeTu3b,2,0,2,0,4,0,4,0
Tm36,Sm13,2,1,1,0,4,2,2,0
TmY31,Li04,2,1,1,0,4,2,2,0
Y11,cLLP02,2,0,2,0,4,0,4,0
Tlp1,HSE,2,0,2,0,4,0,4,0
Sm12,MeMe_e01,2,1,1,0,4,2,2,0
MLt2,Pm13,2,1,1,0,4,2,2,0
MLt3,LC9,2,1,1,0,4,2,2,0
Tm5b,LC31b,2,1,1,0,4,2,2,0
Sm06,Sm16,2,1,1,0,4,2,2,0
MLt4,LC20a,2,1,1,0,4,2,2,0
Lawf2,Pm13,2,1,1,0,4,2,2,0
Li06,cL08,2,1,1,0,4,2,2,0
MLt2,MTe49,2,1,1,0,4,2,2,0
Y3,LTe23,1,0,1,0,4,0,4,0
LPi04,T5b,2,1,1,0,4,2,2,0
Tm35,Sm35,2,1,1,0,4,2,2,0
L5,MeTu3c,2,1,1,0,4,2,2,0
Sm32,MeMe_e02,2,1,1,0,4,2,2,0
T3,PDt,2,1,1,0,4,2,2,0
Tm31,LT51,2,1,1,0,4,2,2,0
Sm04,TmY3,2,1,1,0,4,2,2,0
Tm5d,Pm14,2,1,1,0,4,2,2,0
LMa2,LTe21,2,1,1,0,4,2,2,0
Li11,TmY20,2,1,1,0,4,2,2,0
Li11,Tm32,2,1,1,0,4,2,2,0
TmY16,LPi06,2,1,1,0,4,2,2,0
Tm20,MTe46,2,1,1,0,4,2,2,0
TmY31,LMTe01,2,0,2,0,4,0,4,0
Li18,LTe16,2,1,1,0,4,2,2,0
Sm10,Sm40,2,1,1,0,4,2,2,0
MLt3,Tm37,2,1,1,0,4,2,2,0
Li25,Li15,2,1,1,0,4,2,2,0
Tm5c,MeMe_e07,2,1,1,0,4,2,2,0
Li10,cMLLP01,2,0,2,0,4,0,4,0
Pm13,cM15,2,1,1,0,4,2,2,0
Pm13,Lawf1,1,0,1,0,4,0,4,0
Tm5d,LC20a,2,1,1,0,4,2,2,0
Tm5d,LCe04,2,0,2,0,4,0,4,0
Sm35,Dm9,2,1,1,0,4,2,2,0
Sm35,MTe32,2,0,2,0,4,0,4,0
Sm35,MTe03,2,1,1,0,4,2,2,0
LPi06,VS1,2,1,1,0,4,2,2,0
LPi06,CB0592,2,0,2,0,4,0,4,0
TmY9q⊥,Tm32,2,1,1,0,4,2,2,0
LLPt,LC31b,1,0,1,0,4,0,4,0
Pm07,LMt1,2,1,1,0,4,2,2,0
Tm5f,MTe01b,2,1,1,0,4,2,2,0
TmY5a,LTe12,2,1,1,0,4,2,2,0
Tm1,MTe54,2,0,2,0,4,0,4,0
Lawf2,Tm9,2,1,1,0,4,2,2,0
Li15,LC6,2,1,1,0,4,2,2,0
Li15,LT56,2,0,2,0,4,0,4,0
LMa2,Tm9,2,1,1,0,4,2,2,0
TmY31,Li20,2,0,2,0,4,0,4,0
Tm5a,MTe35,2,0,2,0,4,0,4,0
Sm02,Dm20,1,0,1,0,4,0,4,0
T4d,Pm11,1,0,1,0,4,0,4,0
Tm8a,cM17,2,1,1,0,4,2,2,0
T5d,LPC1,2,1,1,0,4,2,2,0
T5a,Li31,2,1,1,0,4,2,2,0
Tm16,LTe47,2,0,2,0,4,0,4,0
T4c,MLt4,2,0,2,0,4,0,4,0
Sm32,TmY31,2,1,1,0,4,2,2,0
Sm10,Tm20,1,0,1,0,4,0,4,0
Sm10,aMe12,2,1,1,0,4,2,2,0
Pm03,OA-AL2i1,2,0,2,0,4,0,4,0
Dm10,Sm04,2,0,2,0,4,0,4,0
Tm34,MeTu4c,2,1,1,0,4,2,2,0
Mi10,Sm18,2,1,1,0,4,2,2,0
Li16,LT74,2,1,1,0,4,2,2,0
Dm19,Dm18,2,0,2,0,4,0,4,0
Tm3,LTe03,2,1,1,0,4,2,2,0
Mi15,Y4,2,0,2,0,4,0,4,0
Tm36,LCe01b,2,0,2,0,4,0,4,0
TmY16,LCe01b,1,0,1,0,4,0,4,0
Tm2,LLPC2,2,1,1,0,4,2,2,0
Mi13,Tm37,2,1,1,0,4,2,2,0
Y4,cM16,2,1,1,0,4,2,2,0
L5,MLt2,2,1,1,0,4,2,2,0
Mi2,T5b,1,0,1,0,4,0,4,0
Mi2,T5a,1,0,1,0,4,0,4,0
LMa4,LPi01,2,1,1,0,4,2,2,0
LMa4,LPT42_Nod4,2,1,1,0,4,2,2,0
Tlp4,LT42,2,0,2,0,4,0,4,0
TmY9q⊥,LTe07,2,1,1,0,4,2,2,0
Dm11,Mi1,2,1,1,0,4,2,2,0
LMa1,Tm20,2,0,2,0,4,0,4,0
LMa1,MeLp2,2,1,1,0,4,2,2,0
Mi9,TmY20,2,1,1,0,4,2,2,0
TmY5a,Dm17,2,0,2,0,4,0,4,0
Tm27,cL07,2,1,1,0,4,2,2,0
Tm35,LTe20,2,1,1,0,4,2,2,0
Li04,LT36,1,0,1,0,4,0,4,0
Li04,LC22,2,1,1,0,4,2,2,0
Li04,LTe17,2,1,1,0,4,2,2,0
Li04,TmY9q⊥,2,0,2,0,4,0,4,0
Y1,Li25,2,1,1,0,4,2,2,0
PDt,Tm5c,2,1,1,0,4,2,2,0
PDt,Mi2,2,1,1,0,4,2,2,0
PDt,LMa3,1,0,1,0,4,0,4,0
PDt,Tm1,2,0,2,0,4,0,4,0
T2,Li01,2,0,2,0,4,0,4,0
TmY5a,LPT52,2,1,1,0,4,2,2,0
Sm38,Tm31,2,1,1,0,4,2,2,0
Sm38,MLt5,2,1,1,0,4,2,2,0
Sm38,Sm04,2,1,1,0,4,2,2,0
Tm33,LC4,2,0,2,0,4,0,4,0
Tm27,MTe51,1,0,1,0,4,0,4,0
MLt4,TmY4,2,1,1,0,4,2,2,0
Y1,Pm07,2,1,1,0,4,2,2,0
MLt1,LC18,2,1,1,0,4,2,2,0
Dm2,MLt1,2,1,1,0,4,2,2,0
Tm5b,Sm05,2,1,1,0,4,2,2,0
Tm5b,Mi14,2,1,1,0,4,2,2,0
Tm37,R8,1,0,1,0,4,0,4,0
Tm8b,Y4,2,0,2,0,4,0,4,0
T4b,Tm21,2,1,1,0,4,2,2,0
MLt2,LTe54,2,0,2,0,4,0,4,0
MLt2,cLLP02,1,0,1,0,4,0,4,0
T4d,Pm02,2,1,1,0,4,2,2,0
TmY20,LPi13,2,1,1,0,4,2,2,0
Sm19,MTe51,1,0,1,0,4,0,4,0
Li06,LTe25,2,0,2,0,4,0,4,0
Li32,LC4,2,1,1,0,4,2,2,0
Li32,LTe11,1,0,1,0,4,0,4,0
Li32,LT61b,2,1,1,0,4,2,2,0
T5b,Li22,2,0,2,0,4,0,4,0
TmY3,MTe08,2,1,1,0,4,2,2,0
Sm02,cM11,2,0,2,0,4,0,4,0
R7,Dm20,2,1,1,0,4,2,2,0
Li12,LT70,2,1,1,0,4,2,2,0
T3,Sm04,2,1,1,0,4,2,2,0
TmY3,MeTu1,2,0,2,0,4,0,4,0
TmY3,MTe01b,2,0,2,0,4,0,4,0
Sm34,Tm31,2,1,1,0,4,2,2,0
Y4,Li13,2,1,1,0,4,2,2,0
R7,Dm1,2,0,2,0,4,0,4,0
Tm31,Li02,2,1,1,0,4,2,2,0
Tm31,Pm05,2,1,1,0,4,2,2,0
Tm31,MTe13,1,0,1,0,4,0,4,0
Li08,LTe38c,2,0,2,0,4,0,4,0
LLPt,T5a,2,1,1,0,4,2,2,0
Mi13,Dm12,1,0,1,0,4,0,4,0
Dm3p,MTe50,2,1,1,0,4,2,2,0
Li24,LT56,2,1,1,0,4,2,2,0
Li24,cMLLP01,2,0,2,0,4,0,4,0
Li24,Tm25,2,1,1,0,4,2,2,0
Tm4,LTe45,1,0,1,0,4,0,4,0
Sm09,Sm10,2,1,1,0,4,2,2,0
TmY20,aMe13,1,0,1,0,4,0,4,0
TmY10,L1,1,0,1,0,4,0,4,0
Dm3p,Dm10,2,0,2,0,4,0,4,0
MLt1,aMe19b,1,0,1,0,4,0,4,0
TmY15,LC39,2,0,2,0,4,0,4,0
Li06,LTe76,2,1,1,0,4,2,2,0
Tm5c,Sm25,2,1,1,0,4,2,2,0
LMa4,MTe53,2,1,1,0,4,2,2,0
Y4,LTe13,2,1,1,0,4,2,2,0
Tm34,Sm02,2,1,1,0,4,2,2,0
Tm8a,Tm25,2,1,1,0,4,2,2,0
MLt3,LMt2,2,1,1,0,4,2,2,0
LMa3,cL20,2,0,2,0,4,0,4,0
LPi07,Tm21,2,0,2,0,4,0,4,0
Li07,LC13,2,1,1,0,4,2,2,0
Sm35,TmY5a,2,1,1,0,4,2,2,0
Tm3,LTe10,2,0,2,0,4,0,4,0
MLt5,LTe49d,2,1,1,0,4,2,2,0
MLt5,MTe52,2,1,1,0,4,2,2,0
Sm34,MLt7,2,1,1,0,4,2,2,0
Sm34,Tm27,2,1,1,0,4,2,2,0
Sm34,aMe5,2,1,1,0,4,2,2,0
TmY11,Dm4,2,1,1,0,4,2,2,0
Sm18,Sm16,2,0,2,0,4,0,4,0
Sm18,Tm7,2,0,2,0,4,0,4,0
Pm04,Tlp4,2,1,1,0,4,2,2,0
Li03,T2a,2,1,1,0,4,2,2,0
LMt2,Li02,2,1,1,0,4,2,2,0
Dm20,Pm05,1,0,1,0,4,0,4,0
Dm3v,Tm32,2,0,2,0,4,0,4,0
LPi11,LPTe02,1,0,1,0,4,0,4,0
MLt5,Sm30,2,0,2,0,4,0,4,0
Tm16,cM09,2,1,1,0,4,2,2,0
Sm34,MeMe_e03,1,0,1,0,4,0,4,0
Tm35,OA-ASM1,2,0,2,0,4,0,4,0
Mi9,Dm6,2,0,2,0,4,0,4,0
LMt2,Tm33,2,1,1,0,4,2,2,0
TmY10,LT68,2,0,2,0,4,0,4,0
Pm07,LPi07,2,0,2,0,4,0,4,0
TmY31,C3,2,1,1,0,4,2,2,0
Li15,CB0592,1,0,1,0,4,0,4,0
T2a,MLt2,2,1,1,0,4,2,2,0
Y3,LTe27,2,1,1,0,4,2,2,0
TmY14,Tm5e,2,0,2,0,4,0,4,0
Li01,LC9,2,1,1,0,4,2,2,0
Dm18,Li06,2,1,1,0,4,2,2,0
MLt4,cM08a,2,1,1,0,4,2,2,0
Tm35,Sm36,2,0,2,0,4,0,4,0
MLt7,Tm5a,2,1,1,0,4,2,2,0
TmY11,cL02b,2,1,1,0,4,2,2,0
TmY10,PLP004,2,0,2,0,4,0,4,0
TmY16,Pm11,2,1,1,0,4,2,2,0
LLPt,LC41,2,1,1,0,4,2,2,0
CT1,TmY9q,2,1,1,0,4,2,2,0
CT1,Tm5d,2,0,2,0,4,0,4,0
CT1,HSN,1,0,1,0,4,0,4,0
CT1,Tm7,2,0,2,0,4,0,4,0
CT1,CB0816,1,0,1,0,4,0,4,0
CT1,LPLC1,2,1,1,0,4,2,2,0
Tm25,Pm11,2,1,1,0,4,2,2,0
TmY9q⊥,LPi15,2,0,2,0,4,0,4,0
Sm14,cM18,1,0,1,0,4,0,4,0
Sm14,Pm14,2,1,1,0,4,2,2,0
MLt3,LC15,2,1,1,0,4,2,2,0
L1,LPi11,1,0,1,0,4,0,4,0
Sm08,5-HTPMPV03,2,0,2,0,4,0,4,0
Sm08,MLt1,2,1,1,0,4,2,2,0
TmY3,cL02c,2,1,1,0,4,2,2,0
Tm7,Dm20,2,1,1,0,4,2,2,0
TmY9q,VSm,2,1,1,0,4,2,2,0
TmY9q⊥,LTe12,1,0,1,0,4,0,4,0
TmY4,Nod3,2,1,1,0,4,2,2,0
Sm03,Sm14,2,0,2,0,4,0,4,0
Li24,TmY3,2,0,2,0,4,0,4,0
Li24,Tm35,2,0,2,0,4,0,4,0
Li24,LT79,2,0,2,0,4,0,4,0
TmY11,cLLPM01,2,0,2,0,4,0,4,0
C2,MLt4,1,0,1,0,4,0,4,0
Tm25,T1,2,1,1,0,4,2,2,0
Pm07,cML01,2,1,1,0,4,2,2,0
Sm14,MeTu3b,2,0,2,0,4,0,4,0
C3,Dm8a,2,1,1,0,4,2,2,0
TmY10,LTe23,2,1,1,0,4,2,2,0
Tm35,cM10,2,1,1,0,4,2,2,0
Tm5c,LC9,2,1,1,0,4,2,2,0
Li06,Tlp1,2,1,1,0,4,2,2,0
Tm8a,Pm03,2,0,2,0,4,0,4,0
Tm5f,PDt,2,1,1,0,4,2,2,0
Tm5a,Dm11,2,1,1,0,4,2,2,0
Dm15,Pm12,1,0,1,0,4,0,4,0
Y3,cM07,2,1,1,0,4,2,2,0
Am1,LC14b,1,0,1,0,4,0,4,0
Am1,LPi08,2,0,2,0,4,0,4,0
Am1,LC18,2,1,1,0,4,2,2,0
Am1,LMa2,2,0,2,0,4,0,4,0
Am1,Tm5f,2,0,2,0,4,0,4,0
Am1,MeTu4c,2,1,1,0,4,2,2,0
Am1,Tm9,2,0,2,0,4,0,4,0
Am1,TmY10,2,1,1,0,4,2,2,0
Am1,Mi13,2,1,1,0,4,2,2,0
Am1,Mi4,2,1,1,0,4,2,2,0
MLt1,Sm05,2,1,1,0,4,2,2,0
Tm31,LC40,2,0,2,0,4,0,4,0
Li09,LTe24,2,1,1,0,4,2,2,0
Li09,LC27,2,1,1,0,4,2,2,0
Sm22,TmY14,1,0,1,0,4,0,4,0
Tm5e,LTe53,2,1,1,0,4,2,2,0
L3,CB0592,2,0,2,0,4,0,4,0
Pm02,MeMe_e07,2,0,2,0,4,0,4,0
TmY9q,LC4,2,1,1,0,4,2,2,0
LPi02,TmY11,2,1,1,0,4,2,2,0
Sm03,TmY11,1,0,1,0,4,0,4,0
TmY9q,OA-AL2b1,2,0,2,0,4,0,4,0
Tm5e,MTe41,2,1,1,0,4,2,2,0
Tm8a,aMe20,2,1,1,0,4,2,2,0
Y3,LTe40,2,1,1,0,4,2,2,0
Tm8a,aMe17c,2,0,2,0,4,0,4,0
Tm8a,Tm1,2,1,1,0,4,2,2,0
L5,aMe12,2,0,2,0,4,0,4,0
LMa5,cM05,1,0,1,0,4,0,4,0
Tm36,Sm36,2,1,1,0,4,2,2,0
Sm02,MTe07,2,1,1,0,4,2,2,0
TmY15,PDt,2,0,2,0,4,0,4,0
TmY10,L2,2,1,1,0,4,2,2,0
Tm16,C2,2,1,1,0,4,2,2,0
T4b,Tm20,2,0,2,0,4,0,4,0
Dm17,T2a,2,1,1,0,4,2,2,0
Tm27,MTe05,2,0,2,0,4,0,4,0
MLt6,LC41,2,1,1,0,4,2,2,0
Sm30,aMe3,2,1,1,0,4,2,2,0
Li26,LT62,2,1,1,0,4,2,2,0
Li26,Tm9,2,0,2,0,4,0,4,0
T4a,Nod5,1,0,1,0,4,0,4,0
L3,5-HTPMPV03,2,1,1,0,4,2,2,0
Tm5c,MTe25,2,1,1,0,4,2,2,0
TmY9q⊥,Tm9,2,1,1,0,4,2,2,0
Tm3,LT63,2,0,2,0,4,0,4,0
T5b,T4a,2,1,1,0,4,2,2,0
LPi09,T5a,2,0,2,0,4,0,4,0
LPi09,VCH,1,0,1,0,4,0,4,0
Tm25,LC31c,2,0,2,0,4,0,4,0
Sm15,Sm25,2,1,1,0,4,2,2,0
Tm27,MeTu4a,2,0,2,0,4,0,4,0
T2a,LTe20,2,1,1,0,4,2,2,0
Tm8a,mALD1,2,1,1,0,4,2,2,0
LPi01,T4d,2,1,1,0,4,2,2,0
DmDRA2,Sm21,2,0,2,0,4,0,4,0
Pm10,cM07,2,1,1,0,4,2,2,0
Li04,LCe01b,1,0,1,0,4,0,4,0
Li04,LTe49d,2,1,1,0,4,2,2,0
Li04,LC10c,2,0,2,0,4,0,4,0
TmY11,LPi15,2,1,1,0,4,2,2,0
Mi1,MeTu4a,2,1,1,0,4,2,2,0
Y12,Li21,2,0,2,0,4,0,4,0
Y4,LT33,2,1,1,0,4,2,2,0
TmY9q,L2,2,1,1,0,4,2,2,0
TmY4,LPT30,2,1,1,0,4,2,2,0
Tm8b,5-HTPMPV03,2,0,2,0,4,0,4,0
DmDRA2,Sm07,2,0,2,0,4,0,4,0
Li05,Tm27,2,1,1,0,4,2,2,0
Tm16,LTe41,2,1,1,0,4,2,2,0
L1,TmY10,2,1,1,0,4,2,2,0
Li09,TmY9q⊥,2,1,1,0,4,2,2,0
Tm5c,LTe46,2,1,1,0,4,2,2,0
MLt2,Sm12,2,1,1,0,4,2,2,0
Tm4,mALC3,2,1,1,0,4,2,2,0
Li17,TmY11,2,1,1,0,4,2,2,0
Tm16,Sm35,2,0,2,0,4,0,4,0
MLt7,LTe49a,2,1,1,0,4,2,2,0
MLt1,Sm24,2,1,1,0,4,2,2,0
MLt1,LC20b,1,0,1,0,4,0,4,0
T3,Tm5e,2,1,1,0,4,2,2,0
LPi14,T2,2,1,1,0,4,2,2,0
LPi14,cLLPM01,1,0,1,0,4,0,4,0
C3,LC14a1,1,0,1,0,4,0,4,0
Tm35,MTe24,1,0,1,0,4,0,4,0
LPi10,LMt4,2,1,1,0,4,2,2,0
Tm8a,LC43,2,1,1,0,4,2,2,0
TmY10,Sm16,2,0,2,0,4,0,4,0
Y1,Lawf2,2,0,2,0,4,0,4,0
Tm16,LTe23,2,0,2,0,4,0,4,0
Pm11,Pm08,2,1,1,0,4,2,2,0
T4a,LMa3,2,1,1,0,4,2,2,0
Y12,LT40,2,1,1,0,4,2,2,0
Lawf2,MTe52,2,1,1,0,4,2,2,0
L3,Tm35,2,1,1,0,4,2,2,0
Tm8a,Pm09,1,0,1,0,4,0,4,0
L4,Sm01,2,0,2,0,4,0,4,0
Mi9,Sm03,2,0,2,0,4,0,4,0
Sm11,Pm09,1,0,1,0,4,0,4,0
LLPt,LT74,2,1,1,0,4,2,2,0
LLPt,LPT50,2,1,1,0,4,2,2,0
Li07,cL07,2,0,2,0,4,0,4,0
Li07,cLLP02,1,0,1,0,4,0,4,0
Li07,CB0472,2,1,1,0,4,2,2,0
TmY20,CB0592,2,1,1,0,4,2,2,0
TmY3,Li30,1,0,1,0,4,0,4,0
Tm31,C3,1,0,1,0,4,0,4,0
TmY11,LT83,1,0,1,0,4,0,4,0
T2a,Dm19,2,1,1,0,4,2,2,0
Sm27,TmY31,2,1,1,0,4,2,2,0
Sm27,cM08a,2,1,1,0,4,2,2,0
MLt3,Dm3v,2,0,2,0,4,0,4,0
Pm08,Dm3v,2,0,2,0,4,0,4,0
Sm32,Sm41,1,0,1,0,4,0,4,0
Sm32,Tm5d,1,0,1,0,4,0,4,0
T5c,Tm3,2,1,1,0,4,2,2,0
TmY31,R8,1,0,1,0,4,0,4,0
Dm13,Pm04,2,1,1,0,4,2,2,0
TmY31,PLP032,2,1,1,0,4,2,2,0
Sm03,Mi4,2,1,1,0,4,2,2,0
Sm20,Sm05,2,0,2,0,4,0,4,0
Sm34,Sm39,2,1,1,0,4,2,2,0
Sm12,aMe6a,2,1,1,0,4,2,2,0
Li01,Tm21,1,0,1,0,4,0,4,0
Y3,LT66,2,1,1,0,4,2,2,0
Li11,LTe76,2,1,1,0,4,2,2,0
TmY31,MeTu3b,2,0,2,0,4,0,4,0
TmY4,LTe36,1,0,1,0,4,0,4,0
Dm2,LTe12,1,0,1,0,4,0,4,0
Dm2,Tm32,2,0,2,0,4,0,4,0
MLt1,Sm12,2,1,1,0,4,2,2,0
MLt1,LT53,2,1,1,0,4,2,2,0
Tm5d,LTe23,1,0,1,0,4,0,4,0
Tm36,cLLPM02,2,0,2,0,4,0,4,0
Sm10,Sm21,2,0,2,0,4,0,4,0
LMa4,LT51,1,0,1,0,4,0,4,0
Tm5b,LPT31,2,1,1,0,4,2,2,0
Li01,Tm5b,2,1,1,0,4,2,2,0
TmY15,Li22,2,1,1,0,4,2,2,0
TmY11,LT38,2,1,1,0,4,2,2,0
TmY4,T5b,2,1,1,0,4,2,2,0
TmY11,Sm09,2,1,1,0,4,2,2,0
Sm16,Sm16,2,0,2,0,4,0,4,0
Mi15,cL10,2,1,1,0,4,2,2,0
Sm09,Sm35,2,1,1,0,4,2,2,0
TmY11,LCe05,2,1,1,0,4,2,2,0
Tm36,LTe32,2,1,1,0,4,2,2,0
Pm08,LPT54,2,1,1,0,4,2,2,0
Tm5c,Sm18,2,0,2,0,4,0,4,0
Li10,cL04,2,1,1,0,4,2,2,0
Tm7,Li17,2,1,1,0,4,2,2,0
Sm15,Y3,2,1,1,0,4,2,2,0
Tlp4,Li33,2,1,1,0,4,2,2,0
Tlp4,Tm20,2,1,1,0,4,2,2,0
Li07,Y4,2,1,1,0,4,2,2,0
Tm5b,T5a,2,1,1,0,4,2,2,0
Tm8a,cL01,2,0,2,0,4,0,4,0
Mi9,Tm34,1,0,1,0,4,0,4,0
TmY11,LT77,2,1,1,0,4,2,2,0
Lawf1,Dm3p,2,0,2,0,4,0,4,0
Dm6,cM07,2,0,2,0,4,0,4,0
Tm5a,LT63,1,0,1,0,4,0,4,0
Tm5a,Tm1,2,1,1,0,4,2,2,0
MLt5,MTe45,2,1,1,0,4,2,2,0
Li05,LTe36,2,1,1,0,4,2,2,0
Sm06,Sm21,2,1,1,0,4,2,2,0
Tlp1,LT84,2,0,2,0,4,0,4,0
MLt6,LC16,2,1,1,0,4,2,2,0
Li05,LTe27,2,1,1,0,4,2,2,0
Li12,Pm13,2,1,1,0,4,2,2,0
TmY11,DNp27,2,1,1,0,4,2,2,0
TmY11,LPi13,2,1,1,0,4,2,2,0
Li17,MLt3,2,1,1,0,4,2,2,0
Li08,LC45,2,1,1,0,4,2,2,0
C2,LC13,2,0,2,0,4,0,4,0
C2,LT58,1,0,1,0,4,0,4,0
C2,LC10a,1,0,1,0,4,0,4,0
LLPt,LT43,2,0,2,0,4,0,4,0
Sm03,cM09,2,1,1,0,4,2,2,0
Tm34,Dm2,2,1,1,0,4,2,2,0
TmY9q,TmY3,2,1,1,0,4,2,2,0
Sm22,Dm8a,2,1,1,0,4,2,2,0
Sm22,Mi2,2,0,2,0,4,0,4,0
Sm32,TmY14,1,0,1,0,4,0,4,0
Sm32,Pm07,2,1,1,0,4,2,2,0
Y3,LTe38a,2,0,2,0,4,0,4,0
LLPt,Tm5b,2,1,1,0,4,2,2,0
Li13,Tm33,2,1,1,0,4,2,2,0
Tm5b,Sm34,2,1,1,0,4,2,2,0
Tm31,TmY15,2,1,1,0,4,2,2,0
Tm31,Li03,2,1,1,0,4,2,2,0
Tm5e,MeMe_e09,2,1,1,0,4,2,2,0
Tm32,MC65,2,1,1,0,4,2,2,0
Tm5c,Dm6,2,1,1,0,4,2,2,0
Li17,LT80,2,1,1,0,4,2,2,0
Li17,cL07,2,1,1,0,4,2,2,0
Tlp5,LC12,2,1,1,0,4,2,2,0
Tlp5,LMa1,2,1,1,0,4,2,2,0
Tm7,cL19,2,1,1,0,4,2,2,0
Tm36,Dm11,2,0,2,0,4,0,4,0
TmY9q,Tm31,2,1,1,0,4,2,2,0
TmY4,Mi10,2,0,2,0,4,0,4,0
Dm11,TmY10,2,1,1,0,4,2,2,0
Tm9,LPi05,1,0,1,0,4,0,4,0
Sm08,MTe38,2,1,1,0,4,2,2,0
Y12,cLLP02,2,1,1,0,4,2,2,0
TmY10,LPT54,2,1,1,0,4,2,2,0
Dm3v,Li06,2,0,2,0,4,0,4,0
Li09,LT73,2,1,1,0,4,2,2,0
TmY11,LTe33,2,1,1,0,4,2,2,0
Tlp14,LC6,2,1,1,0,4,2,2,0
Sm23,MTe03,2,1,1,0,4,2,2,0
Mi14,LPT54,2,1,1,0,4,2,2,0
LPi01,T5a,2,0,2,0,4,0,4,0
T2,MeTu4c,2,1,1,0,4,2,2,0
Sm17,LTe49a,1,0,1,0,4,0,4,0
Sm17,Sm43,2,1,1,0,4,2,2,0
Sm18,OA-AL2i4,2,1,1,0,4,2,2,0
Sm18,CB0816,2,0,2,0,4,0,4,0
T1,T4c,2,0,2,0,4,0,4,0
Tm37,MTe31,2,1,1,0,4,2,2,0
Sm12,MTe37,2,1,1,0,4,2,2,0
Li30,LTe38a,2,0,2,0,4,0,4,0
Li30,LTe30,1,0,1,0,4,0,4,0
Li30,LLPC3,2,1,1,0,4,2,2,0
Li30,LT62,1,0,1,0,4,0,4,0
Li30,LC18,2,0,2,0,4,0,4,0
Li30,LC17,2,1,1,0,4,2,2,0
Li30,cM08a,2,1,1,0,4,2,2,0
Li30,mALC5,2,1,1,0,4,2,2,0
Li30,LC25,2,1,1,0,4,2,2,0
Li26,Y4,2,1,1,0,4,2,2,0
TmY4,cL06,2,1,1,0,4,2,2,0
TmY11,LT43,1,0,1,0,4,0,4,0
T5c,LPT51,2,1,1,0,4,2,2,0
MLt5,OA-AL2i4,2,1,1,0,4,2,2,0
Pm10,Y11,2,1,1,0,4,2,2,0
Sm03,MTe22,2,1,1,0,4,2,2,0
LMt3,LC21,2,0,2,0,4,0,4,0
LMt2,LC35,2,1,1,0,4,2,2,0
LMt2,LMt3,2,1,1,0,4,2,2,0
Pm02,TmY3,2,0,2,0,4,0,4,0
TmY31,cM15,2,1,1,0,4,2,2,0
TmY10,Li17,2,0,2,0,4,0,4,0
Sm18,Sm31,2,1,1,0,4,2,2,0
Sm18,MLt2,2,1,1,0,4,2,2,0
Sm18,Tm34,2,1,1,0,4,2,2,0
C2,Dm15,2,0,2,0,4,0,4,0
LMt1,Mi13,2,1,1,0,4,2,2,0
Tlp5,Li07,2,0,2,0,4,0,4,0
MLt2,LTe47,1,0,1,0,4,0,4,0
Dm8b,MTe25,2,0,2,0,4,0,4,0
Pm07,LMt3,2,0,2,0,4,0,4,0
Tm27,MTe04,2,0,2,0,4,0,4,0
Dm10,aMe17c,2,1,1,0,4,2,2,0
Y12,Sm32,2,1,1,0,4,2,2,0
Sm21,MTe03,2,1,1,0,4,2,2,0
LPi05,cLP03,2,1,1,0,4,2,2,0
Tm25,MTe35,2,1,1,0,4,2,2,0
T3,LCe07,1,0,1,0,4,0,4,0
TmY20,MTe11,2,1,1,0,4,2,2,0
R1-6,MeLp1,2,0,2,0,4,0,4,0
Tm32,Sm40,2,1,1,0,4,2,2,0
Sm33,MTe47,2,1,1,0,4,2,2,0
Mi15,MTe32,2,1,1,0,4,2,2,0
Tm5a,cL14,2,1,1,0,4,2,2,0
Tlp5,LPi03,2,0,2,0,4,0,4,0
Tm16,PLP004,1,0,1,0,4,0,4,0
Tm16,LTe49c,2,1,1,0,4,2,2,0
Dm16,Dm20,2,1,1,0,4,2,2,0
Pm13,Sm31,2,0,2,0,4,0,4,0
Pm13,MeTu4a,2,1,1,0,4,2,2,0
Pm13,Sm19,1,0,1,0,4,0,4,0
Mi10,Sm26,2,1,1,0,4,2,2,0
Tm5f,LTe18,2,1,1,0,4,2,2,0
Tm5f,T5b,2,1,1,0,4,2,2,0
L5,MLt5,2,1,1,0,4,2,2,0
Sm23,aMe17c,2,1,1,0,4,2,2,0
Li16,LC10c,1,0,1,0,4,0,4,0
LPi02,T5d,2,1,1,0,4,2,2,0
Y12,HSN,2,1,1,0,4,2,2,0
Tm5b,cLPL01,2,1,1,0,4,2,2,0
Tlp1,LT62,1,0,1,0,4,0,4,0
Tlp1,LTe08,2,1,1,0,4,2,2,0
Tm20,LMt1,2,1,1,0,4,2,2,0
Tlp1,LTe38b,2,0,2,0,4,0,4,0
Tlp1,Tm37,2,1,1,0,4,2,2,0
Tlp1,Tm5a,2,1,1,0,4,2,2,0
Tlp1,LT77,2,0,2,0,4,0,4,0
Tlp1,LT85,1,0,1,0,4,0,4,0
Tlp1,LPT51,1,0,1,0,4,0,4,0
Tm8a,LC14a1,2,1,1,0,4,2,2,0
Tm5c,Sm11,2,0,2,0,4,0,4,0
Tm4,MTe13,2,0,2,0,4,0,4,0
Y1,TmY11,2,1,1,0,4,2,2,0
T3,L1,2,0,2,0,4,0,4,0
LMt2,Tm3,2,1,1,0,4,2,2,0
Tm31,Tm32,2,1,1,0,4,2,2,0
Dm10,LPi10,2,0,2,0,4,0,4,0
Sm29,MTe23,2,1,1,0,4,2,2,0
Sm29,MeTu4c,2,1,1,0,4,2,2,0
Tm2,AN_multi_124,1,0,1,0,4,0,4,0
TmY5a,MTe39,2,1,1,0,4,2,2,0
Mi10,MTe33,2,1,1,0,4,2,2,0
Pm09,MTe53,2,1,1,0,4,2,2,0
LPi11,T4b,2,1,1,0,4,2,2,0
Dm3v,Tm27,2,1,1,0,4,2,2,0
Li07,cL17,2,1,1,0,4,2,2,0
Sm25,Sm17,1,0,1,0,4,0,4,0
Dm12,Tm25,2,0,2,0,4,0,4,0
DmDRA1,Sm07,2,1,1,0,4,2,2,0
Sm11,Tm5a,2,1,1,0,4,2,2,0
Sm11,LMa5,2,1,1,0,4,2,2,0
Sm11,Dm2,2,0,2,0,4,0,4,0
Y3,Pm11,1,0,1,0,4,0,4,0
Tm31,MeTu4d,2,1,1,0,4,2,2,0
T5a,Tm20,2,1,1,0,4,2,2,0
Li06,TmY14,2,1,1,0,4,2,2,0
Li06,LC10b,2,1,1,0,4,2,2,0
Li06,Li03,2,1,1,0,4,2,2,0
TmY5a,aMe8,1,0,1,0,4,0,4,0
Tlp14,TmY9q,2,1,1,0,4,2,2,0
Tm25,T5d,2,0,2,0,4,0,4,0
Mi10,Sm35,2,1,1,0,4,2,2,0
Sm13,Pm05,2,1,1,0,4,2,2,0
Y12,LC29,2,1,1,0,4,2,2,0
Tm20,PDt,2,1,1,0,4,2,2,0
Li29,LT57,2,1,1,0,4,2,2,0
Li29,LTe16,2,1,1,0,4,2,2,0
Li29,LMa2,2,1,1,0,4,2,2,0
Li29,cL02b,2,1,1,0,4,2,2,0
Li29,LC37a,1,0,1,0,4,0,4,0
Li29,LTe42b,2,1,1,0,4,2,2,0
Li29,cLP02,2,0,2,0,4,0,4,0
Li29,LTe40,2,1,1,0,4,2,2,0
Li29,cL20,2,1,1,0,4,2,2,0
Li29,Li12,2,1,1,0,4,2,2,0
Li29,Li24,2,1,1,0,4,2,2,0
Li29,LTe09,2,1,1,0,4,2,2,0
Li29,LMt1,2,1,1,0,4,2,2,0
Sm37,Sm26,2,0,2,0,4,0,4,0
Sm37,Tm5c,2,0,2,0,4,0,4,0
Sm37,Sm40,2,1,1,0,4,2,2,0
Sm37,aMe9,2,1,1,0,4,2,2,0
Sm28,Sm26,1,0,1,0,4,0,4,0
Li02,LT80,2,1,1,0,4,2,2,0
Tm5f,LTe38c,2,1,1,0,4,2,2,0
Tm5a,LTe16,2,0,2,0,4,0,4,0
Lawf2,Sm15,2,0,2,0,4,0,4,0
LMt4,LT82a,2,0,2,0,4,0,4,0
LMt4,Li20,2,1,1,0,4,2,2,0
LMt4,LPLC4,2,0,2,0,4,0,4,0
Li06,Tm33,2,1,1,0,4,2,2,0
Dm12,Tm35,2,1,1,0,4,2,2,0
Li15,LT80,2,1,1,0,4,2,2,0
Tm5f,Sm06,2,1,1,0,4,2,2,0
Li12,LC35,2,1,1,0,4,2,2,0
Sm36,MTe15,2,1,1,0,4,2,2,0
Sm36,MTe39,1,0,1,0,4,0,4,0
Sm36,MLt7,2,0,2,0,4,0,4,0
Sm36,cM11,2,0,2,0,4,0,4,0
Sm36,cM10,2,1,1,0,4,2,2,0
Dm19,Sm12,1,0,1,0,4,0,4,0
Dm19,Tm5b,1,0,1,0,4,0,4,0
Sm13,TmY10,2,1,1,0,4,2,2,0
Sm17,Sm19,2,1,1,0,4,2,2,0
Sm32,Tm36,2,1,1,0,4,2,2,0
LPi13,LC31a,1,0,1,0,4,0,4,0
LPi13,LC14b,2,0,2,0,4,0,4,0
LPi13,VS6,2,1,1,0,4,2,2,0
LPi13,LPT54,2,1,1,0,4,2,2,0
LPi13,LPi12,2,1,1,0,4,2,2,0
Tm20,LTe36,2,1,1,0,4,2,2,0
MLt4,Y12,2,1,1,0,4,2,2,0
Dm3p,T2,2,1,1,0,4,2,2,0
R1-6,Pm09,2,0,2,0,4,0,4,0
R1-6,MeMe_e07,2,0,2,0,4,0,4,0
Sm32,Sm31,2,1,1,0,4,2,2,0
LMt4,Pm13,2,1,1,0,4,2,2,0
Li24,Tm5c,2,0,2,0,4,0,4,0
TmY5a,Li22,2,1,1,0,4,2,2,0
Sm14,MTe16,2,1,1,0,4,2,2,0
Sm02,MTe30,2,1,1,0,4,2,2,0
MLt4,Pm12,2,1,1,0,4,2,2,0
Sm09,TmY16,2,1,1,0,4,2,2,0
Sm01,Dm4,2,1,1,0,4,2,2,0
TmY9q,LT65,1,0,1,0,4,0,4,0
Tm16,MeTu3c,1,0,1,0,4,0,4,0
Tlp5,LPT22,2,1,1,0,4,2,2,0
Li10,PLP068,2,1,1,0,4,2,2,0
TmY9q⊥,LTe46,2,1,1,0,4,2,2,0
Tm4,cM07,2,0,2,0,4,0,4,0
Li02,LT79,2,1,1,0,4,2,2,0
Li02,LPLC1,2,1,1,0,4,2,2,0
Li02,Tm4,1,0,1,0,4,0,4,0
TmY3,DNc01,2,0,2,0,4,0,4,0
Sm20,aMe4,2,0,2,0,4,0,4,0
MLt5,cM08a,2,1,1,0,4,2,2,0
MLt1,LTe19,2,1,1,0,4,2,2,0
Pm04,Tm20,2,1,1,0,4,2,2,0
LMa2,Sm05,2,1,1,0,4,2,2,0
Sm38,Sm26,2,1,1,0,4,2,2,0
Tm33,MTe33,2,1,1,0,4,2,2,0
Tm33,LCe01,2,1,1,0,4,2,2,0
MLt3,Li01,2,0,2,0,4,0,4,0
T4c,OA-AL2i1,2,1,1,0,4,2,2,0
Tm25,Dm18,2,1,1,0,4,2,2,0
Y1,Sm04,2,1,1,0,4,2,2,0
Sm07,Sm28,2,1,1,0,4,2,2,0
Sm27,5-HTPMPV03,2,0,2,0,4,0,4,0
L4,MLt5,2,1,1,0,4,2,2,0
R8,LCe01b,2,0,2,0,4,0,4,0
R8,LC21,1,0,1,0,4,0,4,0
T2a,Sm19,1,0,1,0,4,0,4,0
Mi14,MTe03,2,1,1,0,4,2,2,0
Sm09,cM03,2,1,1,0,4,2,2,0
TmY10,LTe72,1,0,1,0,4,0,4,0
Tm3,OA-AL2b2,2,1,1,0,4,2,2,0
MLt3,Tm5b,1,0,1,0,4,0,4,0
Sm43,Sm41,2,1,1,0,4,2,2,0
Sm43,Sm17,2,1,1,0,4,2,2,0
Mi15,aMe10,2,1,1,0,4,2,2,0
Li12,LTe54,2,1,1,0,4,2,2,0
Li12,TmY9q⊥,2,0,2,0,4,0,4,0
L1,MeTu3b,2,1,1,0,4,2,2,0
Tm5c,LT61b,2,1,1,0,4,2,2,0
TmY10,Li19,1,0,1,0,4,0,4,0
TmY31,cL22a,2,1,1,0,4,2,2,0
Tm4,Sm06,2,1,1,0,4,2,2,0
Sm04,Tm5f,2,1,1,0,4,2,2,0
MLt7,LT58,2,1,1,0,4,2,2,0
Tm5d,MTe04,2,1,1,0,4,2,2,0
LMa1,MeTu4c,2,1,1,0,4,2,2,0
Tlp5,Li24,2,1,1,0,4,2,2,0
Sm09,cLM01,2,1,1,0,4,2,2,0
Li23,LTe08,1,0,1,0,4,0,4,0
Li23,LC16,1,0,1,0,4,0,4,0
Li23,LC41,2,1,1,0,4,2,2,0
Li23,LT86,2,1,1,0,4,2,2,0
Li23,LTe14,2,1,1,0,4,2,2,0
Li23,PLP051,2,1,1,0,4,2,2,0
Li23,LTe51,1,0,1,0,4,0,4,0
Li23,Li29,2,1,1,0,4,2,2,0
LMa2,MeTu4c,1,0,1,0,4,0,4,0
LMa2,LT33,2,1,1,0,4,2,2,0
Sm16,MTe03,2,1,1,0,4,2,2,0
Sm09,cM17,2,1,1,0,4,2,2,0
Sm22,MTe18,2,1,1,0,4,2,2,0
Sm20,Sm21,2,1,1,0,4,2,2,0
TmY16,MeMe_e07,2,1,1,0,4,2,2,0
TmY16,cLLP02,2,1,1,0,4,2,2,0
TmY16,cL13,2,1,1,0,4,2,2,0
C2,TmY16,2,0,2,0,4,0,4,0
Tm5c,CB0592,2,1,1,0,4,2,2,0
Li18,Li02,2,1,1,0,4,2,2,0
Li18,Tm5e,2,1,1,0,4,2,2,0
Li18,Li32,2,0,2,0,4,0,4,0
Sm36,MTe50,2,1,1,0,4,2,2,0
TmY16,PDt,2,1,1,0,4,2,2,0
Li17,Tm5d,2,1,1,0,4,2,2,0
Li27,LTe10,1,0,1,0,4,0,4,0
Li27,LCe07,1,0,1,0,4,0,4,0
Tm25,LCe07,2,1,1,0,4,2,2,0
MLt2,MTe54,2,1,1,0,4,2,2,0
Tm35,Tm21,2,1,1,0,4,2,2,0
Tm35,LTe68,2,1,1,0,4,2,2,0
Tm35,Sm27,2,1,1,0,4,2,2,0
Tm9,Dm16,2,1,1,0,4,2,2,0
Li18,Tm8b,2,1,1,0,4,2,2,0
Tm16,CB3866,2,1,1,0,4,2,2,0
LPi07,Pm09,2,0,2,0,4,0,4,0
Sm14,MTe02,2,1,1,0,4,2,2,0
Li01,LMt3,2,1,1,0,4,2,2,0
Sm30,MeMe_e04,2,1,1,0,4,2,2,0
Dm3v,Tm31,2,1,1,0,4,2,2,0
LMt1,LC10b,1,0,1,0,4,0,4,0
LMt1,LT56,2,1,1,0,4,2,2,0
LPi06,OA-AL2i2,2,1,1,0,4,2,2,0
Sm10,TmY5a,2,1,1,0,4,2,2,0
TmY10,MTe27,2,1,1,0,4,2,2,0
Tm8a,LT37,2,1,1,0,4,2,2,0
Li07,LC26,2,1,1,0,4,2,2,0
Tm21,LLPC1,2,1,1,0,4,2,2,0
Tm5b,LT70,2,1,1,0,4,2,2,0
Tm5c,Pm01,2,0,2,0,4,0,4,0
Tm36,LTe05,2,1,1,0,4,2,2,0
Tm31,MTe35,2,1,1,0,4,2,2,0
LPi09,cLP02,2,1,1,0,4,2,2,0
Y11,vCal1,2,1,1,0,4,2,2,0
Sm24,Dm4,1,0,1,0,4,0,4,0
Tm21,cML01,2,1,1,0,4,2,2,0
Y3,Sm36,2,1,1,0,4,2,2,0
Tm16,LT61b,1,0,1,0,4,0,4,0
T5d,LMa3,2,1,1,0,4,2,2,0
TmY31,CB0592,2,1,1,0,4,2,2,0
Tm31,Sm05,2,1,1,0,4,2,2,0
Tm31,MLt5,2,1,1,0,4,2,2,0
Tm8a,LC18,1,0,1,0,4,0,4,0
LPi03,TmY10,2,0,2,0,4,0,4,0
LPi03,Am1,2,1,1,0,4,2,2,0
LPi03,Tlp14,2,1,1,0,4,2,2,0
LPi03,LLPC1,1,0,1,0,4,0,4,0
LPi03,LPi11,2,1,1,0,4,2,2,0
Sm22,Sm19,2,1,1,0,4,2,2,0
Tm36,LC36,2,1,1,0,4,2,2,0
Mi14,Pm12,2,1,1,0,4,2,2,0
L2,Tm5f,2,1,1,0,4,2,2,0
C2,Sm01,2,1,1,0,4,2,2,0
T5c,Li31,2,1,1,0,4,2,2,0
TmY10,Li16,2,1,1,0,4,2,2,0
Sm03,Tm31,2,1,1,0,4,2,2,0
Tm5e,LTe50,2,1,1,0,4,2,2,0
Tm5e,MeMe_e08,2,1,1,0,4,2,2,0
LMt3,LT38,2,1,1,0,4,2,2,0
Tm36,MTe30,2,1,1,0,4,2,2,0
Tm36,MeTu1,2,0,2,0,4,0,4,0
LMa2,Tlp14,2,1,1,0,4,2,2,0
L1,Sm32,2,1,1,0,4,2,2,0
Pm10,cM18,2,1,1,0,4,2,2,0
TmY14,VS6,1,0,1,0,4,0,4,0
Y3,LT37,2,1,1,0,4,2,2,0
Tm5f,LCe02,2,1,1,0,4,2,2,0
Tm20,LMa3,2,1,1,0,4,2,2,0
MLt3,LTe09,2,1,1,0,4,2,2,0
Tm25,Li25,2,1,1,0,4,2,2,0
Li03,MLt6,2,1,1,0,4,2,2,0
LMa3,LLPt,2,1,1,0,4,2,2,0
Tm16,cL09,2,1,1,0,4,2,2,0
MeMe_e01,TmY4,2,1,1,0,4,2,2,0
MTe50,Pm14,2,0,2,0,4,0,4,0
MTe50,Tm9,2,0,2,0,4,0,4,0
LC11,LCe05,2,0,2,0,4,0,4,0
LT55,LC19,2,0,2,0,4,0,4,0
LT55,Li27,2,0,2,0,4,0,4,0
LT55,LTe75,1,0,1,0,4,0,4,0
LT55,cL12,1,0,1,0,4,0,4,0
LT55,cM08c,1,0,1,0,4,0,4,0
LT55,LTe60,1,1,0,0,4,4,0,0
LT55,Lat,1,1,0,0,4,4,0,0
aMe5,MTe19,2,1,1,0,4,2,2,0
LC10d,Li11,2,1,1,0,4,2,2,0
MeTu4c,MTe23,2,1,1,0,4,2,2,0
LC10a,LC19,2,1,1,0,4,2,2,0
MTe45,cM08a,2,0,2,0,4,0,4,0
MTe45,Sm18,2,0,2,0,4,0,4,0
LTe09,LT68,2,0,2,0,4,0,4,0
LT1d,T2a,2,0,2,0,4,0,4,0
LT1d,Li06,2,1,1,0,4,2,2,0
LT1d,LC31a,1,0,1,0,4,0,4,0
LT1d,LC12,2,1,1,0,4,2,2,0
LT1d,LMa5,2,1,1,0,4,2,2,0
MTe01b,MTe54,2,0,2,0,4,0,4,0
LCe01,LC45,2,0,2,0,4,0,4,0
LCe01,LTe46,1,0,1,0,4,0,4,0
MTe03,aMe4,1,0,1,0,4,0,4,0
LLPC1,LC14a2,2,1,1,0,4,2,2,0
MeLp1,T5b,2,0,2,0,4,0,4,0
MeLp1,LPi11,2,1,1,0,4,2,2,0
MeLp1,LPi14,1,0,1,0,4,0,4,0
MeLp1,VS2,1,1,0,0,4,4,0,0
MeLp1,cLP03,2,2,0,0,4,4,0,0
MeLp1,T5a,2,2,0,0,4,4,0,0
LT87,LT11,2,1,1,0,4,2,2,0
LT87,Li18,2,0,2,0,4,0,4,0
LT87,LMa1,2,1,1,0,4,2,2,0
LT87,LC9,2,1,1,0,4,2,2,0
LT87,LMt1,2,0,2,0,4,0,4,0
LT87,LT83,2,1,1,0,4,2,2,0
LT87,LC13,2,0,2,0,4,0,4,0
LT66,Tm3,2,1,1,0,4,2,2,0
LT66,LT33,1,1,0,0,4,4,0,0
LT66,LMa3,1,1,0,0,4,4,0,0
LT66,Li10,1,0,1,0,4,0,4,0
LT66,T5d,2,2,0,0,4,4,0,0
LC28a,LTe73,2,1,1,0,4,2,2,0
LC28a,LCe07,2,1,1,0,4,2,2,0
LC28a,MeTu4a,2,0,2,0,4,0,4,0
cM09,TmY9q,2,0,2,0,4,0,4,0
cM09,LTe69,2,0,2,0,4,0,4,0
cM09,LPLC1,2,1,1,0,4,2,2,0
cM09,Mi15,2,1,1,0,4,2,2,0
cM09,LTe16,2,0,2,0,4,0,4,0
cM09,LC17,2,0,2,0,4,0,4,0
cM09,LC39,2,0,2,0,4,0,4,0
cM09,LTe02,2,1,1,0,4,2,2,0
LLPC1,Li31,2,0,2,0,4,0,4,0
LC11,Li20,2,1,1,0,4,2,2,0
cL01,MeTu4a,2,1,1,0,4,2,2,0
MeTu3b,OA-AL2i4,2,1,1,0,4,2,2,0
LT11,Li20,2,0,2,0,4,0,4,0
LT11,LC6,2,0,2,0,4,0,4,0
LT11,T2,2,1,1,0,4,2,2,0
MeTu4d,TmY31,2,1,1,0,4,2,2,0
cLPL01,LPLC2,2,1,1,0,4,2,2,0
cLPL01,LC21,1,0,1,0,4,0,4,0
cL22a,LLPt,2,0,2,0,4,0,4,0
cL22a,LTe42c,1,0,1,0,4,0,4,0
cL22a,Li05,2,1,1,0,4,2,2,0
cL22a,LC10a,2,1,1,0,4,2,2,0
cL22a,LC39,1,0,1,0,4,0,4,0
MTe02,Sm22,2,1,1,0,4,2,2,0
MTe21,Tm5c,2,1,1,0,4,2,2,0
MTe21,Sm06,2,1,1,0,4,2,2,0
MeMe_e01,Sm25,2,0,2,0,4,0,4,0
MeMe_e01,MeTu4c,2,1,1,0,4,2,2,0
MeMe_e01,T2a,2,1,1,0,4,2,2,0
MTe46,Pm14,2,2,0,0,4,4,0,0
LC14a1,LC14b,2,0,0,2,4,0,0,4
LTe08,LC37a,2,1,1,0,4,2,2,0
LTe08,Li06,2,0,2,0,4,0,4,0
LT34,LC33a,2,0,2,0,4,0,4,0
LT34,LT81,1,0,1,0,4,0,4,0
LT34,LT52,1,0,1,0,4,0,4,0
LT34,LC43,2,1,1,0,4,2,2,0
LT34,cM07,2,1,1,0,4,2,2,0
LT34,LT77,1,0,1,0,4,0,4,0
LT34,LT57,2,1,1,0,4,2,2,0
LT34,LT72,1,0,1,0,4,0,4,0
VSm,LPLC2,2,1,1,0,4,2,2,0
LPT51,cM07,2,1,1,0,4,2,2,0
LPT51,Nod1,2,1,1,0,4,2,2,0
MTe07,Mi9,2,1,1,0,4,2,2,0
MTe07,Sm07,2,0,2,0,4,0,4,0
MTe07,Tm25,2,1,1,0,4,2,2,0
aMe4,aMe5,2,1,1,0,4,2,2,0
LT42,LC39,1,0,1,0,4,0,4,0
LT42,LC13,2,0,2,0,4,0,4,0
LT42,OA-ASM1,2,0,2,0,4,0,4,0
LT42,Li24,1,0,1,0,4,0,4,0
LT42,cLLP02,2,1,1,0,4,2,2,0
LT42,LLPC1,1,0,1,0,4,0,4,0
LT42,5-HTPMPV03,2,0,2,0,4,0,4,0
LT42,Y4,2,0,2,0,4,0,4,0
LT42,Tm3,2,0,2,0,4,0,4,0
LT42,LMt1,2,0,2,0,4,0,4,0
LTe15,Y11,2,0,2,0,4,0,4,0
LTe15,LC37a,2,1,1,0,4,2,2,0
MTe07,Tm3,2,0,2,0,4,0,4,0
MTe07,MeTu1,2,1,1,0,4,2,2,0
LC12,Li24,2,0,2,0,4,0,4,0
LT60,LT74,2,1,1,0,4,2,2,0
aMe12,Sm07,2,0,2,0,4,0,4,0
aMe12,MTe22,1,0,1,0,4,0,4,0
aMe12,MeMe_e02,1,0,1,0,4,0,4,0
MTe54,MTe46,2,0,2,0,4,0,4,0
LC20a,LTe47,2,0,2,0,4,0,4,0
cLP02,T2a,2,0,2,0,4,0,4,0
LC6,TmY5a,2,1,1,0,4,2,2,0
LT43,Tm16,2,1,1,0,4,2,2,0
LT43,LT63,2,1,1,0,4,2,2,0
LT43,Li16,2,0,2,0,4,0,4,0
MeTu1,cM12,2,0,2,0,4,0,4,0
LC45,Li13,2,0,2,0,4,0,4,0
LC22,Li32,2,0,2,0,4,0,4,0
LC6,Li11,2,0,2,0,4,0,4,0
LC6,Li09,2,1,1,0,4,2,2,0
cL02d,LC28a,2,0,2,0,4,0,4,0
cL02d,Tm8a,2,1,1,0,4,2,2,0
cL02d,LT51,1,0,1,0,4,0,4,0
cL02d,Tm16,2,1,1,0,4,2,2,0
MeTu4c,MC65,2,1,1,0,4,2,2,0
MeTu4a,CB3790,2,1,1,0,4,2,2,0
MeTu4a,cM08a,2,0,2,0,4,0,4,0
LC12,Li26,2,0,2,0,4,0,4,0
LT82a,LMa5,2,0,2,0,4,0,4,0
LTe03,Li12,1,0,1,0,4,0,4,0
LC10e,LC14a2,2,0,2,0,4,0,4,0
LCe04,LC28a,2,1,1,0,4,2,2,0
LC31a,Tm5f,2,0,2,0,4,0,4,0
LC31a,LMt1,2,1,1,0,4,2,2,0
LTe01,MLt2,2,1,1,0,4,2,2,0
cLP02,LPi15,2,0,2,0,4,0,4,0
LC22,Tm4,2,0,2,0,4,0,4,0
LC22,LT77,2,1,1,0,4,2,2,0
MTe01a,Sm33,2,0,2,0,4,0,4,0
LLPC2,Tm25,2,0,2,0,4,0,4,0
MTe46,Li10,2,1,1,0,4,2,2,0
MTe46,Li07,1,0,1,0,4,0,4,0
MTe46,aMe1,2,2,0,0,4,4,0,0
LT78,LC6,2,1,1,0,4,2,2,0
LC20b,LC33a,2,0,2,0,4,0,4,0
MeMe_e01,R7,2,0,2,0,4,0,4,0
LC10a,LC28a,2,1,1,0,4,2,2,0
cL16,Tm5f,2,1,1,0,4,2,2,0
cL16,OA-ASM1,2,1,1,0,4,2,2,0
cL16,LT76,2,1,1,0,4,2,2,0
cL16,LC10d,2,1,1,0,4,2,2,0
cL16,LT11,2,1,1,0,4,2,2,0
cL16,LTe42c,2,1,1,0,4,2,2,0
cL16,LC43,2,1,1,0,4,2,2,0
cL16,LC17,2,1,1,0,4,2,2,0
cL16,LC14a1,2,1,1,0,4,2,2,0
cL16,Y3,2,1,1,0,4,2,2,0
cL16,LPLC1,2,1,1,0,4,2,2,0
cL16,LT74,2,1,1,0,4,2,2,0
cLP01,Nod1,2,1,1,0,4,2,2,0
LC21,Tm8b,2,1,1,0,4,2,2,0
LCe06,LT83,2,1,1,0,4,2,2,0
LPLC2,Y12,2,1,1,0,4,2,2,0
LPC2,LPi15,2,1,1,0,4,2,2,0
LLPC1,Li16,2,0,2,0,4,0,4,0
LC14a1,LLPC4,2,2,0,0,4,4,0,0
LC24,LT61b,1,0,1,0,4,0,4,0
MeMe_e08,Sm31,2,1,1,0,4,2,2,0
LPT04_HST,Tlp1,2,0,2,0,4,0,4,0
cL14,Tm5a,2,1,1,0,4,2,2,0
cL14,Li31,1,0,1,0,4,0,4,0
cL14,Y3,2,1,1,0,4,2,2,0
cL14,Tm34,1,0,1,0,4,0,4,0
cL14,Tm4,2,0,2,0,4,0,4,0
cL14,Tm3,2,0,2,0,4,0,4,0
cL14,Li15,2,1,1,0,4,2,2,0
cL14,Tm35,2,1,1,0,4,2,2,0
cL14,LTe76,1,0,1,0,4,0,4,0
cL14,LC10a,2,1,1,0,4,2,2,0
cL14,Tm7,2,0,2,0,4,0,4,0
cL14,LTe36,1,0,1,0,4,0,4,0
LT52,Tm20,2,0,2,0,4,0,4,0
LC14a2,Li28,2,2,0,0,4,4,0,0
LC14a2,cL17,2,0,0,2,4,0,0,4
LC4,Li13,2,0,2,0,4,0,4,0
LC10b,LTe49d,2,1,1,0,4,2,2,0
LC10e,Tm8b,2,0,2,0,4,0,4,0
LC10a,Li21,2,1,1,0,4,2,2,0
cM01a,TmY9q⊥,1,0,1,0,4,0,4,0
cM01a,MeTu3b,2,1,1,0,4,2,2,0
cM01a,Sm15,2,1,1,0,4,2,2,0
cM01a,OA-AL2i4,2,1,1,0,4,2,2,0
MTe29,Sm08,2,0,2,0,4,0,4,0
MTe29,Dm2,2,0,2,0,4,0,4,0
aMe17b,MTe44,2,0,2,0,4,0,4,0
aMe17b,Sm01,2,0,2,0,4,0,4,0
aMe17b,Sm06,2,1,1,0,4,2,2,0
aMe17b,MeTu4a,2,0,2,0,4,0,4,0
aMe17b,MTe51,2,0,2,0,4,0,4,0
aMe17b,MTe33,2,0,2,0,4,0,4,0
aMe17b,MTe30,2,1,1,0,4,2,2,0
aMe17b,MTe22,2,0,2,0,4,0,4,0
LC10c,LC19,2,0,2,0,4,0,4,0
cM18,MTe05,2,0,2,0,4,0,4,0
cM18,MTe08,2,1,1,0,4,2,2,0
cM18,Tm35,2,1,1,0,4,2,2,0
H1,LPT04_HST,1,1,0,0,4,4,0,0
H1,LLPt,2,2,0,0,4,4,0,0
cLP02,Tm27,2,0,2,0,4,0,4,0
aMe8,aMe20,2,1,1,0,4,2,2,0
MTe09,Sm06,2,1,1,0,4,2,2,0
MTe51,C3,1,0,1,0,4,0,4,0
MTe51,C2,2,0,2,0,4,0,4,0
MeTu4c,LC44,2,0,2,0,4,0,4,0
MTe06,MeTu1,2,1,1,0,4,2,2,0
MTe07,Dm9,2,1,1,0,4,2,2,0
MTe07,aMe17b,2,1,1,0,4,2,2,0
MTe07,MTe38,2,1,1,0,4,2,2,0
LT62,LT61a,1,0,1,0,4,0,4,0
LT62,LC28a,1,0,1,0,4,0,4,0
LT62,Li05,2,0,2,0,4,0,4,0
LT62,Tm5f,2,0,2,0,4,0,4,0
LT62,LMa3,2,1,1,0,4,2,2,0
LT62,Li24,2,0,2,0,4,0,4,0
LPLC2,LPi06,2,0,2,0,4,0,4,0
LPLC2,LTe09,1,0,1,0,4,0,4,0
LPLC2,Li12,2,0,2,0,4,0,4,0
LCe03,Tm36,2,1,1,0,4,2,2,0
CB0816,MTe25,2,1,1,0,4,2,2,0
CB0816,TmY15,1,1,0,0,4,4,0,0
CB0816,T2,1,1,0,0,4,4,0,0
CB0816,Sm42,1,0,1,0,4,0,4,0
LPC1,VSm,2,0,2,0,4,0,4,0
MTe52,Tm5f,2,1,1,0,4,2,2,0
LC14a2,cL06,2,2,0,0,4,4,0,0
MeTu2b,Sm17,2,1,1,0,4,2,2,0
LC11,LT40,2,1,1,0,4,2,2,0
LLPC2,LC31b,2,1,1,0,4,2,2,0
LC10e,LTe49c,2,1,1,0,4,2,2,0
LT79,Li09,2,1,1,0,4,2,2,0
LT79,LC10a,2,0,2,0,4,0,4,0
LT79,LC31b,2,1,1,0,4,2,2,0
cM08c,LTe70,1,0,1,0,4,0,4,0
cM08c,Li02,2,0,2,0,4,0,4,0
cM08c,LTe21,2,0,2,0,4,0,4,0
cM08c,LCe09,2,0,2,0,4,0,4,0
cM08c,Lat,2,0,2,0,4,0,4,0
cM08c,Sm41,1,0,1,0,4,0,4,0
cM08c,Sm07,2,1,1,0,4,2,2,0
cM08c,Sm26,2,0,2,0,4,0,4,0
cM08c,cM18,2,0,2,0,4,0,4,0
aMe26,Tm3,2,0,2,0,4,0,4,0
aMe26,MTe26,2,0,2,0,4,0,4,0
LPLC4,LPT04_HST,2,0,2,0,4,0,4,0
LC14a2,LLPC3,2,1,1,0,4,2,2,0
LLPC1,LT51,2,1,1,0,4,2,2,0
LTe09,MLt5,2,1,1,0,4,2,2,0
MeTu4c,LTe24,2,0,2,0,4,0,4,0
LC18,Tm20,2,0,2,0,4,0,4,0
LPT54,LTe09,2,1,1,0,4,2,2,0
LPT54,VS2,1,0,1,0,4,0,4,0
LPT54,TmY4,2,0,2,0,4,0,4,0
LPT54,Tm9,1,0,1,0,4,0,4,0
LPT54,Tlp14,2,1,1,0,4,2,2,0
LPT54,T5b,2,1,1,0,4,2,2,0
LC16,Y4,2,1,1,0,4,2,2,0
LMTe01,l-LNv,2,1,1,0,4,2,2,0
LC15,Li03,2,0,2,0,4,0,4,0
aMe9,Tm7,2,0,2,0,4,0,4,0
LC14b,LT1a,1,0,1,0,4,0,4,0
LT57,LTe24,2,1,1,0,4,2,2,0
LC26,LC4,2,0,2,0,4,0,4,0
LC26,Tm5c,2,0,2,0,4,0,4,0
LC26,Li18,2,0,2,0,4,0,4,0
LC26,Tm5b,2,0,2,0,4,0,4,0
LLPC1,LPT23,2,1,1,0,4,2,2,0
LC14a2,LC14a1,2,0,0,2,4,0,0,4
LT69,Tm31,2,0,2,0,4,0,4,0
LT69,LPLC2,2,1,1,0,4,2,2,0
LT69,Li09,1,0,1,0,4,0,4,0
LC14b,LTe76,2,1,1,0,4,2,2,0
cLP01,LPT31,2,0,2,0,4,0,4,0
LC10e,LC36,2,0,2,0,4,0,4,0
cL19,TmY20,2,2,0,0,4,4,0,0
cL19,Tm32,2,2,0,0,4,4,0,0
LC9,LMa4,2,1,1,0,4,2,2,0
LPT45_dCal1,cLP02,2,2,0,0,4,4,0,0
LPT45_dCal1,T5b,2,0,2,0,4,0,4,0
LCe01a,LC25,2,1,1,0,4,2,2,0
LC36,LC46,2,0,2,0,4,0,4,0
LCe01b,Tm34,2,1,1,0,4,2,2,0
LPTe01,T4a,2,1,1,0,4,2,2,0
LPT23,LPT30,1,0,1,0,4,0,4,0
LTe47,LC16,1,0,1,0,4,0,4,0
LTe47,TmY11,2,0,2,0,4,0,4,0
LTe47,LC45,2,0,2,0,4,0,4,0
LTe47,Tm33,1,0,1,0,4,0,4,0
LTe47,LTe42c,1,0,1,0,4,0,4,0
LC12,LT1b,2,0,2,0,4,0,4,0
LC10c,LT86,2,1,1,0,4,2,2,0
OA-AL2b1,Li06,2,1,1,0,4,2,2,0
OA-AL2b1,Li04,2,1,1,0,4,2,2,0
LTe01,Li12,2,1,1,0,4,2,2,0
LTe01,LC10e,2,1,1,0,4,2,2,0
LTe01,LTe07,2,1,1,0,4,2,2,0
LC21,cL07,2,1,1,0,4,2,2,0
LT51,Li24,2,1,1,0,4,2,2,0
LT51,LTe17,2,1,1,0,4,2,2,0
cL08,LC28a,2,1,1,0,4,2,2,0
cL08,LTe13,1,0,1,0,4,0,4,0
LPLC2,T3,2,1,1,0,4,2,2,0
LT82a,LT66,2,1,1,0,4,2,2,0
LT82a,LT79,2,1,1,0,4,2,2,0
AN_multi_124,Tm3,2,0,2,0,4,0,4,0
cLP02,MeLp1,1,0,1,0,4,0,4,0
LC4,LLPC2,2,0,2,0,4,0,4,0
MeTu1,5-HTPMPV03,2,1,1,0,4,2,2,0
MeMe_e08,T4b,2,2,0,0,4,4,0,0
MeMe_e08,T5d,2,1,1,0,4,2,2,0
MeMe_e08,cLP01,1,1,0,0,4,4,0,0
LCe04,LTe69,2,0,2,0,4,0,4,0
LC14a2,Li20,1,0,1,0,4,0,4,0
LC4,LT40,2,1,1,0,4,2,2,0
LC4,LC10d,2,1,1,0,4,2,2,0
DNc01,T5d,2,0,2,0,4,0,4,0
DNc01,Tm25,2,2,0,0,4,4,0,0
DNc01,aMe3,1,1,0,0,4,4,0,0
LC37a,LT68,2,1,1,0,4,2,2,0
CB0816,Mi2,2,2,0,0,4,4,0,0
MTe54,TmY14,2,0,2,0,4,0,4,0
MTe25,Sm13,2,1,1,0,4,2,2,0
MTe25,Sm21,2,0,2,0,4,0,4,0
LT70,LTe37,2,1,1,0,4,2,2,0
LT70,LC14a1,2,1,1,0,4,2,2,0
DGI,MTe07,2,0,2,0,4,0,4,0
MTe06,Sm03,2,0,2,0,4,0,4,0
cM19,Lawf2,1,0,1,0,4,0,4,0
LCe01a,LC40,2,1,1,0,4,2,2,0
LTe29,LT52,2,0,2,0,4,0,4,0
cL10,MeTu3a,2,1,1,0,4,2,2,0
cL10,MeTu4a,2,0,2,0,4,0,4,0
cL10,OA-AL2b1,2,0,2,0,4,0,4,0
cL10,LTe02,2,1,1,0,4,2,2,0
cL10,LTe14,2,1,1,0,4,2,2,0
MeTu4d,MTe01b,2,1,1,0,4,2,2,0
LC14b,LCe07,2,1,1,0,4,2,2,0
MeTu4c,Li06,2,0,2,0,4,0,4,0
MeTu4c,Li16,2,1,1,0,4,2,2,0
MeTu4c,Tm31,2,0,2,0,4,0,4,0
MTe08,Tm20,2,1,1,0,4,2,2,0
MTe08,Y3,2,1,1,0,4,2,2,0
LTe65,LTe49a,1,0,1,0,4,0,4,0
LTe65,LCe06,2,1,1,0,4,2,2,0
aMe17b,Dm4,2,1,1,0,4,2,2,0
aMe17b,Dm11,1,0,1,0,4,0,4,0
aMe17b,Tm31,2,1,1,0,4,2,2,0
aMe17b,Sm34,2,1,1,0,4,2,2,0
aMe17b,Sm26,2,0,2,0,4,0,4,0
aMe17b,Sm13,1,0,1,0,4,0,4,0
aMe17b,Sm30,2,1,1,0,4,2,2,0
LPLC1,Tm20,2,1,1,0,4,2,2,0
LC9,LC25,2,1,1,0,4,2,2,0
LC20b,Li03,2,1,1,0,4,2,2,0
MeTu4c,MLt1,2,0,2,0,4,0,4,0
MeTu4c,Li11,2,1,1,0,4,2,2,0
LC17,Tm7,1,0,1,0,4,0,4,0
LC17,LCe01a,1,0,1,0,4,0,4,0
LC17,LT72,1,0,1,0,4,0,4,0
LC25,LLPC4,2,1,1,0,4,2,2,0
aMe26,Sm21,2,1,1,0,4,2,2,0
MeMe_e01,MTe04,2,1,1,0,4,2,2,0
MeMe_e01,Tm31,2,1,1,0,4,2,2,0
MeTu4a,Li30,2,1,1,0,4,2,2,0
MeTu4a,Y1,2,0,2,0,4,0,4,0
cL07,LLPC3,1,0,1,0,4,0,4,0
cL07,LC6,2,0,2,0,4,0,4,0
cL07,LC4,2,1,1,0,4,2,2,0
LLPC4,LMa1,2,1,1,0,4,2,2,0
cM08a,T2a,2,1,1,0,4,2,2,0
cM08a,Sm41,2,1,1,0,4,2,2,0
cM08a,Li10,2,0,2,0,4,0,4,0
cM08a,MTe50,2,0,2,0,4,0,4,0
LC9,Tm32,2,0,2,0,4,0,4,0
cM17,cM15,2,1,1,0,4,2,2,0
cM17,MTe12,2,1,1,0,4,2,2,0
cM17,Mi14,2,0,2,0,4,0,4,0
cM17,MTe51,2,1,1,0,4,2,2,0
cM17,MTe01b,2,0,2,0,4,0,4,0
LC10d,LC6,2,1,1,0,4,2,2,0
MeMe_e01,Tm5d,2,1,1,0,4,2,2,0
MeTu3c,Tm25,2,1,1,0,4,2,2,0
MTe02,Dm9,2,1,1,0,4,2,2,0
aMe10,Sm16,2,2,0,0,4,4,0,0
aMe10,Sm23,2,1,1,0,4,2,2,0
aMe10,Sm39,1,0,1,0,4,0,4,0
LTe69,LT51,1,0,1,0,4,0,4,0
LTe69,Li33,2,1,1,0,4,2,2,0
OA-AL2i3,Tm16,2,1,1,0,4,2,2,0
OA-AL2i3,Tm25,2,0,2,0,4,0,4,0
LCe01b,LT79,2,0,2,0,4,0,4,0
cM02b,Sm22,2,0,2,0,4,0,4,0
cM02b,TmY20,2,1,1,0,4,2,2,0
cM02b,CB0592,2,1,1,0,4,2,2,0
cM02b,TmY31,1,0,1,0,4,0,4,0
LC14b,cLPL01,2,1,1,0,4,2,2,0
LPTe02,TmY20,2,0,2,0,4,0,4,0
LPTe02,LPi09,2,0,2,0,4,0,4,0
l-LNv,Dm20,1,0,1,0,4,0,4,0
cM06,Pm04,2,1,1,0,4,2,2,0
cM06,Tm27,2,1,1,0,4,2,2,0
cM06,Sm05,1,0,1,0,4,0,4,0
cM06,L4,1,0,1,0,4,0,4,0
cM06,Mi13,2,0,2,0,4,0,4,0
cM06,cL03,1,0,1,0,4,0,4,0
LCe04,LTe32,2,0,2,0,4,0,4,0
LTe03,LC10f,2,0,2,0,4,0,4,0
aMe1,DN1-l,2,1,1,0,4,2,2,0
LTe58,LC14a2,2,0,2,0,4,0,4,0
MeLp2,LPi12,1,0,1,0,4,0,4,0
MeLp2,Tm4,1,0,1,0,4,0,4,0
MeLp2,TmY16,2,0,2,0,4,0,4,0
MeLp2,MTe52,2,2,0,0,4,4,0,0
MeLp2,MLt4,2,1,1,0,4,2,2,0
MeLp2,Pm14,2,1,1,0,4,2,2,0
MeLp2,TmY9q⊥,1,0,1,0,4,0,4,0
MTe54,Sm05,2,1,1,0,4,2,2,0
MeMe_e08,MTe34,1,1,0,0,4,4,0,0
MeMe_e08,Tm5c,1,0,1,0,4,0,4,0
cL02b,LTe17,1,0,1,0,4,0,4,0
cL02b,LC15,1,0,1,0,4,0,4,0
cL02b,LC10d,1,0,1,0,4,0,4,0
cL02b,LPLC4,2,1,1,0,4,2,2,0
MeTu4a,TmY9q⊥,2,1,1,0,4,2,2,0
LT72,LTe04,2,1,1,0,4,2,2,0
LT72,Li30,1,0,1,0,4,0,4,0
LC17,LC14a1,2,1,1,0,4,2,2,0
LC15,LT56,1,0,1,0,4,0,4,0
LC27,LC10c,2,0,2,0,4,0,4,0
LC25,LTe33,2,0,2,0,4,0,4,0
LPC1,T4c,2,0,2,0,4,0,4,0
LLPC2,LC35,2,0,2,0,4,0,4,0
MTe07,MTe22,2,1,1,0,4,2,2,0
LC12,TmY14,2,0,2,0,4,0,4,0
cL20,LTe49f,2,1,1,0,4,2,2,0
cL20,Tm37,2,1,1,0,4,2,2,0
cL20,Y11,1,0,1,0,4,0,4,0
cL20,LT64,2,1,1,0,4,2,2,0
LC15,LT60,2,0,2,0,4,0,4,0
LC15,LC14b,2,1,1,0,4,2,2,0
LT37,LCe01b,1,0,1,0,4,0,4,0
LT37,MLt2,2,1,1,0,4,2,2,0
LT37,LT61b,2,1,1,0,4,2,2,0
LT37,PLP051,2,1,1,0,4,2,2,0
LT37,LC31c,1,0,1,0,4,0,4,0
LT37,LTe50,2,1,1,0,4,2,2,0
LT37,LLPC1,2,0,2,0,4,0,4,0
LC28a,LTe42c,2,0,2,0,4,0,4,0
MTe46,MLt5,2,2,0,0,4,4,0,0
MTe52,Mi1,2,0,2,0,4,0,4,0
5-HTPMPV03,OA-AL2i1,2,1,1,0,4,2,2,0
5-HTPMPV03,CB0816,1,0,0,1,4,0,0,4
5-HTPMPV03,MLt5,2,2,0,0,4,4,0,0
5-HTPMPV03,CB0592,2,0,0,2,4,0,0,4
5-HTPMPV03,MeMe_e07,2,0,0,2,4,0,0,4
5-HTPMPV03,LT53,2,2,0,0,4,4,0,0
5-HTPMPV03,LC10b,2,1,1,0,4,2,2,0
5-HTPMPV03,LC10d,2,0,2,0,4,0,4,0
5-HTPMPV03,LC33a,2,1,1,0,4,2,2,0
5-HTPMPV03,MTe50,2,2,0,0,4,4,0,0
5-HTPMPV03,LC19,1,0,1,0,4,0,4,0
5-HTPMPV03,MLt6,1,1,0,0,4,4,0,0
5-HTPMPV03,Sm29,2,2,0,0,4,4,0,0
5-HTPMPV03,LPLC4,1,0,1,0,4,0,4,0
LT57,cLLP02,2,1,1,0,4,2,2,0
LT57,LC10c,2,1,1,0,4,2,2,0
LT57,TmY9q,2,1,1,0,4,2,2,0
MeTu4c,LC14a2,2,1,1,0,4,2,2,0
LC28a,Li18,2,1,1,0,4,2,2,0
LC28a,LT84,2,1,1,0,4,2,2,0
LC28a,C2,1,0,1,0,4,0,4,0
cM08a,cM17,1,0,1,0,4,0,4,0
cM08a,MTe20,2,1,1,0,4,2,2,0
cM08a,MLt7,2,1,1,0,4,2,2,0
cM08a,Pm13,2,1,1,0,4,2,2,0
MeMe_e09,Sm20,2,1,1,0,4,2,2,0
MeMe_e09,MTe35,2,1,1,0,4,2,2,0
MeMe_e09,Sm18,1,0,1,0,4,0,4,0
MeMe_e09,Dm9,2,1,1,0,4,2,2,0
MeMe_e09,MeMe_e02,2,0,0,2,4,0,0,4
MeMe_e09,MTe20,1,0,1,0,4,0,4,0
LC21,LT56,1,0,1,0,4,0,4,0
cL21,Pm01,2,0,2,0,4,0,4,0
MTe50,MeTu3b,2,1,1,0,4,2,2,0
MTe50,Sm31,1,0,1,0,4,0,4,0
MeMe_e01,MTe05,2,1,1,0,4,2,2,0
MeMe_e01,DmDRA1,2,1,1,0,4,2,2,0
LC10b,PLP051,2,1,1,0,4,2,2,0
LTe57,Li33,2,1,1,0,4,2,2,0
LTe57,LPLC2,1,0,1,0,4,0,4,0
LPC2,VS2,2,0,2,0,4,0,4,0
LCe09,LTe33,2,0,2,0,4,0,4,0
LC17,Li02,2,1,1,0,4,2,2,0
LTe22,MLt1,2,1,1,0,4,2,2,0
LTe22,Tm8b,2,1,1,0,4,2,2,0
LTe22,LTe33,2,1,1,0,4,2,2,0
LC35,LT64,2,1,1,0,4,2,2,0
cL18,LMa3,2,0,2,0,4,0,4,0
cL18,Li01,2,0,2,0,4,0,4,0
aMe17c,MTe48,2,1,1,0,4,2,2,0
aMe17c,aMe17c,1,0,1,0,4,0,4,0
aMe17c,Sm15,2,1,1,0,4,2,2,0
MeTu1,MTe04,2,0,2,0,4,0,4,0
MeMe_e06,MTe12,1,1,0,0,4,4,0,0
MeMe_e06,Dm2,1,1,0,0,4,4,0,0
MeMe_e06,aMe26,2,1,1,0,4,2,2,0
MeMe_e06,MeTu3c,2,2,0,0,4,4,0,0
LT82a,LC21,2,0,2,0,4,0,4,0
LT82a,Li15,2,1,1,0,4,2,2,0
LC29,LT74,2,1,1,0,4,2,2,0
MeTu1,CB0816,2,1,1,0,4,2,2,0
MTe12,Tm5a,2,1,1,0,4,2,2,0
MTe12,Pm05,2,1,1,0,4,2,2,0
MTe12,Mi15,2,0,2,0,4,0,4,0
MTe12,Pm07,2,1,1,0,4,2,2,0
LTe30,PLP251,2,1,1,0,4,2,2,0
LTe30,LC10b,2,0,2,0,4,0,4,0
LTe30,LC13,2,0,2,0,4,0,4,0
LTe30,Li29,2,1,1,0,4,2,2,0
LTe30,LCe01a,2,1,1,0,4,2,2,0
LPT50,LPT21,1,1,0,0,4,4,0,0
MeTu4a,Tm7,2,0,2,0,4,0,4,0
LTe58,LTe56,1,0,1,0,4,0,4,0
cM07,MLt7,2,1,1,0,4,2,2,0
cM07,LC26,2,1,1,0,4,2,2,0
cM07,LCe04,2,1,1,0,4,2,2,0
cM07,aMe12,1,0,1,0,4,0,4,0
cM07,aMe8,2,1,1,0,4,2,2,0
LTe19,LT69,2,1,1,0,4,2,2,0
LTe19,Tm5e,2,0,2,0,4,0,4,0
LT83,LTe13,1,0,1,0,4,0,4,0
LT83,LC31c,2,1,1,0,4,2,2,0
LT83,LT78,2,0,2,0,4,0,4,0
LT83,LMa5,2,0,2,0,4,0,4,0
LT83,LC16,2,0,2,0,4,0,4,0
LPLC4,Tm5d,2,0,2,0,4,0,4,0
LPLC4,T4c,2,1,1,0,4,2,2,0
LCe03,Tm16,2,1,1,0,4,2,2,0
LC21,TmY9q⊥,2,0,2,0,4,0,4,0
cL01,LTe06,2,0,2,0,4,0,4,0
cL01,LTe66,2,1,1,0,4,2,2,0
LPLC2,LTe64,2,0,2,0,4,0,4,0
LC6,LT79,2,1,1,0,4,2,2,0
MTe50,Sm07,2,0,2,0,4,0,4,0
LC33a,LCe01b,2,1,1,0,4,2,2,0
LC33a,LTe38b,2,1,1,0,4,2,2,0
cM19,Li01,2,1,1,0,4,2,2,0
cM19,LC20b,2,0,2,0,4,0,4,0
cM19,LLPt,2,1,1,0,4,2,2,0
LCe03,LC15,2,1,1,0,4,2,2,0
LCe03,LTe08,2,1,1,0,4,2,2,0
mALD1,cM11,1,0,1,0,4,0,4,0
mALD1,LT52,2,1,1,0,4,2,2,0
mALD1,LC20b,2,1,1,0,4,2,2,0
LC17,LT66,2,0,2,0,4,0,4,0
LC17,LC28a,1,0,1,0,4,0,4,0
LC17,LC10a,2,0,2,0,4,0,4,0
LTe11,LTe49a,2,1,1,0,4,2,2,0
LTe11,LC21,1,0,1,0,4,0,4,0
LTe11,LC16,2,1,1,0,4,2,2,0
LTe11,LTe10,1,0,1,0,4,0,4,0
LTe11,cM09,2,1,1,0,4,2,2,0
LC15,LTe21,2,1,1,0,4,2,2,0
MTe14,TmY31,2,1,1,0,4,2,2,0
LC25,LTe03,2,1,1,0,4,2,2,0
cLLP02,Tm20,2,0,2,0,4,0,4,0
cLLP02,LTe18,2,1,1,0,4,2,2,0
cLLP02,cL17,2,0,2,0,4,0,4,0
cLLP02,Li07,2,0,2,0,4,0,4,0
cLLP02,LT39,1,0,1,0,4,0,4,0
cLLP02,LTe49b,2,1,1,0,4,2,2,0
cLLP02,Y3,2,1,1,0,4,2,2,0
LT57,LT53,2,1,1,0,4,2,2,0
LC20a,Tm16,1,0,1,0,4,0,4,0
LC20a,TmY31,2,0,2,0,4,0,4,0
LT63,Tm8a,2,1,1,0,4,2,2,0
LT63,LC10d,1,0,1,0,4,0,4,0
LT63,LMa2,1,0,1,0,4,0,4,0
LT63,LT85,2,0,2,0,4,0,4,0
LT63,LT55,2,1,1,0,4,2,2,0
LT63,LC20a,2,1,1,0,4,2,2,0
LT63,LT78,1,0,1,0,4,0,4,0
LTe26,Tm7,2,0,2,0,4,0,4,0
LTe26,LC10b,2,1,1,0,4,2,2,0
LTe26,cM07,1,0,1,0,4,0,4,0
LTe26,Tm31,2,1,1,0,4,2,2,0
LTe26,Li24,2,0,2,0,4,0,4,0
LTe26,LCe02,2,0,2,0,4,0,4,0
LTe26,TmY5a,2,1,1,0,4,2,2,0
LTe26,LC20b,1,0,1,0,4,0,4,0
CB3833,TmY3,2,0,2,0,4,0,4,0
CB3833,Mi1,2,0,2,0,4,0,4,0
MeMe_e06,aMe9,1,0,0,1,4,0,0,4
MeMe_e06,MeMe_e01,1,0,0,1,4,0,0,4
MTe51,Sm14,2,0,2,0,4,0,4,0
MTe51,Sm16,2,1,1,0,4,2,2,0
MTe51,LLPt,1,0,1,0,4,0,4,0
LC22,LT86,2,0,2,0,4,0,4,0
LT1a,Y4,2,0,2,0,4,0,4,0
MeMe_e02,Dm8a,1,0,1,0,4,0,4,0
DNp11,cL20,1,0,1,0,4,0,4,0
DNp11,Li05,2,1,1,0,4,2,2,0
DNp11,MLt3,2,1,1,0,4,2,2,0
DNp11,LT82a,1,0,1,0,4,0,4,0
LCe07,LC18,2,0,2,0,4,0,4,0
LC22,LC4,2,1,1,0,4,2,2,0
LC10c,TmY31,2,0,2,0,4,0,4,0
DNp30,TmY15,2,1,1,0,4,2,2,0
DNp30,LMa4,2,0,2,0,4,0,4,0
DNp30,Pm11,2,1,1,0,4,2,2,0
DNp30,Pm01,2,2,0,0,4,4,0,0
LC22,LC34,2,0,2,0,4,0,4,0
LC27,LC20b,2,1,1,0,4,2,2,0
LTe41,Li33,1,0,1,0,4,0,4,0
LTe41,LT69,2,1,1,0,4,2,2,0
LTe41,LLPt,2,1,1,0,4,2,2,0
LTe41,TmY5a,2,1,1,0,4,2,2,0
LC10c,LC14a2,2,1,1,0,4,2,2,0
MeMe_e07,CT1,2,0,2,0,4,0,4,0
MeMe_e07,CB0816,2,0,0,2,4,0,0,4
LPLC4,mALC5,2,1,1,0,4,2,2,0
MTe03,Tm7,2,0,2,0,4,0,4,0
MeTu1,MTe53,1,0,1,0,4,0,4,0
MTe05,Tm5f,2,0,2,0,4,0,4,0
LLPC2,LT82a,2,0,2,0,4,0,4,0
LTe04,LT57,2,0,2,0,4,0,4,0
LC14b,L1,1,0,1,0,4,0,4,0
LC14b,Tm5a,1,0,1,0,4,0,4,0
LC14b,Mi2,2,1,1,0,4,2,2,0
LT52,TmY16,2,0,2,0,4,0,4,0
LT51,LT86,2,0,2,0,4,0,4,0
LT38,LC33a,1,0,1,0,4,0,4,0
LT38,PLP051,2,1,1,0,4,2,2,0
LT38,Tm35,2,0,2,0,4,0,4,0
LT38,LC28a,2,1,1,0,4,2,2,0
LT38,LT62,2,0,2,0,4,0,4,0
LC10a,LT83,2,0,2,0,4,0,4,0
cL17,Tm5d,2,0,2,0,4,0,4,0
cL17,LC10e,1,1,0,0,4,4,0,0
cL17,Li06,2,2,0,0,4,4,0,0
cL17,Tm31,2,0,2,0,4,0,4,0
cL17,cL04,2,1,1,0,4,2,2,0
cL17,LTe11,2,2,0,0,4,4,0,0
cL17,LC10d,2,0,2,0,4,0,4,0
cL17,LTe70,1,1,0,0,4,4,0,0
LT1c,LC18,2,0,2,0,4,0,4,0
LT1c,LMt1,2,1,1,0,4,2,2,0
LT1c,LT87,1,0,1,0,4,0,4,0
cLLPM01,MeMe_e07,2,0,2,0,4,0,4,0
MeMe_e07,Tm8b,2,0,2,0,4,0,4,0
MeMe_e07,MLt5,2,1,1,0,4,2,2,0
MeMe_e07,Tm5d,2,0,2,0,4,0,4,0
LT59,cL22b,2,1,1,0,4,2,2,0
LT59,LC10e,2,1,1,0,4,2,2,0
LT59,LC40,2,1,1,0,4,2,2,0
MeTu3b,MTe29,2,0,2,0,4,0,4,0
LTe20,DNp27,2,0,2,0,4,0,4,0
LTe20,LC15,2,0,2,0,4,0,4,0
LTe20,Li21,1,0,1,0,4,0,4,0
LTe20,LC6,2,1,1,0,4,2,2,0
LTe20,LTe64,2,1,1,0,4,2,2,0
LTe20,Li16,2,1,1,0,4,2,2,0
LTe20,LC12,1,0,1,0,4,0,4,0
LTe20,LC31a,2,1,1,0,4,2,2,0
cM02a,PDt,1,0,1,0,4,0,4,0
cM02a,Tm16,2,1,1,0,4,2,2,0
LC10a,LC24,2,0,2,0,4,0,4,0
LC10a,LLPt,1,0,1,0,4,0,4,0
MeTu4c,Sm41,1,0,1,0,4,0,4,0
MeTu4c,Mi15,2,1,1,0,4,2,2,0
MeMe_e02,MTe04,1,0,1,0,4,0,4,0
LC14a1,OA-AL2b1,2,0,0,2,4,0,0,4
LC14a1,LC24,2,1,1,0,4,2,2,0
LC37a,MeTu4c,2,1,1,0,4,2,2,0
LC37a,LT57,2,0,2,0,4,0,4,0
LC37a,LC36,2,0,2,0,4,0,4,0
LC37a,LC24,2,1,1,0,4,2,2,0
LC37a,LTe64,1,0,1,0,4,0,4,0
LC37a,LT65,1,0,1,0,4,0,4,0
MTe02,TmY10,2,0,2,0,4,0,4,0
MeTu3c,cM03,2,0,2,0,4,0,4,0
MeTu1,TmY10,2,1,1,0,4,2,2,0
MeTu1,C2,2,0,2,0,4,0,4,0
cLP02,Tm5f,2,1,1,0,4,2,2,0
LC28a,MLt2,2,1,1,0,4,2,2,0
LC28a,PLP051,2,1,1,0,4,2,2,0
LC14a1,LTe47,2,1,1,0,4,2,2,0
LC14a1,cML01,2,1,1,0,4,2,2,0
LLPC2,LC36,1,0,1,0,4,0,4,0
LCe01a,LC10a,2,1,1,0,4,2,2,0
LT74,LC11,2,1,1,0,4,2,2,0
LT74,LPLC4,2,1,1,0,4,2,2,0
LC20b,LTe55,1,0,1,0,4,0,4,0
LC10b,LT65,2,0,2,0,4,0,4,0
LC18,LTe16,1,0,1,0,4,0,4,0
LTe35,Tm36,1,0,1,0,4,0,4,0
mALD2,LC10a,2,1,1,0,4,2,2,0
mALD2,LC24,2,1,1,0,4,2,2,0
mALD2,LT52,1,0,1,0,4,0,4,0
mALD2,cM08b,1,0,1,0,4,0,4,0
MeMe_e05,Tm35,2,1,1,0,4,2,2,0
MeMe_e05,Sm38,2,0,2,0,4,0,4,0
MeMe_e05,TmY31,2,1,1,0,4,2,2,0
MeMe_e05,5-HTPMPV03,1,0,0,1,4,0,0,4
MeMe_e05,Pm14,2,1,1,0,4,2,2,0
MeMe_e05,Mi10,1,0,1,0,4,0,4,0
VST1,LPLC2,2,1,1,0,4,2,2,0
VST1,Tlp14,1,0,1,0,4,0,4,0
VST1,Y11,1,0,1,0,4,0,4,0
VST1,LPi05,2,0,2,0,4,0,4,0
aMe4,Tm8b,2,1,1,0,4,2,2,0
aMe4,Mi2,2,0,2,0,4,0,4,0
OA-AL2b1,LC41,2,1,1,0,4,2,2,0
OA-AL2b1,Li18,2,2,0,0,4,4,0,0
OA-AL2b1,LC24,2,0,2,0,4,0,4,0
OA-AL2b1,Li27,2,1,1,0,4,2,2,0
OA-AL2b1,LTe43,2,2,0,0,4,4,0,0
OA-AL2b1,LC6,2,0,2,0,4,0,4,0
OA-AL2b1,LCe09,2,1,1,0,4,2,2,0
OA-AL2b1,cL14,1,0,1,0,4,0,4,0
OA-AL2b1,Tm7,2,0,2,0,4,0,4,0
OA-AL2b1,LTe24,2,1,1,0,4,2,2,0
OA-AL2b1,Tm5a,2,1,1,0,4,2,2,0
OA-AL2b1,MLt5,2,2,0,0,4,4,0,0
OA-AL2b1,LC33a,2,0,2,0,4,0,4,0
OA-AL2b1,cL10,1,0,1,0,4,0,4,0
OA-AL2b1,LTe57,1,1,0,0,4,4,0,0
LC10b,Tm37,2,1,1,0,4,2,2,0
LC10b,LTe26,1,0,1,0,4,0,4,0
LC10b,LTe08,2,1,1,0,4,2,2,0
LT57,LTe19,2,1,1,0,4,2,2,0
LLPC2,T4b,2,0,2,0,4,0,4,0
cLP01,LPi01,2,0,2,0,4,0,4,0
MTe09,TmY10,2,1,1,0,4,2,2,0
LC33a,Li13,2,1,1,0,4,2,2,0
LTe42a,Tm20,2,0,2,0,4,0,4,0
LTe42a,LT77,1,0,1,0,4,0,4,0
LTe42a,LT53,2,1,1,0,4,2,2,0
cLM01,Li18,2,0,2,0,4,0,4,0
cLM01,MLt7,2,0,2,0,4,0,4,0
cLM01,Li32,1,0,1,0,4,0,4,0
cLM01,LC22,2,1,1,0,4,2,2,0
cLM01,MTe52,2,1,1,0,4,2,2,0
cLM01,Sm08,2,1,1,0,4,2,2,0
LCe02,LC26,2,1,1,0,4,2,2,0
LC13,LTe18,2,1,1,0,4,2,2,0
LC27,LTe17,2,1,1,0,4,2,2,0
MeTu4a,LTe40,2,1,1,0,4,2,2,0
cM11,LC6,2,0,2,0,4,0,4,0
cM11,MLt2,2,0,2,0,4,0,4,0
cM11,Sm12,2,0,2,0,4,0,4,0
cM11,Li15,2,0,2,0,4,0,4,0
MTe50,cM17,1,0,1,0,4,0,4,0
LC10a,LMa5,2,1,1,0,4,2,2,0
cM01c,OA-ASM1,2,1,1,0,4,2,2,0
cM01c,MeTu1,2,1,1,0,4,2,2,0
cM01c,Sm03,2,0,2,0,4,0,4,0
cM01c,MTe50,1,0,1,0,4,0,4,0
LT57,Li29,2,0,2,0,4,0,4,0
LT57,LTe48,2,0,2,0,4,0,4,0
LPT48_vCal3,LPT26,2,1,1,0,4,2,2,0
LPT48_vCal3,Y12,2,1,1,0,4,2,2,0
LPT48_vCal3,TmY20,2,1,1,0,4,2,2,0
LPT48_vCal3,T5d,1,0,1,0,4,0,4,0
MTe05,Sm05,2,0,2,0,4,0,4,0
cMLLP02,T2a,2,1,1,0,4,2,2,0
cMLLP02,LPC2,2,1,1,0,4,2,2,0
cMLLP02,C2,2,1,1,0,4,2,2,0
cMLLP02,Nod5,2,1,1,0,4,2,2,0
cMLLP02,LMt3,1,0,1,0,4,0,4,0
cMLLP02,TmY3,2,1,1,0,4,2,2,0
cMLLP02,Pm02,2,1,1,0,4,2,2,0
cMLLP02,Tm16,2,1,1,0,4,2,2,0
cMLLP02,T3,2,0,2,0,4,0,4,0
LTe18,LC11,2,0,2,0,4,0,4,0
LTe18,LC14a1,2,0,2,0,4,0,4,0
LTe18,LC9,2,1,1,0,4,2,2,0
LTe18,Li32,1,0,1,0,4,0,4,0
MTe04,Sm17,2,1,1,0,4,2,2,0
LC16,Li30,2,1,1,0,4,2,2,0
LT68,cL10,2,1,1,0,4,2,2,0
LT68,LTe23,2,1,1,0,4,2,2,0
LTe64,LTe64,2,1,1,0,4,2,2,0
LC14b,LPLC2,2,0,2,0,4,0,4,0
LC14b,LTe49b,1,0,1,0,4,0,4,0
MeMe_e01,cM02a,2,1,1,0,4,2,2,0
MeMe_e01,Tm27,2,2,0,0,4,4,0,0
LPLC4,LTe30,2,1,1,0,4,2,2,0
LC20a,Li11,2,0,2,0,4,0,4,0
LC20a,Li01,2,1,1,0,4,2,2,0
LC39,LT57,2,1,1,0,4,2,2,0
LC17,LTe26,1,0,1,0,4,0,4,0
LC17,Li09,2,0,2,0,4,0,4,0
HSS,LPi07,2,1,1,0,4,2,2,0
OA-AL2i2,Mi4,2,1,1,0,4,2,2,0
OA-AL2i2,Tm2,2,1,1,0,4,2,2,0
OA-AL2i2,LTe12,2,0,2,0,4,0,4,0
OA-AL2i2,LT61a,2,1,1,0,4,2,2,0
cLP01,TmY31,1,0,1,0,4,0,4,0
LC14a1,T5a,2,2,0,0,4,4,0,0
aMe5,Sm02,2,1,1,0,4,2,2,0
MeTu4a,LC22,2,0,2,0,4,0,4,0
LC37a,Tm5d,2,1,1,0,4,2,2,0
LC37a,Tm20,1,0,1,0,4,0,4,0
LC37a,LTe42a,2,0,2,0,4,0,4,0
LC37a,Tm33,2,1,1,0,4,2,2,0
LC10d,Tm31,2,1,1,0,4,2,2,0
aMe17c,Sm10,2,1,1,0,4,2,2,0
aMe17c,Dm3p,2,0,2,0,4,0,4,0
aMe17c,Tm20,2,0,2,0,4,0,4,0
LC15,LT59,1,0,1,0,4,0,4,0
LC15,LTe14,1,0,1,0,4,0,4,0
aMe12,aMe19b,2,1,1,0,4,2,2,0
aMe12,Lat,2,1,1,0,4,2,2,0
LC24,Tm7,2,1,1,0,4,2,2,0
LC24,LCe02,2,0,2,0,4,0,4,0
MTe19,MeTu1,2,0,2,0,4,0,4,0
MTe19,Sm07,2,0,2,0,4,0,4,0
MTe19,MTe01b,1,0,1,0,4,0,4,0
LTe33,LTe33,2,1,1,0,4,2,2,0
LPLC2,Tm34,2,1,1,0,4,2,2,0
cM11,Sm07,2,0,2,0,4,0,4,0
cM11,Mi10,2,0,2,0,4,0,4,0
cM11,TmY10,2,0,2,0,4,0,4,0
cM11,MTe20,1,0,1,0,4,0,4,0
cL12,LT57,1,0,1,0,4,0,4,0
LPLC1,cL17,2,0,2,0,4,0,4,0
MeLp1,AN_multi_124,1,1,0,0,4,4,0,0
MeLp1,Sm04,1,1,0,0,4,4,0,0
MeLp1,Lawf1,2,2,0,0,4,4,0,0
MeMe_e03,MTe40,2,1,1,0,4,2,2,0
MeMe_e08,TmY9q,2,1,1,0,4,2,2,0
MeTu3c,MLt2,2,0,2,0,4,0,4,0
LC14a2,MeTu4_unknown,2,0,2,0,4,0,4,0
LC10f,LTe49a,2,0,2,0,4,0,4,0
LC24,TmY11,2,0,2,0,4,0,4,0
cL01,LC40,2,0,2,0,4,0,4,0
LTe02,Li02,1,0,1,0,4,0,4,0
LC10b,Tm4,2,0,2,0,4,0,4,0
LC4,cL20,1,0,1,0,4,0,4,0
cLP05,Tlp14,2,1,1,0,4,2,2,0
LC40,LTe54,2,0,2,0,4,0,4,0
LC27,LC36,2,1,1,0,4,2,2,0
LTe24,LC28a,2,0,2,0,4,0,4,0
LTe24,LT51,2,0,2,0,4,0,4,0
LTe24,LT86,1,0,1,0,4,0,4,0
LLPC1,Li09,1,0,1,0,4,0,4,0
LLPC3,LPi01,2,1,1,0,4,2,2,0
MTe47,TmY20,2,1,1,0,4,2,2,0
MTe47,Mi4,2,1,1,0,4,2,2,0
MeMe_e03,MTe02,2,0,2,0,4,0,4,0
MeMe_e03,Tm35,1,0,1,0,4,0,4,0
MeMe_e03,MeMe_e01,2,0,0,2,4,0,0,4
MTe33,Tm7,2,0,2,0,4,0,4,0
MTe33,Sm41,2,1,1,0,4,2,2,0
MeMe_e08,Lat,1,1,0,0,4,4,0,0
LC20b,LTe07,2,0,2,0,4,0,4,0
LC20b,Tm32,2,1,1,0,4,2,2,0
MeMe_e07,Tm5b,2,2,0,0,4,4,0,0
MeMe_e07,LMa4,2,1,1,0,4,2,2,0
LC16,LT66,2,0,2,0,4,0,4,0
LLPC2,Li10,2,0,2,0,4,0,4,0
LLPC2,DNp11,2,1,1,0,4,2,2,0
MeTu3b,MTe51,2,1,1,0,4,2,2,0
MeMe_e02,MTe25,2,0,2,0,4,0,4,0
cM03,aMe17a2,2,1,1,0,4,2,2,0
cML02,Li15,2,1,1,0,4,2,2,0
MTe06,Tm5e,2,0,2,0,4,0,4,0
LC13,Tm34,2,1,1,0,4,2,2,0
LC20b,Tm25,2,0,2,0,4,0,4,0
LC27,LC10d,2,1,1,0,4,2,2,0
LC10a,LTe64,2,0,2,0,4,0,4,0
Nod3,LPi14,2,1,1,0,4,2,2,0
Nod3,LPT22,2,1,1,0,4,2,2,0
LC40,LT77,2,0,2,0,4,0,4,0
LC40,LT72,2,0,2,0,4,0,4,0
LC40,Li07,2,0,2,0,4,0,4,0
LC10d,TmY9q⊥,2,1,1,0,4,2,2,0
LC10d,LC12,2,1,1,0,4,2,2,0
aMe19b,Tm34,2,2,0,0,4,4,0,0
aMe19b,5-HTPMPV03,1,0,0,1,4,0,0,4
aMe19b,Sm21,2,2,0,0,4,4,0,0
aMe19b,MeTu3a,2,1,1,0,4,2,2,0
aMe19b,Tm5f,2,1,1,0,4,2,2,0
aMe19b,cM03,2,1,1,0,4,2,2,0
aMe19b,MTe35,1,1,0,0,4,4,0,0
aMe19b,MTe44,2,1,1,0,4,2,2,0
LPLC1,T4d,2,0,2,0,4,0,4,0
VST2,LPT29,2,1,1,0,4,2,2,0
LT40,Li10,2,0,2,0,4,0,4,0
LT40,Li16,2,0,2,0,4,0,4,0
LT40,LC12,2,1,1,0,4,2,2,0
LT40,LC21,2,0,2,0,4,0,4,0
LT40,Tlp1,2,0,2,0,4,0,4,0
LT40,Tm27,2,1,1,0,4,2,2,0
LT40,Tm16,2,0,2,0,4,0,4,0
LT40,TmY5a,2,1,1,0,4,2,2,0
LT40,Tm4,2,0,2,0,4,0,4,0
LT40,Y4,2,1,1,0,4,2,2,0
LT40,TmY4,2,1,1,0,4,2,2,0
LPLC2,cM07,2,1,1,0,4,2,2,0
MTe52,C2,2,0,2,0,4,0,4,0
MTe07,T2a,2,0,2,0,4,0,4,0
MeMe_e10,Sm43,2,0,2,0,4,0,4,0
MeMe_e10,Dm20,1,0,1,0,4,0,4,0
MeMe_e10,Sm15,2,0,2,0,4,0,4,0
LC12,LT60,1,0,1,0,4,0,4,0
LC26,Y3,2,0,2,0,4,0,4,0
LC12,LTe21,1,0,1,0,4,0,4,0
AN_multi_125,Tm27,2,1,1,0,4,2,2,0
aMe17a2,Dm18,2,0,2,0,4,0,4,0
aMe17a2,MTe04,2,0,2,0,4,0,4,0
aMe17a2,C3,2,0,2,0,4,0,4,0
aMe17a2,Dm8b,2,1,1,0,4,2,2,0
aMe17a2,MTe32,1,0,1,0,4,0,4,0
aMe17a2,Mi9,2,1,1,0,4,2,2,0
aMe17a2,cM12,2,1,1,0,4,2,2,0
aMe17a2,MeMe_e05,2,1,1,0,4,2,2,0
aMe17a2,Tm32,2,0,2,0,4,0,4,0
aMe17a2,Tm2,2,1,1,0,4,2,2,0
aMe17a2,Sm25,2,1,1,0,4,2,2,0
aMe17a2,TmY10,2,1,1,0,4,2,2,0
LTe44,Li10,1,0,1,0,4,0,4,0
LTe38a,LT57,2,1,1,0,4,2,2,0
LTe38a,LC24,2,0,2,0,4,0,4,0
LLPC1,LC12,2,1,1,0,4,2,2,0
LPLC4,LC26,2,0,2,0,4,0,4,0
LC10e,LC14a1,2,1,1,0,4,2,2,0
mALC3,T4d,2,0,2,0,4,0,4,0
mALC3,C2,1,0,1,0,4,0,4,0
mALC3,Tm3,1,0,1,0,4,0,4,0
LC14b,OA-AL2i1,2,1,1,0,4,2,2,0
LC14b,LCe01b,1,0,1,0,4,0,4,0
LTe75,LTe36,2,1,1,0,4,2,2,0
LTe75,LCe06,1,0,1,0,4,0,4,0
MTe50,Dm10,2,0,2,0,4,0,4,0
cLLPM01,Nod3,1,0,1,0,4,0,4,0
MeTu4a,Tm5f,2,0,2,0,4,0,4,0
LC24,cLLP02,2,1,1,0,4,2,2,0
LC14b,LT74,2,2,0,0,4,4,0,0
AVLP151,LC13,2,0,2,0,4,0,4,0
AVLP151,Tm5c,1,0,1,0,4,0,4,0
AVLP151,LPi06,2,1,1,0,4,2,2,0
AVLP151,Li18,1,0,1,0,4,0,4,0
AVLP151,LPi07,1,0,1,0,4,0,4,0
AVLP151,Li33,1,0,1,0,4,0,4,0
AVLP151,Tm33,1,0,1,0,4,0,4,0
VS4,T5a,2,1,1,0,4,2,2,0
LC39,Li12,2,1,1,0,4,2,2,0
LC39,Li16,2,1,1,0,4,2,2,0
mALC5,Tm31,1,0,1,0,4,0,4,0
mALC5,LT74,2,1,1,0,4,2,2,0
mALC5,TmY16,2,1,1,0,4,2,2,0
mALC5,Y4,2,1,1,0,4,2,2,0
mALC5,Sm16,2,0,2,0,4,0,4,0
mALC5,Dm8b,2,1,1,0,4,2,2,0
mALC5,T5a,2,1,1,0,4,2,2,0
mALC5,MTe40,1,0,1,0,4,0,4,0
mALC5,LC14a2,2,1,1,0,4,2,2,0
mALC5,Li11,2,1,1,0,4,2,2,0
mALC5,Y3,2,1,1,0,4,2,2,0
mALC5,LT65,2,1,1,0,4,2,2,0
cM13,Mi13,2,1,1,0,4,2,2,0
LPT22,TmY4,2,0,2,0,4,0,4,0
LPT22,LPi06,2,0,2,0,4,0,4,0
LPT22,Tm27,2,1,1,0,4,2,2,0
LPT22,LPLC2,2,1,1,0,4,2,2,0
LPT22,T4a,2,1,1,0,4,2,2,0
CB0816,Tm8b,2,1,1,0,4,2,2,0
LCe01b,Li30,2,1,1,0,4,2,2,0
LCe01b,LTe35,2,1,1,0,4,2,2,0
LC24,LT76,2,0,2,0,4,0,4,0
LC24,LC27,2,1,1,0,4,2,2,0
MTe09,MTe50,2,0,2,0,4,0,4,0
MTe09,TmY31,2,1,1,0,4,2,2,0
MTe09,MLt7,2,0,2,0,4,0,4,0
LLPC4,LT82a,2,1,1,0,4,2,2,0
LLPC4,T2a,2,1,1,0,4,2,2,0
LTe38c,TmY31,1,0,1,0,4,0,4,0
LTe38c,Li13,2,1,1,0,4,2,2,0
LTe38c,LC22,2,0,2,0,4,0,4,0
LTe38c,TmY5a,2,1,1,0,4,2,2,0
LC10d,Tlp5,2,1,1,0,4,2,2,0
MTe03,Tm5f,2,0,2,0,4,0,4,0
OA-ASM1,Li16,2,2,0,0,4,4,0,0
OA-ASM1,LMt2,2,2,0,0,4,4,0,0
OA-ASM1,LT56,2,1,1,0,4,2,2,0
OA-ASM1,MTe42,2,1,1,0,4,2,2,0
OA-ASM1,Mi13,2,1,1,0,4,2,2,0
OA-ASM1,LT40,2,1,1,0,4,2,2,0
LC9,Tm35,2,1,1,0,4,2,2,0
MeTu1,MeMe_e06,2,1,1,0,4,2,2,0
MeTu3b,Tm16,1,0,1,0,4,0,4,0
MeTu3b,Sm26,2,0,2,0,4,0,4,0
LPLC4,LTe23,1,0,1,0,4,0,4,0
VS7,T4a,2,1,1,0,4,2,2,0
VS7,LPi11,2,1,1,0,4,2,2,0
LT86,LT51,2,1,1,0,4,2,2,0
cM08c,Sm04,2,1,1,0,4,2,2,0
cM08c,MeTu3c,2,1,1,0,4,2,2,0
cM08c,LTe09,2,0,2,0,4,0,4,0
cM08c,Sm05,2,1,1,0,4,2,2,0
cM08c,Sm29,2,1,1,0,4,2,2,0
cM08c,Tm9,2,1,1,0,4,2,2,0
cM08c,Li01,2,1,1,0,4,2,2,0
MTe01b,MLt2,2,1,1,0,4,2,2,0
MeMe_e04,MeMe_e03,1,0,0,1,4,0,0,4
LCe05,LC12,2,1,1,0,4,2,2,0
PLP231,LTe33,1,0,1,0,4,0,4,0
LPLC1,LPT52,2,0,2,0,4,0,4,0
cL19,Li08,2,1,1,0,4,2,2,0
MeTu1,TmY31,2,1,1,0,4,2,2,0
cL21,AN_multi_124,1,0,1,0,4,0,4,0
MTe31,MTe35,2,1,1,0,4,2,2,0
LTe45,LC19,2,1,1,0,4,2,2,0
MTe01b,Sm13,2,1,1,0,4,2,2,0
LPLC1,LC24,2,1,1,0,4,2,2,0
MeTu3c,Sm32,1,0,1,0,4,0,4,0
MeTu3c,MTe13,1,0,1,0,4,0,4,0
MTe52,Tm2,2,1,1,0,4,2,2,0
cLP02,MeLp2,2,1,1,0,4,2,2,0
MTe04,Tm7,2,1,1,0,4,2,2,0
cM08a,Pm07,2,1,1,0,4,2,2,0
cM08a,cM14,2,1,1,0,4,2,2,0
LT56,TmY5a,2,0,2,0,4,0,4,0
LT56,LT61a,1,0,1,0,4,0,4,0
LT56,Tm7,2,1,1,0,4,2,2,0
LT56,LT60,2,1,1,0,4,2,2,0
LT56,LTe20,2,1,1,0,4,2,2,0
LT56,LC14b,2,1,1,0,4,2,2,0
MTe52,Y1,2,1,1,0,4,2,2,0
LC6,LTe12,2,1,1,0,4,2,2,0
LC6,LC11,2,0,2,0,4,0,4,0
LPLC2,cLP02,2,1,1,0,4,2,2,0
LC14b,Sm35,2,1,1,0,4,2,2,0
MTe37,cM08c,2,0,2,0,4,0,4,0
MTe37,Sm30,1,0,1,0,4,0,4,0
MTe37,MeMe_e01,2,1,1,0,4,2,2,0
OA-AL2b2,Tm5d,2,1,1,0,4,2,2,0
Nod1,LPT22,2,1,1,0,4,2,2,0
LPT58,LPT49,1,0,1,0,4,0,4,0
LPT58,T5d,1,0,1,0,4,0,4,0
LPT58,Y1,2,1,1,0,4,2,2,0
LPT58,Tlp5,2,0,2,0,4,0,4,0
LPT58,LLPC1,2,1,1,0,4,2,2,0
LPT58,T5b,2,1,1,0,4,2,2,0
LPT58,LPT04_HST,2,1,1,0,4,2,2,0
LPT58,TmY5a,2,1,1,0,4,2,2,0
LC37a,LCe01,2,1,1,0,4,2,2,0
LC13,LC31c,1,0,1,0,4,0,4,0
LTe38b,LC36,1,0,1,0,4,0,4,0
LC20b,cL18,2,0,2,0,4,0,4,0
MeMe_e09,MeTu3a,2,2,0,0,4,4,0,0
MeMe_e09,Tm5d,2,2,0,0,4,4,0,0
DNc02,T1,2,0,2,0,4,0,4,0
DNc02,T2,2,0,2,0,4,0,4,0
aMe10,Sm07,2,0,2,0,4,0,4,0
LTe60,LTe42a,2,1,1,0,4,2,2,0
LC9,Tlp4,2,1,1,0,4,2,2,0
CB0472,Li28,2,0,2,0,4,0,4,0
CB0472,LC37a,2,1,1,0,4,2,2,0
CB0472,LT57,2,1,1,0,4,2,2,0
CB0472,LT86,1,1,0,0,4,4,0,0
MTe47,LC14a1,1,0,0,1,4,0,0,4
MTe47,TmY4,2,0,2,0,4,0,4,0
MTe47,MeLp2,2,0,0,2,4,0,0,4
MTe47,LPT21,1,1,0,0,4,4,0,0
MTe47,Tm5c,2,0,2,0,4,0,4,0
MTe47,LMt1,2,1,1,0,4,2,2,0
MTe47,CT1,2,1,1,0,4,2,2,0
LC46,LC10d,2,1,1,0,4,2,2,0
LC46,Li13,1,0,1,0,4,0,4,0
LPT42_Nod4,LPi14,2,1,1,0,4,2,2,0
LC9,Li12,2,1,1,0,4,2,2,0
LT73,LT79,1,0,1,0,4,0,4,0
LT65,LC39,2,0,2,0,4,0,4,0
LT65,LTe75,2,1,1,0,4,2,2,0
LT65,Li03,2,1,1,0,4,2,2,0
LT65,TmY5a,2,1,1,0,4,2,2,0
LT65,LC10c,2,0,2,0,4,0,4,0
LT65,LT55,1,0,1,0,4,0,4,0
OA-AL2b2,AN_multi_125,2,0,0,2,4,0,0,4
OA-AL2b2,TmY5a,2,1,1,0,4,2,2,0
OA-AL2b2,MeTu4c,1,0,1,0,4,0,4,0
LT70,LTe23,1,0,1,0,4,0,4,0
LT70,LC10c,2,0,2,0,4,0,4,0
MC65,TmY5a,2,0,2,0,4,0,4,0
MTe50,MLt2,2,1,1,0,4,2,2,0
LT61b,LT53,2,1,1,0,4,2,2,0
LT61b,LC14a2,2,1,1,0,4,2,2,0
LT61b,LMa3,2,1,1,0,4,2,2,0
LT61b,LT11,1,0,1,0,4,0,4,0
LT61b,LC4,2,1,1,0,4,2,2,0
LC16,Tm5d,2,0,2,0,4,0,4,0
LC16,LC22,2,0,2,0,4,0,4,0
LC16,Tm5b,2,0,2,0,4,0,4,0
LC16,TmY4,2,0,2,0,4,0,4,0
LC16,LC4,2,0,2,0,4,0,4,0
MeMe_e10,TmY10,2,2,0,0,4,4,0,0
CB0592,cLP02,1,1,0,0,4,4,0,0
CB0592,LPC2,2,2,0,0,4,4,0,0
CB0592,cL21,2,1,1,0,4,2,2,0
CB0592,Pm01,1,0,1,0,4,0,4,0
CB0592,Tm21,2,1,1,0,4,2,2,0
CB0592,LC18,2,1,1,0,4,2,2,0
CB0592,Sm24,2,1,1,0,4,2,2,0
CB0592,Tm20,2,2,0,0,4,4,0,0
CB0592,Tm9,2,0,2,0,4,0,4,0
MeTu4c,Tm5b,2,1,1,0,4,2,2,0
LC22,LTe07,2,0,2,0,4,0,4,0
cL01,LTe44,2,1,1,0,4,2,2,0
LC16,LTe58,1,0,1,0,4,0,4,0
LC10d,LMt3,2,1,1,0,4,2,2,0
LC34,LC22,2,0,2,0,4,0,4,0
LC34,cL04,2,0,2,0,4,0,4,0
LC40,cL14,2,0,2,0,4,0,4,0
LC40,LTe29,2,0,2,0,4,0,4,0
MeTu4b,MLt7,2,0,2,0,4,0,4,0
cLLPM01,LLPC2,2,1,1,0,4,2,2,0
LPLC1,TmY11,2,1,1,0,4,2,2,0
LC14b,Sm06,1,1,0,0,4,4,0,0
LC20a,LPLC4,2,1,1,0,4,2,2,0
LT78,LLPC3,2,0,2,0,4,0,4,0
LT78,LT57,2,1,1,0,4,2,2,0
LT78,LC12,2,1,1,0,4,2,2,0
LT78,LT79,2,0,2,0,4,0,4,0
LT78,LC21,2,1,1,0,4,2,2,0
LT78,LMt1,2,1,1,0,4,2,2,0
LT78,cLLP02,2,1,1,0,4,2,2,0
LT78,LT72,2,0,2,0,4,0,4,0
LCe02,Tm20,2,1,1,0,4,2,2,0
MeTu3c,CB0592,1,0,1,0,4,0,4,0
LC25,Li13,2,1,1,0,4,2,2,0
MTe54,Y4,2,1,1,0,4,2,2,0
l-LNv,MLt1,2,1,1,0,4,2,2,0
LC12,Li06,2,0,2,0,4,0,4,0
LC11,LT65,2,0,2,0,4,0,4,0
LCe09,Li13,2,0,2,0,4,0,4,0
LCe09,LC6,1,0,1,0,4,0,4,0
LPC1,LPi08,2,0,2,0,4,0,4,0
MTe52,T4c,2,0,2,0,4,0,4,0
LPC1,Y4,2,1,1,0,4,2,2,0
LC24,Li04,2,0,2,0,4,0,4,0
MTe01b,Tm25,2,0,2,0,4,0,4,0
LT78,Tm4,2,0,2,0,4,0,4,0
LT78,LTe24,2,1,1,0,4,2,2,0
LC6,Li13,1,0,1,0,4,0,4,0
LC11,5-HTPMPV03,1,0,1,0,4,0,4,0
cL06,Li18,1,0,1,0,4,0,4,0
cL06,LCe01a,2,1,1,0,4,2,2,0
cL06,LT36,2,1,1,0,4,2,2,0
cL06,LC19,1,0,1,0,4,0,4,0
cL06,Li06,1,0,1,0,4,0,4,0
cL06,LTe07,2,1,1,0,4,2,2,0
LT53,LT77,2,1,1,0,4,2,2,0
LT53,Tm27,2,0,2,0,4,0,4,0
LT53,LC28a,2,1,1,0,4,2,2,0
LT53,LTe53,2,0,2,0,4,0,4,0
LT53,LC22,2,0,2,0,4,0,4,0
LC10a,LC14b,2,1,1,0,4,2,2,0
MTe05,MeMe_e02,2,0,2,0,4,0,4,0
MTe52,Tm32,2,1,1,0,4,2,2,0
LC14a1,LPT26,1,1,0,0,4,4,0,0
LLPC1,T4b,2,0,2,0,4,0,4,0
cM12,Tm31,2,0,2,0,4,0,4,0
cM12,Sm01,2,1,1,0,4,2,2,0
cM12,Tm5e,2,1,1,0,4,2,2,0
cM12,aMe5,2,0,2,0,4,0,4,0
cM12,MTe10,1,0,1,0,4,0,4,0
5-HTPMPV03,Tm5b,2,1,1,0,4,2,2,0
5-HTPMPV03,MTe25,1,1,0,0,4,4,0,0
MeMe_e08,Sm32,1,0,1,0,4,0,4,0
MeMe_e08,MTe53,1,0,1,0,4,0,4,0
CB0566,Sm03,2,0,2,0,4,0,4,0
CB0566,Tm35,2,1,1,0,4,2,2,0
CB0566,cM08b,2,1,1,0,4,2,2,0
CB0566,Sm11,2,1,1,0,4,2,2,0
MeMe_e05,OA-AL2i4,1,1,0,0,4,4,0,0
MeMe_e05,MTe17,1,1,0,0,4,4,0,0
MeMe_e05,MTe03,1,1,0,0,4,4,0,0
MeMe_e05,Pm05,2,1,1,0,4,2,2,0
MeMe_e05,aMe17b,1,1,0,0,4,4,0,0
H1,LPT21,1,1,0,0,4,4,0,0
LPT29,LC39,2,1,1,0,4,2,2,0
LC12,Li16,2,1,1,0,4,2,2,0
CB3089,LPLC4,1,0,1,0,4,0,4,0
LT78,Tm31,2,0,2,0,4,0,4,0
LT78,Li24,2,0,2,0,4,0,4,0
LT78,LT77,2,1,1,0,4,2,2,0
LT78,LTe66,1,0,1,0,4,0,4,0
LTe62,Li01,2,1,1,0,4,2,2,0
LT74,cL16,2,1,1,0,4,2,2,0
LC28a,Y3,2,1,1,0,4,2,2,0
LC28a,VS6,1,0,1,0,4,0,4,0
LC28a,DNp11,1,0,1,0,4,0,4,0
VCH,LPi06,2,0,2,0,4,0,4,0
VCH,Nod2,2,1,1,0,4,2,2,0
LCe01b,LC20a,2,1,1,0,4,2,2,0
LCe01b,Li13,2,0,2,0,4,0,4,0
LTe64,LCe03,2,1,1,0,4,2,2,0
LTe64,Tm5e,2,1,1,0,4,2,2,0
LTe64,LT64,2,1,1,0,4,2,2,0
LTe64,Li32,2,1,1,0,4,2,2,0
LC10a,Li13,2,0,2,0,4,0,4,0
LT84,TmY11,2,0,2,0,4,0,4,0
LT84,LTe14,1,0,1,0,4,0,4,0
LT84,LC14a2,2,1,1,0,4,2,2,0
LT84,cLLP02,2,1,1,0,4,2,2,0
LT84,LT85,1,0,1,0,4,0,4,0
LT84,cM07,1,0,1,0,4,0,4,0
LPLC2,Tm3,2,1,1,0,4,2,2,0
LTe31,LTe10,1,0,1,0,4,0,4,0
LTe31,TmY20,1,0,1,0,4,0,4,0
LC28a,LT36,2,1,1,0,4,2,2,0
LPLC2,LT58,2,1,1,0,4,2,2,0
cL02a,LC22,2,1,1,0,4,2,2,0
LC11,LT76,2,1,1,0,4,2,2,0
MTe51,5-HTPMPV03,2,1,1,0,4,2,2,0
HSN,TmY9q,2,0,2,0,4,0,4,0
HSN,CT1,2,1,1,0,4,2,2,0
LC21,Li15,2,1,1,0,4,2,2,0
aMe22,MTe01b,2,0,2,0,4,0,4,0
aMe22,MLt1,2,1,1,0,4,2,2,0
aMe22,Sm29,2,1,1,0,4,2,2,0
aMe22,MTe46,2,1,1,0,4,2,2,0
MeTu4c,Sm22,2,1,1,0,4,2,2,0
cL22b,OA-AL2b1,1,0,1,0,4,0,4,0
cL22b,LTe18,2,1,1,0,4,2,2,0
cL22b,Li18,1,0,1,0,4,0,4,0
LT85,LTe49d,2,1,1,0,4,2,2,0
LT85,LT57,2,1,1,0,4,2,2,0
cM01b,Sm41,2,1,1,0,4,2,2,0
cM01b,Sm03,1,0,1,0,4,0,4,0
cM01b,MTe50,1,0,1,0,4,0,4,0
AN_multi_124,TmY9q⊥,2,2,0,0,4,4,0,0
cM08b,Sm15,2,1,1,0,4,2,2,0
cLP01,LPi14,2,1,1,0,4,2,2,0
LC27,LT57,2,1,1,0,4,2,2,0
MeMe_e04,MeMe_e07,2,0,0,2,4,0,0,4
MeMe_e04,cM13,1,1,0,0,4,4,0,0
LC29,LC15,2,1,1,0,4,2,2,0
LCe01b,LPLC4,1,0,1,0,4,0,4,0
LC10b,LC43,1,0,1,0,4,0,4,0
cL02a,Tm5d,1,0,1,0,4,0,4,0
cL02a,LC9,2,0,2,0,4,0,4,0
LC9,mALC4,2,1,1,0,4,2,2,0
LC9,LT74,2,1,1,0,4,2,2,0
LPC2,LMa4,2,0,2,0,4,0,4,0
cM14,MLt4,2,0,2,0,4,0,4,0
cM14,MTe06,1,0,1,0,4,0,4,0
cM14,Tm1,1,0,1,0,4,0,4,0
cM14,Sm03,2,1,1,0,4,2,2,0
cM14,MTe14,2,1,1,0,4,2,2,0
LT53,LLPC2,2,1,1,0,4,2,2,0
LT52,LTe38c,2,0,2,0,4,0,4,0
cLP04,LPi15,2,1,1,0,4,2,2,0
cLP04,Tlp14,2,1,1,0,4,2,2,0
cLP04,LPi05,2,1,1,0,4,2,2,0
cLP04,LPi04,2,1,1,0,4,2,2,0
LC11,Tm5c,2,1,1,0,4,2,2,0
MeTu4c,Li02,2,0,2,0,4,0,4,0
Nod1,LPi14,2,1,1,0,4,2,2,0
OA-ASM1,MTe02,2,1,1,0,4,2,2,0
OA-ASM1,LTe24,2,2,0,0,4,4,0,0
OA-ASM1,LC4,2,1,1,0,4,2,2,0
OA-ASM1,Li03,2,2,0,0,4,4,0,0
OA-ASM1,MTe51,2,1,1,0,4,2,2,0
OA-ASM1,cM05,2,0,2,0,4,0,4,0
OA-ASM1,MTe27,2,2,0,0,4,4,0,0
MeMe_e01,Sm24,2,1,1,0,4,2,2,0
MTe15,MTe15,2,1,1,0,4,2,2,0
LPLC4,T4a,2,1,1,0,4,2,2,0
LC10a,LC29,2,0,2,0,4,0,4,0
LC10a,LT58,2,0,2,0,4,0,4,0
LT63,cM09,2,1,1,0,4,2,2,0
LT63,LC10e,2,1,1,0,4,2,2,0
VST2,cLP02,2,1,1,0,4,2,2,0
DNp27,LPi14,2,2,0,0,4,4,0,0
DNp27,LC11,2,0,2,0,4,0,4,0
DNp27,T2a,2,0,2,0,4,0,4,0
DNp27,LMa1,2,2,0,0,4,4,0,0
DNp27,LC15,2,1,1,0,4,2,2,0
DNp27,LC16,2,1,1,0,4,2,2,0
DNp27,LTe64,2,1,1,0,4,2,2,0
MTe17,Tm5e,2,0,2,0,4,0,4,0
cLP01,LLPC1,2,1,1,0,4,2,2,0
LCe01a,LTe58,2,1,1,0,4,2,2,0
MTe47,MeMe_e08,2,0,0,2,4,0,0,4
MTe47,cL19,2,0,0,2,4,0,0,4
LT51,LC40,2,1,1,0,4,2,2,0
MeMe_e07,MLt4,2,1,1,0,4,2,2,0
MTe22,Sm42,2,1,1,0,4,2,2,0
MTe22,Tm20,2,1,1,0,4,2,2,0
MTe22,Dm2,2,0,2,0,4,0,4,0
MTe22,MTe35,1,0,1,0,4,0,4,0
LC35,Tm7,1,0,1,0,4,0,4,0
LC35,LT62,2,1,1,0,4,2,2,0
LT53,LC12,2,1,1,0,4,2,2,0
LT53,LTe11,2,1,1,0,4,2,2,0
MTe12,Sm09,2,0,2,0,4,0,4,0
aMe4,Dm18,2,0,2,0,4,0,4,0
aMe5,Tm5e,2,1,1,0,4,2,2,0
aMe5,MLt2,2,1,1,0,4,2,2,0
LC6,Tm5c,2,1,1,0,4,2,2,0
LC6,Tm7,2,1,1,0,4,2,2,0
LC13,LT74,2,1,1,0,4,2,2,0
LC24,LC9,2,1,1,0,4,2,2,0
LC24,Li29,2,1,1,0,4,2,2,0
LPLC1,TmY4,2,1,1,0,4,2,2,0
LLPC3,LTe42b,2,0,2,0,4,0,4,0
MTe52,T4a,2,0,2,0,4,0,4,0
MTe52,Mi9,2,1,1,0,4,2,2,0
cLP01,cLLPM01,2,1,1,0,4,2,2,0
LC46,LC22,2,1,1,0,4,2,2,0
LC46,Li01,2,1,1,0,4,2,2,0
LC6,Li30,2,1,1,0,4,2,2,0
MeTu4c,MTe50,2,1,1,0,4,2,2,0
LC10c,LPLC4,2,0,2,0,4,0,4,0
CB2197,LT72,1,0,1,0,4,0,4,0
LPLC2,LC14a2,2,0,2,0,4,0,4,0
MTe01b,CB0592,2,0,2,0,4,0,4,0
MTe01b,MTe33,2,0,2,0,4,0,4,0
DNp27,TmY20,1,1,0,0,4,4,0,0
MTe23,Sm16,2,1,1,0,4,2,2,0
LC14a1,TmY9q,2,1,1,0,4,2,2,0
OA-AL2i3,cM04,2,1,1,0,4,2,2,0
OA-AL2i3,l-LNv,2,1,1,0,4,2,2,0
OA-AL2i3,TmY10,2,1,1,0,4,2,2,0
OA-AL2i3,Tm5f,2,1,1,0,4,2,2,0
OA-ASM1,LMa4,2,2,0,0,4,4,0,0
OA-ASM1,Pm09,2,2,0,0,4,4,0,0
OA-ASM1,LC39,2,1,1,0,4,2,2,0
OA-ASM1,LTe31,2,1,1,0,4,2,2,0
OA-ASM1,Li02,2,1,1,0,4,2,2,0
OA-ASM1,LC10d,2,1,1,0,4,2,2,0
LT77,Li29,2,1,1,0,4,2,2,0
LT77,LC36,2,0,2,0,4,0,4,0
LT77,LCe01a,2,1,1,0,4,2,2,0
LT77,LC13,2,1,1,0,4,2,2,0
MeTu3c,Sm04,2,1,1,0,4,2,2,0
LPT31,Y1,2,1,1,0,4,2,2,0
LC9,LTe21,2,1,1,0,4,2,2,0
LTe27,LC36,2,0,2,0,4,0,4,0
LCe01a,LCe01b,2,0,2,0,4,0,4,0
LC21,LT66,2,1,1,0,4,2,2,0
LC18,TmY5a,2,0,2,0,4,0,4,0
LC14b,LTe02,2,0,2,0,4,0,4,0
LC10a,LPLC2,2,1,1,0,4,2,2,0
LT80,LC13,2,0,2,0,4,0,4,0
LC6,LC26,1,0,1,0,4,0,4,0
LC6,Tm33,2,1,1,0,4,2,2,0
LPT49,LPC1,2,1,1,0,4,2,2,0
LPT49,TmY14,2,0,2,0,4,0,4,0
LPT49,T4d,2,0,2,0,4,0,4,0
LPT49,VS3,2,1,1,0,4,2,2,0
MeTu4a,Sm41,2,1,1,0,4,2,2,0
MeTu4a,OA-ASM1,1,0,1,0,4,0,4,0
LC17,T3,2,0,2,0,4,0,4,0
LC33a,LTe56,2,1,1,0,4,2,2,0
LCe07,Li24,2,0,2,0,4,0,4,0
LC40,MeTu4c,2,1,1,0,4,2,2,0
LC11,LC10d,2,0,2,0,4,0,4,0
LTe58,LT52,2,1,1,0,4,2,2,0
aMe4,T2,2,0,2,0,4,0,4,0
LC4,Tm2,2,1,1,0,4,2,2,0
LC10e,LTe29,2,1,1,0,4,2,2,0
LC16,Li31,2,1,1,0,4,2,2,0
LC34,TmY20,2,1,1,0,4,2,2,0
LT76,LT11,1,0,1,0,4,0,4,0
MeMe_e07,cM15,2,0,2,0,4,0,4,0
MeMe_e07,LPLC1,2,0,2,0,4,0,4,0
MeMe_e07,Li26,2,0,2,0,4,0,4,0
MeMe_e07,Li24,1,0,1,0,4,0,4,0
MeMe_e07,Am1,1,0,1,0,4,0,4,0
cM19,MTe54,1,0,1,0,4,0,4,0
CB3238,LC10a,2,0,2,0,4,0,4,0
MTe17,Sm16,2,1,1,0,4,2,2,0
MTe49,Sm31,2,0,2,0,4,0,4,0
l-LNv,Sm02,2,1,1,0,4,2,2,0
MTe03,Tm5b,2,0,2,0,4,0,4,0
mALC4,LTe20,1,0,1,0,4,0,4,0
mALC4,LTe21,1,0,1,0,4,0,4,0
mALC4,Li25,2,1,1,0,4,2,2,0
mALC4,Tm3,2,0,2,0,4,0,4,0
mALC4,LT82a,2,1,1,0,4,2,2,0
mALC4,LT66,1,0,1,0,4,0,4,0
MTe40,TmY11,2,1,1,0,4,2,2,0
MTe40,Mi10,1,0,1,0,4,0,4,0
MTe40,Sm42,1,0,1,0,4,0,4,0
LPTe01,LLPC2,2,1,1,0,4,2,2,0
LCe01,LTe76,2,1,1,0,4,2,2,0
LCe01,LC21,2,1,1,0,4,2,2,0
LCe01,Tm5d,1,0,1,0,4,0,4,0
LC14a1,LT72,2,1,1,0,4,2,2,0
cL11,LT63,2,1,1,0,4,2,2,0
cL11,LC28a,2,0,2,0,4,0,4,0
cL11,LC26,2,0,2,0,4,0,4,0
cL11,LCe01a,1,0,1,0,4,0,4,0
cL11,TmY11,1,0,1,0,4,0,4,0
LCe05,Li30,2,1,1,0,4,2,2,0
l-LNv,PDt,2,0,2,0,4,0,4,0
LTe49f,LT51,2,0,2,0,4,0,4,0
LC4,LC29,2,1,1,0,4,2,2,0
LC20b,LTe49f,1,0,1,0,4,0,4,0
LC20b,LTe33,2,0,2,0,4,0,4,0
LC20b,LTe57,2,1,1,0,4,2,2,0
LT74,LT62,2,1,1,0,4,2,2,0
LT74,LC10a,2,0,2,0,4,0,4,0
aMe9,Sm18,2,1,1,0,4,2,2,0
aMe9,Tm5c,2,1,1,0,4,2,2,0
aMe9,cM08c,2,0,2,0,4,0,4,0
LT55,LC20a,2,2,0,0,4,4,0,0
DCH,Li16,2,0,2,0,4,0,4,0
DCH,T5b,2,1,1,0,4,2,2,0
DCH,OA-AL2i1,2,1,1,0,4,2,2,0
MeMe_e08,Tm7,2,0,2,0,4,0,4,0
OA-AL2i1,Mi15,2,1,1,0,4,2,2,0
OA-AL2i1,LPi01,2,0,2,0,4,0,4,0
OA-AL2i1,Pm08,2,1,1,0,4,2,2,0
OA-AL2i1,TmY31,2,0,2,0,4,0,4,0
OA-AL2i1,MTe54,2,1,1,0,4,2,2,0
OA-AL2i1,Li02,2,1,1,0,4,2,2,0
OA-AL2i1,Tm7,2,0,2,0,4,0,4,0
OA-AL2i1,Tm36,2,1,1,0,4,2,2,0
OA-AL2i1,LMa3,2,1,1,0,4,2,2,0
OA-AL2i1,Tm5c,2,0,2,0,4,0,4,0
OA-AL2i1,Tm5a,2,0,2,0,4,0,4,0
OA-AL2i1,LC14b,2,1,1,0,4,2,2,0
OA-AL2i1,Pm06,2,1,1,0,4,2,2,0
OA-AL2i1,TmY4,2,1,1,0,4,2,2,0
OA-AL2i1,LMt4,2,1,1,0,4,2,2,0
OA-AL2i1,Sm04,2,1,1,0,4,2,2,0
OA-AL2i1,Li24,2,1,1,0,4,2,2,0
OA-AL2i1,Y12,2,1,1,0,4,2,2,0
OA-AL2i1,LPi02,2,1,1,0,4,2,2,0
OA-AL2i1,Li05,2,1,1,0,4,2,2,0
cM15,cM08a,2,0,2,0,4,0,4,0
cM15,Y1,2,0,2,0,4,0,4,0
cM15,TmY20,2,1,1,0,4,2,2,0
cM15,Y12,2,1,1,0,4,2,2,0
cM15,Li06,2,1,1,0,4,2,2,0
cM15,MLt1,2,0,2,0,4,0,4,0
LTe17,LTe24,2,1,1,0,4,2,2,0
LT47,LT52,1,0,1,0,4,0,4,0
LT33,Tm25,2,0,2,0,4,0,4,0
LT33,Tm20,2,0,2,0,4,0,4,0
LT33,T2a,2,1,1,0,4,2,2,0
LT33,TmY5a,2,1,1,0,4,2,2,0
LT33,DNc01,1,0,1,0,4,0,4,0
LC4,T5b,2,1,1,0,4,2,2,0
LT64,Li02,2,1,1,0,4,2,2,0
LT64,Li07,2,1,1,0,4,2,2,0
LT64,LC14a1,2,1,1,0,4,2,2,0
LT64,Li30,2,1,1,0,4,2,2,0
LT64,TmY31,2,0,2,0,4,0,4,0
MC65,5-HTPMPV03,1,0,1,0,4,0,4,0
MC65,MeTu1,2,1,1,0,4,2,2,0
aMe4,MTe51,2,0,2,0,4,0,4,0
LCe02,LTe42a,1,0,1,0,4,0,4,0
LC45,LC45,1,0,1,0,4,0,4,0
LC45,Tm7,2,0,2,0,4,0,4,0
LC45,TmY5a,2,0,2,0,4,0,4,0
MeMe_e02,Mi2,2,0,2,0,4,0,4,0
LPLC1,LT1d,2,1,1,0,4,2,2,0
OA-AL2i4,cM08c,1,0,1,0,4,0,4,0
OA-AL2i4,Tm16,2,1,1,0,4,2,2,0
OA-AL2i4,Sm03,2,1,1,0,4,2,2,0
OA-AL2i4,Tm37,2,1,1,0,4,2,2,0
OA-AL2i4,Tm36,2,0,2,0,4,0,4,0
OA-AL2i4,Sm31,2,0,2,0,4,0,4,0
OA-AL2i4,Tm5a,2,1,1,0,4,2,2,0
OA-AL2i2,MTe41,2,1,1,0,4,2,2,0
OA-AL2i2,MeLp2,2,1,1,0,4,2,2,0
LPT27,Tm33,1,0,1,0,4,0,4,0
LPT27,LPT23,2,1,1,0,4,2,2,0
cL17,Tm35,2,0,2,0,4,0,4,0
cL17,TmY16,2,0,2,0,4,0,4,0
cL17,MLt6,2,1,1,0,4,2,2,0
cL17,LTe03,2,1,1,0,4,2,2,0
cL17,Li31,1,0,1,0,4,0,4,0
cL17,cM09,1,0,1,0,4,0,4,0
LC14a2,LT73,2,0,2,0,4,0,4,0
LLPC2,Li13,2,1,1,0,4,2,2,0
LC40,LPLC2,2,1,1,0,4,2,2,0
LC40,TmY9q⊥,2,1,1,0,4,2,2,0
LC40,LCe02,2,1,1,0,4,2,2,0
LTe74,LC13,2,1,1,0,4,2,2,0
LC22,LTe05,2,1,1,0,4,2,2,0
LT52,LTe16,2,1,1,0,4,2,2,0
cM04,Tm5b,2,1,1,0,4,2,2,0
cM04,APDN3,1,0,1,0,4,0,4,0
LT61a,TmY5a,2,1,1,0,4,2,2,0
LT61a,LC29,2,1,1,0,4,2,2,0
LT61a,LC18,2,1,1,0,4,2,2,0
MeTu3b,MeMe_e02,2,1,1,0,4,2,2,0
LLPC1,Tm5b,2,1,1,0,4,2,2,0
cM05,L1,1,0,1,0,4,0,4,0
cM05,Pm08,2,1,1,0,4,2,2,0
cM05,MTe13,2,1,1,0,4,2,2,0
cM05,MTe39,2,1,1,0,4,2,2,0
cM05,MLt2,2,0,2,0,4,0,4,0
cM05,OA-AL2i3,2,0,2,0,4,0,4,0
cM05,Mi10,2,0,2,0,4,0,4,0
cM05,R8,1,0,1,0,4,0,4,0
cM05,TmY9q⊥,1,0,1,0,4,0,4,0
cM05,Pm03,2,1,1,0,4,2,2,0
cM05,MTe54,2,1,1,0,4,2,2,0
LPT57,MeLp1,1,0,0,1,4,0,0,4
LPT57,LPC1,2,0,2,0,4,0,4,0
LPT57,LPT51,2,1,1,0,4,2,2,0
LPT57,T4b,2,1,1,0,4,2,2,0
H2,LPi11,2,1,1,0,4,2,2,0
H2,LLPt,2,1,1,0,4,2,2,0
H2,Tlp5,2,1,1,0,4,2,2,0
H2,LPT42_Nod4,1,0,1,0,4,0,4,0
LC43,LC14b,1,0,1,0,4,0,4,0
MeTu4c,Dm20,2,0,2,0,4,0,4,0
LPLC1,Li30,2,1,1,0,4,2,2,0
MeTu4a,LT52,1,0,1,0,4,0,4,0
MeTu4a,LC6,1,0,1,0,4,0,4,0
LC19,MeTu4c,2,1,1,0,4,2,2,0
cM03,Tm5e,2,1,1,0,4,2,2,0
cM03,Sm38,2,1,1,0,4,2,2,0
LTe43,Li12,2,0,2,0,4,0,4,0
MTe35,Sm41,1,0,1,0,4,0,4,0
MTe35,Tm5a,1,0,1,0,4,0,4,0
LT57,LTe58,1,0,1,0,4,0,4,0
LC20b,Y12,2,1,1,0,4,2,2,0
LT77,TmY4,2,1,1,0,4,2,2,0
LT77,LC24,2,1,1,0,4,2,2,0
MeTu1,MeTu4b,2,1,1,0,4,2,2,0
MeTu4c,LC16,2,1,1,0,4,2,2,0
MTe50,Dm3p,2,1,1,0,4,2,2,0
LLPC2,Tm21,2,0,2,0,4,0,4,0
LT36,Y11,1,0,1,0,4,0,4,0
LT36,LC28a,2,1,1,0,4,2,2,0
LT36,Li07,2,0,2,0,4,0,4,0
LT36,LC36,2,0,2,0,4,0,4,0
LT36,LTe14,1,0,1,0,4,0,4,0
LT36,LTe27,1,0,1,0,4,0,4,0
LT36,LTe53,2,1,1,0,4,2,2,0
LT36,LTe46,1,0,1,0,4,0,4,0
MTe28,MTe36,2,1,1,0,4,2,2,0
MTe28,Lawf2,2,0,2,0,4,0,4,0
MTe28,C2,1,0,1,0,4,0,4,0
MTe28,Pm14,2,1,1,0,4,2,2,0
MTe28,MeTu4a,2,1,1,0,4,2,2,0
MTe28,MLt5,2,1,1,0,4,2,2,0
MTe28,MTe50,2,0,2,0,4,0,4,0
OA-AL2b2,Li11,1,0,1,0,4,0,4,0
OA-AL2b2,CB0802,1,0,1,0,4,0,4,0
MeTu3c,Sm37,2,0,2,0,4,0,4,0
MC65,cM14,2,1,1,0,4,2,2,0
MC65,LPT54,2,1,1,0,4,2,2,0
MC65,Sm10,2,1,1,0,4,2,2,0
cLP01,LPTe02,2,1,1,0,4,2,2,0
mALC6,Li02,2,1,1,0,4,2,2,0
cL04,cL01,2,1,1,0,4,2,2,0
cL04,LTe38a,2,0,2,0,4,0,4,0
cL04,LTe49b,1,0,1,0,4,0,4,0
cL04,Li28,2,1,1,0,4,2,2,0
MeTu4c,OA-AL2b1,2,1,1,0,4,2,2,0
MeTu3c,TmY31,2,1,1,0,4,2,2,0
MTe43,Tm5f,2,1,1,0,4,2,2,0
MTe43,Dm19,2,1,1,0,4,2,2,0
MTe43,MTe27,2,1,1,0,4,2,2,0
cLP03,cLLPM01,1,0,1,0,4,0,4,0
MeTu1,Mi10,2,0,2,0,4,0,4,0
MTe04,Sm42,2,1,1,0,4,2,2,0
LT58,LCe05,2,1,1,0,4,2,2,0
LT58,Sm08,2,1,1,0,4,2,2,0
LPLC4,LTe49a,2,1,1,0,4,2,2,0
LPLC4,cL13,2,1,1,0,4,2,2,0
LT57,Sm07,1,0,1,0,4,0,4,0
DNp30,Pm07,2,2,0,0,4,4,0,0
DNp30,LLPt,1,1,0,0,4,4,0,0
LTe12,LT79,2,1,1,0,4,2,2,0
LTe12,LT1c,1,0,1,0,4,0,4,0
LTe12,Li17,2,1,1,0,4,2,2,0
LC16,Li16,2,0,2,0,4,0,4,0
LPT50,T5d,2,0,2,0,4,0,4,0
LTe14,LTe21,1,0,1,0,4,0,4,0
LTe14,Li33,2,1,1,0,4,2,2,0
Nod5,TmY5a,2,1,1,0,4,2,2,0
MeMe_e02,MTe50,1,1,0,0,4,4,0,0
LC10c,LC14a1,2,0,2,0,4,0,4,0
VS8,LPi07,2,0,2,0,4,0,4,0
VS8,T5a,2,1,1,0,4,2,2,0
LC20a,LT43,2,0,2,0,4,0,4,0
aMe5,MTe40,2,0,2,0,4,0,4,0
LC29,LT61a,2,1,1,0,4,2,2,0
LC29,LPLC1,2,0,2,0,4,0,4,0
LC29,LTe49f,2,1,1,0,4,2,2,0
LC29,LC10a,2,1,1,0,4,2,2,0
LPT21,TmY5a,2,1,1,0,4,2,2,0
LPT21,TmY11,2,0,2,0,4,0,4,0
LTe42c,LT52,2,1,1,0,4,2,2,0
LTe42c,LPLC4,2,0,2,0,4,0,4,0
LTe42c,PLP051,1,0,1,0,4,0,4,0
MTe01b,Pm14,2,1,1,0,4,2,2,0
MeTu4a,OA-AL2i4,2,1,1,0,4,2,2,0
LC27,LCe06,2,1,1,0,4,2,2,0
LC27,LC10e,2,1,1,0,4,2,2,0
cL09,LC14a2,1,0,1,0,4,0,4,0
CB3235,LC34,1,0,1,0,4,0,4,0
CB3235,LTe58,2,1,1,0,4,2,2,0
LTe32,Tm32,2,0,2,0,4,0,4,0
LTe38b,LTe38a,2,1,1,0,4,2,2,0
MTe18,Pm14,2,1,1,0,4,2,2,0
aMe10,DNc01,1,1,0,0,4,4,0,0
aMe10,CB0566,1,0,0,1,4,0,0,4
LC15,TmY31,2,1,1,0,4,2,2,0
LC15,LTe58,2,0,2,0,4,0,4,0
LC15,Tm37,2,1,1,0,4,2,2,0
MTe02,Dm4,2,1,1,0,4,2,2,0
LC12,LCe07,2,0,2,0,4,0,4,0
LC21,TmY9q,1,0,1,0,4,0,4,0
LC20a,LTe21,2,1,1,0,4,2,2,0
LC20a,Tm20,2,1,1,0,4,2,2,0
LCe06,LTe33,1,0,1,0,4,0,4,0
MTe04,Dm4,2,1,1,0,4,2,2,0
MTe04,Tm5a,2,1,1,0,4,2,2,0
cML01,Tm5d,2,1,1,0,4,2,2,0
cML01,DNc02,2,1,1,0,4,2,2,0
cML01,Sm15,2,1,1,0,4,2,2,0
cML01,Y12,2,1,1,0,4,2,2,0
cML01,LT56,1,0,1,0,4,0,4,0
cML01,T5b,1,0,1,0,4,0,4,0
cML01,cL07,1,0,1,0,4,0,4,0
cML01,LC10a,2,0,2,0,4,0,4,0
cML01,Tm1,2,1,1,0,4,2,2,0
cML01,TmY31,2,1,1,0,4,2,2,0
MeTu4a,cL13,2,0,2,0,4,0,4,0
LTe33,cM08c,2,1,1,0,4,2,2,0
LT53,LTe32,2,1,1,0,4,2,2,0
LT53,LC20b,2,1,1,0,4,2,2,0
LTe53,LCe04,2,1,1,0,4,2,2,0
LTe53,LTe49a,2,1,1,0,4,2,2,0
LTe53,Tm8a,2,1,1,0,4,2,2,0
LC11,Li27,2,1,1,0,4,2,2,0
cM10,MTe54,2,1,1,0,4,2,2,0
cM10,Tm7,2,0,2,0,4,0,4,0
cM10,Mi14,1,0,1,0,4,0,4,0
cM10,Sm07,2,1,1,0,4,2,2,0
cM10,Sm05,2,1,1,0,4,2,2,0
cM10,TmY31,2,1,1,0,4,2,2,0
MTe30,aMe12,1,0,1,0,4,0,4,0
MTe30,Sm31,2,1,1,0,4,2,2,0
LC13,LT86,2,1,1,0,4,2,2,0
MTe01a,Sm38,2,1,1,0,4,2,2,0
aMe4,L3,2,1,1,0,4,2,2,0
LCe03,LC28a,2,1,1,0,4,2,2,0
MeMe_e01,MTe15,1,1,0,0,4,4,0,0
LC27,LC22,2,1,1,0,4,2,2,0
MTe34,MTe51,1,0,1,0,4,0,4,0
MeLp2,Pm04,1,0,1,0,4,0,4,0
cL02a,LTe33,1,0,1,0,4,0,4,0
LTe42b,Li02,2,0,2,0,4,0,4,0
LLPC2,Li28,2,1,1,0,4,2,2,0
LC13,TmY15,2,1,1,0,4,2,2,0
LPLC4,Tm5c,2,1,1,0,4,2,2,0
LPLC4,LPi08,2,1,1,0,4,2,2,0
LPLC4,Am1,2,1,1,0,4,2,2,0
LPLC4,Tm5f,2,1,1,0,4,2,2,0
CB0592,MTe42,2,1,1,0,4,2,2,0
CB0592,Mi14,2,2,0,0,4,4,0,0
CB0592,LC24,1,0,1,0,4,0,4,0
CB0592,LC10d,1,0,1,0,4,0,4,0
LC29,Tm5f,1,0,1,0,4,0,4,0
LT70,LT47,2,1,1,0,4,2,2,0
LT70,LT69,2,1,1,0,4,2,2,0
MTe05,Sm07,2,0,2,0,4,0,4,0
LLPC1,LMa4,2,0,2,0,4,0,4,0
LC13,LT87,2,1,1,0,4,2,2,0
LC13,Li27,2,1,1,0,4,2,2,0
LPT45_dCal1,LPLC4,2,1,1,0,4,2,2,0
LPT45_dCal1,LPT28,1,0,1,0,4,0,4,0
LC10e,LT63,2,1,1,0,4,2,2,0
LC14a2,LTe49f,1,1,0,0,4,4,0,0
cL05,LTe59,1,0,1,0,4,0,4,0
cL05,Li03,2,1,1,0,4,2,2,0
cL05,LC10f,2,1,1,0,4,2,2,0
cL05,LTe42c,1,0,1,0,4,0,4,0
cL05,LC14b,2,1,1,0,4,2,2,0
cL05,LTe62,2,1,1,0,4,2,2,0
cL05,cL02c,1,0,1,0,4,0,4,0
cL05,LTe08,2,1,1,0,4,2,2,0
LC21,Tm5e,2,1,1,0,4,2,2,0
aMe5,Tm27,2,0,2,0,4,0,4,0
LT70,LC4,2,0,2,0,4,0,4,0
LT70,Tm20,2,1,1,0,4,2,2,0
LC25,LT79,2,1,1,0,4,2,2,0
MTe26,Mi10,2,1,1,0,4,2,2,0
MTe26,Tm7,2,0,2,0,4,0,4,0
MTe26,aMe9,2,0,2,0,4,0,4,0
MTe26,cLM01,2,1,1,0,4,2,2,0
MTe26,Sm29,2,1,1,0,4,2,2,0
MTe26,Tm5a,1,0,1,0,4,0,4,0
LC26,Li28,2,0,2,0,4,0,4,0
cM08b,Sm24,2,1,1,0,4,2,2,0
cM08b,MTe03,2,0,2,0,4,0,4,0
cM08b,Sm01,2,1,1,0,4,2,2,0
cM08b,Sm34,2,1,1,0,4,2,2,0
LC10d,LLPt,2,1,1,0,4,2,2,0
LC16,LT11,1,0,1,0,4,0,4,0
CB0472,Tm8a,2,2,0,0,4,4,0,0
LTe36,LTe33,2,1,1,0,4,2,2,0
LTe36,LC10d,2,1,1,0,4,2,2,0
cL02c,Li19,2,1,1,0,4,2,2,0
cL02c,LC14a2,2,1,1,0,4,2,2,0
cL02c,LPLC2,2,1,1,0,4,2,2,0
LPLC1,LC20a,2,1,1,0,4,2,2,0
LC6,LC29,2,1,1,0,4,2,2,0
LTe09,Li28,1,0,1,0,4,0,4,0
MeTu4a,MTe04,2,1,1,0,4,2,2,0
LCe01a,LC14a2,1,0,1,0,4,0,4,0
LCe01a,LPLC4,2,1,1,0,4,2,2,0
cL02d,TmY15,2,0,2,0,4,0,4,0
cL02d,LLPC3,2,0,2,0,4,0,4,0
cL02d,LC20b,2,1,1,0,4,2,2,0
cL02d,LC21,1,0,1,0,4,0,4,0
LCe03,LC24,2,0,2,0,4,0,4,0
LC4,LMt2,2,1,1,0,4,2,2,0
VST2,LPLC1,1,0,1,0,4,0,4,0
LTe28,LTe46,1,0,1,0,4,0,4,0
MTe53,LTe25,1,0,1,0,4,0,4,0
MTe54,Mi13,2,1,1,0,4,2,2,0
LC35,Li30,2,1,1,0,4,2,2,0
cL18,TmY5a,1,0,1,0,4,0,4,0
cL18,Tm4,2,0,2,0,4,0,4,0
cL18,Y4,2,1,1,0,4,2,2,0
cLLP02,Li21,2,0,2,0,4,0,4,0
cLLP02,LT74,1,0,1,0,4,0,4,0
cLLP02,LC31a,2,1,1,0,4,2,2,0
cLLP02,LC10a,2,0,2,0,4,0,4,0
cLLP02,LC21,2,0,2,0,4,0,4,0
cLLP02,Tm27,2,1,1,0,4,2,2,0
cLLP02,LLPC2,2,1,1,0,4,2,2,0
cLLP02,LTe04,1,0,1,0,4,0,4,0
cLLP02,cL04,2,0,2,0,4,0,4,0
aMe19b,MLt2,2,0,2,0,4,0,4,0
aMe19b,MTe23,1,0,1,0,4,0,4,0
aMe19b,CB0816,1,0,0,1,4,0,0,4
cLLPM02,Sm07,1,0,1,0,4,0,4,0
cLLPM02,Tm5f,2,1,1,0,4,2,2,0
cLLPM02,Pm03,1,0,1,0,4,0,4,0
cM09,LLPt,1,0,1,0,4,0,4,0
cM09,Mi9,2,1,1,0,4,2,2,0
cM09,Sm29,2,1,1,0,4,2,2,0
cM09,LatB,2,0,2,0,4,0,4,0
LC18,Li33,1,0,1,0,4,0,4,0
LC15,Tm5b,2,1,1,0,4,2,2,0
LC15,Tm36,2,1,1,0,4,2,2,0
LC22,LC10e,2,1,1,0,4,2,2,0
cMLLP01,LT40,2,1,1,0,4,2,2,0
cMLLP01,MLt2,1,0,1,0,4,0,4,0
cMLLP01,Mi9,2,0,2,0,4,0,4,0
cMLLP01,Tm16,2,0,2,0,4,0,4,0
cMLLP01,LMt2,2,1,1,0,4,2,2,0
cMLLP01,MTe51,2,0,2,0,4,0,4,0
cMLLP01,OA-AL2b1,1,0,1,0,4,0,4,0
cMLLP01,MeTu4c,2,0,2,0,4,0,4,0
cMLLP01,Tm5b,2,1,1,0,4,2,2,0
cMLLP01,Li13,2,0,2,0,4,0,4,0
cMLLP01,TmY10,2,1,1,0,4,2,2,0
cMLLP01,Y12,2,1,1,0,4,2,2,0
cMLLP01,Tlp1,2,1,1,0,4,2,2,0
cMLLP01,Sm09,2,1,1,0,4,2,2,0
cMLLP01,LTe46,1,0,1,0,4,0,4,0
cMLLP01,Li07,2,1,1,0,4,2,2,0
cMLLP01,MTe54,2,1,1,0,4,2,2,0
cMLLP01,Li08,2,1,1,0,4,2,2,0
cMLLP01,Li01,2,0,2,0,4,0,4,0
cMLLP01,aMe5,1,0,1,0,4,0,4,0
DNpe053,MTe37,1,0,1,0,4,0,4,0
DNpe053,MLt4,1,0,1,0,4,0,4,0
LC11,LMt4,2,1,1,0,4,2,2,0
LPLC2,T5c,2,1,1,0,4,2,2,0
LPLC2,Li17,2,1,1,0,4,2,2,0
LC10d,Li28,2,1,1,0,4,2,2,0
MTe54,Sm36,2,1,1,0,4,2,2,0
LC35,LT61b,2,1,1,0,4,2,2,0
LLPC1,TmY10,2,1,1,0,4,2,2,0
MTe51,MeMe_e10,1,0,1,0,4,0,4,0
cL13,LC13,2,0,2,0,4,0,4,0
cL13,cL16,2,1,1,0,4,2,2,0
cL13,cL01,1,0,1,0,4,0,4,0
cL13,LT70,2,1,1,0,4,2,2,0
cL13,LTe17,2,1,1,0,4,2,2,0
CB0566,Sm13,2,1,1,0,4,2,2,0
CB0566,Tm5e,2,0,2,0,4,0,4,0
CB0566,Mi10,1,0,1,0,4,0,4,0
aMe4,Dm3q,2,0,2,0,4,0,4,0
CB0816,MeTu4c,1,0,1,0,4,0,4,0
MeMe_e10,MTe05,2,1,1,0,4,2,2,0
MeMe_e10,MeTu1,2,1,1,0,4,2,2,0
LC37a,Tm36,2,1,1,0,4,2,2,0
LC37a,LC14b,2,0,2,0,4,0,4,0
LC37a,LTe47,2,1,1,0,4,2,2,0
MeTu1,Li33,1,0,1,0,4,0,4,0
LC28a,LTe54,2,1,1,0,4,2,2,0
LPLC4,LC45,2,1,1,0,4,2,2,0
aMe12,aMe26,2,1,1,0,4,2,2,0
LPT52,TmY31,2,1,1,0,4,2,2,0
LPT52,LLPC1,2,1,1,0,4,2,2,0
LC10b,cM09,1,0,1,0,4,0,4,0
VS2,Am1,2,1,1,0,4,2,2,0
VS2,VS3,1,0,1,0,4,0,4,0
VS2,TmY14,2,0,2,0,4,0,4,0
aMe17a1,MTe28,2,1,1,0,4,2,2,0
aMe17a1,MeMe_e04,2,1,1,0,4,2,2,0
aMe17a1,Tm31,2,1,1,0,4,2,2,0
aMe17a1,TmY3,2,1,1,0,4,2,2,0
aMe17a1,Sm25,2,1,1,0,4,2,2,0
aMe17a1,MTe54,2,0,2,0,4,0,4,0
aMe17a1,Tm5b,2,1,1,0,4,2,2,0
aMe17a1,PDt,2,1,1,0,4,2,2,0
LPLC1,LT1c,1,0,1,0,4,0,4,0
aMe19a,Sm06,2,0,2,0,4,0,4,0
aMe19a,aMe26,2,1,1,0,4,2,2,0
LC31c,LPLC2,2,0,2,0,4,0,4,0
LC31c,Li18,2,0,2,0,4,0,4,0
LC31c,LC9,2,1,1,0,4,2,2,0
LC31c,LT74,2,1,1,0,4,2,2,0
vCal1,LPLC1,2,0,2,0,4,0,4,0
vCal1,LPi05,2,1,1,0,4,2,2,0
vCal1,TmY14,2,0,2,0,4,0,4,0
vCal1,Nod3,2,1,1,0,4,2,2,0
cL01,LC20b,2,1,1,0,4,2,2,0
aMe9,OA-AL2i4,2,2,0,0,4,4,0,0
LTe49b,Li01,2,0,2,0,4,0,4,0
LTe49b,LTe61,1,0,1,0,4,0,4,0
LPLC4,LT84,2,1,1,0,4,2,2,0
LC17,LPLC2,2,1,1,0,4,2,2,0
LC14b,Nod3,1,1,0,0,4,4,0,0
MTe38,Sm20,2,1,1,0,4,2,2,0
cLP02,Li33,2,1,1,0,4,2,2,0
LC9,LCe04,2,1,1,0,4,2,2,0
LT80,Li27,2,1,1,0,4,2,2,0
cL22c,cL10,1,0,1,0,4,0,4,0
cL22c,cL02b,1,0,1,0,4,0,4,0
cL22c,LT47,1,0,1,0,4,0,4,0
cL22c,LC28a,2,1,1,0,4,2,2,0
cL22c,cLLP02,2,1,1,0,4,2,2,0
LTe32,MeTu4c,2,0,2,0,4,0,4,0
LCe03,Li05,2,0,2,0,4,0,4,0
cL15,LT53,1,0,1,0,4,0,4,0
cL15,Li11,2,0,2,0,4,0,4,0
cL15,LTe17,1,0,1,0,4,0,4,0
LLPC2,T5d,2,1,1,0,4,2,2,0
LTe21,LCe04,1,0,1,0,4,0,4,0
LTe21,LC16,1,0,1,0,4,0,4,0
MeMe_e02,Sm31,2,1,1,0,4,2,2,0
MTe27,MTe13,1,0,1,0,4,0,4,0
LT39,LMt1,2,0,2,0,4,0,4,0
LT39,Tm16,2,0,2,0,4,0,4,0
LT39,cLLP02,1,0,1,0,4,0,4,0
LT39,LC25,2,0,2,0,4,0,4,0
LT39,LPLC1,2,0,2,0,4,0,4,0
LT39,T3,2,0,2,0,4,0,4,0
LT39,TmY9q,2,1,1,0,4,2,2,0
LT39,LT79,2,1,1,0,4,2,2,0
LT39,Li10,2,1,1,0,4,2,2,0
LC10b,LTe38a,2,1,1,0,4,2,2,0
LT43,LCe04,2,0,2,0,4,0,4,0
LPLC1,mALC4,2,1,1,0,4,2,2,0
VST1,Tlp1,2,0,2,0,4,0,4,0
LLPC2,Tm4,2,1,1,0,4,2,2,0
MTe05,Sm41,2,1,1,0,4,2,2,0
LC16,Tm33,2,1,1,0,4,2,2,0
LC40,LC22,2,1,1,0,4,2,2,0
LTe25,LTe32,2,0,2,0,4,0,4,0
LTe25,LTe30,1,0,1,0,4,0,4,0
LC6,LT86,2,1,1,0,4,2,2,0
mALB5,MTe05,2,0,2,0,4,0,4,0
mALB5,Li02,1,0,1,0,4,0,4,0
MeTu4c,MTe46,2,1,1,0,4,2,2,0
MTe05,Sm36,2,0,2,0,4,0,4,0
MTe05,Sm35,1,0,1,0,4,0,4,0
LC36,LC10d,2,1,1,0,4,2,2,0
LLPC2,LPi03,2,1,1,0,4,2,2,0
cM04,Sm21,2,1,1,0,4,2,2,0
MTe54,Tm5d,2,1,1,0,4,2,2,0
MTe54,Sm07,2,1,1,0,4,2,2,0
LC28a,Tm35,2,1,1,0,4,2,2,0
MeMe_e07,Pm01,2,2,0,0,4,4,0,0
LTe10,LC10d,2,1,1,0,4,2,2,0
LTe10,Li10,1,0,1,0,4,0,4,0
LTe10,LC14a2,2,1,1,0,4,2,2,0
LTe10,LC10e,2,1,1,0,4,2,2,0
MeMe_e02,Tm20,1,1,0,0,4,4,0,0
VS6,LPi13,2,1,1,0,4,2,2,0
LPLC2,LC35,2,1,1,0,4,2,2,0
VSm,Tlp1,2,1,1,0,4,2,2,0
VSm,Y12,2,1,1,0,4,2,2,0
LT41,cL14,1,0,1,0,4,0,4,0
LT41,Li30,2,1,1,0,4,2,2,0
LT41,Li13,1,0,1,0,4,0,4,0
LT41,LPT45_dCal1,2,1,1,0,4,2,2,0
LT41,Li10,2,1,1,0,4,2,2,0
LT41,Y4,2,0,2,0,4,0,4,0
LT41,Li33,1,0,1,0,4,0,4,0
aMe5,Dm2,2,1,1,0,4,2,2,0
cM04,MTe51,2,1,1,0,4,2,2,0
cL01,Tm5e,2,1,1,0,4,2,2,0
LC14a1,LPi07,1,0,1,0,4,0,4,0
MeMe_e01,MTe25,1,1,0,0,4,4,0,0
MeTu3a,MTe06,2,1,1,0,4,2,2,0
cM16,MeMe_e07,2,1,1,0,4,2,2,0
cM16,TmY9q⊥,2,0,2,0,4,0,4,0
cM16,MTe09,2,1,1,0,4,2,2,0
cM16,Mi15,1,0,1,0,4,0,4,0
cM16,Pm02,2,1,1,0,4,2,2,0
cM16,Tm9,2,1,1,0,4,2,2,0
aMe24,LTe73,1,0,1,0,4,0,4,0
LC22,LT61a,2,1,1,0,4,2,2,0
cL04,LTe36,2,1,1,0,4,2,2,0
cL04,LC22,2,1,1,0,4,2,2,0
cLP03,LPTe02,2,1,1,0,4,2,2,0
LC24,LTe31,2,1,1,0,4,2,2,0
LC24,TmY9q,2,1,1,0,4,2,2,0
LPT53,LC28a,1,0,1,0,4,0,4,0
PLP215,LC40,2,1,1,0,4,2,2,0
PLP215,LT59,2,1,1,0,4,2,2,0
Nod2,Nod1,2,1,1,0,4,2,2,0
LCe01b,LCe03,2,1,1,0,4,2,2,0
LT52,cL15,2,1,1,0,4,2,2,0
VST2,cLLP02,2,1,1,0,4,2,2,0
TmY20,LPi04,2,2,0,0,4,4,0,0
Tm8a,MC65,2,2,0,0,4,4,0,0
Mi13,LMt2,2,2,0,0,4,4,0,0
Mi13,MeLp2,2,2,0,0,4,4,0,0
Tlp1,LTe05,2,2,0,0,4,4,0,0
LMa4,Tlp1,2,2,0,0,4,4,0,0
Mi15,TmY9q,2,2,0,0,4,4,0,0
Tm34,LTe33,2,2,0,0,4,4,0,0
LPi08,LPT31,2,2,0,0,4,4,0,0
Li21,Tlp4,2,2,0,0,4,4,0,0
Li21,LT77,2,2,0,0,4,4,0,0
Tm31,LTe66,1,1,0,0,4,4,0,0
Sm16,Tm9,2,2,0,0,4,4,0,0
LPi08,TmY10,2,2,0,0,4,4,0,0
Li09,LTe09,2,2,0,0,4,4,0,0
Tm37,LC35,2,2,0,0,4,4,0,0
C3,Pm14,2,2,0,0,4,4,0,0
Tm36,MLt4,2,2,0,0,4,4,0,0
Dm10,Sm06,2,2,0,0,4,4,0,0
TmY20,cL10,2,2,0,0,4,4,0,0
Mi15,MTe52,1,1,0,0,4,4,0,0
Sm09,Tm3,2,2,0,0,4,4,0,0
MLt1,Lat,2,2,0,0,4,4,0,0
MLt5,DGI,2,2,0,0,4,4,0,0
MLt5,aMe17c,2,2,0,0,4,4,0,0
Tlp1,Tm5c,1,1,0,0,4,4,0,0
T4c,TmY9q,2,2,0,0,4,4,0,0
LMa3,Mi9,1,1,0,0,4,4,0,0
Li24,Li03,2,2,0,0,4,4,0,0
Dm4,MeTu3c,2,2,0,0,4,4,0,0
Li19,LT1a,2,2,0,0,4,4,0,0
T5a,Mi9,2,2,0,0,4,4,0,0
Pm13,Sm41,1,1,0,0,4,4,0,0
Pm13,Tm5d,2,2,0,0,4,4,0,0
Pm13,Y11,2,2,0,0,4,4,0,0
Pm13,TmY10,2,2,0,0,4,4,0,0
Mi4,MTe39,2,2,0,0,4,4,0,0
Sm08,T2a,2,2,0,0,4,4,0,0
Sm09,OA-ASM1,2,2,0,0,4,4,0,0
Tm37,Sm01,2,2,0,0,4,4,0,0
Li05,LTe53,2,2,0,0,4,4,0,0
Sm14,Sm04,2,2,0,0,4,4,0,0
Tm31,CB3089,2,2,0,0,4,4,0,0
Tlp14,cL16,2,2,0,0,4,4,0,0
TmY16,LC43,2,2,0,0,4,4,0,0
Sm31,MLt4,1,1,0,0,4,4,0,0
Li02,LTe37,1,1,0,0,4,4,0,0
Dm11,Tm20,2,2,0,0,4,4,0,0
TmY4,LLPC4,2,2,0,0,4,4,0,0
TmY9q⊥,cL17,2,2,0,0,4,4,0,0
Dm3p,Tm7,2,2,0,0,4,4,0,0
TmY11,LT85,2,2,0,0,4,4,0,0
Sm02,Tm33,2,2,0,0,4,4,0,0
MLt3,Li24,2,2,0,0,4,4,0,0
Sm14,Sm38,2,2,0,0,4,4,0,0
Sm14,MeTu2b,2,2,0,0,4,4,0,0
Y4,H1,2,2,0,0,4,4,0,0
Tm3,Dm3p,2,2,0,0,4,4,0,0
Tm33,Sm30,2,2,0,0,4,4,0,0
Li25,LC9,2,2,0,0,4,4,0,0
Li25,cM07,2,2,0,0,4,4,0,0
Li11,LC35,2,2,0,0,4,4,0,0
Tlp5,TmY9q,2,2,0,0,4,4,0,0
Sm30,Sm40,2,2,0,0,4,4,0,0
Y1,LPi06,1,1,0,0,4,4,0,0
Sm03,MTe28,2,2,0,0,4,4,0,0
Tm5e,Sm20,2,2,0,0,4,4,0,0
Tlp1,LPi03,2,2,0,0,4,4,0,0
T4a,LPTe01,1,1,0,0,4,4,0,0
LMa4,LPC2,2,2,0,0,4,4,0,0
TmY16,CB0592,2,2,0,0,4,4,0,0
Sm16,Sm42,2,2,0,0,4,4,0,0
Sm34,Pm05,1,1,0,0,4,4,0,0
Dm4,TmY4,2,2,0,0,4,4,0,0
LPi08,LPT51,2,2,0,0,4,4,0,0
Li17,LCe06,2,2,0,0,4,4,0,0
T4a,LC13,2,2,0,0,4,4,0,0
Tm5b,L5,2,2,0,0,4,4,0,0
LPi10,VS2,2,2,0,0,4,4,0,0
LPi10,LPT45_dCal1,1,1,0,0,4,4,0,0
Y3,Sm12,2,2,0,0,4,4,0,0
Sm10,Sm02,2,2,0,0,4,4,0,0
Sm10,Sm10,2,2,0,0,4,4,0,0
Y4,cLLPM01,2,2,0,0,4,4,0,0
Sm19,Sm19,1,1,0,0,4,4,0,0
Li26,T3,2,2,0,0,4,4,0,0
Li26,TmY11,2,2,0,0,4,4,0,0
Li26,LTe12,1,1,0,0,4,4,0,0
Sm42,Tlp4,1,1,0,0,4,4,0,0
Sm42,Sm23,2,2,0,0,4,4,0,0
Sm42,Mi9,1,1,0,0,4,4,0,0
Sm42,TmY15,2,2,0,0,4,4,0,0
MLt4,MLt4,2,2,0,0,4,4,0,0
TmY4,LMt1,2,2,0,0,4,4,0,0
Tm7,LCe06,2,2,0,0,4,4,0,0
Pm02,MLt1,2,2,0,0,4,4,0,0
T2,Tm7,2,2,0,0,4,4,0,0
Li05,LTe01,1,1,0,0,4,4,0,0
Tm7,MLt1,2,2,0,0,4,4,0,0
Sm07,Sm29,2,2,0,0,4,4,0,0
Tm9,Dm13,2,2,0,0,4,4,0,0
Tm5f,LT1d,2,2,0,0,4,4,0,0
Y3,Lat,2,2,0,0,4,4,0,0
Sm04,Tm34,1,1,0,0,4,4,0,0
MLt6,MTe14,2,2,0,0,4,4,0,0
Sm34,MeTu3a,2,2,0,0,4,4,0,0
Sm34,Sm23,2,2,0,0,4,4,0,0
MLt1,LTe57,2,2,0,0,4,4,0,0
MLt1,LTe11,2,2,0,0,4,4,0,0
MLt7,LTe49e,2,2,0,0,4,4,0,0
Li12,LTe11,2,2,0,0,4,4,0,0
TmY9q,L3,2,2,0,0,4,4,0,0
Tm37,LTe74,2,2,0,0,4,4,0,0
TmY10,Sm03,2,2,0,0,4,4,0,0
TmY10,CB3790,2,2,0,0,4,4,0,0
LMa1,Pm10,2,2,0,0,4,4,0,0
Tm20,CB0816,2,2,0,0,4,4,0,0
Sm02,aMe19b,1,1,0,0,4,4,0,0
Li01,LC31a,2,2,0,0,4,4,0,0
Tm5c,MTe26,2,2,0,0,4,4,0,0
Pm08,MTe34,1,1,0,0,4,4,0,0
LMt3,cML01,2,2,0,0,4,4,0,0
Tm5f,Sm07,2,2,0,0,4,4,0,0
Mi10,AVLP534,2,2,0,0,4,4,0,0
Mi10,Pm01,2,2,0,0,4,4,0,0
TmY20,Sm09,2,2,0,0,4,4,0,0
Tm5e,LTe75,2,2,0,0,4,4,0,0
LMa4,Dm16,2,2,0,0,4,4,0,0
Tm5b,Sm14,2,2,0,0,4,4,0,0
TmY9q⊥,T5c,2,2,0,0,4,4,0,0
LPi07,TmY10,2,2,0,0,4,4,0,0
TmY15,LT77,2,2,0,0,4,4,0,0
Mi13,Dm9,2,2,0,0,4,4,0,0
LMa4,LPi08,2,2,0,0,4,4,0,0
TmY11,cL17,2,2,0,0,4,4,0,0
Li08,Tm8b,2,2,0,0,4,4,0,0
Mi2,Dm8b,1,1,0,0,4,4,0,0
LPi06,LPi07,2,2,0,0,4,4,0,0
TmY20,LTe65,2,2,0,0,4,4,0,0
Sm10,Sm11,2,2,0,0,4,4,0,0
TmY15,LT1d,2,2,0,0,4,4,0,0
Li04,LC41,1,1,0,0,4,4,0,0
Li03,TmY31,2,2,0,0,4,4,0,0
TmY5a,HSS,2,2,0,0,4,4,0,0
Sm32,aMe17c,2,2,0,0,4,4,0,0
Li01,LTe01,2,2,0,0,4,4,0,0
T5a,LLPt,2,2,0,0,4,4,0,0
LMa4,cL07,2,2,0,0,4,4,0,0
TmY16,VS5,1,1,0,0,4,4,0,0
LMa4,TmY10,2,2,0,0,4,4,0,0
LMa4,LC28a,1,1,0,0,4,4,0,0
Tm32,LTe43,2,2,0,0,4,4,0,0
Sm01,Sm34,2,2,0,0,4,4,0,0
LPi06,cLLP02,2,2,0,0,4,4,0,0
TmY16,Tm16,2,2,0,0,4,4,0,0
Sm16,aMe5,2,2,0,0,4,4,0,0
Sm02,Y3,2,2,0,0,4,4,0,0
Y11,Tm8a,2,2,0,0,4,4,0,0
Y11,LTe01,2,2,0,0,4,4,0,0
Sm08,Sm26,2,2,0,0,4,4,0,0
Mi2,MeLp1,2,2,0,0,4,4,0,0
Tlp4,CB3089,1,1,0,0,4,4,0,0
Y11,LC31b,2,2,0,0,4,4,0,0
Tm35,AOTU026,2,2,0,0,4,4,0,0
Tm5b,Tm21,2,2,0,0,4,4,0,0
Tm5b,LC18,2,2,0,0,4,4,0,0
Tm5b,Li25,1,1,0,0,4,4,0,0
LMt2,MTe18,2,2,0,0,4,4,0,0
Dm3p,Tm5d,2,2,0,0,4,4,0,0
Tm8a,LCe04,2,2,0,0,4,4,0,0
L4,MTe42,1,1,0,0,4,4,0,0
T2a,Sm41,2,2,0,0,4,4,0,0
Li16,LLPC3,2,2,0,0,4,4,0,0
MLt5,LC34,2,2,0,0,4,4,0,0
Li02,Tm5c,2,2,0,0,4,4,0,0
T2a,LC39,2,2,0,0,4,4,0,0
Li01,5-HTPMPV03,2,2,0,0,4,4,0,0
Li23,CB0472,1,1,0,0,4,4,0,0
Dm9,Tm31,2,2,0,0,4,4,0,0
Pm09,Dm2,1,1,0,0,4,4,0,0
Tm4,LT84,2,2,0,0,4,4,0,0
Sm18,Sm10,2,2,0,0,4,4,0,0
Sm16,Mi4,2,2,0,0,4,4,0,0
Tm5c,CB0566,2,2,0,0,4,4,0,0
LMa5,cML01,2,2,0,0,4,4,0,0
Y4,LPT04_HST,2,2,0,0,4,4,0,0
Tm32,LCe07,2,2,0,0,4,4,0,0
T4b,LPT45_dCal1,2,2,0,0,4,4,0,0
Li06,LT69,1,1,0,0,4,4,0,0
LPi07,Nod2,2,2,0,0,4,4,0,0
Li03,LT39,2,2,0,0,4,4,0,0
Tm16,cL11,2,2,0,0,4,4,0,0
Tm8a,LC6,2,2,0,0,4,4,0,0
T2a,AVLP534,2,2,0,0,4,4,0,0
Sm30,MLt2,2,2,0,0,4,4,0,0
Sm30,Tm5d,2,2,0,0,4,4,0,0
Tm5c,OA-AL2i4,2,2,0,0,4,4,0,0
TmY9q,LT77,2,2,0,0,4,4,0,0
Y3,LT38,2,2,0,0,4,4,0,0
Tm5c,LMt4,2,2,0,0,4,4,0,0
Tm21,cM07,2,2,0,0,4,4,0,0
Y12,CT1,2,2,0,0,4,4,0,0
Tm35,LC14a1,2,2,0,0,4,4,0,0
TmY5a,cL09,2,2,0,0,4,4,0,0
MLt5,Sm19,2,2,0,0,4,4,0,0
PDt,Sm09,2,2,0,0,4,4,0,0
Sm08,MTe31,2,2,0,0,4,4,0,0
Tm27,Sm10,2,2,0,0,4,4,0,0
Mi10,MTe24,2,2,0,0,4,4,0,0
Li05,LT74,2,2,0,0,4,4,0,0
Sm02,LMa5,1,1,0,0,4,4,0,0
Tm5c,cL17,2,2,0,0,4,4,0,0
MLt6,cL17,2,2,0,0,4,4,0,0
Li10,LTe72,2,2,0,0,4,4,0,0
TmY11,LTe24,1,1,0,0,4,4,0,0
Tm21,LPT31,2,2,0,0,4,4,0,0
Dm9,Dm1,2,2,0,0,4,4,0,0
LPi07,cLP01,2,2,0,0,4,4,0,0
TmY10,LCe03,2,2,0,0,4,4,0,0
Pm04,DNc02,2,2,0,0,4,4,0,0
MLt3,LTe08,2,2,0,0,4,4,0,0
Tlp4,cLP05,2,2,0,0,4,4,0,0
Tlp5,LPi06,2,2,0,0,4,4,0,0
TmY20,Mi1,1,1,0,0,4,4,0,0
LPi05,VSm,2,2,0,0,4,4,0,0
TmY3,LPTe02,2,2,0,0,4,4,0,0
Dm20,Tm25,2,2,0,0,4,4,0,0
Dm1,Dm14,2,2,0,0,4,4,0,0
LPi06,LPi03,2,2,0,0,4,4,0,0
Pm07,DNp30,2,2,0,0,4,4,0,0
LPi08,VS5,2,2,0,0,4,4,0,0
TmY5a,cLM01,2,2,0,0,4,4,0,0
T2,Tm34,2,2,0,0,4,4,0,0
LMt4,DNp30,1,1,0,0,4,4,0,0
LMa5,Tm35,2,2,0,0,4,4,0,0
Tm1,DNc02,2,2,0,0,4,4,0,0
Tm31,Mi2,2,2,0,0,4,4,0,0
Tm31,Tm9,1,1,0,0,4,4,0,0
MLt6,Li08,2,2,0,0,4,4,0,0
MLt6,Mi10,2,2,0,0,4,4,0,0
Tm7,Sm21,2,2,0,0,4,4,0,0
Dm9,LC14b,2,2,0,0,4,4,0,0
TmY15,Tm36,2,2,0,0,4,4,0,0
Pm07,Y4,2,2,0,0,4,4,0,0
MLt4,MTe41,2,2,0,0,4,4,0,0
LMa3,Tm5c,2,2,0,0,4,4,0,0
Tm21,MTe39,2,2,0,0,4,4,0,0
Mi9,cM05,2,2,0,0,4,4,0,0
Tm20,cLM01,2,2,0,0,4,4,0,0
Tm35,MeTu4b,2,2,0,0,4,4,0,0
Li01,LC12,2,2,0,0,4,4,0,0
Tm7,LTe58,2,2,0,0,4,4,0,0
Tm36,Sm07,2,2,0,0,4,4,0,0
Pm10,Tm5b,2,2,0,0,4,4,0,0
TmY5a,VST2,2,2,0,0,4,4,0,0
Tm37,Mi10,2,2,0,0,4,4,0,0
Mi13,Tm5e,2,2,0,0,4,4,0,0
MLt6,Sm16,2,2,0,0,4,4,0,0
Sm17,Sm35,2,2,0,0,4,4,0,0
Tm5b,LLPC3,2,2,0,0,4,4,0,0
MLt4,MTe02,2,2,0,0,4,4,0,0
Pm04,Tm7,1,1,0,0,4,4,0,0
TmY20,LPT04_HST,2,2,0,0,4,4,0,0
T5b,Tm7,2,2,0,0,4,4,0,0
Li01,LC45,2,2,0,0,4,4,0,0
L3,l-LNv,2,2,0,0,4,4,0,0
Tm8a,AOTU026,2,2,0,0,4,4,0,0
Tm37,MLt2,2,2,0,0,4,4,0,0
Li13,LC36,2,2,0,0,4,4,0,0
Li02,mALC5,2,2,0,0,4,4,0,0
Y12,LT33,2,2,0,0,4,4,0,0
Dm11,Sm09,1,1,0,0,4,4,0,0
Mi2,LT61b,1,1,0,0,4,4,0,0
Mi2,LMt1,2,2,0,0,4,4,0,0
Sm01,TmY9q,2,2,0,0,4,4,0,0
T4c,Tm21,2,2,0,0,4,4,0,0
T4c,LMa1,2,2,0,0,4,4,0,0
Sm41,MLt1,2,2,0,0,4,4,0,0
Sm41,Sm22,2,2,0,0,4,4,0,0
MLt6,Tm16,1,1,0,0,4,4,0,0
Li05,LT57,2,2,0,0,4,4,0,0
T2,Y1,2,2,0,0,4,4,0,0
Li10,cL15,2,2,0,0,4,4,0,0
TmY15,LPT29,1,1,0,0,4,4,0,0
LPi09,LPi03,2,2,0,0,4,4,0,0
Li05,LT61b,2,2,0,0,4,4,0,0
TmY5a,Nod3,2,2,0,0,4,4,0,0
Dm3v,MLt3,2,2,0,0,4,4,0,0
Tm5b,MTe40,2,2,0,0,4,4,0,0
MLt2,Sm05,1,1,0,0,4,4,0,0
Sm18,MLt4,2,2,0,0,4,4,0,0
L1,DNc02,2,2,0,0,4,4,0,0
Tm5c,OA-ASM1,2,2,0,0,4,4,0,0
Tm16,Sm12,2,2,0,0,4,4,0,0
Tm32,LC20b,2,2,0,0,4,4,0,0
Li27,cL14,1,1,0,0,4,4,0,0
Tm5c,LT59,2,2,0,0,4,4,0,0
Tlp1,Tm5e,2,2,0,0,4,4,0,0
Tm34,Tm4,2,2,0,0,4,4,0,0
Tm34,LT63,2,2,0,0,4,4,0,0
Tm5e,AOTU026,1,1,0,0,4,4,0,0
TmY15,Tm5a,2,2,0,0,4,4,0,0
TmY15,LPT58,2,2,0,0,4,4,0,0
TmY4,DCH,2,2,0,0,4,4,0,0
TmY3,Dm9,2,2,0,0,4,4,0,0
Y4,Mi10,2,2,0,0,4,4,0,0
Li09,LTe17,2,2,0,0,4,4,0,0
Sm13,Tm35,2,2,0,0,4,4,0,0
Sm03,LPLC2,2,2,0,0,4,4,0,0
Mi9,MTe50,2,2,0,0,4,4,0,0
MLt5,Sm21,2,2,0,0,4,4,0,0
Dm2,LC14b,2,2,0,0,4,4,0,0
Tm16,LCe05,2,2,0,0,4,4,0,0
LPi04,LLPC4,2,2,0,0,4,4,0,0
Sm12,Sm01,2,2,0,0,4,4,0,0
LPi13,OA-AL2i1,1,1,0,0,4,4,0,0
LPi13,LC13,1,1,0,0,4,4,0,0
LLPt,Nod5,2,2,0,0,4,4,0,0
Sm05,MTe47,2,2,0,0,4,4,0,0
Dm13,Mi10,2,2,0,0,4,4,0,0
Dm13,TmY9q⊥,2,2,0,0,4,4,0,0
Tm8a,Sm01,2,2,0,0,4,4,0,0
TmY20,LPT29,2,2,0,0,4,4,0,0
Tm2,MeTu3c,2,2,0,0,4,4,0,0
Pm07,Tm16,2,2,0,0,4,4,0,0
Pm04,MTe13,1,1,0,0,4,4,0,0
TmY31,aMe17c,2,2,0,0,4,4,0,0
TmY31,Sm34,2,2,0,0,4,4,0,0
Sm38,Sm14,2,2,0,0,4,4,0,0
Sm38,aMe26,2,2,0,0,4,4,0,0
Sm38,Sm32,2,2,0,0,4,4,0,0
Sm38,MTe24,2,2,0,0,4,4,0,0
C3,Tm7,2,2,0,0,4,4,0,0
LMa3,Tlp4,2,2,0,0,4,4,0,0
Sm31,Sm20,2,2,0,0,4,4,0,0
Tm16,mALD1,2,2,0,0,4,4,0,0
Li15,LT61a,2,2,0,0,4,4,0,0
Tm4,cL08,2,2,0,0,4,4,0,0
Li01,Li03,2,2,0,0,4,4,0,0
TmY4,T4a,2,2,0,0,4,4,0,0
TmY10,Dm4,2,2,0,0,4,4,0,0
Li09,LT55,2,2,0,0,4,4,0,0
Y4,PDt,2,2,0,0,4,4,0,0
LMt4,Y1,1,1,0,0,4,4,0,0
Y3,MTe41,2,2,0,0,4,4,0,0
Dm3q,MTe50,2,2,0,0,4,4,0,0
Sm12,Tm9,2,2,0,0,4,4,0,0
Sm33,LPLC2,1,1,0,0,4,4,0,0
Sm12,TmY14,2,2,0,0,4,4,0,0
R7,Sm32,2,2,0,0,4,4,0,0
LMt2,Mi1,2,2,0,0,4,4,0,0
Sm07,aMe12,2,2,0,0,4,4,0,0
Tm31,LCe05,1,1,0,0,4,4,0,0
TmY11,LC19,2,2,0,0,4,4,0,0
LPi04,cLP02,2,2,0,0,4,4,0,0
Tm37,LT39,2,2,0,0,4,4,0,0
Tm7,MLt4,2,2,0,0,4,4,0,0
Sm27,MTe28,2,2,0,0,4,4,0,0
Sm27,MTe14,1,1,0,0,4,4,0,0
LPi07,LPT26,2,2,0,0,4,4,0,0
Sm28,Dm8b,2,2,0,0,4,4,0,0
Sm28,Sm38,2,2,0,0,4,4,0,0
Y3,LTe55,2,2,0,0,4,4,0,0
TmY11,Sm12,2,2,0,0,4,4,0,0
TmY11,Sm01,1,1,0,0,4,4,0,0
Tm34,cL16,2,2,0,0,4,4,0,0
Sm23,Y11,2,2,0,0,4,4,0,0
Sm16,Sm01,1,1,0,0,4,4,0,0
Tm25,T4c,2,2,0,0,4,4,0,0
LMa1,Li11,2,2,0,0,4,4,0,0
Tm16,LT87,2,2,0,0,4,4,0,0
Pm09,cM15,2,2,0,0,4,4,0,0
Li07,LT81,2,2,0,0,4,4,0,0
Tm20,MLt3,2,2,0,0,4,4,0,0
Sm07,LPT54,2,2,0,0,4,4,0,0
TmY9q⊥,Li24,2,2,0,0,4,4,0,0
T1,Mi14,2,2,0,0,4,4,0,0
L5,LC14b,1,1,0,0,4,4,0,0
Sm27,Mi4,2,2,0,0,4,4,0,0
TmY16,L2,1,1,0,0,4,4,0,0
T4c,Y4,2,2,0,0,4,4,0,0
Sm01,aMe12,2,2,0,0,4,4,0,0
Tm37,LT87,2,2,0,0,4,4,0,0
Y1,LPi08,2,2,0,0,4,4,0,0
Pm04,MLt2,2,2,0,0,4,4,0,0
Tm8a,Sm03,1,1,0,0,4,4,0,0
Dm13,Dm8a,2,2,0,0,4,4,0,0
T3,LTe12,2,2,0,0,4,4,0,0
TmY11,aMe17c,2,2,0,0,4,4,0,0
Li04,LT53,2,2,0,0,4,4,0,0
Pm12,LMt3,2,2,0,0,4,4,0,0
LMa2,Li01,2,2,0,0,4,4,0,0
Pm10,Tm5a,2,2,0,0,4,4,0,0
Sm18,Mi4,2,2,0,0,4,4,0,0
Tm21,LC39,2,2,0,0,4,4,0,0
Li26,Tm1,2,2,0,0,4,4,0,0
Sm20,MeTu4a,1,1,0,0,4,4,0,0
MLt2,aMe4,2,2,0,0,4,4,0,0
Sm15,MTe24,2,2,0,0,4,4,0,0
Li13,cL06,2,2,0,0,4,4,0,0
Y1,Li13,2,2,0,0,4,4,0,0
Tm5e,MTe52,2,2,0,0,4,4,0,0
LMa5,LC14a2,1,1,0,0,4,4,0,0
LLPt,VS2,2,2,0,0,4,4,0,0
LMt3,Sm42,2,2,0,0,4,4,0,0
Tm36,TmY9q,2,2,0,0,4,4,0,0
Y1,cLLPM01,2,2,0,0,4,4,0,0
Dm16,Tm9,2,2,0,0,4,4,0,0
L1,Sm26,2,2,0,0,4,4,0,0
Tm5c,cLPL01,2,2,0,0,4,4,0,0
Y1,H1,2,2,0,0,4,4,0,0
Sm10,Dm10,2,2,0,0,4,4,0,0
Sm10,aMe19b,2,2,0,0,4,4,0,0
Sm40,Dm12,2,2,0,0,4,4,0,0
Sm40,Pm10,2,2,0,0,4,4,0,0
Sm40,Tm21,2,2,0,0,4,4,0,0
Sm40,aMe10,1,1,0,0,4,4,0,0
Sm40,MeMe_e09,2,2,0,0,4,4,0,0
Tm5b,Sm27,2,2,0,0,4,4,0,0
T5a,VST1,2,2,0,0,4,4,0,0
Tm21,T1,2,2,0,0,4,4,0,0
Li11,Tm8b,2,2,0,0,4,4,0,0
TmY10,CB0592,2,2,0,0,4,4,0,0
TmY10,Sm10,2,2,0,0,4,4,0,0
Y1,LT40,2,2,0,0,4,4,0,0
Y12,LC31b,2,2,0,0,4,4,0,0
TmY9q,LTe37,1,1,0,0,4,4,0,0
LPi05,LPT48_vCal3,2,2,0,0,4,4,0,0
TmY9q⊥,LTe55,2,2,0,0,4,4,0,0
TmY31,HSS,2,2,0,0,4,4,0,0
MLt5,CB0592,1,1,0,0,4,4,0,0
LMa1,LC10b,2,2,0,0,4,4,0,0
Tm32,MTe46,2,2,0,0,4,4,0,0
Dm10,LMa5,1,1,0,0,4,4,0,0
Sm08,Tm33,2,2,0,0,4,4,0,0
Y3,cL08,2,2,0,0,4,4,0,0
Tm9,Li21,1,1,0,0,4,4,0,0
Dm8a,MTe19,2,2,0,0,4,4,0,0
Tm32,LTe49e,2,2,0,0,4,4,0,0
TmY31,cL15,2,2,0,0,4,4,0,0
Li16,Li33,2,2,0,0,4,4,0,0
Li09,cL16,2,2,0,0,4,4,0,0
Mi4,MeMe_e05,2,2,0,0,4,4,0,0
Tm5f,cM16,2,2,0,0,4,4,0,0
Dm12,TmY9q,2,2,0,0,4,4,0,0
Li10,OA-ASM1,2,2,0,0,4,4,0,0
Y12,cMLLP02,2,2,0,0,4,4,0,0
Pm06,Dm20,2,2,0,0,4,4,0,0
TmY4,LC31b,2,2,0,0,4,4,0,0
Sm14,Sm41,1,1,0,0,4,4,0,0
Li07,Li17,2,2,0,0,4,4,0,0
Tm3,L3,2,2,0,0,4,4,0,0
TmY10,L4,2,2,0,0,4,4,0,0
Sm33,Sm32,1,1,0,0,4,4,0,0
Pm14,Sm04,1,1,0,0,4,4,0,0
Pm14,Sm10,2,2,0,0,4,4,0,0
Pm14,Sm23,1,1,0,0,4,4,0,0
Pm14,Mi9,2,2,0,0,4,4,0,0
Pm14,MTe44,1,1,0,0,4,4,0,0
Sm07,Y3,2,2,0,0,4,4,0,0
Sm24,cM08b,2,2,0,0,4,4,0,0
Dm15,TmY4,2,2,0,0,4,4,0,0
TmY31,Lawf1,1,1,0,0,4,4,0,0
Li01,LCe05,2,2,0,0,4,4,0,0
TmY11,LT61b,2,2,0,0,4,4,0,0
Li09,Tm7,2,2,0,0,4,4,0,0
Li09,LTe05,2,2,0,0,4,4,0,0
Li09,LTe42b,2,2,0,0,4,4,0,0
Sm23,Tm8a,2,2,0,0,4,4,0,0
Sm23,Sm29,2,2,0,0,4,4,0,0
T2,CT1,2,2,0,0,4,4,0,0
Pm14,LPi05,2,2,0,0,4,4,0,0
Pm14,HSE,1,1,0,0,4,4,0,0
Pm14,aMe9,1,1,0,0,4,4,0,0
LMa5,DNp30,2,2,0,0,4,4,0,0
Tm8a,MLt5,2,2,0,0,4,4,0,0
LMt3,LMt2,2,2,0,0,4,4,0,0
TmY3,LC31c,2,2,0,0,4,4,0,0
LPi08,LPT52,2,2,0,0,4,4,0,0
Tm36,Mi13,2,2,0,0,4,4,0,0
Tm20,L3,2,2,0,0,4,4,0,0
Tm5e,MeTu3a,2,2,0,0,4,4,0,0
TmY14,Tm33,1,1,0,0,4,4,0,0
MLt7,LTe02,2,2,0,0,4,4,0,0
Dm17,Lawf1,2,2,0,0,4,4,0,0
Li13,LC27,2,2,0,0,4,4,0,0
Li13,LTe09,2,2,0,0,4,4,0,0
Tm2,LPi07,1,1,0,0,4,4,0,0
Tm2,LPC2,1,1,0,0,4,4,0,0
Tm20,Dm18,2,2,0,0,4,4,0,0
Dm9,Sm27,2,2,0,0,4,4,0,0
Tm1,LPi07,2,2,0,0,4,4,0,0
Tm5d,LCe03,2,2,0,0,4,4,0,0
Tm7,PLP155,2,2,0,0,4,4,0,0
Li02,Tm16,2,2,0,0,4,4,0,0
T4a,MeMe_e08,2,2,0,0,4,4,0,0
LPi05,LLPC4,1,1,0,0,4,4,0,0
LPi05,LPi09,2,2,0,0,4,4,0,0
Mi13,MeTu4a,2,2,0,0,4,4,0,0
Tm33,aMe5,2,2,0,0,4,4,0,0
TmY9q⊥,LPT45_dCal1,2,2,0,0,4,4,0,0
MLt7,LTe09,2,2,0,0,4,4,0,0
Sm36,aMe5,2,2,0,0,4,4,0,0
Sm36,Sm10,2,2,0,0,4,4,0,0
Sm36,MeTu4c,2,2,0,0,4,4,0,0
TmY11,HSS,2,2,0,0,4,4,0,0
LMa2,Tm35,2,2,0,0,4,4,0,0
Tm3,Sm09,2,2,0,0,4,4,0,0
MLt1,LC10f,2,2,0,0,4,4,0,0
Li10,Mi2,1,1,0,0,4,4,0,0
Tlp14,H1,2,2,0,0,4,4,0,0
Sm09,MTe36,2,2,0,0,4,4,0,0
Tm27,TmY10,2,2,0,0,4,4,0,0
Mi2,AVLP534,2,2,0,0,4,4,0,0
T2a,Nod5,2,2,0,0,4,4,0,0
Tm27,LCe04,2,2,0,0,4,4,0,0
C3,aMe17c,2,2,0,0,4,4,0,0
Tm25,LT39,2,2,0,0,4,4,0,0
Li05,LTe57,1,1,0,0,4,4,0,0
Li05,LTe35,1,1,0,0,4,4,0,0
Li05,cM08a,1,1,0,0,4,4,0,0
Tlp4,Li27,1,1,0,0,4,4,0,0
Y11,LC10b,2,2,0,0,4,4,0,0
Dm3p,Tm33,1,1,0,0,4,4,0,0
Tm16,AOTU026,1,1,0,0,4,4,0,0
Li10,LTe20,2,2,0,0,4,4,0,0
Li10,LT1a,1,1,0,0,4,4,0,0
MLt7,CB0816,2,2,0,0,4,4,0,0
Sm14,MTe28,2,2,0,0,4,4,0,0
Li04,LTe13,2,2,0,0,4,4,0,0
Pm04,MTe02,2,2,0,0,4,4,0,0
Sm10,Sm38,2,2,0,0,4,4,0,0
Sm11,Sm15,2,2,0,0,4,4,0,0
Sm11,Tm32,1,1,0,0,4,4,0,0
Tm5c,LTe51,2,2,0,0,4,4,0,0
T4b,OA-AL2i2,2,2,0,0,4,4,0,0
Sm06,Sm10,2,2,0,0,4,4,0,0
Li08,LT81,2,2,0,0,4,4,0,0
Dm15,Tm7,2,2,0,0,4,4,0,0
Li12,LTe38b,2,2,0,0,4,4,0,0
LMa4,CB0592,2,2,0,0,4,4,0,0
Lai,Sm15,1,1,0,0,4,4,0,0
Y12,AVLP151,2,2,0,0,4,4,0,0
TmY11,LT69,2,2,0,0,4,4,0,0
Pm06,Tm35,1,1,0,0,4,4,0,0
Tm3,cM07,2,2,0,0,4,4,0,0
Li01,Li07,2,2,0,0,4,4,0,0
T4d,MeMe_e07,2,2,0,0,4,4,0,0
Sm08,MeTu4b,1,1,0,0,4,4,0,0
TmY15,LPi14,2,2,0,0,4,4,0,0
Tlp1,LT61b,2,2,0,0,4,4,0,0
MLt5,LC39,2,2,0,0,4,4,0,0
Dm8b,MTe06,2,2,0,0,4,4,0,0
T2a,cL02b,2,2,0,0,4,4,0,0
Li13,LCe08,2,2,0,0,4,4,0,0
MLt8,LCe09,2,2,0,0,4,4,0,0
MLt8,LT58,2,2,0,0,4,4,0,0
MLt8,Tm34,2,2,0,0,4,4,0,0
MLt8,Sm31,2,2,0,0,4,4,0,0
TmY31,cL02a,2,2,0,0,4,4,0,0
TmY11,Am1,2,2,0,0,4,4,0,0
TmY31,DCH,2,2,0,0,4,4,0,0
Tm25,LC35,2,2,0,0,4,4,0,0
TmY16,Li26,2,2,0,0,4,4,0,0
TmY5a,Li07,1,1,0,0,4,4,0,0
TmY9q⊥,Li31,2,2,0,0,4,4,0,0
CT1,LT83,1,1,0,0,4,4,0,0
CT1,MTe50,2,2,0,0,4,4,0,0
CT1,Tlp14,1,1,0,0,4,4,0,0
Tm9,Tm33,2,2,0,0,4,4,0,0
MLt2,LC14b,2,2,0,0,4,4,0,0
Tlp5,Tm36,2,2,0,0,4,4,0,0
Li13,LMt3,2,2,0,0,4,4,0,0
Li13,LC33a,2,2,0,0,4,4,0,0
Y1,MTe52,2,2,0,0,4,4,0,0
Li28,MeTu3c,2,2,0,0,4,4,0,0
Li28,LTe42a,1,1,0,0,4,4,0,0
Li28,LC14a2,2,2,0,0,4,4,0,0
Li28,LC10e,2,2,0,0,4,4,0,0
Dm12,Sm11,1,1,0,0,4,4,0,0
Tm5d,LMa1,1,1,0,0,4,4,0,0
Li04,LTe02,1,1,0,0,4,4,0,0
LPi07,LPT51,2,2,0,0,4,4,0,0
Li33,LTe51,1,1,0,0,4,4,0,0
Li33,LTe49a,1,1,0,0,4,4,0,0
TmY14,Tm5f,2,2,0,0,4,4,0,0
T2a,L1,2,2,0,0,4,4,0,0
Dm3v,MLt1,2,2,0,0,4,4,0,0
Dm10,MTe16,2,2,0,0,4,4,0,0
LMa3,Li30,1,1,0,0,4,4,0,0
MLt4,Li12,2,2,0,0,4,4,0,0
LPi04,TmY10,2,2,0,0,4,4,0,0
Sm07,5-HTPMPV03,2,2,0,0,4,4,0,0
Tm37,Dm9,1,1,0,0,4,4,0,0
Tm37,Dm2,2,2,0,0,4,4,0,0
R8,MLt5,1,1,0,0,4,4,0,0
Tm5b,Sm35,2,2,0,0,4,4,0,0
Sm39,Sm10,2,2,0,0,4,4,0,0
Sm39,PDt,2,2,0,0,4,4,0,0
Sm31,MTe03,2,2,0,0,4,4,0,0
TmY20,cLP01,2,2,0,0,4,4,0,0
Li13,LT36,2,2,0,0,4,4,0,0
Tm9,Mi14,2,2,0,0,4,4,0,0
Tm7,MTe43,2,2,0,0,4,4,0,0
R8,Dm3v,1,1,0,0,4,4,0,0
Tlp1,LC14a2,2,2,0,0,4,4,0,0
Sm15,AVLP534,2,2,0,0,4,4,0,0
Tm37,MeTu3c,1,1,0,0,4,4,0,0
Am1,C2,2,2,0,0,4,4,0,0
Am1,Li17,2,2,0,0,4,4,0,0
Y11,LCe06,2,2,0,0,4,4,0,0
Lat,LatB,1,1,0,0,4,4,0,0
Sm05,Sm39,2,2,0,0,4,4,0,0
Li10,cL20,1,1,0,0,4,4,0,0
Li10,LT43,2,2,0,0,4,4,0,0
Sm15,TmY3,1,1,0,0,4,4,0,0
TmY31,LT56,2,2,0,0,4,4,0,0
LPi05,LPT50,2,2,0,0,4,4,0,0
Pm02,Pm13,2,2,0,0,4,4,0,0
TmY20,Nod3,2,2,0,0,4,4,0,0
Sm40,Mi1,2,2,0,0,4,4,0,0
Sm12,Sm21,1,1,0,0,4,4,0,0
Sm12,aMe19a,1,1,0,0,4,4,0,0
Sm35,AVLP534,1,1,0,0,4,4,0,0
Sm35,Tm35,2,2,0,0,4,4,0,0
Lawf2,LMa4,1,1,0,0,4,4,0,0
Sm14,MTe13,2,2,0,0,4,4,0,0
Sm14,Sm39,1,1,0,0,4,4,0,0
Tm34,LT56,1,1,0,0,4,4,0,0
Dm18,Mi13,2,2,0,0,4,4,0,0
LMa4,Dm13,2,2,0,0,4,4,0,0
TmY9q⊥,LTe49f,2,2,0,0,4,4,0,0
Sm08,MeTu4d,2,2,0,0,4,4,0,0
Tm5d,MTe07,2,2,0,0,4,4,0,0
Tm27,5-HTPMPV03,2,2,0,0,4,4,0,0
Sm16,Sm25,2,2,0,0,4,4,0,0
LMa5,LPLC4,1,1,0,0,4,4,0,0
LMa5,cL08,2,2,0,0,4,4,0,0
Sm33,MTe12,2,2,0,0,4,4,0,0
Li29,LT77,2,2,0,0,4,4,0,0
Li29,T2a,2,2,0,0,4,4,0,0
Li29,LT40,1,1,0,0,4,4,0,0
Li29,LC26,2,2,0,0,4,4,0,0
Li29,LPT23,1,1,0,0,4,4,0,0
TmY15,LPi03,2,2,0,0,4,4,0,0
LMa3,Tm7,2,2,0,0,4,4,0,0
LMa3,Lawf2,2,2,0,0,4,4,0,0
LMa1,LC19,2,2,0,0,4,4,0,0
Sm29,MTe50,2,2,0,0,4,4,0,0
Sm29,Sm32,2,2,0,0,4,4,0,0
Lat,Tm8a,2,2,0,0,4,4,0,0
Tm8a,Sm35,1,1,0,0,4,4,0,0
Pm04,MLt3,2,2,0,0,4,4,0,0
Tlp4,OA-AL2i1,1,1,0,0,4,4,0,0
Dm3q,Dm8a,2,2,0,0,4,4,0,0
Dm3q,T2,1,1,0,0,4,4,0,0
Sm05,MeMe_e03,2,2,0,0,4,4,0,0
LMa3,cML01,2,2,0,0,4,4,0,0
Sm26,Sm21,2,2,0,0,4,4,0,0
T2a,Tm32,2,2,0,0,4,4,0,0
Tm7,C2,2,2,0,0,4,4,0,0
Li02,Li24,1,1,0,0,4,4,0,0
Sm06,MTe09,2,2,0,0,4,4,0,0
Tm4,T4d,2,2,0,0,4,4,0,0
Dm16,TmY11,2,2,0,0,4,4,0,0
MLt4,cM15,2,2,0,0,4,4,0,0
Tm33,Sm29,2,2,0,0,4,4,0,0
Y11,LPi12,2,2,0,0,4,4,0,0
TmY31,cMLLP02,1,1,0,0,4,4,0,0
TmY4,LTe20,1,1,0,0,4,4,0,0
Li03,LT84,2,2,0,0,4,4,0,0
Tm5d,cM15,1,1,0,0,4,4,0,0
Sm06,Sm39,2,2,0,0,4,4,0,0
C2,MTe01b,1,1,0,0,4,4,0,0
TmY16,MTe27,2,2,0,0,4,4,0,0
Y1,MeTu4a,2,2,0,0,4,4,0,0
Dm9,TmY11,1,1,0,0,4,4,0,0
Tm1,LC12,2,2,0,0,4,4,0,0
Tm20,MTe45,2,2,0,0,4,4,0,0
Sm03,MeTu4b,2,2,0,0,4,4,0,0
Li01,LTe17,2,2,0,0,4,4,0,0
Tm36,LC26,2,2,0,0,4,4,0,0
Tm27,cL16,1,1,0,0,4,4,0,0
Tm20,LLPC3,1,1,0,0,4,4,0,0
Tm20,LLPC2,1,1,0,0,4,4,0,0
T4a,LC10a,2,2,0,0,4,4,0,0
Dm17,Dm20,2,2,0,0,4,4,0,0
LPi05,TmY3,2,2,0,0,4,4,0,0
LPi05,VS1,1,1,0,0,4,4,0,0
Y11,LCe07,2,2,0,0,4,4,0,0
Tlp14,LMa2,1,1,0,0,4,4,0,0
Tm37,LT70,2,2,0,0,4,4,0,0
TmY9q⊥,LPT50,2,2,0,0,4,4,0,0
TmY31,Dm8b,1,1,0,0,4,4,0,0
Li20,Tm34,2,2,0,0,4,4,0,0
LPi14,TmY10,1,1,0,0,4,4,0,0
LPi14,MeMe_e07,1,1,0,0,4,4,0,0
Tlp14,TmY20,2,2,0,0,4,4,0,0
MLt8,LC10f,2,2,0,0,4,4,0,0
Li04,LTe01,2,2,0,0,4,4,0,0
Dm3q,Tm5d,2,2,0,0,4,4,0,0
Tm31,LMt3,2,2,0,0,4,4,0,0
Mi4,Tm35,2,2,0,0,4,4,0,0
Li28,LTe59,1,1,0,0,4,4,0,0
Sm28,Sm21,1,1,0,0,4,4,0,0
Li04,LC14a2,1,1,0,0,4,4,0,0
Sm24,MTe04,2,2,0,0,4,4,0,0
T5b,Li17,2,2,0,0,4,4,0,0
Dm11,Tm4,2,2,0,0,4,4,0,0
Li11,LC39,2,2,0,0,4,4,0,0
Sm31,MeTu4c,1,1,0,0,4,4,0,0
MLt8,Y3,1,1,0,0,4,4,0,0
Tm5d,aMe19b,2,2,0,0,4,4,0,0
R8,DmDRA1,1,1,0,0,4,4,0,0
Mi14,Dm2,2,2,0,0,4,4,0,0
Tlp5,Li27,2,2,0,0,4,4,0,0
Li21,LPT31,1,1,0,0,4,4,0,0
Dm15,L3,1,1,0,0,4,4,0,0
Lawf2,LMa2,2,2,0,0,4,4,0,0
Sm12,MeMe_e05,2,2,0,0,4,4,0,0
Sm35,Tm5e,2,2,0,0,4,4,0,0
Lawf2,Dm15,1,1,0,0,4,4,0,0
Lawf2,Dm17,1,1,0,0,4,4,0,0
Dm16,LC31b,2,2,0,0,4,4,0,0
Sm06,Y11,1,1,0,0,4,4,0,0
Tm3,Nod3,1,1,0,0,4,4,0,0
Tm5d,MTe30,2,2,0,0,4,4,0,0
Dm17,Dm9,2,2,0,0,4,4,0,0
LPi09,LPT58,2,2,0,0,4,4,0,0
Tm1,LPi02,1,1,0,0,4,4,0,0
Tm37,Sm05,2,2,0,0,4,4,0,0
Li01,LC31c,2,2,0,0,4,4,0,0
Tm37,LTe12,2,2,0,0,4,4,0,0
Dm10,MeTu1,2,2,0,0,4,4,0,0
LLPt,cL17,2,2,0,0,4,4,0,0
TmY11,cL11,1,1,0,0,4,4,0,0
Tm5e,cM08b,2,2,0,0,4,4,0,0
Li11,LT56,1,1,0,0,4,4,0,0
Tm37,Sm09,2,2,0,0,4,4,0,0
TmY31,LCe02,1,1,0,0,4,4,0,0
T2a,cM15,2,2,0,0,4,4,0,0
MLt8,cM09,2,2,0,0,4,4,0,0
DmDRA1,aMe4,1,1,0,0,4,4,0,0
Sm24,Sm41,2,2,0,0,4,4,0,0
LMt3,LTe21,1,1,0,0,4,4,0,0
LPi01,MTe28,1,1,0,0,4,4,0,0
LPi01,T3,1,1,0,0,4,4,0,0
LMa2,TmY9q,2,2,0,0,4,4,0,0
Tm5a,LT57,2,2,0,0,4,4,0,0
Y3,cM08c,1,1,0,0,4,4,0,0
Tm8a,PLP068,1,1,0,0,4,4,0,0
Li07,cL06,1,1,0,0,4,4,0,0
Li19,LMa5,2,2,0,0,4,4,0,0
Li19,mALC4,1,1,0,0,4,4,0,0
Li19,LT60,1,1,0,0,4,4,0,0
Li19,LC35,1,1,0,0,4,4,0,0
Dm11,L3,2,2,0,0,4,4,0,0
Y4,LT56,1,1,0,0,4,4,0,0
LMt4,Tm5f,2,2,0,0,4,4,0,0
Tm8a,aMe17b,2,2,0,0,4,4,0,0
Sm36,MTe12,2,2,0,0,4,4,0,0
Sm21,Tm5c,2,2,0,0,4,4,0,0
LPi11,VST2,2,2,0,0,4,4,0,0
Mi14,Pm13,1,1,0,0,4,4,0,0
Li30,Li21,1,1,0,0,4,4,0,0
Li30,Tm31,2,2,0,0,4,4,0,0
Li30,LTe27,1,1,0,0,4,4,0,0
Li30,DNp27,1,1,0,0,4,4,0,0
Li30,LT75,1,1,0,0,4,4,0,0
Li31,TmY31,2,2,0,0,4,4,0,0
MLt8,LC10d,2,2,0,0,4,4,0,0
Sm01,LT58,1,1,0,0,4,4,0,0
LMa3,T5c,2,2,0,0,4,4,0,0
TmY3,LT41,1,1,0,0,4,4,0,0
LMa5,MTe51,2,2,0,0,4,4,0,0
Sm21,LC45,2,2,0,0,4,4,0,0
Sm21,Li01,2,2,0,0,4,4,0,0
Sm21,Li33,1,1,0,0,4,4,0,0
Sm21,LTe16,1,1,0,0,4,4,0,0
TmY5a,Dm3q,2,2,0,0,4,4,0,0
C2,TmY11,1,1,0,0,4,4,0,0
Tm9,Li33,1,1,0,0,4,4,0,0
TmY9q,cM10,1,1,0,0,4,4,0,0
LPi01,HSE,1,1,0,0,4,4,0,0
MLt8,LT53,2,2,0,0,4,4,0,0
Li32,LTe52,2,2,0,0,4,4,0,0
Li32,OA-AL2i1,1,1,0,0,4,4,0,0
Li32,Tm31,1,1,0,0,4,4,0,0
Sm06,Tm25,1,1,0,0,4,4,0,0
Tm5a,AOTU026,1,1,0,0,4,4,0,0
Li16,T5a,1,1,0,0,4,4,0,0
Li06,TmY16,1,1,0,0,4,4,0,0
cLP01,T2,2,2,0,0,4,4,0,0
LC21,cLLP02,2,2,0,0,4,4,0,0
LC41,Li10,2,2,0,0,4,4,0,0
LTe31,LPLC4,1,1,0,0,4,4,0,0
LC33a,Tm32,2,2,0,0,4,4,0,0
cM12,Sm05,2,2,0,0,4,4,0,0
cM12,MeTu1,2,2,0,0,4,4,0,0
MeTu4a,LT81,2,2,0,0,4,4,0,0
LC43,LMa1,2,2,0,0,4,4,0,0
LC39,Li15,2,2,0,0,4,4,0,0
LC39,Li27,2,2,0,0,4,4,0,0
LC39,Am1,1,1,0,0,4,4,0,0
cLP03,TmY3,2,2,0,0,4,4,0,0
MTe51,Mi4,2,2,0,0,4,4,0,0
LC46,LC20a,2,2,0,0,4,4,0,0
LC20a,TmY11,2,2,0,0,4,4,0,0
LC10e,LC46,2,2,0,0,4,4,0,0
MTe01b,C2,2,2,0,0,4,4,0,0
LTe04,LC34,1,1,0,0,4,4,0,0
LT74,LMt2,1,1,0,0,4,4,0,0
LT74,LTe12,1,1,0,0,4,4,0,0
LC19,LCe03,2,2,0,0,4,4,0,0
LC19,Tm5f,2,2,0,0,4,4,0,0
LC15,LT61a,2,2,0,0,4,4,0,0
LLPC2,LMa4,2,2,0,0,4,4,0,0
MeTu4c,LTe35,2,2,0,0,4,4,0,0
LLPC3,LPT51,2,2,0,0,4,4,0,0
LC22,LT58,2,2,0,0,4,4,0,0
MeTu1,Sm32,2,2,0,0,4,4,0,0
LC31b,LMt2,2,2,0,0,4,4,0,0
LT78,LMt2,2,2,0,0,4,4,0,0
LC15,Tm25,2,2,0,0,4,4,0,0
LLPC3,LT87,1,1,0,0,4,4,0,0
cM01c,Sm06,2,2,0,0,4,4,0,0
cM01c,cM08c,1,1,0,0,4,4,0,0
cM01c,Sm19,1,1,0,0,4,4,0,0
cLM01,Li10,2,2,0,0,4,4,0,0
LLPC3,Nod5,2,2,0,0,4,4,0,0
LC18,cL08,2,2,0,0,4,4,0,0
MTe50,Sm34,2,2,0,0,4,4,0,0
cM04,aMe8,1,1,0,0,4,4,0,0
LC10d,LTe49a,1,1,0,0,4,4,0,0
LC10d,LTe49f,2,2,0,0,4,4,0,0
aMe17a1,MTe21,1,1,0,0,4,4,0,0
aMe17a1,Tm21,2,2,0,0,4,4,0,0
aMe17a1,Tm5d,2,2,0,0,4,4,0,0
aMe17a1,MTe49,1,1,0,0,4,4,0,0
aMe17a1,Tm25,2,2,0,0,4,4,0,0
LPC2,LPT31,2,2,0,0,4,4,0,0
LTe11,LTe13,1,1,0,0,4,4,0,0
MeTu3c,MeMe_e02,2,2,0,0,4,4,0,0
LTe45,LTe40,1,1,0,0,4,4,0,0
LPLC2,LC12,2,2,0,0,4,4,0,0
LT70,LC18,2,2,0,0,4,4,0,0
LC9,LT69,2,2,0,0,4,4,0,0
cL01,LTe36,2,2,0,0,4,4,0,0
LPTe01,TmY5a,2,2,0,0,4,4,0,0
PLP068,LC14b,2,2,0,0,4,4,0,0
LC28a,cL12,2,2,0,0,4,4,0,0
LC37a,TmY10,2,2,0,0,4,4,0,0
MTe51,Tm16,2,2,0,0,4,4,0,0
LC18,LC14a2,2,2,0,0,4,4,0,0
LC33a,cM08c,2,2,0,0,4,4,0,0
LC33a,LT55,2,2,0,0,4,4,0,0
LTe16,Li28,1,1,0,0,4,4,0,0
MeTu2a,Li17,2,2,0,0,4,4,0,0
LPT23,T4d,2,2,0,0,4,4,0,0
LC10a,LC21,2,2,0,0,4,4,0,0
LT52,CB0472,2,2,0,0,4,4,0,0
MTe25,MeMe_e07,2,2,0,0,4,4,0,0
MTe25,Tm32,2,2,0,0,4,4,0,0
MTe25,Sm39,1,1,0,0,4,4,0,0
MTe25,MeTu3c,2,2,0,0,4,4,0,0
MTe25,MLt2,2,2,0,0,4,4,0,0
MTe25,Sm07,2,2,0,0,4,4,0,0
OA-AL2i4,aMe25,1,1,0,0,4,4,0,0
OA-AL2i4,MTe28,1,1,0,0,4,4,0,0
cL12,Tm35,1,1,0,0,4,4,0,0
cL12,LTe13,1,1,0,0,4,4,0,0
cL12,cL16,1,1,0,0,4,4,0,0
cL12,LC10c,1,1,0,0,4,4,0,0
LC15,LT53,2,2,0,0,4,4,0,0
MTe01b,aMe3,2,2,0,0,4,4,0,0
MeTu3b,MTe05,2,2,0,0,4,4,0,0
LC31a,LTe26,1,1,0,0,4,4,0,0
LC31a,LT74,2,2,0,0,4,4,0,0
LC40,LLPt,2,2,0,0,4,4,0,0
LC21,TmY16,2,2,0,0,4,4,0,0
MTe49,TmY10,2,2,0,0,4,4,0,0
aMe26,MeTu3b,2,2,0,0,4,4,0,0
aMe26,Sm29,2,2,0,0,4,4,0,0
MeTu3a,Sm06,2,2,0,0,4,4,0,0
LPC2,Li04,2,2,0,0,4,4,0,0
LPC2,LPT22,2,2,0,0,4,4,0,0
MTe40,Sm34,2,2,0,0,4,4,0,0
MTe40,Sm32,2,2,0,0,4,4,0,0
MTe40,Sm07,1,1,0,0,4,4,0,0
MTe40,CB0592,1,1,0,0,4,4,0,0
cL09,T3,1,1,0,0,4,4,0,0
cL09,TmY15,2,2,0,0,4,4,0,0
cM05,Dm2,2,2,0,0,4,4,0,0
LPLC2,LT47,2,2,0,0,4,4,0,0
LC25,LC20a,2,2,0,0,4,4,0,0
cL21,DNg33,1,1,0,0,4,4,0,0
cL21,Li05,2,2,0,0,4,4,0,0
VS2,LPi15,1,1,0,0,4,4,0,0
PLP051,LTe54,2,2,0,0,4,4,0,0
PLP051,LC40,1,1,0,0,4,4,0,0
PLP051,LT52,2,2,0,0,4,4,0,0
LPT57,LPi01,2,2,0,0,4,4,0,0
LT57,LTe37,2,2,0,0,4,4,0,0
LLPC1,LC35,1,1,0,0,4,4,0,0
MeTu3c,DmDRA1,2,2,0,0,4,4,0,0
LC10b,LTe42b,2,2,0,0,4,4,0,0
LC10b,LC37a,2,2,0,0,4,4,0,0
cL16,LTe64,2,2,0,0,4,4,0,0
cL16,LC6,2,2,0,0,4,4,0,0
cL16,cM07,2,2,0,0,4,4,0,0
cL16,LCe01a,2,2,0,0,4,4,0,0
cL16,LT73,2,2,0,0,4,4,0,0
LT61a,LPLC2,2,2,0,0,4,4,0,0
cL02a,PLP051,1,1,0,0,4,4,0,0
LC10c,LTe12,1,1,0,0,4,4,0,0
LC39,LTe01,2,2,0,0,4,4,0,0
MTe52,MTe11,1,1,0,0,4,4,0,0
LC11,LTe59,2,2,0,0,4,4,0,0
LTe67,LTe56,1,1,0,0,4,4,0,0
MTe54,MLt1,2,2,0,0,4,4,0,0
LC36,LC27,2,2,0,0,4,4,0,0
LC36,LC14b,2,2,0,0,4,4,0,0
LC36,LTe22,1,1,0,0,4,4,0,0
MeTu4a,LC14a1,1,1,0,0,4,4,0,0
MTe35,Mi13,1,1,0,0,4,4,0,0
MTe35,Sm36,1,1,0,0,4,4,0,0
LHPV2i2a,LTe76,1,1,0,0,4,4,0,0
LHPV2i2a,Li33,1,1,0,0,4,4,0,0
LT61b,LC13,2,2,0,0,4,4,0,0
aMe17b,DmDRA1,2,2,0,0,4,4,0,0
aMe17b,Sm25,2,2,0,0,4,4,0,0
LC28a,LCe03,2,2,0,0,4,4,0,0
cL13,LTe33,1,1,0,0,4,4,0,0
cL13,LT73,1,1,0,0,4,4,0,0
cML01,MTe01b,2,2,0,0,4,4,0,0
cML01,LT1a,1,1,0,0,4,4,0,0
cML01,TmY4,2,2,0,0,4,4,0,0
cML01,Li25,1,1,0,0,4,4,0,0
cML01,Lat,1,1,0,0,4,4,0,0
LTe03,LC20b,2,2,0,0,4,4,0,0
MTe02,OA-AL2i4,2,2,0,0,4,4,0,0
aMe8,LTe33,2,2,0,0,4,4,0,0
MeTu4c,LPLC4,2,2,0,0,4,4,0,0
cL10,TmY31,1,1,0,0,4,4,0,0
cL10,AOTU065,1,1,0,0,4,4,0,0
LT36,MTe05,2,2,0,0,4,4,0,0
LC40,LT86,2,2,0,0,4,4,0,0
LLPC3,LPi06,2,2,0,0,4,4,0,0
cM08c,Sm09,2,2,0,0,4,4,0,0
cM08c,Sm34,2,2,0,0,4,4,0,0
cM08c,MC65,2,2,0,0,4,4,0,0
cLP01,cLP03,2,2,0,0,4,4,0,0
LC6,cM10,1,1,0,0,4,4,0,0
LLPC2,LT80,1,1,0,0,4,4,0,0
LT59,TmY10,2,2,0,0,4,4,0,0
MTe01b,Tm5f,2,2,0,0,4,4,0,0
LT40,LLPC3,1,1,0,0,4,4,0,0
LT40,Li31,1,1,0,0,4,4,0,0
LT40,Li05,2,2,0,0,4,4,0,0
LT40,CB2848,1,1,0,0,4,4,0,0
LT40,Tm37,1,1,0,0,4,4,0,0
LTe33,LT43,1,1,0,0,4,4,0,0
LTe33,LC19,1,1,0,0,4,4,0,0
LC25,LT78,2,2,0,0,4,4,0,0
LTe49f,Li16,1,1,0,0,4,4,0,0
LPLC4,cLP01,2,2,0,0,4,4,0,0
HSN,TmY9q⊥,2,2,0,0,4,4,0,0
HSN,LC18,2,2,0,0,4,4,0,0
HSN,Am1,1,1,0,0,4,4,0,0
LPLC1,Li27,2,2,0,0,4,4,0,0
MTe02,Sm35,2,2,0,0,4,4,0,0
MTe01b,Sm37,2,2,0,0,4,4,0,0
MTe01b,aMe17b,2,2,0,0,4,4,0,0
LC9,LC46,1,1,0,0,4,4,0,0
MTe51,aMe5,2,2,0,0,4,4,0,0
MeTu4a,cL19,1,1,0,0,4,4,0,0
cM18,Tm27,2,2,0,0,4,4,0,0
cM18,Tm20,1,1,0,0,4,4,0,0
cM18,MTe36,1,1,0,0,4,4,0,0
LCe01a,LC28a,2,2,0,0,4,4,0,0
LC9,LT81,1,1,0,0,4,4,0,0
LTe08,LTe32,2,2,0,0,4,4,0,0
LTe08,Li01,2,2,0,0,4,4,0,0
LTe08,LT79,1,1,0,0,4,4,0,0
LTe08,LT57,2,2,0,0,4,4,0,0
LTe08,Li29,1,1,0,0,4,4,0,0
LC40,MLt2,2,2,0,0,4,4,0,0
MTe51,CB0592,2,2,0,0,4,4,0,0
LLPC1,LT40,2,2,0,0,4,4,0,0
LC11,LTe16,2,2,0,0,4,4,0,0
MeTu4b,Sm42,2,2,0,0,4,4,0,0
LT51,LC20a,1,1,0,0,4,4,0,0
LC15,cLLP02,2,2,0,0,4,4,0,0
LC17,LC20b,2,2,0,0,4,4,0,0
LT57,MLt2,2,2,0,0,4,4,0,0
cLP03,Tm36,2,2,0,0,4,4,0,0
cLLP02,LT53,1,1,0,0,4,4,0,0
cLLP02,T5a,2,2,0,0,4,4,0,0
cLLP02,LTe09,2,2,0,0,4,4,0,0
cLLP02,LTe64,2,2,0,0,4,4,0,0
cLLP02,LTe24,1,1,0,0,4,4,0,0
cLLP02,TmY10,2,2,0,0,4,4,0,0
LPT23,Pm14,1,1,0,0,4,4,0,0
LTe64,TmY31,2,2,0,0,4,4,0,0
LCe01b,Tm7,2,2,0,0,4,4,0,0
MTe37,MeTu4b,2,2,0,0,4,4,0,0
MTe04,cLM01,1,1,0,0,4,4,0,0
MTe01a,aMe5,2,2,0,0,4,4,0,0
MeTu4c,LTe52,2,2,0,0,4,4,0,0
LT52,LTe15,2,2,0,0,4,4,0,0
LC31a,Tm21,2,2,0,0,4,4,0,0
LC20a,Y3,1,1,0,0,4,4,0,0
DNc02,TmY3,2,2,0,0,4,4,0,0
LTe43,LTe51,2,2,0,0,4,4,0,0
LC4,LMt4,2,2,0,0,4,4,0,0
LTe53,LTe02,2,2,0,0,4,4,0,0
LTe53,MeTu4a,2,2,0,0,4,4,0,0
LTe53,LC20b,2,2,0,0,4,4,0,0
LPLC4,LPT21,2,2,0,0,4,4,0,0
LLPC4,LMa5,2,2,0,0,4,4,0,0
LLPC2,LPT50,2,2,0,0,4,4,0,0
LPLC4,Tm32,2,2,0,0,4,4,0,0
MTe50,Sm05,2,2,0,0,4,4,0,0
VS7,LPT45_dCal1,1,1,0,0,4,4,0,0
LC33a,LTe22,2,2,0,0,4,4,0,0
LT51,cL05,2,2,0,0,4,4,0,0
LT51,LLPt,2,2,0,0,4,4,0,0
LC22,Tm5a,1,1,0,0,4,4,0,0
cM10,Sm36,2,2,0,0,4,4,0,0
cM10,Mi4,2,2,0,0,4,4,0,0
cM10,Tm5e,2,2,0,0,4,4,0,0
cM10,Li33,1,1,0,0,4,4,0,0
LPT27,Tm25,2,2,0,0,4,4,0,0
LCe01a,Li30,2,2,0,0,4,4,0,0
LCe01a,Tm36,2,2,0,0,4,4,0,0
aMe5,Sm04,2,2,0,0,4,4,0,0
MTe43,MLt3,2,2,0,0,4,4,0,0
MTe43,Tm1,1,1,0,0,4,4,0,0
MTe43,T1,1,1,0,0,4,4,0,0
LC11,LC10b,2,2,0,0,4,4,0,0
LC17,Li21,2,2,0,0,4,4,0,0
LC28a,MLt4,2,2,0,0,4,4,0,0
cM06,Sm18,2,2,0,0,4,4,0,0
MTe12,MeMe_e02,2,2,0,0,4,4,0,0
MTe12,MTe01a,2,2,0,0,4,4,0,0
MTe12,MTe12,2,2,0,0,4,4,0,0
LC31a,Li17,2,2,0,0,4,4,0,0
MTe03,Sm07,1,1,0,0,4,4,0,0
LT77,Li01,2,2,0,0,4,4,0,0
VS1,LPT49,1,1,0,0,4,4,0,0
VS1,LPTe01,1,1,0,0,4,4,0,0
OA-AL2i2,T4c,2,2,0,0,4,4,0,0
LCe05,LT52,2,2,0,0,4,4,0,0
LC10c,LT77,2,2,0,0,4,4,0,0
MTe51,aMe4,2,2,0,0,4,4,0,0
LC27,Li04,2,2,0,0,4,4,0,0
LPTe01,Y12,2,2,0,0,4,4,0,0
MTe16,MeMe_e07,2,2,0,0,4,4,0,0
MTe16,MLt5,2,2,0,0,4,4,0,0
LCe01b,LC31b,2,2,0,0,4,4,0,0
LC4,Li14,2,2,0,0,4,4,0,0
cLLPM01,Sm42,1,1,0,0,4,4,0,0
cLLPM01,Mi13,2,2,0,0,4,4,0,0
LC15,LTe15,1,1,0,0,4,4,0,0
LC20a,LTe02,2,2,0,0,4,4,0,0
LC20a,TmY10,2,2,0,0,4,4,0,0
LC20b,TmY9q,2,2,0,0,4,4,0,0
LLPC3,Li07,1,1,0,0,4,4,0,0
mALC5,Dm11,2,2,0,0,4,4,0,0
mALC5,T4c,2,2,0,0,4,4,0,0
mALC5,Sm19,1,1,0,0,4,4,0,0
mALC5,LTe17,1,1,0,0,4,4,0,0
mALC5,Sm30,1,1,0,0,4,4,0,0
mALC5,LC15,2,2,0,0,4,4,0,0
mALC5,aMe17c,1,1,0,0,4,4,0,0
LC25,LCe07,2,2,0,0,4,4,0,0
MTe41,Y3,2,2,0,0,4,4,0,0
MTe26,OA-AL2i4,1,1,0,0,4,4,0,0
MTe26,MTe04,1,1,0,0,4,4,0,0
LC4,LC28a,2,2,0,0,4,4,0,0
LC4,LC20a,1,1,0,0,4,4,0,0
cM02a,cM01a,1,1,0,0,4,4,0,0
cM03,Dm2,2,2,0,0,4,4,0,0
cM07,TmY4,2,2,0,0,4,4,0,0
cM07,Li24,2,2,0,0,4,4,0,0
cM07,Tm36,2,2,0,0,4,4,0,0
cM07,LMa2,2,2,0,0,4,4,0,0
cM07,cM10,1,1,0,0,4,4,0,0
cM07,Li27,1,1,0,0,4,4,0,0
cM07,LT87,1,1,0,0,4,4,0,0
cM07,Li06,2,2,0,0,4,4,0,0
cM07,Pm09,2,2,0,0,4,4,0,0
cM07,LC20a,2,2,0,0,4,4,0,0
cM07,LTe26,1,1,0,0,4,4,0,0
cM07,LTe69,1,1,0,0,4,4,0,0
cM07,LC10a,1,1,0,0,4,4,0,0
LPLC4,Li27,2,2,0,0,4,4,0,0
LC45,Li01,2,2,0,0,4,4,0,0
cL18,LC31c,2,2,0,0,4,4,0,0
cL18,LC27,2,2,0,0,4,4,0,0
LC11,LC36,2,2,0,0,4,4,0,0
LTe60,Tm16,2,2,0,0,4,4,0,0
LTe60,LC39,1,1,0,0,4,4,0,0
LC9,cL08,2,2,0,0,4,4,0,0
Nod3,LPi02,2,2,0,0,4,4,0,0
LC25,Tm5c,2,2,0,0,4,4,0,0
cL20,LC24,2,2,0,0,4,4,0,0
cL20,Li21,1,1,0,0,4,4,0,0
cL20,LTe15,1,1,0,0,4,4,0,0
LPT52,LPT22,1,1,0,0,4,4,0,0
LPT52,LPi05,2,2,0,0,4,4,0,0
LC37a,LT78,2,2,0,0,4,4,0,0
LT56,Li19,2,2,0,0,4,4,0,0
LT56,Tm36,2,2,0,0,4,4,0,0
LT56,LPLC2,1,1,0,0,4,4,0,0
MTe51,Tm5e,2,2,0,0,4,4,0,0
LPTe01,LPi05,2,2,0,0,4,4,0,0
LT41,LPLC2,2,2,0,0,4,4,0,0
LT41,Li01,2,2,0,0,4,4,0,0
LT41,TmY9q,2,2,0,0,4,4,0,0
LT41,cLPL01,1,1,0,0,4,4,0,0
LT69,LCe01a,1,1,0,0,4,4,0,0
LT69,LT57,2,2,0,0,4,4,0,0
LT69,LTe24,1,1,0,0,4,4,0,0
LT69,LT58,1,1,0,0,4,4,0,0
LC9,Tm7,2,2,0,0,4,4,0,0
mALD2,Li12,2,2,0,0,4,4,0,0
mALD2,Tm5c,2,2,0,0,4,4,0,0
mALD2,LC10c,2,2,0,0,4,4,0,0
mALD2,LC10b,1,1,0,0,4,4,0,0
cL03,Li06,1,1,0,0,4,4,0,0
cL03,LLPt,2,2,0,0,4,4,0,0
MeTu3c,Sm25,2,2,0,0,4,4,0,0
cM16,cMLLP01,1,1,0,0,4,4,0,0
cM16,AVLP534,1,1,0,0,4,4,0,0
cM16,cM15,1,1,0,0,4,4,0,0
cM04,Mi14,1,1,0,0,4,4,0,0
LC35,cL16,2,2,0,0,4,4,0,0
LC35,Tm5c,2,2,0,0,4,4,0,0
LC35,Li17,2,2,0,0,4,4,0,0
LC21,Tm20,2,2,0,0,4,4,0,0
Nod5,MeLp2,1,1,0,0,4,4,0,0
Nod5,T4d,2,2,0,0,4,4,0,0
Nod5,LLPC1,2,2,0,0,4,4,0,0
Nod5,Li14,1,1,0,0,4,4,0,0
LT63,LMa1,1,1,0,0,4,4,0,0
LT63,MeTu4c,2,2,0,0,4,4,0,0
LT63,LC6,2,2,0,0,4,4,0,0
LC20a,Tm32,2,2,0,0,4,4,0,0
LT53,LTe08,2,2,0,0,4,4,0,0
LT53,MLt4,2,2,0,0,4,4,0,0
LT51,LTe38a,1,1,0,0,4,4,0,0
MeTu3c,Sm43,2,2,0,0,4,4,0,0
cL11,LT77,1,1,0,0,4,4,0,0
cL11,Li28,1,1,0,0,4,4,0,0
LPLC1,LT58,2,2,0,0,4,4,0,0
LPT58,LPC2,2,2,0,0,4,4,0,0
LPT58,LPi13,1,1,0,0,4,4,0,0
LPT58,LPi11,2,2,0,0,4,4,0,0
LPT58,5-HTPMPV03,1,1,0,0,4,4,0,0
MeTu1,MLt8,2,2,0,0,4,4,0,0
cM08b,MLt1,2,2,0,0,4,4,0,0
LT38,LC12,2,2,0,0,4,4,0,0
LT38,Tm5e,2,2,0,0,4,4,0,0
LT38,LC10a,2,2,0,0,4,4,0,0
LC13,Tlp5,2,2,0,0,4,4,0,0
LT70,LC20b,2,2,0,0,4,4,0,0
LC46,LT55,1,1,0,0,4,4,0,0
LC46,Tm16,2,2,0,0,4,4,0,0
OA-AL2i1,Li30,1,1,0,0,4,4,0,0
OA-AL2i1,Y4,2,2,0,0,4,4,0,0
OA-AL2i1,Li14,2,2,0,0,4,4,0,0
OA-AL2i1,LPi10,2,2,0,0,4,4,0,0
OA-AL2i1,LC35,2,2,0,0,4,4,0,0
OA-AL2i1,LPT22,1,1,0,0,4,4,0,0
LC6,LT87,2,2,0,0,4,4,0,0
cM01a,MTe15,1,1,0,0,4,4,0,0
cL01,LPLC2,2,2,0,0,4,4,0,0
cL01,LC29,2,2,0,0,4,4,0,0
mALD1,LT53,1,1,0,0,4,4,0,0
mALD1,cL10,1,1,0,0,4,4,0,0
mALD1,LT68,2,2,0,0,4,4,0,0
mALD1,MeTu1,1,1,0,0,4,4,0,0
mALD1,aMe8,1,1,0,0,4,4,0,0
mALD1,LTe49b,1,1,0,0,4,4,0,0
LC36,Li08,2,2,0,0,4,4,0,0
LTe33,Li04,1,1,0,0,4,4,0,0
LTe33,LT55,1,1,0,0,4,4,0,0
LLPC3,LPT45_dCal1,2,2,0,0,4,4,0,0
LC10b,LTe51,2,2,0,0,4,4,0,0
LLPC3,VSm,2,2,0,0,4,4,0,0
LPLC2,LT62,2,2,0,0,4,4,0,0
LC20a,LC17,1,1,0,0,4,4,0,0
LT37,cL14,1,1,0,0,4,4,0,0
LT37,LTe01,1,1,0,0,4,4,0,0
LPLC4,LC43,2,2,0,0,4,4,0,0
LPLC4,H2,2,2,0,0,4,4,0,0
LC36,Li12,2,2,0,0,4,4,0,0
LTe50,Li33,1,1,0,0,4,4,0,0
LPT31,LLPC2,1,1,0,0,4,4,0,0
MTe01b,MLt1,2,2,0,0,4,4,0,0
cL15,LTe14,1,1,0,0,4,4,0,0
cL15,LTe21,1,1,0,0,4,4,0,0
LC41,LT51,1,1,0,0,4,4,0,0
LTe13,LMa5,2,2,0,0,4,4,0,0
LT39,LTe37,2,2,0,0,4,4,0,0
LT39,LC20a,1,1,0,0,4,4,0,0
LT39,cL02d,1,1,0,0,4,4,0,0
LC13,LT53,2,2,0,0,4,4,0,0
LC31a,LC6,2,2,0,0,4,4,0,0
MTe06,C3,1,1,0,0,4,4,0,0
cM03,MLt4,2,2,0,0,4,4,0,0
cM03,TmY10,2,2,0,0,4,4,0,0
LC37a,LC10a,2,2,0,0,4,4,0,0
LCe01b,Tm5a,2,2,0,0,4,4,0,0
Nod1,T5a,2,2,0,0,4,4,0,0
LC9,Li22,2,2,0,0,4,4,0,0
LLPC3,LC10b,2,2,0,0,4,4,0,0
MTe22,Tm8a,2,2,0,0,4,4,0,0
LT52,cL04,2,2,0,0,4,4,0,0
LT52,LMt2,1,1,0,0,4,4,0,0
LT52,Tm37,1,1,0,0,4,4,0,0
LT80,LT38,2,2,0,0,4,4,0,0
cL14,LT69,1,1,0,0,4,4,0,0
cL14,LC27,2,2,0,0,4,4,0,0
cL14,LC25,2,2,0,0,4,4,0,0
cL14,LT86,1,1,0,0,4,4,0,0
MeTu3c,Sm19,2,2,0,0,4,4,0,0
MTe30,Tm31,2,2,0,0,4,4,0,0
LC28a,LMt2,2,2,0,0,4,4,0,0
cL04,MLt8,2,2,0,0,4,4,0,0
cL04,LC14b,2,2,0,0,4,4,0,0
cL04,AOTU026,1,1,0,0,4,4,0,0
LPT54,Mi14,2,2,0,0,4,4,0,0
LPT54,OA-ASM1,2,2,0,0,4,4,0,0
LPT54,MLt2,2,2,0,0,4,4,0,0
LPT54,TmY16,2,2,0,0,4,4,0,0
LPT54,MTe04,2,2,0,0,4,4,0,0
LPLC1,VS2,2,2,0,0,4,4,0,0
LC20a,LC21,2,2,0,0,4,4,0,0
LPLC1,Y12,2,2,0,0,4,4,0,0
vCal1,LPi14,1,1,0,0,4,4,0,0
LTe38b,LTe17,1,1,0,0,4,4,0,0
aMe5,MTe06,2,2,0,0,4,4,0,0
LTe24,LTe32,1,1,0,0,4,4,0,0
LC9,LTe42b,1,1,0,0,4,4,0,0
LT53,Li27,2,2,0,0,4,4,0,0
LT84,Tm32,2,2,0,0,4,4,0,0
LTe35,LC19,2,2,0,0,4,4,0,0
LTe35,LTe45,1,1,0,0,4,4,0,0
LTe35,LTe49a,1,1,0,0,4,4,0,0
cLP01,TmY16,2,2,0,0,4,4,0,0
LTe42b,LC28a,2,2,0,0,4,4,0,0
LC27,Li05,1,1,0,0,4,4,0,0
LCe01a,Tm37,2,2,0,0,4,4,0,0
cLP05,LPT31,1,1,0,0,4,4,0,0
cLP05,H1,1,1,0,0,4,4,0,0
cLP05,LLPC4,1,1,0,0,4,4,0,0
MTe02,Sm37,2,2,0,0,4,4,0,0
LC4,LT78,1,1,0,0,4,4,0,0
cMLLP02,T5d,2,2,0,0,4,4,0,0
cMLLP02,Li29,2,2,0,0,4,4,0,0
cMLLP02,LPT49,2,2,0,0,4,4,0,0
cMLLP02,LPLC2,2,2,0,0,4,4,0,0
aMe17a2,LT58,1,1,0,0,4,4,0,0
aMe17a2,MeMe_e01,2,2,0,0,4,4,0,0
aMe17a2,Dm4,2,2,0,0,4,4,0,0
aMe17a2,MTe37,1,1,0,0,4,4,0,0
aMe17a2,MTe22,1,1,0,0,4,4,0,0
LC20b,MLt2,2,2,0,0,4,4,0,0
cM08a,cM03,2,2,0,0,4,4,0,0
LT57,LC28a,2,2,0,0,4,4,0,0
MTe28,Sm18,2,2,0,0,4,4,0,0
MTe28,Sm12,2,2,0,0,4,4,0,0
MTe28,Tm33,2,2,0,0,4,4,0,0
MTe28,MTe37,1,1,0,0,4,4,0,0
MTe28,aMe19b,1,1,0,0,4,4,0,0
LC46,LTe28,1,1,0,0,4,4,0,0
LC46,cLLP02,1,1,0,0,4,4,0,0
LPT48_vCal3,LPi13,1,1,0,0,4,4,0,0
LLPC3,LC29,2,2,0,0,4,4,0,0
cL02b,LC4,2,2,0,0,4,4,0,0
cL02b,LMa2,2,2,0,0,4,4,0,0
cL02b,MeTu4a,1,1,0,0,4,4,0,0
LLPC1,vCal1,2,2,0,0,4,4,0,0
LC20b,LC11,2,2,0,0,4,4,0,0
cM17,Sm36,1,1,0,0,4,4,0,0
cM17,TmY9q,1,1,0,0,4,4,0,0
cM17,Tm25,2,2,0,0,4,4,0,0
cM17,MTe13,2,2,0,0,4,4,0,0
cM17,MTe02,2,2,0,0,4,4,0,0
cM17,MTe17,1,1,0,0,4,4,0,0
cM17,Sm14,2,2,0,0,4,4,0,0
cM17,Dm2,1,1,0,0,4,4,0,0
cM17,cM07,1,1,0,0,4,4,0,0
VS6,LPLC2,2,2,0,0,4,4,0,0
VS6,LLPC3,2,2,0,0,4,4,0,0
LTe01,Li05,2,2,0,0,4,4,0,0
LTe01,Tm5e,2,2,0,0,4,4,0,0
LCe05,Li27,1,1,0,0,4,4,0,0
cM09,Dm20,2,2,0,0,4,4,0,0
cM09,LTe03,2,2,0,0,4,4,0,0
cM09,LC10c,2,2,0,0,4,4,0,0
MeTu4c,TmY20,2,2,0,0,4,4,0,0
LTe38a,Li31,1,1,0,0,4,4,0,0
cL22c,TmY5a,1,1,0,0,4,4,0,0
cL22c,LTe49c,2,2,0,0,4,4,0,0
LTe59,LTe12,1,1,0,0,4,4,0,0
MTe27,Lawf2,2,2,0,0,4,4,0,0
MTe27,Sm09,2,2,0,0,4,4,0,0
cLP03,AVLP151,1,1,0,0,4,4,0,0
cML02,Mi10,2,2,0,0,4,4,0,0
LC22,Tm16,2,2,0,0,4,4,0,0
LTe38c,LT65,1,1,0,0,4,4,0,0
LPT21,T4c,2,2,0,0,4,4,0,0
LPT21,LPi06,2,2,0,0,4,4,0,0
cM14,cM03,2,2,0,0,4,4,0,0
cM14,TmY9q,2,2,0,0,4,4,0,0
cM14,MTe21,1,1,0,0,4,4,0,0
LT38,Y1,2,2,0,0,4,4,0,0
LT38,LC36,1,1,0,0,4,4,0,0
LT38,LT56,1,1,0,0,4,4,0,0
LT38,LPC2,1,1,0,0,4,4,0,0
MeTu4c,cM09,2,2,0,0,4,4,0,0
MTe52,LMa1,2,2,0,0,4,4,0,0
LT68,LTe03,2,2,0,0,4,4,0,0
LT68,Li04,2,2,0,0,4,4,0,0
LCe01,LMa2,1,1,0,0,4,4,0,0
LPLC2,cLP05,2,2,0,0,4,4,0,0
LC20a,LC15,1,1,0,0,4,4,0,0
LLPC3,VS3,2,2,0,0,4,4,0,0
LC21,MLt2,1,1,0,0,4,4,0,0
LC36,Tm8a,2,2,0,0,4,4,0,0
LPLC4,LT47,1,1,0,0,4,4,0,0
cM15,cM16,1,1,0,0,4,4,0,0
cM15,Y11,1,1,0,0,4,4,0,0
cM15,MeMe_e05,1,1,0,0,4,4,0,0
cM15,L3,2,2,0,0,4,4,0,0
LC28a,LT66,2,2,0,0,4,4,0,0
LT42,LT52,2,2,0,0,4,4,0,0
LT42,LC20b,2,2,0,0,4,4,0,0
LT42,Tm5d,2,2,0,0,4,4,0,0
LT42,LC20a,1,1,0,0,4,4,0,0
LC13,Li16,2,2,0,0,4,4,0,0
PLP036,LTe19,1,1,0,0,4,4,0,0
MTe50,Y4,1,1,0,0,4,4,0,0
MTe02,MLt5,2,2,0,0,4,4,0,0
LC25,TmY16,2,2,0,0,4,4,0,0
LC20a,LTe42a,1,1,0,0,4,4,0,0
LT58,LC15,2,2,0,0,4,4,0,0
LT58,LTe01,1,1,0,0,4,4,0,0
LT58,Pm05,2,2,0,0,4,4,0,0
LT58,LTe30,1,1,0,0,4,4,0,0
LT58,TmY9q,2,2,0,0,4,4,0,0
LT58,MLt1,2,2,0,0,4,4,0,0
LT58,cLLP02,2,2,0,0,4,4,0,0
LT58,MeMe_e06,1,1,0,0,4,4,0,0
LT58,LC45,1,1,0,0,4,4,0,0
LT58,Li24,2,2,0,0,4,4,0,0
LT58,Li31,1,1,0,0,4,4,0,0
LT58,cL14,1,1,0,0,4,4,0,0
LTe17,LTe32,1,1,0,0,4,4,0,0
LTe17,LC20b,2,2,0,0,4,4,0,0
LTe17,LC10e,2,2,0,0,4,4,0,0
LC40,LT53,2,2,0,0,4,4,0,0
LT11,LLPC3,1,1,0,0,4,4,0,0
LC13,LC10c,2,2,0,0,4,4,0,0
LTe42a,LC10b,1,1,0,0,4,4,0,0
LC20b,LLPC1,1,1,0,0,4,4,0,0
HSS,TmY9q,2,2,0,0,4,4,0,0
LTe03,TmY20,1,1,0,0,4,4,0,0
MTe45,cM04,1,1,0,0,4,4,0,0
LC28a,cLM01,2,2,0,0,4,4,0,0
LT85,LTe60,1,1,0,0,4,4,0,0
LC18,LC20b,2,2,0,0,4,4,0,0
HSE,VS8,1,1,0,0,4,4,0,0
AOTU065,Li10,2,2,0,0,4,4,0,0
LTe06,LT65,1,1,0,0,4,4,0,0
cM01b,cM08c,1,1,0,0,4,4,0,0
cLP02,Li20,1,1,0,0,4,4,0,0
LPLC2,Li18,2,2,0,0,4,4,0,0
aMe5,Tm5a,2,2,0,0,4,4,0,0
MeTu3a,MTe05,2,2,0,0,4,4,0,0
MTe09,Sm34,2,2,0,0,4,4,0,0
LC29,LTe31,1,1,0,0,4,4,0,0
LTe50,LC33a,1,1,0,0,4,4,0,0
LPT53,DCH,1,1,0,0,4,4,0,0
LPT53,LPC2,2,2,0,0,4,4,0,0
DNp11,Li15,1,1,0,0,4,4,0,0
DNp11,LT61b,1,1,0,0,4,4,0,0
cL22a,Li09,2,2,0,0,4,4,0,0
cL22a,LT43,2,2,0,0,4,4,0,0
cL22a,LT72,1,1,0,0,4,4,0,0
cL22a,aMe8,2,2,0,0,4,4,0,0
cL22a,LT65,1,1,0,0,4,4,0,0
LLPC1,VS6,2,2,0,0,4,4,0,0
cLP02,Pm14,2,2,0,0,4,4,0,0
LT62,TmY20,2,2,0,0,4,4,0,0
LT62,LC31b,1,1,0,0,4,4,0,0
LC13,Li03,2,2,0,0,4,4,0,0
LC10c,Li27,2,2,0,0,4,4,0,0
cL22b,Tm5c,1,1,0,0,4,4,0,0
cL22b,LT84,1,1,0,0,4,4,0,0
cL22b,Li29,1,1,0,0,4,4,0,0
cL22b,LT65,1,1,0,0,4,4,0,0
cL22b,Li13,2,2,0,0,4,4,0,0
DNg33,T5a,2,2,0,0,4,4,0,0
AVLP151,T5d,2,2,0,0,4,4,0,0
AVLP151,Li03,1,1,0,0,4,4,0,0
LC24,Tm33,2,2,0,0,4,4,0,0
LPT26,TmY5a,2,2,0,0,4,4,0,0
LPT26,LPT45_dCal1,1,1,0,0,4,4,0,0
LC10b,Tm5b,2,2,0,0,4,4,0,0
LCe05,LC14a1,2,2,0,0,4,4,0,0
VST1,LPi06,2,2,0,0,4,4,0,0
LC45,Li06,1,1,0,0,4,4,0,0
MC65,Dm10,2,2,0,0,4,4,0,0
LTe43,LC36,1,1,0,0,4,4,0,0
MTe01b,TmY16,1,1,0,0,4,4,0,0
LT67,LT58,1,1,0,0,4,4,0,0
LLPC3,LTe63,1,1,0,0,4,4,0,0
cLLPM02,LT42,1,1,0,0,4,4,0,0
cLLPM02,LC9,1,1,0,0,4,4,0,0
cLLPM02,Pm02,1,1,0,0,4,4,0,0
cLLPM02,Li32,1,1,0,0,4,4,0,0
LC26,TmY31,2,2,0,0,4,4,0,0
LPT23,VST2,1,1,0,0,4,4,0,0
LPT28,LPLC2,2,2,0,0,4,4,0,0
LPT28,LPT51,1,1,0,0,4,4,0,0
LTe12,LT61b,1,1,0,0,4,4,0,0
VSm,T5d,2,2,0,0,4,4,0,0
LC20b,LTe01,2,2,0,0,4,4,0,0
LC20b,LC35,2,2,0,0,4,4,0,0
cM09,LTe20,1,1,0,0,4,4,0,0
aMe5,MTe51,2,2,0,0,4,4,0,0
LCe03,TmY20,2,2,0,0,4,4,0,0
MTe31,MTe01b,1,1,0,0,4,4,0,0
cLLP02,LTe54,1,1,0,0,4,4,0,0
MC65,Tm8b,1,1,0,0,4,4,0,0
cLP04,TmY5a,2,2,0,0,4,4,0,0
cLP04,LTe27,1,1,0,0,4,4,0,0
LC43,LPLC4,2,2,0,0,4,4,0,0
aMe26,Sm10,1,1,0,0,4,4,0,0
PLP215,Li10,1,1,0,0,4,4,0,0
cL06,LTe62,1,1,0,0,4,4,0,0
cL06,cL16,2,2,0,0,4,4,0,0
cL06,LTe21,1,1,0,0,4,4,0,0
cL06,LT77,1,1,0,0,4,4,0,0
LCe03,LCe08,2,2,0,0,4,4,0,0
MTe44,LMa2,2,2,0,0,4,4,0,0
LPT29,T5d,2,2,0,0,4,4,0,0
LPT29,Tlp1,2,2,0,0,4,4,0,0
MTe36,MLt7,2,2,0,0,4,4,0,0
cL16,Tm7,1,1,0,0,4,4,0,0
cL16,Tm20,2,2,0,0,4,4,0,0
cL16,LC29,2,2,0,0,4,4,0,0
cL16,LTe01,2,2,0,0,4,4,0,0
cL16,LT85,1,1,0,0,4,4,0,0
LT72,LT52,2,2,0,0,4,4,0,0
Nod2,T4a,2,2,0,0,4,4,0,0
LTe01,LT38,2,2,0,0,4,4,0,0
cL02b,LTe42c,1,1,0,0,4,4,0,0
cM02b,MTe10,1,1,0,0,4,4,0,0
cM02b,MTe08,1,1,0,0,4,4,0,0
cM02b,Tm20,1,1,0,0,4,4,0,0
cM02b,MTe12,1,1,0,0,4,4,0,0
LTe75,Li10,2,2,0,0,4,4,0,0
LPLC2,TmY10,2,2,0,0,4,4,0,0
cL04,cL17,1,1,0,0,4,4,0,0
LT86,Li27,1,1,0,0,4,4,0,0
MTe16,TmY31,1,1,0,0,4,4,0,0
LCe05,LC10e,2,2,0,0,4,4,0,0
cM08b,aMe19b,2,2,0,0,4,4,0,0
cL21,Tm5d,2,2,0,0,4,4,0,0
cL21,LT1b,1,1,0,0,4,4,0,0
LCe04,Tm31,2,2,0,0,4,4,0,0
LCe01b,LC14a2,2,2,0,0,4,4,0,0
cM13,Dm2,2,2,0,0,4,4,0,0
cM13,MLt4,2,2,0,0,4,4,0,0
LTe19,LTe65,1,1,0,0,4,4,0,0
LTe19,LTe70,1,1,0,0,4,4,0,0
cM08a,OA-AL2i4,1,1,0,0,4,4,0,0
cM08a,MTe01a,2,2,0,0,4,4,0,0
LT34,LT78,1,1,0,0,4,4,0,0
LT34,LC39,1,1,0,0,4,4,0,0
LT53,LTe17,1,1,0,0,4,4,0,0
LT53,cM08b,1,1,0,0,4,4,0,0
LT53,LC14a2,1,1,0,0,4,4,0,0
LC34,Li11,2,2,0,0,4,4,0,0
MTe51,Li11,1,1,0,0,4,4,0,0
MTe14,Sm09,2,2,0,0,4,4,0,0
VS8,T5d,2,2,0,0,4,4,0,0
LT63,LT69,1,1,0,0,4,4,0,0
MeTu1,Sm20,2,2,0,0,4,4,0,0
LC22,LTe55,2,2,0,0,4,4,0,0
MTe54,Tm5b,2,2,0,0,4,4,0,0
LC10c,LC17,1,1,0,0,4,4,0,0
LTe29,Li30,1,1,0,0,4,4,0,0
LLPC2,LC17,2,2,0,0,4,4,0,0
LC31c,LMt1,1,1,0,0,4,4,0,0
LC31c,LT87,1,1,0,0,4,4,0,0
VS5,TmY5a,2,2,0,0,4,4,0,0
VS5,TmY16,2,2,0,0,4,4,0,0
VS5,Y12,2,2,0,0,4,4,0,0
VS5,HSN,1,1,0,0,4,4,0,0
aMe4,Sm21,1,1,0,0,4,4,0,0
mALC4,LC29,2,2,0,0,4,4,0,0
mALC4,LC35,2,2,0,0,4,4,0,0
DCH,Pm14,1,1,0,0,4,4,0,0
DCH,LPi05,2,2,0,0,4,4,0,0
LC13,LCe08,2,2,0,0,4,4,0,0
LT65,Li02,2,2,0,0,4,4,0,0
LT65,cL13,1,1,0,0,4,4,0,0
LT65,LT75,1,1,0,0,4,4,0,0
LC17,LT70,2,2,0,0,4,4,0,0
LTe58,LMa2,1,1,0,0,4,4,0,0
MTe34,Pm14,2,2,0,0,4,4,0,0
MTe34,Pm09,1,1,0,0,4,4,0,0
LPT30,LTe05,1,1,0,0,4,4,0,0
LTe15,LC9,2,2,0,0,4,4,0,0
LTe15,LLPt,2,2,0,0,4,4,0,0
LTe25,LTe42a,1,1,0,0,4,4,0,0
LTe25,LC10a,2,2,0,0,4,4,0,0
LTe25,LTe49a,2,2,0,0,4,4,0,0
LTe25,LC6,2,2,0,0,4,4,0,0
aMe3,LC13,1,1,0,0,4,4,0,0
VS3,LPT45_dCal1,1,1,0,0,4,4,0,0
VS3,LPT47_vCal2,1,1,0,0,4,4,0,0
cM08c,Tm16,2,2,0,0,4,4,0,0
cL02a,Li30,1,1,0,0,4,4,0,0
LC34,LC10b,2,2,0,0,4,4,0,0
LTe20,LC9,2,2,0,0,4,4,0,0
LT80,LPT31,2,2,0,0,4,4,0,0
cMLLP01,LC37a,1,1,0,0,4,4,0,0
cMLLP01,LCe08,2,2,0,0,4,4,0,0
cMLLP01,Sm03,1,1,0,0,4,4,0,0
cMLLP01,LTe42b,1,1,0,0,4,4,0,0
cL05,LC10d,1,1,0,0,4,4,0,0
cL05,LCe02,2,2,0,0,4,4,0,0
cL05,cL17,1,1,0,0,4,4,0,0
cL05,LC25,2,2,0,0,4,4,0,0
cL05,LTe38b,1,1,0,0,4,4,0,0
cL05,LTe19,1,1,0,0,4,4,0,0
cL05,LT78,1,1,0,0,4,4,0,0
MTe08,MTe01a,1,1,0,0,4,4,0,0
LT52,LMa3,1,1,0,0,4,4,0,0
LC37a,Li09,2,2,0,0,4,4,0,0
LPT47_vCal2,LPi07,2,2,0,0,4,4,0,0
LPT47_vCal2,VS2,1,1,0,0,4,4,0,0
LT83,LC4,2,2,0,0,4,4,0,0
LC37a,TmY5a,1,1,0,0,4,4,0,0
LC20a,LT73,1,1,0,0,4,4,0,0
aMe17c,Tm1,2,2,0,0,4,4,0,0
aMe17c,Sm21,1,1,0,0,4,4,0,0
LT68,cM08c,1,1,0,0,4,4,0,0
VS4,LPi07,2,2,0,0,4,4,0,0
LTe09,LTe49a,1,1,0,0,4,4,0,0
LTe09,LTe65,1,1,0,0,4,4,0,0
Li17,mALC3,1,0,1,0,3,0,3,0
Sm02,Dm11,1,0,1,0,3,0,3,0
Li06,C2,1,0,1,0,3,0,3,0
Tm8a,LTe50,1,0,1,0,3,0,3,0
Tm5a,Sm17,1,0,1,0,3,0,3,0
TmY31,LCe01a,1,0,1,0,3,0,3,0
L1,DmDRA2,1,0,1,0,3,0,3,0
Tm5a,LT73,1,0,1,0,3,0,3,0
Li02,LTe49c,1,0,1,0,3,0,3,0
R1-6,MeTu1,1,0,1,0,3,0,3,0
TmY16,R8,1,0,1,0,3,0,3,0
Dm20,aMe6a,1,0,1,0,3,0,3,0
Li21,DNp27,1,0,1,0,3,0,3,0
Li21,LC43,1,0,1,0,3,0,3,0
Sm07,LC27,1,0,1,0,3,0,3,0
Sm07,LCe01b,1,0,1,0,3,0,3,0
Sm07,LT67,1,0,1,0,3,0,3,0
Sm07,Li02,1,0,1,0,3,0,3,0
Tm5e,R7,1,0,1,0,3,0,3,0
Tm25,Sm11,1,0,1,0,3,0,3,0
Tm7,LTe45,1,0,1,0,3,0,3,0
Tm5a,R8,1,0,1,0,3,0,3,0
Mi10,L2,1,0,1,0,3,0,3,0
Sm05,aMe17b,1,0,1,0,3,0,3,0
Sm05,Li31,1,0,1,0,3,0,3,0
Sm05,LPLC4,1,0,1,0,3,0,3,0
Li06,OA-AL2i2,1,0,1,0,3,0,3,0
Tm5b,LC34,1,0,1,0,3,0,3,0
Dm17,DNc02,1,0,1,0,3,0,3,0
Li02,MeTu3c,1,0,1,0,3,0,3,0
Sm40,MTe17,1,0,1,0,3,0,3,0
Sm40,MTe47,1,0,1,0,3,0,3,0
Tm35,TmY16,1,0,1,0,3,0,3,0
Li21,Y12,1,0,1,0,3,0,3,0
Li02,LT1b,1,0,1,0,3,0,3,0
Tm37,LTe44,1,0,1,0,3,0,3,0
Tm3,LC36,1,0,1,0,3,0,3,0
Y4,OA-ASM1,1,0,1,0,3,0,3,0
Tm7,CT1,1,0,1,0,3,0,3,0
LPi05,Pm10,1,0,1,0,3,0,3,0
LPi05,Dm12,1,0,1,0,3,0,3,0
LPi05,LC29,1,0,1,0,3,0,3,0
LPi05,Dm3p,1,0,1,0,3,0,3,0
LPi05,LT75,1,0,1,0,3,0,3,0
Tm4,OA-ASM1,1,0,1,0,3,0,3,0
TmY3,LT53,1,0,1,0,3,0,3,0
Tlp1,cLM01,1,0,1,0,3,0,3,0
Tm5f,LT86,1,0,1,0,3,0,3,0
T3,LC19,1,0,1,0,3,0,3,0
Tm16,R8,1,0,1,0,3,0,3,0
Pm07,Pm07,1,0,1,0,3,0,3,0
Tm4,AN_multi_124,1,0,1,0,3,0,3,0
T2,LT87,1,0,1,0,3,0,3,0
TmY5a,Mi15,1,0,1,0,3,0,3,0
Tm33,Sm35,1,0,1,0,3,0,3,0
Tm33,Sm08,1,0,1,0,3,0,3,0
Sm23,aMe17a1,1,0,1,0,3,0,3,0
T5b,HSE,1,0,1,0,3,0,3,0
Tm3,Li18,1,0,1,0,3,0,3,0
Sm07,MeTu4d,1,0,1,0,3,0,3,0
Sm07,MC65,1,0,1,0,3,0,3,0
Tm3,MTe45,1,0,1,0,3,0,3,0
Mi14,Tm5f,1,0,1,0,3,0,3,0
Tm8b,MTe53,1,0,1,0,3,0,3,0
TmY10,PLP251,1,0,1,0,3,0,3,0
TmY16,Dm2,1,0,1,0,3,0,3,0
TmY9q⊥,LT61b,1,0,1,0,3,0,3,0
TmY9q⊥,cL07,1,0,1,0,3,0,3,0
Tm33,Tm3,1,0,1,0,3,0,3,0
Mi1,MTe46,1,0,1,0,3,0,3,0
LMa4,vCal1,1,0,1,0,3,0,3,0
LPi04,VCH,1,0,1,0,3,0,3,0
Li07,Tlp4,1,0,1,0,3,0,3,0
Li07,Y3,1,0,1,0,3,0,3,0
TmY31,Tlp14,1,0,1,0,3,0,3,0
Pm01,LT74,1,0,1,0,3,0,3,0
Pm01,LC6,1,0,1,0,3,0,3,0
Pm01,TmY10,1,0,1,0,3,0,3,0
LMt4,LT33,1,0,1,0,3,0,3,0
T2a,MTe02,1,0,1,0,3,0,3,0
Li04,LTe73,1,0,1,0,3,0,3,0
Li12,Li17,1,0,1,0,3,0,3,0
Li12,LTe60,1,0,1,0,3,0,3,0
Li12,MTe03,1,0,1,0,3,0,3,0
Sm41,MeMe_e06,1,0,1,0,3,0,3,0
Sm41,Sm26,1,0,1,0,3,0,3,0
Sm41,MTe17,1,0,1,0,3,0,3,0
Sm41,TmY20,1,0,1,0,3,0,3,0
MLt5,LMa5,1,0,1,0,3,0,3,0
Tm7,MeTu4d,1,0,1,0,3,0,3,0
Tm7,Y1,1,0,1,0,3,0,3,0
Tm16,Sm18,1,0,1,0,3,0,3,0
Mi10,LPLC1,1,0,1,0,3,0,3,0
LMa1,cL14,1,0,1,0,3,0,3,0
Li13,LTe66,1,0,1,0,3,0,3,0
Li13,LTe07,1,0,1,0,3,0,3,0
T5b,Li15,1,0,1,0,3,0,3,0
MLt1,LLPt,1,0,1,0,3,0,3,0
MLt1,cM15,1,0,1,0,3,0,3,0
Tm5b,Pm07,1,0,1,0,3,0,3,0
Tm5b,LT76,1,0,1,0,3,0,3,0
Tm4,Tlp5,1,0,1,0,3,0,3,0
Y4,LTe49b,1,0,1,0,3,0,3,0
TmY5a,LTe35,1,0,1,0,3,0,3,0
LMt1,LPT31,1,0,1,0,3,0,3,0
Li11,Tm27,1,0,1,0,3,0,3,0
TmY9q⊥,Sm31,1,0,1,0,3,0,3,0
Sm19,MTe04,1,0,1,0,3,0,3,0
Sm25,cM13,1,0,1,0,3,0,3,0
Tm5c,LT38,1,0,1,0,3,0,3,0
TmY9q,Sm04,1,0,1,0,3,0,3,0
Tm36,LCe01a,1,0,1,0,3,0,3,0
Tm31,OA-AL2i4,1,0,1,0,3,0,3,0
Pm10,MTe50,1,0,1,0,3,0,3,0
TmY9q⊥,LT42,1,0,1,0,3,0,3,0
Tm27,MeTu3b,1,0,1,0,3,0,3,0
Lawf1,Li06,1,0,1,0,3,0,3,0
LMa5,mALC4,1,0,1,0,3,0,3,0
LPi09,Y1,1,0,1,0,3,0,3,0
R8,LPLC2,1,0,1,0,3,0,3,0
R8,LLPC1,1,0,1,0,3,0,3,0
Tm1,cM05,1,0,1,0,3,0,3,0
LPi14,Tm5f,1,0,1,0,3,0,3,0
LPi14,cLP04,1,0,1,0,3,0,3,0
MLt4,LTe47,1,0,1,0,3,0,3,0
Li06,Pm09,1,0,1,0,3,0,3,0
Mi10,Y11,1,0,1,0,3,0,3,0
Tlp14,LPT42_Nod4,1,0,1,0,3,0,3,0
Sm15,OA-AL2i1,1,0,1,0,3,0,3,0
LMa1,Li27,1,0,1,0,3,0,3,0
Tm8b,LT43,1,0,1,0,3,0,3,0
TmY9q,Sm15,1,0,1,0,3,0,3,0
T5d,Li15,1,0,1,0,3,0,3,0
TmY9q,aMe12,1,0,1,0,3,0,3,0
Y1,LC25,1,0,1,0,3,0,3,0
TmY31,mALB5,1,0,1,0,3,0,3,0
Dm3p,TmY3,1,0,1,0,3,0,3,0
Dm14,Tm20,1,0,1,0,3,0,3,0
Mi10,Li11,1,0,1,0,3,0,3,0
Dm16,TmY10,1,0,1,0,3,0,3,0
Li02,LTe35,1,0,1,0,3,0,3,0
Tm33,LT65,1,0,1,0,3,0,3,0
TmY4,LT76,1,0,1,0,3,0,3,0
Li03,LTe65,1,0,1,0,3,0,3,0
Tm8b,Tm2,1,0,1,0,3,0,3,0
Dm10,LT63,1,0,1,0,3,0,3,0
Dm10,MTe52,1,0,1,0,3,0,3,0
Dm10,LLPC3,1,0,1,0,3,0,3,0
Dm10,LC4,1,0,1,0,3,0,3,0
Li22,Y4,1,0,1,0,3,0,3,0
Tm5d,LC4,1,0,1,0,3,0,3,0
Y1,LC40,1,0,1,0,3,0,3,0
Tm37,T1,1,0,1,0,3,0,3,0
Tm8b,Y11,1,0,1,0,3,0,3,0
Tm8b,Sm18,1,0,1,0,3,0,3,0
Dm2,aMe10,1,0,1,0,3,0,3,0
Tm21,Tlp14,1,0,1,0,3,0,3,0
Tm2,MeMe_e03,1,0,1,0,3,0,3,0
Tm37,TmY14,1,0,1,0,3,0,3,0
DmDRA1,MTe29,1,0,1,0,3,0,3,0
DmDRA1,cM11,1,0,1,0,3,0,3,0
DmDRA1,Tm2,1,0,1,0,3,0,3,0
Tm8b,Y1,1,0,1,0,3,0,3,0
T4c,H1,1,0,1,0,3,0,3,0
LMa3,LT1c,1,0,1,0,3,0,3,0
TmY4,H1,1,0,1,0,3,0,3,0
TmY9q⊥,Dm18,1,0,1,0,3,0,3,0
Tm9,LMt4,1,0,1,0,3,0,3,0
Pm11,Li06,1,0,1,0,3,0,3,0
TmY11,T4a,1,0,1,0,3,0,3,0
Sm12,MeMe_e07,1,0,1,0,3,0,3,0
Tm32,PLP032,1,0,1,0,3,0,3,0
Li13,LT56,1,0,1,0,3,0,3,0
Sm03,TmY4,1,0,1,0,3,0,3,0
TmY20,LC31b,1,0,1,0,3,0,3,0
LPi01,LPC2,1,0,1,0,3,0,3,0
Tm34,Sm21,1,0,1,0,3,0,3,0
Sm15,MTe21,1,0,1,0,3,0,3,0
Mi2,Sm22,1,0,1,0,3,0,3,0
Sm25,MTe35,1,0,1,0,3,0,3,0
TmY5a,cL20,1,0,1,0,3,0,3,0
Li17,LPi07,1,0,1,0,3,0,3,0
Dm3v,L1,1,0,1,0,3,0,3,0
Dm3v,L5,1,0,1,0,3,0,3,0
L5,Pm01,1,0,1,0,3,0,3,0
L5,T4a,1,0,1,0,3,0,3,0
Tm25,LC20a,1,0,1,0,3,0,3,0
Mi2,MTe34,1,0,1,0,3,0,3,0
TmY20,MTe51,1,0,1,0,3,0,3,0
TmY4,Li26,1,0,1,0,3,0,3,0
Tlp4,MLt4,1,0,1,0,3,0,3,0
LMa2,LTe16,1,0,1,0,3,0,3,0
LMa2,LT86,1,0,1,0,3,0,3,0
LMa2,LTe36,1,0,1,0,3,0,3,0
TmY31,Dm1,1,0,1,0,3,0,3,0
Li18,LT63,1,0,1,0,3,0,3,0
Dm13,Tm36,1,0,1,0,3,0,3,0
Li09,LTe03,1,0,1,0,3,0,3,0
Dm3v,T5a,1,0,1,0,3,0,3,0
Dm3v,TmY16,1,0,1,0,3,0,3,0
Dm3v,MeMe_e08,1,0,1,0,3,0,3,0
Dm3v,LMa5,1,0,1,0,3,0,3,0
LPi15,cLP01,1,0,1,0,3,0,3,0
LPi15,LMa4,1,0,1,0,3,0,3,0
LPi15,MeMe_e08,1,0,1,0,3,0,3,0
Li02,LC44,1,0,1,0,3,0,3,0
TmY31,MeLp1,1,0,1,0,3,0,3,0
Li01,CB2848,1,0,1,0,3,0,3,0
R1-6,CT1,1,0,1,0,3,0,3,0
R1-6,Y3,1,0,1,0,3,0,3,0
Tm3,Sm40,1,0,1,0,3,0,3,0
Tm3,Sm41,1,0,1,0,3,0,3,0
Sm08,MeMe_e07,1,0,1,0,3,0,3,0
Sm21,Dm12,1,0,1,0,3,0,3,0
Sm03,Li02,1,0,1,0,3,0,3,0
Sm03,Li12,1,0,1,0,3,0,3,0
Tlp5,LTe10,1,0,1,0,3,0,3,0
Tm34,LTe60,1,0,1,0,3,0,3,0
TmY9q,Pm06,1,0,1,0,3,0,3,0
Tm16,cM13,1,0,1,0,3,0,3,0
Tm16,LT78,1,0,1,0,3,0,3,0
Sm06,LPT54,1,0,1,0,3,0,3,0
Tm36,LTe16,1,0,1,0,3,0,3,0
TmY10,MTe01b,1,0,1,0,3,0,3,0
Tm3,OA-ASM1,1,0,1,0,3,0,3,0
R7,Pm14,1,0,1,0,3,0,3,0
Tm2,Sm27,1,0,1,0,3,0,3,0
TmY14,LPT04_HST,1,0,1,0,3,0,3,0
Y3,R8,1,0,1,0,3,0,3,0
Li28,LTe42c,1,0,1,0,3,0,3,0
Li28,LT1d,1,0,1,0,3,0,3,0
Li28,Y11,1,0,1,0,3,0,3,0
MLt1,Sm03,1,0,1,0,3,0,3,0
Li11,CB0592,1,0,1,0,3,0,3,0
Li11,Dm19,1,0,1,0,3,0,3,0
Li11,Mi14,1,0,1,0,3,0,3,0
Tm5a,T4b,1,0,1,0,3,0,3,0
Tm5f,LT69,1,0,1,0,3,0,3,0
TmY15,LC20b,1,0,1,0,3,0,3,0
Dm3v,LPT27,1,0,1,0,3,0,3,0
Y11,LC16,1,0,1,0,3,0,3,0
Tm20,LTe51,1,0,1,0,3,0,3,0
Pm14,Tm9,1,0,1,0,3,0,3,0
Tm8b,PLP185,1,0,1,0,3,0,3,0
TmY4,LT87,1,0,1,0,3,0,3,0
T2a,Tlp4,1,0,1,0,3,0,3,0
LPi07,LPT48_vCal3,1,0,1,0,3,0,3,0
Tm37,Li29,1,0,1,0,3,0,3,0
L4,MeTu3c,1,0,1,0,3,0,3,0
Tm5a,LC46,1,0,1,0,3,0,3,0
Tm5a,MTe49,1,0,1,0,3,0,3,0
Tm31,LTe49a,1,0,1,0,3,0,3,0
Tm37,Tm1,1,0,1,0,3,0,3,0
Tm37,TmY3,1,0,1,0,3,0,3,0
Li12,LCe08,1,0,1,0,3,0,3,0
Li12,LT87,1,0,1,0,3,0,3,0
Tm31,Tm16,1,0,1,0,3,0,3,0
Li04,LCe04,1,0,1,0,3,0,3,0
Y4,Sm22,1,0,1,0,3,0,3,0
Y3,vCal1,1,0,1,0,3,0,3,0
Sm07,R8,1,0,1,0,3,0,3,0
Sm04,Sm10,1,0,1,0,3,0,3,0
Mi1,DmDRA2,1,0,1,0,3,0,3,0
MLt8,LC21,1,0,1,0,3,0,3,0
Tm4,LCe09,1,0,1,0,3,0,3,0
MLt3,LC20a,1,0,1,0,3,0,3,0
MLt3,Li13,1,0,1,0,3,0,3,0
Tm27,Dm3p,1,0,1,0,3,0,3,0
Tm5c,MTe15,1,0,1,0,3,0,3,0
Li31,cL08,1,0,1,0,3,0,3,0
Li31,LT65,1,0,1,0,3,0,3,0
Li31,LLPC2,1,0,1,0,3,0,3,0
Li31,DNp27,1,0,1,0,3,0,3,0
R7,Sm14,1,0,1,0,3,0,3,0
Li06,cL16,1,0,1,0,3,0,3,0
MLt6,LT34,1,0,1,0,3,0,3,0
MLt6,Tm20,1,0,1,0,3,0,3,0
LMt1,Am1,1,0,1,0,3,0,3,0
TmY31,cL11,1,0,1,0,3,0,3,0
Pm06,MLt4,1,0,1,0,3,0,3,0
C2,Pm13,1,0,1,0,3,0,3,0
C3,Tm36,1,0,1,0,3,0,3,0
TmY11,LCe02,1,0,1,0,3,0,3,0
LMa4,MTe51,1,0,1,0,3,0,3,0
Dm3p,Tm8b,1,0,1,0,3,0,3,0
Tm5c,LPi07,1,0,1,0,3,0,3,0
TmY11,Li19,1,0,1,0,3,0,3,0
Sm29,MTe25,1,0,1,0,3,0,3,0
TmY3,cLP04,1,0,1,0,3,0,3,0
Tm5c,MTe34,1,0,1,0,3,0,3,0
Pm08,Tm5a,1,0,1,0,3,0,3,0
Tm5f,Tlp4,1,0,1,0,3,0,3,0
Sm42,Y12,1,0,1,0,3,0,3,0
Sm42,aMe12,1,0,1,0,3,0,3,0
Sm42,MTe36,1,0,1,0,3,0,3,0
Sm42,OA-AL2i1,1,0,1,0,3,0,3,0
Sm42,Sm38,1,0,1,0,3,0,3,0
Sm42,MTe40,1,0,1,0,3,0,3,0
Li08,Tm5d,1,0,1,0,3,0,3,0
R8,T4a,1,0,1,0,3,0,3,0
R8,Tm37,1,0,1,0,3,0,3,0
Sm02,Sm32,1,0,1,0,3,0,3,0
TmY31,LTe37,1,0,1,0,3,0,3,0
LMa1,LTe53,1,0,1,0,3,0,3,0
MLt8,MeTu4a,1,0,1,0,3,0,3,0
LPi11,H2,1,0,1,0,3,0,3,0
Sm05,LTe30,1,0,1,0,3,0,3,0
Pm02,T4c,1,0,1,0,3,0,3,0
Sm19,cM04,1,0,1,0,3,0,3,0
T4c,Dm3p,1,0,1,0,3,0,3,0
Tm34,Dm4,1,0,1,0,3,0,3,0
Tm34,Mi9,1,0,1,0,3,0,3,0
Sm19,Tm33,1,0,1,0,3,0,3,0
Dm16,Tm5f,1,0,1,0,3,0,3,0
LPi03,LPi02,1,0,1,0,3,0,3,0
L3,CB3833,1,0,1,0,3,0,3,0
T4b,LPi08,1,0,1,0,3,0,3,0
Pm08,Li06,1,0,1,0,3,0,3,0
Li01,OA-AL2b1,1,0,1,0,3,0,3,0
Li14,T2a,1,0,1,0,3,0,3,0
TmY10,R8,1,0,1,0,3,0,3,0
Li21,LTe18,1,0,1,0,3,0,3,0
Li21,Li18,1,0,1,0,3,0,3,0
Li21,LC24,1,0,1,0,3,0,3,0
Sm22,Mi9,1,0,1,0,3,0,3,0
Sm22,MTe28,1,0,1,0,3,0,3,0
LMa5,LT61a,1,0,1,0,3,0,3,0
L1,LPC2,1,0,1,0,3,0,3,0
L1,LLPC2,1,0,1,0,3,0,3,0
Tm3,Sm27,1,0,1,0,3,0,3,0
Sm31,Mi13,1,0,1,0,3,0,3,0
Sm31,LTe25,1,0,1,0,3,0,3,0
Sm08,CB0816,1,0,1,0,3,0,3,0
Dm13,TmY9q,1,0,1,0,3,0,3,0
T2a,LPi09,1,0,1,0,3,0,3,0
Sm05,Tm5c,1,0,1,0,3,0,3,0
T3,MeMe_e07,1,0,1,0,3,0,3,0
Tm31,LT65,1,0,1,0,3,0,3,0
TmY11,LTe29,1,0,1,0,3,0,3,0
Tm37,Pm07,1,0,1,0,3,0,3,0
Sm33,MTe02,1,0,1,0,3,0,3,0
Tm36,T4b,1,0,1,0,3,0,3,0
Mi10,Sm39,1,0,1,0,3,0,3,0
MLt3,LC26,1,0,1,0,3,0,3,0
Li11,LTe35,1,0,1,0,3,0,3,0
Li07,LC19,1,0,1,0,3,0,3,0
Dm9,Mi13,1,0,1,0,3,0,3,0
Dm2,T1,1,0,1,0,3,0,3,0
MLt5,LTe02,1,0,1,0,3,0,3,0
MLt5,R8,1,0,1,0,3,0,3,0
LMa2,LTe27,1,0,1,0,3,0,3,0
T4a,LMa2,1,0,1,0,3,0,3,0
R1-6,T2,1,0,1,0,3,0,3,0
Sm07,LT77,1,0,1,0,3,0,3,0
Sm07,LC40,1,0,1,0,3,0,3,0
Tm32,aMe19b,1,0,1,0,3,0,3,0
LPi07,VS5,1,0,1,0,3,0,3,0
T4a,MeLp2,1,0,1,0,3,0,3,0
Tm5c,LT63,1,0,1,0,3,0,3,0
Sm27,TmY15,1,0,1,0,3,0,3,0
Sm27,Dm4,1,0,1,0,3,0,3,0
MLt7,MeTu2b,1,0,1,0,3,0,3,0
LPi05,T2a,1,0,1,0,3,0,3,0
Sm40,Li01,1,0,1,0,3,0,3,0
Tm37,Dm11,1,0,1,0,3,0,3,0
Dm20,DNc02,1,0,1,0,3,0,3,0
Sm26,R8,1,0,1,0,3,0,3,0
L1,Dm3p,1,0,1,0,3,0,3,0
Sm07,MeMe_e01,1,0,1,0,3,0,3,0
Sm08,TmY16,1,0,1,0,3,0,3,0
Sm13,MTe49,1,0,1,0,3,0,3,0
Li13,Pm01,1,0,1,0,3,0,3,0
Li13,LC10f,1,0,1,0,3,0,3,0
Li33,Pm01,1,0,1,0,3,0,3,0
Li33,Sm03,1,0,1,0,3,0,3,0
Li33,cL19,1,0,1,0,3,0,3,0
Li33,LT41,1,0,1,0,3,0,3,0
Li33,LT43,1,0,1,0,3,0,3,0
Li33,Mi10,1,0,1,0,3,0,3,0
Li33,Tm1,1,0,1,0,3,0,3,0
Li33,cML01,1,0,1,0,3,0,3,0
Li33,LTe20,1,0,1,0,3,0,3,0
Sm05,cM15,1,0,1,0,3,0,3,0
Tm35,MeTu4d,1,0,1,0,3,0,3,0
Tm9,T4a,1,0,1,0,3,0,3,0
Li13,MeTu4b,1,0,1,0,3,0,3,0
Tm5f,Sm19,1,0,1,0,3,0,3,0
Pm14,T4a,1,0,1,0,3,0,3,0
Tm32,LT78,1,0,1,0,3,0,3,0
Sm03,Sm19,1,0,1,0,3,0,3,0
LMt1,Y1,1,0,1,0,3,0,3,0
Li15,T5b,1,0,1,0,3,0,3,0
Sm29,T2a,1,0,1,0,3,0,3,0
Sm29,DmDRA1,1,0,1,0,3,0,3,0
Sm21,Sm32,1,0,1,0,3,0,3,0
Sm36,Sm20,1,0,1,0,3,0,3,0
Li01,Sm06,1,0,1,0,3,0,3,0
Li01,LT62,1,0,1,0,3,0,3,0
Tm5b,LCe09,1,0,1,0,3,0,3,0
Tm9,Dm6,1,0,1,0,3,0,3,0
MLt1,Pm02,1,0,1,0,3,0,3,0
Tm1,Sm22,1,0,1,0,3,0,3,0
Tm5c,aMe1,1,0,1,0,3,0,3,0
Pm05,T4d,1,0,1,0,3,0,3,0
Lawf2,MTe44,1,0,1,0,3,0,3,0
Li06,LT40,1,0,1,0,3,0,3,0
Sm04,Dm8b,1,0,1,0,3,0,3,0
T3,Li19,1,0,1,0,3,0,3,0
Tm35,LT36,1,0,1,0,3,0,3,0
Tm20,R1-6,1,0,1,0,3,0,3,0
Tm5d,LTe27,1,0,1,0,3,0,3,0
C3,Sm13,1,0,1,0,3,0,3,0
Tm1,MLt7,1,0,1,0,3,0,3,0
Li25,TmY11,1,0,1,0,3,0,3,0
Sm04,Mi15,1,0,1,0,3,0,3,0
MLt2,LCe01,1,0,1,0,3,0,3,0
Pm13,Dm10,1,0,1,0,3,0,3,0
Sm35,Pm05,1,0,1,0,3,0,3,0
Tm25,Sm15,1,0,1,0,3,0,3,0
Li16,LC6,1,0,1,0,3,0,3,0
Li16,TmY9q⊥,1,0,1,0,3,0,3,0
Sm10,MeMe_e06,1,0,1,0,3,0,3,0
Y11,Pm01,1,0,1,0,3,0,3,0
L5,Sm10,1,0,1,0,3,0,3,0
Dm19,R7,1,0,1,0,3,0,3,0
Y4,LT72,1,0,1,0,3,0,3,0
LPi08,LPi15,1,0,1,0,3,0,3,0
Sm38,MTe25,1,0,1,0,3,0,3,0
Tm33,LC9,1,0,1,0,3,0,3,0
Tm37,MeLp1,1,0,1,0,3,0,3,0
Tlp4,cM07,1,0,1,0,3,0,3,0
T4d,Li06,1,0,1,0,3,0,3,0
Li10,Sm32,1,0,1,0,3,0,3,0
Li32,LCe01a,1,0,1,0,3,0,3,0
Li32,LC44,1,0,1,0,3,0,3,0
Li32,TmY15,1,0,1,0,3,0,3,0
R7,Sm06,1,0,1,0,3,0,3,0
Lai,Tm1,1,0,1,0,3,0,3,0
Sm10,Dm3q,1,0,1,0,3,0,3,0
Tm5f,cL09,1,0,1,0,3,0,3,0
TmY5a,aMe17a2,1,0,1,0,3,0,3,0
Li24,LTe66,1,0,1,0,3,0,3,0
MLt1,Sm30,1,0,1,0,3,0,3,0
MLt1,MTe26,1,0,1,0,3,0,3,0
Tm25,MeMe_e07,1,0,1,0,3,0,3,0
Li06,Tm5d,1,0,1,0,3,0,3,0
Li08,Li04,1,0,1,0,3,0,3,0
Tm7,Sm16,1,0,1,0,3,0,3,0
LMa2,LTe46,1,0,1,0,3,0,3,0
LMa2,LTe42b,1,0,1,0,3,0,3,0
Tm25,C2,1,0,1,0,3,0,3,0
Pm04,LPi07,1,0,1,0,3,0,3,0
MLt5,LTe67,1,0,1,0,3,0,3,0
Tm35,TmY15,1,0,1,0,3,0,3,0
R8,MeMe_e10,1,0,1,0,3,0,3,0
TmY14,LT11,1,0,1,0,3,0,3,0
Tm5a,MTe05,1,0,1,0,3,0,3,0
CT1,VS8,1,0,1,0,3,0,3,0
CT1,TmY20,1,0,1,0,3,0,3,0
CT1,Dm3v,1,0,1,0,3,0,3,0
CT1,LMa2,1,0,1,0,3,0,3,0
CT1,LPLC2,1,0,1,0,3,0,3,0
CT1,LC15,1,0,1,0,3,0,3,0
Dm20,R7,1,0,1,0,3,0,3,0
L1,LPi07,1,0,1,0,3,0,3,0
Sm02,Sm30,1,0,1,0,3,0,3,0
Mi4,Li10,1,0,1,0,3,0,3,0
LPi09,TmY9q⊥,1,0,1,0,3,0,3,0
Tm7,LT59,1,0,1,0,3,0,3,0
Y4,LPi14,1,0,1,0,3,0,3,0
Pm01,Dm3v,1,0,1,0,3,0,3,0
Tm5a,LC12,1,0,1,0,3,0,3,0
Li06,LPT31,1,0,1,0,3,0,3,0
Dm15,C2,1,0,1,0,3,0,3,0
Dm15,Dm18,1,0,1,0,3,0,3,0
Li13,Mi10,1,0,1,0,3,0,3,0
Am1,LCe07,1,0,1,0,3,0,3,0
Am1,mALC3,1,0,1,0,3,0,3,0
Am1,Pm08,1,0,1,0,3,0,3,0
Tm8a,LC12,1,0,1,0,3,0,3,0
MLt1,Li31,1,0,1,0,3,0,3,0
MLt1,LTe30,1,0,1,0,3,0,3,0
Tm7,LT74,1,0,1,0,3,0,3,0
Li16,LT1b,1,0,1,0,3,0,3,0
Tm21,LPi05,1,0,1,0,3,0,3,0
LPi10,HSN,1,0,1,0,3,0,3,0
Y1,LMa1,1,0,1,0,3,0,3,0
MLt3,TmY20,1,0,1,0,3,0,3,0
Y12,C3,1,0,1,0,3,0,3,0
Y12,LPT50,1,0,1,0,3,0,3,0
Tm20,cL02a,1,0,1,0,3,0,3,0
Li26,cML01,1,0,1,0,3,0,3,0
Tm3,LT57,1,0,1,0,3,0,3,0
Mi9,R1-6,1,0,1,0,3,0,3,0
Tm16,MeTu2b,1,0,1,0,3,0,3,0
TmY20,LC31c,1,0,1,0,3,0,3,0
Li04,Y4,1,0,1,0,3,0,3,0
TmY14,LPi06,1,0,1,0,3,0,3,0
Tm2,cL03,1,0,1,0,3,0,3,0
Li18,LMa1,1,0,1,0,3,0,3,0
Tm9,Tm35,1,0,1,0,3,0,3,0
Tm5c,R1-6,1,0,1,0,3,0,3,0
LMa3,LC10c,1,0,1,0,3,0,3,0
Y11,Pm11,1,0,1,0,3,0,3,0
Tm3,MLt7,1,0,1,0,3,0,3,0
Lawf2,Sm22,1,0,1,0,3,0,3,0
T5b,VST2,1,0,1,0,3,0,3,0
L5,CB3833,1,0,1,0,3,0,3,0
LPi01,Nod2,1,0,1,0,3,0,3,0
LPi14,LPT51,1,0,1,0,3,0,3,0
C3,Li17,1,0,1,0,3,0,3,0
MLt1,5-HTPMPV03,1,0,1,0,3,0,3,0
TmY3,cL09,1,0,1,0,3,0,3,0
Sm08,LPi07,1,0,1,0,3,0,3,0
Y12,Pm01,1,0,1,0,3,0,3,0
LPi02,TmY3,1,0,1,0,3,0,3,0
Sm18,Sm04,1,0,1,0,3,0,3,0
Sm19,L3,1,0,1,0,3,0,3,0
T5c,VS1,1,0,1,0,3,0,3,0
LLPt,cLP04,1,0,1,0,3,0,3,0
TmY9q,LTe12,1,0,1,0,3,0,3,0
Sm32,MTe14,1,0,1,0,3,0,3,0
Sm32,LTe38c,1,0,1,0,3,0,3,0
Sm32,cL05,1,0,1,0,3,0,3,0
Sm32,Li11,1,0,1,0,3,0,3,0
Sm32,Tm31,1,0,1,0,3,0,3,0
Dm8a,L3,1,0,1,0,3,0,3,0
Li05,LatB,1,0,1,0,3,0,3,0
Sm34,Tm5e,1,0,1,0,3,0,3,0
TmY20,Li18,1,0,1,0,3,0,3,0
LMt2,DmDRA1,1,0,1,0,3,0,3,0
Tm8b,LC46,1,0,1,0,3,0,3,0
Tm5c,MeTu4b,1,0,1,0,3,0,3,0
LMt3,LT36,1,0,1,0,3,0,3,0
Tm5d,Pm07,1,0,1,0,3,0,3,0
Tm5d,cM07,1,0,1,0,3,0,3,0
TmY4,LC34,1,0,1,0,3,0,3,0
TmY4,LC10f,1,0,1,0,3,0,3,0
TmY4,cL22a,1,0,1,0,3,0,3,0
Dm2,Pm07,1,0,1,0,3,0,3,0
Dm2,LCe01b,1,0,1,0,3,0,3,0
Dm2,LC13,1,0,1,0,3,0,3,0
Dm2,LTe38c,1,0,1,0,3,0,3,0
Tm25,LT62,1,0,1,0,3,0,3,0
Mi10,MTe23,1,0,1,0,3,0,3,0
LPi07,cLPL01,1,0,1,0,3,0,3,0
Tm5e,PLP251,1,0,1,0,3,0,3,0
Pm09,OA-AL2i4,1,0,1,0,3,0,3,0
Pm09,MTe13,1,0,1,0,3,0,3,0
Sm16,cM03,1,0,1,0,3,0,3,0
Sm18,MTe23,1,0,1,0,3,0,3,0
Dm11,OA-AL2i3,1,0,1,0,3,0,3,0
LPi01,LPi05,1,0,1,0,3,0,3,0
Sm16,MTe38,1,0,1,0,3,0,3,0
TmY11,LC46,1,0,1,0,3,0,3,0
TmY16,Tm5d,1,0,1,0,3,0,3,0
LPi11,LPT52,1,0,1,0,3,0,3,0
Mi15,MTe46,1,0,1,0,3,0,3,0
Tm21,Sm04,1,0,1,0,3,0,3,0
LPi11,MeLp1,1,0,1,0,3,0,3,0
C2,LT78,1,0,1,0,3,0,3,0
C2,Li09,1,0,1,0,3,0,3,0
C2,LC10d,1,0,1,0,3,0,3,0
C2,LC14a1,1,0,1,0,3,0,3,0
MLt2,Dm11,1,0,1,0,3,0,3,0
Sm22,PDt,1,0,1,0,3,0,3,0
Li10,MTe32,1,0,1,0,3,0,3,0
LLPt,VS1,1,0,1,0,3,0,3,0
Tm27,Nod3,1,0,1,0,3,0,3,0
Tlp1,Li31,1,0,1,0,3,0,3,0
T4c,cLP04,1,0,1,0,3,0,3,0
Tm31,Y4,1,0,1,0,3,0,3,0
Y4,Li23,1,0,1,0,3,0,3,0
Tlp4,LT40,1,0,1,0,3,0,3,0
TmY20,Li21,1,0,1,0,3,0,3,0
Sm23,aMe25,1,0,1,0,3,0,3,0
TmY15,LC19,1,0,1,0,3,0,3,0
Sm17,Li05,1,0,1,0,3,0,3,0
Sm17,MTe20,1,0,1,0,3,0,3,0
Sm17,LC33a,1,0,1,0,3,0,3,0
Li18,LTe58,1,0,1,0,3,0,3,0
Li30,Li24,1,0,1,0,3,0,3,0
Li30,LTe07,1,0,1,0,3,0,3,0
Li30,LT11,1,0,1,0,3,0,3,0
Li30,LT80,1,0,1,0,3,0,3,0
LPi11,Tlp5,1,0,1,0,3,0,3,0
TmY3,MeTu3b,1,0,1,0,3,0,3,0
MLt4,OA-AL2i2,1,0,1,0,3,0,3,0
MLt4,PLP174,1,0,1,0,3,0,3,0
LMt3,T1,1,0,1,0,3,0,3,0
MLt8,LPLC1,1,0,1,0,3,0,3,0
MLt8,Li13,1,0,1,0,3,0,3,0
Tm5e,aMe12,1,0,1,0,3,0,3,0
LMa1,Li13,1,0,1,0,3,0,3,0
Sm25,Sm02,1,0,1,0,3,0,3,0
Sm25,cM03,1,0,1,0,3,0,3,0
T4c,LT33,1,0,1,0,3,0,3,0
Tlp5,LPi12,1,0,1,0,3,0,3,0
MLt1,OA-AL2i4,1,0,1,0,3,0,3,0
Tm8b,LTe45,1,0,1,0,3,0,3,0
Tm9,Pm02,1,0,1,0,3,0,3,0
T4b,Lawf1,1,0,1,0,3,0,3,0
T4b,Dm17,1,0,1,0,3,0,3,0
Pm13,Pm06,1,0,1,0,3,0,3,0
Tm21,LMt4,1,0,1,0,3,0,3,0
Mi1,MTe04,1,0,1,0,3,0,3,0
Tm5c,LT43,1,0,1,0,3,0,3,0
TmY3,LCe04,1,0,1,0,3,0,3,0
MLt5,MLt1,1,0,1,0,3,0,3,0
MLt5,Dm3q,1,0,1,0,3,0,3,0
Tm5c,cLP02,1,0,1,0,3,0,3,0
Li05,LTe76,1,0,1,0,3,0,3,0
T5d,Li26,1,0,1,0,3,0,3,0
Tlp1,LTe58,1,0,1,0,3,0,3,0
Tm5d,LMa5,1,0,1,0,3,0,3,0
Pm02,LPT54,1,0,1,0,3,0,3,0
Pm02,MTe13,1,0,1,0,3,0,3,0
Tm4,cM15,1,0,1,0,3,0,3,0
Y4,cL20,1,0,1,0,3,0,3,0
Dm10,LMt3,1,0,1,0,3,0,3,0
Dm10,Li01,1,0,1,0,3,0,3,0
Tm5f,Pm01,1,0,1,0,3,0,3,0
Mi2,MTe11,1,0,1,0,3,0,3,0
Sm29,TmY4,1,0,1,0,3,0,3,0
Sm08,Mi10,1,0,1,0,3,0,3,0
Tm5e,cL13,1,0,1,0,3,0,3,0
Mi4,MTe48,1,0,1,0,3,0,3,0
Tm31,LTe42b,1,0,1,0,3,0,3,0
Tm8b,cL22b,1,0,1,0,3,0,3,0
Tm8b,cL11,1,0,1,0,3,0,3,0
Sm06,cM03,1,0,1,0,3,0,3,0
Sm13,TmY3,1,0,1,0,3,0,3,0
Li29,LTe26,1,0,1,0,3,0,3,0
Li29,LT47,1,0,1,0,3,0,3,0
Li29,LC14a2,1,0,1,0,3,0,3,0
Li29,LT11,1,0,1,0,3,0,3,0
Li29,Li19,1,0,1,0,3,0,3,0
Li29,LC25,1,0,1,0,3,0,3,0
Sm37,Sm36,1,0,1,0,3,0,3,0
L4,MeTu4a,1,0,1,0,3,0,3,0
Sm28,MTe04,1,0,1,0,3,0,3,0
Tm36,cM16,1,0,1,0,3,0,3,0
Tm33,Tm2,1,0,1,0,3,0,3,0
LMt4,Li06,1,0,1,0,3,0,3,0
Sm07,Tm2,1,0,1,0,3,0,3,0
Li12,Li19,1,0,1,0,3,0,3,0
Sm36,Tm3,1,0,1,0,3,0,3,0
Sm36,LPi07,1,0,1,0,3,0,3,0
Sm36,MeTu3b,1,0,1,0,3,0,3,0
Y1,MTe31,1,0,1,0,3,0,3,0
LPi13,cLLPM02,1,0,1,0,3,0,3,0
Tm16,LPT30,1,0,1,0,3,0,3,0
R8,LC14b,1,0,1,0,3,0,3,0
R8,LMa5,1,0,1,0,3,0,3,0
R1-6,LPLC4,1,0,1,0,3,0,3,0
R1-6,Sm12,1,0,1,0,3,0,3,0
TmY15,AN_multi_125,1,0,1,0,3,0,3,0
Li06,MLt1,1,0,1,0,3,0,3,0
MLt3,Dm3q,1,0,1,0,3,0,3,0
Li04,LT79,1,0,1,0,3,0,3,0
Tm5e,LTe60,1,0,1,0,3,0,3,0
Lawf2,Sm09,1,0,1,0,3,0,3,0
T5b,LMa2,1,0,1,0,3,0,3,0
Tm8b,Tlp4,1,0,1,0,3,0,3,0
Sm02,MTe15,1,0,1,0,3,0,3,0
MLt1,LC20a,1,0,1,0,3,0,3,0
Tm33,LTe47,1,0,1,0,3,0,3,0
Tm5e,TmY16,1,0,1,0,3,0,3,0
MLt3,Li27,1,0,1,0,3,0,3,0
Tm16,Tm31,1,0,1,0,3,0,3,0
TmY5a,cL08,1,0,1,0,3,0,3,0
Pm06,CB0592,1,0,1,0,3,0,3,0
Pm06,TmY11,1,0,1,0,3,0,3,0
L5,Sm19,1,0,1,0,3,0,3,0
Sm27,OA-ASM1,1,0,1,0,3,0,3,0
R8,Li12,1,0,1,0,3,0,3,0
R8,LTe30,1,0,1,0,3,0,3,0
R8,Li06,1,0,1,0,3,0,3,0
R8,LC10b,1,0,1,0,3,0,3,0
Sm04,Sm34,1,0,1,0,3,0,3,0
Li03,LCe02,1,0,1,0,3,0,3,0
Li03,Tm8a,1,0,1,0,3,0,3,0
Mi1,MeTu2a,1,0,1,0,3,0,3,0
MLt8,LTe30,1,0,1,0,3,0,3,0
Lawf2,R8,1,0,1,0,3,0,3,0
Li12,LTe56,1,0,1,0,3,0,3,0
Sm04,Dm6,1,0,1,0,3,0,3,0
Tm7,LTe12,1,0,1,0,3,0,3,0
TmY11,aMe20,1,0,1,0,3,0,3,0
Lawf1,Dm16,1,0,1,0,3,0,3,0
Tm16,LTe73,1,0,1,0,3,0,3,0
Sm01,Sm05,1,0,1,0,3,0,3,0
Tm25,aMe4,1,0,1,0,3,0,3,0
Li23,5-HTPMPV03,1,0,1,0,3,0,3,0
Li23,LTe42c,1,0,1,0,3,0,3,0
Li23,LTe24,1,0,1,0,3,0,3,0
Li23,LC45,1,0,1,0,3,0,3,0
Li23,LTe48,1,0,1,0,3,0,3,0
LMa2,LC33a,1,0,1,0,3,0,3,0
LMa2,T5c,1,0,1,0,3,0,3,0
LPi10,LPi06,1,0,1,0,3,0,3,0
TmY5a,LPT29,1,0,1,0,3,0,3,0
Tm1,MTe11,1,0,1,0,3,0,3,0
T4a,Pm13,1,0,1,0,3,0,3,0
Y3,Sm41,1,0,1,0,3,0,3,0
Tm27,LC10c,1,0,1,0,3,0,3,0
Sm36,TmY9q,1,0,1,0,3,0,3,0
TmY11,L5,1,0,1,0,3,0,3,0
TmY11,L1,1,0,1,0,3,0,3,0
Li27,Li08,1,0,1,0,3,0,3,0
Li27,LT69,1,0,1,0,3,0,3,0
Li27,LT63,1,0,1,0,3,0,3,0
TmY31,LPi13,1,0,1,0,3,0,3,0
Tm35,Tm4,1,0,1,0,3,0,3,0
Tm35,Pm07,1,0,1,0,3,0,3,0
Li18,LT59,1,0,1,0,3,0,3,0
Li18,LTe76,1,0,1,0,3,0,3,0
Tm1,LC14b,1,0,1,0,3,0,3,0
TmY5a,LTe53,1,0,1,0,3,0,3,0
Sm19,Dm10,1,0,1,0,3,0,3,0
Dm11,Tm3,1,0,1,0,3,0,3,0
LPi07,Mi4,1,0,1,0,3,0,3,0
LPi07,LC28a,1,0,1,0,3,0,3,0
LPi07,LC35,1,0,1,0,3,0,3,0
Tm5b,LTe42a,1,0,1,0,3,0,3,0
Sm30,TmY5a,1,0,1,0,3,0,3,0
C2,TmY9q,1,0,1,0,3,0,3,0
T5d,TmY31,1,0,1,0,3,0,3,0
MLt1,LMa1,1,0,1,0,3,0,3,0
Tm5c,Dm14,1,0,1,0,3,0,3,0
Sm24,Sm15,1,0,1,0,3,0,3,0
Tm5b,Y12,1,0,1,0,3,0,3,0
Li03,Li07,1,0,1,0,3,0,3,0
T4c,VS1,1,0,1,0,3,0,3,0
Tm31,LT84,1,0,1,0,3,0,3,0
LPi03,Y11,1,0,1,0,3,0,3,0
LPi03,LPi15,1,0,1,0,3,0,3,0
LMt1,MeMe_e08,1,0,1,0,3,0,3,0
Tm25,LC45,1,0,1,0,3,0,3,0
Tlp1,MTe47,1,0,1,0,3,0,3,0
Dm11,Sm36,1,0,1,0,3,0,3,0
T5a,cLLPM01,1,0,1,0,3,0,3,0
Tm21,Y12,1,0,1,0,3,0,3,0
Tm5e,T4c,1,0,1,0,3,0,3,0
Pm10,Li06,1,0,1,0,3,0,3,0
Dm20,Dm8a,1,0,1,0,3,0,3,0
Li01,cL04,1,0,1,0,3,0,3,0
Sm31,Sm21,1,0,1,0,3,0,3,0
Dm11,Tm35,1,0,1,0,3,0,3,0
LC11,Tm5e,1,0,1,0,3,0,3,0
LC15,LTe31,1,0,1,0,3,0,3,0
LT55,Li32,1,0,1,0,3,0,3,0
LT55,Li13,1,0,1,0,3,0,3,0
LT55,OA-AL2b1,1,0,0,1,3,0,0,3
aMe5,MeTu4a,1,0,1,0,3,0,3,0
LC27,cM09,1,0,1,0,3,0,3,0
MTe45,MeTu3c,1,0,1,0,3,0,3,0
LT52,MLt1,1,0,1,0,3,0,3,0
LC40,Sm07,1,0,1,0,3,0,3,0
LT1d,LMa4,1,0,1,0,3,0,3,0
LCe01b,LC31c,1,0,1,0,3,0,3,0
LCe01,LTe64,1,0,1,0,3,0,3,0
LC27,MeTu4a,1,0,1,0,3,0,3,0
MTe03,MTe53,1,0,1,0,3,0,3,0
MeLp1,LPT49,1,1,0,0,3,3,0,0
MeLp1,Dm12,1,0,1,0,3,0,3,0
LC14b,Dm9,1,1,0,0,3,3,0,0
LT87,LT61a,1,0,1,0,3,0,3,0
cM09,Sm26,1,0,1,0,3,0,3,0
LC25,Li32,1,0,1,0,3,0,3,0
LT11,Li13,1,0,1,0,3,0,3,0
LT11,LC31c,1,0,1,0,3,0,3,0
LT11,Li01,1,0,1,0,3,0,3,0
LT11,Li32,1,0,1,0,3,0,3,0
LT11,LT63,1,0,1,0,3,0,3,0
LT11,LC20b,1,0,1,0,3,0,3,0
LT11,LC10a,1,0,1,0,3,0,3,0
LT11,cL14,1,0,1,0,3,0,3,0
cLPL01,cL18,1,0,1,0,3,0,3,0
cLPL01,LPi14,1,0,1,0,3,0,3,0
cLPL01,Li01,1,0,1,0,3,0,3,0
cL22a,LC14b,1,0,1,0,3,0,3,0
cL22a,PLP251,1,0,1,0,3,0,3,0
cL22a,Tm8b,1,0,1,0,3,0,3,0
cL22a,LC28a,1,0,1,0,3,0,3,0
cL22a,Li08,1,0,1,0,3,0,3,0
MTe21,Sm07,1,0,1,0,3,0,3,0
MeMe_e01,Sm03,1,0,1,0,3,0,3,0
MeMe_e01,MTe23,1,0,1,0,3,0,3,0
MeMe_e01,cM08c,1,0,1,0,3,0,3,0
MTe46,TmY16,1,1,0,0,3,3,0,0
LT34,LCe09,1,0,1,0,3,0,3,0
LT34,LCe01,1,0,1,0,3,0,3,0
LT34,Li24,1,0,1,0,3,0,3,0
MeTu4a,DmDRA1,1,0,1,0,3,0,3,0
LPT51,LPT04_HST,1,0,1,0,3,0,3,0
cLP01,LPi10,1,0,1,0,3,0,3,0
LPLC4,T4b,1,0,1,0,3,0,3,0
LT42,LTe10,1,0,1,0,3,0,3,0
LT42,LLPC2,1,0,1,0,3,0,3,0
LT42,LC28a,1,0,1,0,3,0,3,0
LT42,LC29,1,0,1,0,3,0,3,0
LTe15,LC16,1,0,1,0,3,0,3,0
LTe15,LTe21,1,0,1,0,3,0,3,0
LTe15,LC40,1,0,1,0,3,0,3,0
MTe07,OA-AL2i1,1,0,1,0,3,0,3,0
LC20a,LMa1,1,0,1,0,3,0,3,0
LT43,Li06,1,0,1,0,3,0,3,0
LT43,LC39,1,0,1,0,3,0,3,0
LC45,TmY20,1,0,1,0,3,0,3,0
LC15,T5a,1,0,1,0,3,0,3,0
LC12,LTe18,1,0,1,0,3,0,3,0
LC6,LCe07,1,0,1,0,3,0,3,0
cL02d,TmY9q,1,0,1,0,3,0,3,0
LC4,OA-AL2i2,1,0,1,0,3,0,3,0
LTe03,LT52,1,0,1,0,3,0,3,0
LC31a,LT1c,1,0,1,0,3,0,3,0
LTe01,LTe27,1,0,1,0,3,0,3,0
LPC1,LPi06,1,0,1,0,3,0,3,0
LC12,LLPt,1,0,1,0,3,0,3,0
MTe41,Pm08,1,0,1,0,3,0,3,0
LC20b,LT72,1,0,1,0,3,0,3,0
MeMe_e01,Tm1,1,0,1,0,3,0,3,0
LC21,LTe35,1,0,1,0,3,0,3,0
cL16,LT87,1,0,1,0,3,0,3,0
LC21,Y3,1,0,1,0,3,0,3,0
LC21,LT53,1,0,1,0,3,0,3,0
MTe01b,Sm04,1,0,1,0,3,0,3,0
LC14b,LPT51,1,1,0,0,3,3,0,0
MeMe_e08,Sm36,1,0,1,0,3,0,3,0
LPT04_HST,Nod1,1,0,1,0,3,0,3,0
cL14,LT43,1,0,1,0,3,0,3,0
cL14,Li19,1,0,1,0,3,0,3,0
cL14,LC35,1,0,1,0,3,0,3,0
cL14,LTe10,1,0,1,0,3,0,3,0
cL14,cL04,1,0,1,0,3,0,3,0
cL14,LC17,1,0,1,0,3,0,3,0
cL14,LC36,1,0,1,0,3,0,3,0
LT52,cL22b,1,0,1,0,3,0,3,0
LCe01a,LT84,1,0,1,0,3,0,3,0
cM01a,MTe28,1,0,1,0,3,0,3,0
cM01a,Sm05,1,0,1,0,3,0,3,0
cM01a,MeMe_e09,1,0,1,0,3,0,3,0
cM01a,CB0566,1,0,1,0,3,0,3,0
aMe17b,cM08c,1,0,1,0,3,0,3,0
aMe17b,Sm03,1,0,1,0,3,0,3,0
MeMe_e02,Sm34,1,1,0,0,3,3,0,0
MeMe_e02,aMe19b,1,0,0,1,3,0,0,3
MeMe_e02,Lat,1,1,0,0,3,3,0,0
cM18,T1,1,0,1,0,3,0,3,0
cM18,Dm12,1,0,1,0,3,0,3,0
cM18,cM14,1,0,1,0,3,0,3,0
cM18,cM01a,1,0,1,0,3,0,3,0
H1,T4c,1,1,0,0,3,3,0,0
LC29,LTe49a,1,0,1,0,3,0,3,0
LC20b,LC31c,1,0,1,0,3,0,3,0
MTe51,Mi10,1,0,1,0,3,0,3,0
MeTu4c,LC9,1,0,1,0,3,0,3,0
MTe07,LTe75,1,0,1,0,3,0,3,0
LT62,LMa5,1,0,1,0,3,0,3,0
CB0816,TmY9q,1,0,1,0,3,0,3,0
LC14a2,MeTu1,1,1,0,0,3,3,0,0
LT79,Li30,1,0,1,0,3,0,3,0
LC14a2,LT36,1,0,1,0,3,0,3,0
LTe09,LTe23,1,0,1,0,3,0,3,0
LTe09,LT55,1,0,1,0,3,0,3,0
LTe09,LT53,1,0,1,0,3,0,3,0
LC10e,LTe64,1,0,1,0,3,0,3,0
LPT54,LMa5,1,0,1,0,3,0,3,0
LPT54,cM08c,1,0,1,0,3,0,3,0
LPT54,MC65,1,0,1,0,3,0,3,0
LPT54,MTe34,1,0,1,0,3,0,3,0
LPT54,LPT28,1,0,1,0,3,0,3,0
LPT54,T5d,1,0,1,0,3,0,3,0
LC34,LTe68,1,0,1,0,3,0,3,0
aMe9,MTe51,1,0,1,0,3,0,3,0
aMe9,MTe04,1,0,1,0,3,0,3,0
aMe9,PLP239,1,1,0,0,3,3,0,0
LC26,LTe31,1,0,1,0,3,0,3,0
cL19,LCe01b,1,1,0,0,3,3,0,0
cL19,LC10d,1,0,1,0,3,0,3,0
LTe47,LC20b,1,0,1,0,3,0,3,0
cL08,cL14,1,0,1,0,3,0,3,0
cL08,LT64,1,0,1,0,3,0,3,0
cL08,Tm16,1,0,1,0,3,0,3,0
cL08,Li28,1,0,1,0,3,0,3,0
cL08,Tm4,1,0,1,0,3,0,3,0
cL08,Li12,1,0,1,0,3,0,3,0
AN_multi_124,Pm12,1,1,0,0,3,3,0,0
AN_multi_124,Tm5c,1,0,1,0,3,0,3,0
LC14a2,Tm3,1,0,1,0,3,0,3,0
LC14a2,T2,1,0,1,0,3,0,3,0
LC14a2,LPC2,1,0,1,0,3,0,3,0
LC14a2,LTe52,1,0,1,0,3,0,3,0
DNc01,Dm18,1,0,1,0,3,0,3,0
DNc01,Dm1,1,1,0,0,3,3,0,0
LC37a,Li29,1,0,1,0,3,0,3,0
MTe25,MTe12,1,0,1,0,3,0,3,0
MTe25,Sm32,1,0,1,0,3,0,3,0
MTe25,MeTu4a,1,0,1,0,3,0,3,0
MTe25,MTe01b,1,0,1,0,3,0,3,0
LT70,LTe02,1,0,1,0,3,0,3,0
LT70,aMe20,1,0,1,0,3,0,3,0
LT52,Tlp1,1,0,1,0,3,0,3,0
LC16,T2a,1,0,1,0,3,0,3,0
LC16,LT60,1,0,1,0,3,0,3,0
MTe54,Sm19,1,0,1,0,3,0,3,0
MTe54,MeTu3c,1,0,1,0,3,0,3,0
LC14a2,LTe28,1,0,1,0,3,0,3,0
LPLC2,LTe59,1,0,1,0,3,0,3,0
LTe29,LMa1,1,0,1,0,3,0,3,0
cL10,Li02,1,0,1,0,3,0,3,0
cL10,LC19,1,0,1,0,3,0,3,0
cL10,Li16,1,0,1,0,3,0,3,0
cL10,cL02a,1,0,1,0,3,0,3,0
cL10,Sm25,1,0,1,0,3,0,3,0
aMe17b,R7,1,0,1,0,3,0,3,0
LPT31,LPi14,1,0,1,0,3,0,3,0
cLP03,VSm,1,0,1,0,3,0,3,0
LC17,Li31,1,0,1,0,3,0,3,0
LC17,LT59,1,0,1,0,3,0,3,0
cL03,LC4,1,0,1,0,3,0,3,0
cL03,DNp11,1,0,1,0,3,0,3,0
MeMe_e01,Sm32,1,0,1,0,3,0,3,0
MeTu4a,Tm4,1,0,1,0,3,0,3,0
MeTu1,aMe17a1,1,0,1,0,3,0,3,0
cM08a,Sm04,1,0,1,0,3,0,3,0
cM08a,Li30,1,0,1,0,3,0,3,0
cM17,cM18,1,0,1,0,3,0,3,0
cM17,Pm03,1,0,1,0,3,0,3,0
cM17,cLM01,1,0,1,0,3,0,3,0
cM17,TmY20,1,0,1,0,3,0,3,0
LPT30,LTe64,1,0,1,0,3,0,3,0
MeMe_e01,Tm5e,1,1,0,0,3,3,0,0
l-LNv,Dm16,1,0,1,0,3,0,3,0
MTe02,Mi4,1,0,1,0,3,0,3,0
OA-AL2i3,Sm15,1,0,1,0,3,0,3,0
OA-AL2i3,Dm8a,1,0,1,0,3,0,3,0
LTe55,LTe29,1,0,1,0,3,0,3,0
cM02b,Tm5f,1,0,1,0,3,0,3,0
cM02b,MTe23,1,0,1,0,3,0,3,0
cM02b,CB0816,1,0,1,0,3,0,3,0
cM02b,Sm19,1,0,1,0,3,0,3,0
cM02b,aMe19b,1,0,1,0,3,0,3,0
cM02b,MTe28,1,0,1,0,3,0,3,0
LTe06,LTe57,1,0,1,0,3,0,3,0
cM06,TmY11,1,0,1,0,3,0,3,0
cM06,Tm36,1,0,1,0,3,0,3,0
cM06,Pm14,1,0,1,0,3,0,3,0
cM06,MeTu4c,1,0,1,0,3,0,3,0
aMe1,Mi14,1,0,1,0,3,0,3,0
MeLp2,Nod5,1,0,1,0,3,0,3,0
MeLp2,H2,1,0,1,0,3,0,3,0
MeLp2,Li07,1,0,1,0,3,0,3,0
cL02b,LC27,1,0,1,0,3,0,3,0
cL02b,LTe37,1,0,1,0,3,0,3,0
cL02b,Y1,1,0,1,0,3,0,3,0
MeTu4a,Sm34,1,0,1,0,3,0,3,0
LT72,Li05,1,0,1,0,3,0,3,0
LT72,LC10b,1,0,1,0,3,0,3,0
LT72,TmY20,1,0,1,0,3,0,3,0
LT72,Li27,1,0,1,0,3,0,3,0
LT72,Li32,1,0,1,0,3,0,3,0
LC15,LT1d,1,0,1,0,3,0,3,0
PLP004,LT52,1,0,1,0,3,0,3,0
LT75,Tm5f,1,0,1,0,3,0,3,0
LC9,LTe44,1,0,1,0,3,0,3,0
cL20,Li31,1,0,1,0,3,0,3,0
cL20,cL16,1,0,1,0,3,0,3,0
LT37,LT39,1,0,1,0,3,0,3,0
LT37,LTe42c,1,0,1,0,3,0,3,0
LT37,LTe17,1,0,1,0,3,0,3,0
LT37,Li25,1,0,1,0,3,0,3,0
LT37,LT74,1,0,1,0,3,0,3,0
LT37,LT47,1,0,1,0,3,0,3,0
LT37,cL15,1,0,1,0,3,0,3,0
LT37,LCe04,1,0,1,0,3,0,3,0
LT37,LTe40,1,0,1,0,3,0,3,0
LT37,LTe14,1,0,1,0,3,0,3,0
MTe46,cM09,1,0,1,0,3,0,3,0
MTe46,Pm09,1,0,1,0,3,0,3,0
LC20b,LT87,1,0,1,0,3,0,3,0
5-HTPMPV03,MTe11,1,1,0,0,3,3,0,0
5-HTPMPV03,aMe25,1,1,0,0,3,3,0,0
5-HTPMPV03,LC10c,1,0,1,0,3,0,3,0
5-HTPMPV03,LTe60,1,1,0,0,3,3,0,0
5-HTPMPV03,LTe75,1,0,1,0,3,0,3,0
LC28a,LT79,1,0,1,0,3,0,3,0
cM08a,MeTu3b,1,0,1,0,3,0,3,0
cM08a,Sm23,1,0,1,0,3,0,3,0
MeMe_e09,MTe42,1,0,1,0,3,0,3,0
MeMe_e09,cM11,1,0,1,0,3,0,3,0
CB2580,MTe09,1,0,1,0,3,0,3,0
CB2580,MTe28,1,0,1,0,3,0,3,0
CB2580,aMe4,1,0,1,0,3,0,3,0
LC46,LTe64,1,0,1,0,3,0,3,0
LC46,cL05,1,0,1,0,3,0,3,0
cL21,cL08,1,0,1,0,3,0,3,0
MTe50,Tm34,1,0,1,0,3,0,3,0
5-HTPMPV01,LPLC4,1,0,1,0,3,0,3,0
MTe08,Y4,1,0,1,0,3,0,3,0
LTe22,MLt8,1,0,1,0,3,0,3,0
MTe42,LPLC4,1,0,1,0,3,0,3,0
MTe42,LT77,1,0,1,0,3,0,3,0
cL18,LTe52,1,0,1,0,3,0,3,0
cL18,LC24,1,0,1,0,3,0,3,0
cL18,TmY20,1,0,1,0,3,0,3,0
cL18,Li24,1,0,1,0,3,0,3,0
aMe17c,Mi13,1,0,1,0,3,0,3,0
aMe17c,Sm03,1,0,1,0,3,0,3,0
MeMe_e06,MeMe_e04,1,0,0,1,3,0,0,3
MeMe_e06,MeTu4b,1,1,0,0,3,3,0,0
MeMe_e06,aMe19b,1,0,0,1,3,0,0,3
LTe30,cM16,1,0,1,0,3,0,3,0
LTe30,LC19,1,0,1,0,3,0,3,0
MeTu4a,Lawf1,1,0,1,0,3,0,3,0
cM07,LC45,1,0,1,0,3,0,3,0
cM07,T1,1,0,1,0,3,0,3,0
cM07,Tm5e,1,0,1,0,3,0,3,0
cM07,LCe03,1,0,1,0,3,0,3,0
cM07,LT52,1,0,1,0,3,0,3,0
cM07,C2,1,0,1,0,3,0,3,0
cL01,MTe05,1,0,1,0,3,0,3,0
cLP01,DCH,1,0,1,0,3,0,3,0
mALD1,Li33,1,0,1,0,3,0,3,0
mALD1,LT76,1,0,1,0,3,0,3,0
mALD1,Li01,1,0,1,0,3,0,3,0
mALD1,MeTu4a,1,0,1,0,3,0,3,0
LTe11,LT65,1,0,1,0,3,0,3,0
LTe11,LT74,1,0,1,0,3,0,3,0
LTe11,LTe02,1,0,1,0,3,0,3,0
LTe11,LTe32,1,0,1,0,3,0,3,0
MTe14,cM16,1,0,1,0,3,0,3,0
LT51,cL13,1,0,1,0,3,0,3,0
cLLP02,cL02d,1,0,1,0,3,0,3,0
cLLP02,LMa2,1,0,1,0,3,0,3,0
cLLP02,cL18,1,0,1,0,3,0,3,0
cLLP02,T5d,1,0,1,0,3,0,3,0
LT63,LTe57,1,0,1,0,3,0,3,0
LT63,LT84,1,0,1,0,3,0,3,0
LTe26,Tm5a,1,0,1,0,3,0,3,0
LTe26,Li28,1,0,1,0,3,0,3,0
CB3833,Y11,1,0,1,0,3,0,3,0
MeMe_e06,MeTu4c,1,0,1,0,3,0,3,0
MeMe_e06,Sm06,1,0,1,0,3,0,3,0
MeMe_e06,Sm30,1,0,1,0,3,0,3,0
MeMe_e06,Sm38,1,0,1,0,3,0,3,0
LCe03,LT63,1,0,1,0,3,0,3,0
MeMe_e02,Tm5d,1,0,1,0,3,0,3,0
MeMe_e02,Sm01,1,1,0,0,3,3,0,0
LC10c,LT78,1,0,1,0,3,0,3,0
LC10c,LT84,1,0,1,0,3,0,3,0
LC28a,LC45,1,0,1,0,3,0,3,0
LTe04,TmY20,1,0,1,0,3,0,3,0
LC9,LT40,1,0,1,0,3,0,3,0
LT38,Tm37,1,0,1,0,3,0,3,0
cL17,LT62,1,1,0,0,3,3,0,0
cL17,MLt4,1,0,1,0,3,0,3,0
cL17,cL18,1,0,1,0,3,0,3,0
cL17,LCe01b,1,0,1,0,3,0,3,0
MTe01b,MTe26,1,0,1,0,3,0,3,0
LT1c,LT60,1,0,1,0,3,0,3,0
LT1c,LT11,1,0,1,0,3,0,3,0
cLLPM01,MeLp2,1,0,1,0,3,0,3,0
LC13,LC19,1,0,1,0,3,0,3,0
LT59,Tm16,1,0,1,0,3,0,3,0
LT59,LPLC4,1,0,1,0,3,0,3,0
LTe20,Li33,1,0,1,0,3,0,3,0
LTe20,Tm3,1,0,1,0,3,0,3,0
cM02a,cM01b,1,0,1,0,3,0,3,0
LC10a,Li33,1,0,1,0,3,0,3,0
LC10a,Li11,1,0,1,0,3,0,3,0
LC4,T2a,1,0,1,0,3,0,3,0
LLPC4,LC16,1,0,1,0,3,0,3,0
LC37a,Tm16,1,0,1,0,3,0,3,0
LC37a,LT67,1,0,1,0,3,0,3,0
LC29,LMt2,1,0,1,0,3,0,3,0
LC10d,Li18,1,0,1,0,3,0,3,0
MeTu4a,Pm03,1,0,1,0,3,0,3,0
MTe02,Tm25,1,0,1,0,3,0,3,0
LLPC1,LTe20,1,0,1,0,3,0,3,0
LT74,TmY10,1,0,1,0,3,0,3,0
LC18,OA-AL2i2,1,0,1,0,3,0,3,0
LC18,TmY9q⊥,1,0,1,0,3,0,3,0
LC18,LTe21,1,0,1,0,3,0,3,0
LPT23,LC28a,1,0,1,0,3,0,3,0
LTe35,LTe66,1,0,1,0,3,0,3,0
LTe35,cM16,1,0,1,0,3,0,3,0
LTe35,LTe11,1,0,1,0,3,0,3,0
mALD2,LC10e,1,0,1,0,3,0,3,0
mALD2,LTe49c,1,0,1,0,3,0,3,0
MeMe_e05,Sm13,1,0,1,0,3,0,3,0
MeMe_e05,MTe02,1,0,1,0,3,0,3,0
VST1,LPT23,1,0,1,0,3,0,3,0
LC33a,TmY20,1,0,1,0,3,0,3,0
OA-AL2b1,LTe41,1,0,1,0,3,0,3,0
OA-AL2b1,LTe38a,1,1,0,0,3,3,0,0
OA-AL2b1,LT77,1,1,0,0,3,3,0,0
OA-AL2b1,LC46,1,0,1,0,3,0,3,0
OA-AL2b1,LTe37,1,0,1,0,3,0,3,0
OA-AL2b1,LTe42b,1,1,0,0,3,3,0,0
OA-AL2b1,LTe27,1,1,0,0,3,3,0,0
OA-AL2b1,Tm36,1,0,1,0,3,0,3,0
OA-AL2b1,LT76,1,0,1,0,3,0,3,0
OA-AL2b1,LTe40,1,0,1,0,3,0,3,0
LC33a,LTe42a,1,0,1,0,3,0,3,0
MTe03,LC37a,1,0,1,0,3,0,3,0
MTe03,LC41,1,0,1,0,3,0,3,0
MTe03,LTe36,1,0,1,0,3,0,3,0
MeMe_e08,VCH,1,0,1,0,3,0,3,0
cLM01,MeTu4c,1,0,1,0,3,0,3,0
LC27,OA-AL2b1,1,0,1,0,3,0,3,0
MeTu3c,MeMe_e04,1,0,1,0,3,0,3,0
cM11,MTe01a,1,0,1,0,3,0,3,0
LLPC2,VS8,1,0,1,0,3,0,3,0
LPT48_vCal3,T4d,1,0,1,0,3,0,3,0
LPT48_vCal3,LMa4,1,0,1,0,3,0,3,0
cMLLP02,LC14b,1,0,1,0,3,0,3,0
cMLLP02,Tm36,1,0,1,0,3,0,3,0
cMLLP02,OA-AL2i2,1,0,1,0,3,0,3,0
cMLLP02,LLPC4,1,0,1,0,3,0,3,0
MTe04,Tm5d,1,0,1,0,3,0,3,0
MTe04,Sm19,1,0,1,0,3,0,3,0
MTe04,MTe35,1,0,1,0,3,0,3,0
LC16,LC39,1,0,1,0,3,0,3,0
LC16,LTe49a,1,0,1,0,3,0,3,0
LC16,cL13,1,0,1,0,3,0,3,0
MeMe_e01,TmY9q⊥,1,1,0,0,3,3,0,0
LLPC3,Li31,1,0,1,0,3,0,3,0
LC20a,MLt6,1,0,1,0,3,0,3,0
LC39,LT63,1,0,1,0,3,0,3,0
OA-AL2i2,LT66,1,0,1,0,3,0,3,0
OA-AL2i2,MLt3,1,0,1,0,3,0,3,0
OA-AL2i2,LT79,1,0,1,0,3,0,3,0
LC21,LT80,1,0,1,0,3,0,3,0
LC37a,Li03,1,0,1,0,3,0,3,0
aMe17c,DNc01,1,0,1,0,3,0,3,0
aMe17c,MTe41,1,0,1,0,3,0,3,0
MTe19,Sm40,1,0,1,0,3,0,3,0
MTe05,aMe5,1,0,1,0,3,0,3,0
LC41,Y4,1,0,1,0,3,0,3,0
cM11,CB0816,1,0,1,0,3,0,3,0
cM11,Sm26,1,0,1,0,3,0,3,0
cM11,Sm35,1,0,1,0,3,0,3,0
cM11,Lawf2,1,0,1,0,3,0,3,0
cM11,MeMe_e10,1,0,1,0,3,0,3,0
cM11,aMe17a2,1,0,1,0,3,0,3,0
cM11,MTe51,1,0,1,0,3,0,3,0
cM11,Sm34,1,0,1,0,3,0,3,0
cM11,Sm37,1,0,1,0,3,0,3,0
cL12,LTe25,1,0,1,0,3,0,3,0
cL12,LTe41,1,0,1,0,3,0,3,0
cL12,LC39,1,0,1,0,3,0,3,0
cL12,TmY20,1,0,1,0,3,0,3,0
cL12,Tm16,1,0,1,0,3,0,3,0
cL12,Li12,1,0,1,0,3,0,3,0
MeLp1,Sm12,1,1,0,0,3,3,0,0
MeLp1,LPT50,1,0,0,1,3,0,0,3
MeLp1,Tm1,1,1,0,0,3,3,0,0
MeLp1,Sm29,1,1,0,0,3,3,0,0
MeLp1,Sm05,1,1,0,0,3,3,0,0
MeLp1,Pm14,1,1,0,0,3,3,0,0
MeLp1,T4d,1,0,1,0,3,0,3,0
MeMe_e03,aMe4,1,1,0,0,3,3,0,0
MeMe_e03,OA-AL2i4,1,1,0,0,3,3,0,0
LC14a2,Tm4,1,0,1,0,3,0,3,0
LC14a2,cM08b,1,0,1,0,3,0,3,0
LLPC1,LPT21,1,0,1,0,3,0,3,0
cL01,PLP155,1,0,1,0,3,0,3,0
VS3,LPC2,1,0,1,0,3,0,3,0
VS3,LPLC4,1,0,1,0,3,0,3,0
LTe02,LTe36,1,0,1,0,3,0,3,0
MeTu3c,LPi09,1,0,1,0,3,0,3,0
cLP05,LPi03,1,0,1,0,3,0,3,0
cLP05,VSm,1,0,1,0,3,0,3,0
MeTu4d,Sm07,1,0,1,0,3,0,3,0
MeTu4d,Tm27,1,0,1,0,3,0,3,0
LTe24,LTe14,1,0,1,0,3,0,3,0
LTe24,LTe66,1,0,1,0,3,0,3,0
LTe24,LLPt,1,0,1,0,3,0,3,0
LTe24,LC20b,1,0,1,0,3,0,3,0
LLPC1,T4c,1,0,1,0,3,0,3,0
MTe47,Pm06,1,1,0,0,3,3,0,0
MeMe_e03,Dm8a,1,0,1,0,3,0,3,0
MeMe_e03,cM11,1,0,1,0,3,0,3,0
LCe02,LC15,1,0,1,0,3,0,3,0
MTe33,MTe22,1,0,1,0,3,0,3,0
MeMe_e08,TmY10,1,0,1,0,3,0,3,0
LC20b,LCe09,1,0,1,0,3,0,3,0
MeMe_e02,Sm04,1,0,1,0,3,0,3,0
cML02,LPLC2,1,0,1,0,3,0,3,0
cML02,cM15,1,0,1,0,3,0,3,0
cML02,Pm01,1,0,1,0,3,0,3,0
cML02,OA-AL2i1,1,0,1,0,3,0,3,0
aMe13,aMe24,1,0,1,0,3,0,3,0
LTe47,LLPC3,1,0,1,0,3,0,3,0
MTe01b,aMe25,1,0,1,0,3,0,3,0
MeTu3b,R7,1,0,1,0,3,0,3,0
aMe19b,Tm5a,1,1,0,0,3,3,0,0
aMe19b,MeMe_e05,1,0,0,1,3,0,0,3
LT40,LT73,1,0,1,0,3,0,3,0
LT40,LC16,1,0,1,0,3,0,3,0
LC21,Li14,1,0,1,0,3,0,3,0
MeMe_e04,Sm29,1,0,1,0,3,0,3,0
LC10a,LTe14,1,0,1,0,3,0,3,0
LC10a,LT81,1,0,1,0,3,0,3,0
AN_multi_125,T4a,1,1,0,0,3,3,0,0
AN_multi_125,Lawf1,1,0,1,0,3,0,3,0
LC10e,LT57,1,0,1,0,3,0,3,0
aMe17a2,Mi4,1,0,1,0,3,0,3,0
aMe17a2,MTe25,1,0,1,0,3,0,3,0
aMe17a2,cL10,1,0,1,0,3,0,3,0
LLPC1,LT1d,1,0,1,0,3,0,3,0
LTe38a,LC34,1,0,1,0,3,0,3,0
mALC3,Sm42,1,0,1,0,3,0,3,0
mALC3,TmY3,1,0,1,0,3,0,3,0
mALC3,LMt1,1,0,1,0,3,0,3,0
MeTu2a,cM04,1,0,1,0,3,0,3,0
MeTu2a,Sm33,1,0,1,0,3,0,3,0
SIP017,LT59,1,0,1,0,3,0,3,0
SIP017,LTe02,1,0,1,0,3,0,3,0
cLLPM01,Li07,1,0,1,0,3,0,3,0
MeTu4a,Tm20,1,0,1,0,3,0,3,0
LC14b,Li04,1,1,0,0,3,3,0,0
AVLP151,LC6,1,0,1,0,3,0,3,0
LC39,Li08,1,0,1,0,3,0,3,0
mALC5,LTe46,1,0,1,0,3,0,3,0
mALC5,LC46,1,0,1,0,3,0,3,0
mALC5,aMe19b,1,0,1,0,3,0,3,0
mALC5,LT79,1,0,1,0,3,0,3,0
mALC5,OA-AL2i2,1,0,1,0,3,0,3,0
cM13,MLt2,1,0,1,0,3,0,3,0
cM13,Sm36,1,0,1,0,3,0,3,0
cM13,R7,1,0,1,0,3,0,3,0
cM13,Tm20,1,0,1,0,3,0,3,0
LPT22,Nod5,1,0,1,0,3,0,3,0
CB0816,Sm08,1,1,0,0,3,3,0,0
LC36,LTe38a,1,0,1,0,3,0,3,0
LTe38c,cM10,1,0,1,0,3,0,3,0
OA-ASM1,LTe42a,1,1,0,0,3,3,0,0
MTe06,Tm34,1,0,1,0,3,0,3,0
LC39,LTe49a,1,0,1,0,3,0,3,0
LC37a,LTe31,1,0,1,0,3,0,3,0
LTe71,MLt1,1,0,1,0,3,0,3,0
LT86,LT57,1,0,1,0,3,0,3,0
LT86,Li32,1,0,1,0,3,0,3,0
cM08c,TmY5a,1,0,1,0,3,0,3,0
cM08c,Tm5f,1,0,1,0,3,0,3,0
MeMe_e04,Tm35,1,0,1,0,3,0,3,0
MeMe_e04,cM08c,1,0,1,0,3,0,3,0
MeMe_e04,MTe40,1,0,1,0,3,0,3,0
cL19,LTe38a,1,1,0,0,3,3,0,0
cL19,cL05,1,1,0,0,3,3,0,0
cL21,Am1,1,0,1,0,3,0,3,0
cL21,DNp30,1,0,1,0,3,0,3,0
LTe45,Li28,1,0,1,0,3,0,3,0
LT68,LTe14,1,0,1,0,3,0,3,0
LT68,LTe49a,1,0,1,0,3,0,3,0
LT68,CB3790,1,0,1,0,3,0,3,0
LC13,cM09,1,0,1,0,3,0,3,0
MTe36,Sm12,1,0,1,0,3,0,3,0
LT56,Li25,1,0,1,0,3,0,3,0
LT56,LTe21,1,0,1,0,3,0,3,0
LT56,LT80,1,0,1,0,3,0,3,0
LT56,Li26,1,0,1,0,3,0,3,0
LT56,LTe52,1,0,1,0,3,0,3,0
LC10b,Li25,1,0,1,0,3,0,3,0
LAL047,LC28a,1,0,1,0,3,0,3,0
LC14b,LC31a,1,0,1,0,3,0,3,0
MTe37,Sm39,1,0,1,0,3,0,3,0
MTe37,Sm03,1,0,1,0,3,0,3,0
OA-AL2b2,TmY11,1,0,1,0,3,0,3,0
OA-AL2b2,Sm02,1,0,1,0,3,0,3,0
MTe01b,MTe40,1,0,1,0,3,0,3,0
LC41,LT72,1,0,1,0,3,0,3,0
LPT58,Nod1,1,0,1,0,3,0,3,0
LPT58,LPT26,1,0,1,0,3,0,3,0
LPT58,Li07,1,0,1,0,3,0,3,0
MeTu4a,LC41,1,0,1,0,3,0,3,0
LC21,LTe49a,1,0,1,0,3,0,3,0
MeMe_e09,MTe54,1,1,0,0,3,3,0,0
MeMe_e09,MLt2,1,1,0,0,3,3,0,0
MeTu3a,T2,1,0,1,0,3,0,3,0
LTe33,Tm33,1,0,1,0,3,0,3,0
LTe60,Li16,1,0,1,0,3,0,3,0
LTe60,PLP051,1,0,1,0,3,0,3,0
LTe60,LCe01a,1,0,1,0,3,0,3,0
MTe07,MTe33,1,1,0,0,3,3,0,0
MTe07,Sm15,1,1,0,0,3,3,0,0
MTe07,Sm28,1,1,0,0,3,3,0,0
CB0472,Li27,1,0,1,0,3,0,3,0
CB0472,LTe54,1,0,1,0,3,0,3,0
CB0472,LC20b,1,0,1,0,3,0,3,0
CB0472,cL15,1,0,1,0,3,0,3,0
CB0472,LTe17,1,0,1,0,3,0,3,0
CB0472,LTe04,1,0,1,0,3,0,3,0
CB0472,Li06,1,1,0,0,3,3,0,0
LC12,TmY15,1,0,1,0,3,0,3,0
MeTu3b,Sm04,1,0,1,0,3,0,3,0
MTe03,MeMe_e02,1,0,1,0,3,0,3,0
MTe47,LLPC3,1,1,0,0,3,3,0,0
LC46,LTe19,1,0,1,0,3,0,3,0
LT73,LT63,1,0,1,0,3,0,3,0
LT73,LC21,1,0,1,0,3,0,3,0
LT65,LT47,1,0,1,0,3,0,3,0
LT65,LC11,1,0,1,0,3,0,3,0
LT65,Li16,1,0,1,0,3,0,3,0
LT65,LT77,1,0,1,0,3,0,3,0
LT65,LT73,1,0,1,0,3,0,3,0
LT65,T3,1,0,1,0,3,0,3,0
LT65,Li31,1,0,1,0,3,0,3,0
LT70,LC19,1,0,1,0,3,0,3,0
LC14a2,Tm5b,1,1,0,0,3,3,0,0
LT61b,LT63,1,0,1,0,3,0,3,0
LT61b,cL07,1,0,1,0,3,0,3,0
LT61b,LT65,1,0,1,0,3,0,3,0
LT61b,LT1b,1,0,1,0,3,0,3,0
LT61b,LC10d,1,0,1,0,3,0,3,0
LC15,Li20,1,0,1,0,3,0,3,0
LC16,Y1,1,0,1,0,3,0,3,0
MeMe_e10,MeMe_e10,1,0,0,1,3,0,0,3
CB0592,T5c,1,1,0,0,3,3,0,0
CB0592,LC10c,1,1,0,0,3,3,0,0
CB0592,Tlp5,1,1,0,0,3,3,0,0
CB0592,Tm2,1,0,1,0,3,0,3,0
CB0592,Sm32,1,1,0,0,3,3,0,0
CB0592,Pm02,1,0,1,0,3,0,3,0
CB0592,Tm1,1,0,1,0,3,0,3,0
CB0592,LT11,1,1,0,0,3,3,0,0
CB0592,LTe08,1,1,0,0,3,3,0,0
LC13,LTe26,1,0,1,0,3,0,3,0
cL01,LCe07,1,0,1,0,3,0,3,0
cL01,LTe32,1,0,1,0,3,0,3,0
cL01,Y4,1,0,1,0,3,0,3,0
cL01,LT68,1,0,1,0,3,0,3,0
LC16,LTe47,1,0,1,0,3,0,3,0
LC10d,LC28a,1,0,1,0,3,0,3,0
LC34,LTe59,1,0,1,0,3,0,3,0
LC26,LTe58,1,0,1,0,3,0,3,0
LC9,cLM01,1,0,1,0,3,0,3,0
LLPC3,LC46,1,0,1,0,3,0,3,0
LC44,LPLC1,1,0,1,0,3,0,3,0
LC14b,LC26,1,1,0,0,3,3,0,0
LT78,T3,1,0,1,0,3,0,3,0
LT78,Li29,1,0,1,0,3,0,3,0
LC44,Li33,1,0,1,0,3,0,3,0
LC44,LC20b,1,0,1,0,3,0,3,0
LC44,LC37a,1,0,1,0,3,0,3,0
LT78,Li18,1,0,1,0,3,0,3,0
LT78,LT85,1,0,1,0,3,0,3,0
cL06,LC37a,1,0,1,0,3,0,3,0
cL06,Tm31,1,0,1,0,3,0,3,0
MeTu3b,MTe26,1,0,1,0,3,0,3,0
LTe52,LC21,1,0,1,0,3,0,3,0
LT53,LC16,1,0,1,0,3,0,3,0
MTe05,Sm39,1,0,1,0,3,0,3,0
MeTu4c,Tm5f,1,0,1,0,3,0,3,0
cM12,MTe40,1,0,1,0,3,0,3,0
5-HTPMPV03,L3,1,0,1,0,3,0,3,0
5-HTPMPV03,cM10,1,0,1,0,3,0,3,0
5-HTPMPV03,Li33,1,0,1,0,3,0,3,0
5-HTPMPV03,LT52,1,1,0,0,3,3,0,0
5-HTPMPV03,MTe10,1,1,0,0,3,3,0,0
5-HTPMPV03,cM08c,1,1,0,0,3,3,0,0
5-HTPMPV03,TmY16,1,0,1,0,3,0,3,0
CB0566,MeMe_e09,1,0,0,1,3,0,0,3
CB0566,Mi14,1,0,1,0,3,0,3,0
CB0566,MeTu3b,1,1,0,0,3,3,0,0
LC19,cL11,1,0,1,0,3,0,3,0
MeMe_e05,cM08c,1,1,0,0,3,3,0,0
MeMe_e05,Sm35,1,1,0,0,3,3,0,0
MeMe_e05,Sm27,1,1,0,0,3,3,0,0
H1,LPT42_Nod4,1,1,0,0,3,3,0,0
H1,TmY11,1,0,1,0,3,0,3,0
H1,cLP01,1,0,1,0,3,0,3,0
LPT29,Li01,1,0,1,0,3,0,3,0
LPT29,TmY4,1,0,1,0,3,0,3,0
LPT29,LC19,1,0,1,0,3,0,3,0
CB3089,DNp11,1,0,1,0,3,0,3,0
LT74,LT82a,1,0,1,0,3,0,3,0
LT74,LT53,1,0,1,0,3,0,3,0
LC28a,LPT42_Nod4,1,0,1,0,3,0,3,0
LC28a,H2,1,0,1,0,3,0,3,0
LC28a,LPT45_dCal1,1,0,1,0,3,0,3,0
VCH,T5b,1,0,1,0,3,0,3,0
VCH,TmY31,1,0,1,0,3,0,3,0
LC10a,LCe01b,1,0,1,0,3,0,3,0
LT84,LCe01b,1,0,1,0,3,0,3,0
LT84,LTe06,1,0,1,0,3,0,3,0
LT84,Li32,1,0,1,0,3,0,3,0
LT84,LTe29,1,0,1,0,3,0,3,0
LT84,Li16,1,0,1,0,3,0,3,0
LT84,aMe17a2,1,0,1,0,3,0,3,0
LC13,Tm5d,1,0,1,0,3,0,3,0
MeTu3c,MTe02,1,0,1,0,3,0,3,0
LTe31,LTe58,1,0,1,0,3,0,3,0
LTe31,Li02,1,0,1,0,3,0,3,0
LC39,LT51,1,0,1,0,3,0,3,0
LPC1,LPT26,1,0,1,0,3,0,3,0
LC10b,LTe06,1,0,1,0,3,0,3,0
OA-AL2b2,TmY14,1,1,0,0,3,3,0,0
MTe51,Y12,1,0,1,0,3,0,3,0
aMe22,Sm08,1,0,1,0,3,0,3,0
LC13,Li21,1,0,1,0,3,0,3,0
MeTu3b,MLt2,1,0,1,0,3,0,3,0
cL22b,LTe31,1,0,1,0,3,0,3,0
cL22b,MLt6,1,0,1,0,3,0,3,0
LT85,aMe20,1,0,1,0,3,0,3,0
cM01b,Mi10,1,0,1,0,3,0,3,0
MeMe_e04,Sm33,1,1,0,0,3,3,0,0
cL02a,Tm33,1,0,1,0,3,0,3,0
cL02a,cL16,1,0,1,0,3,0,3,0
cM14,TmY15,1,0,1,0,3,0,3,0
cM14,MTe10,1,0,1,0,3,0,3,0
cM14,Li12,1,0,1,0,3,0,3,0
LT53,LT61b,1,0,1,0,3,0,3,0
LT53,LT74,1,0,1,0,3,0,3,0
MeTu4b,MC65,1,0,1,0,3,0,3,0
MeTu4c,Li13,1,0,1,0,3,0,3,0
Nod1,Y11,1,0,1,0,3,0,3,0
Nod1,LPT04_HST,1,0,1,0,3,0,3,0
OA-ASM1,Lawf2,1,0,1,0,3,0,3,0
OA-ASM1,LTe29,1,1,0,0,3,3,0,0
OA-ASM1,LTe16,1,1,0,0,3,3,0,0
MTe03,Dm8a,1,0,1,0,3,0,3,0
LC14b,Tm31,1,1,0,0,3,3,0,0
LC14b,aMe5,1,1,0,0,3,3,0,0
MeMe_e01,aMe17a1,1,0,1,0,3,0,3,0
LC27,cL05,1,0,1,0,3,0,3,0
LPC1,LPT52,1,0,1,0,3,0,3,0
LT63,TmY9q⊥,1,0,1,0,3,0,3,0
DNp27,aMe8,1,0,1,0,3,0,3,0
DNp27,LLPC2,1,1,0,0,3,3,0,0
DNp27,Tlp4,1,1,0,0,3,3,0,0
DNp27,LTe18,1,1,0,0,3,3,0,0
DNp27,TmY9q⊥,1,1,0,0,3,3,0,0
MTe17,MTe33,1,0,1,0,3,0,3,0
MTe47,LT56,1,0,1,0,3,0,3,0
MTe47,LT53,1,0,1,0,3,0,3,0
MTe54,MTe13,1,0,1,0,3,0,3,0
LT51,cM07,1,0,1,0,3,0,3,0
LT51,LTe76,1,0,1,0,3,0,3,0
LT51,LC14a2,1,0,1,0,3,0,3,0
cM19,TmY4,1,1,0,0,3,3,0,0
MeMe_e07,TmY9q,1,0,1,0,3,0,3,0
MTe22,MTe01a,1,0,1,0,3,0,3,0
MTe22,MTe50,1,0,1,0,3,0,3,0
LC14a1,MLt3,1,1,0,0,3,3,0,0
MTe52,R8,1,0,1,0,3,0,3,0
LC46,Li08,1,0,1,0,3,0,3,0
LC20b,LC31b,1,0,1,0,3,0,3,0
LTe32,LTe72,1,0,1,0,3,0,3,0
LTe32,Li29,1,0,1,0,3,0,3,0
LC10b,LTe27,1,0,1,0,3,0,3,0
CB2197,LTe59,1,0,1,0,3,0,3,0
DNp27,Li02,1,1,0,0,3,3,0,0
DNp27,LC4,1,0,1,0,3,0,3,0
DNp27,LC22,1,1,0,0,3,3,0,0
DNp27,LT64,1,1,0,0,3,3,0,0
DNp27,LT1a,1,0,1,0,3,0,3,0
DNp27,Tm5f,1,1,0,0,3,3,0,0
DNp27,LC28a,1,1,0,0,3,3,0,0
LC21,LMt3,1,0,1,0,3,0,3,0
LC14a1,cL02a,1,0,1,0,3,0,3,0
LT77,cLLP02,1,0,1,0,3,0,3,0
LT77,LT86,1,0,1,0,3,0,3,0
LT77,LT11,1,0,1,0,3,0,3,0
LT77,LTe23,1,0,1,0,3,0,3,0
LPLC1,TmY31,1,0,1,0,3,0,3,0
LTe38a,LTe59,1,0,1,0,3,0,3,0
LC14b,cM08c,1,0,1,0,3,0,3,0
LT80,LC31b,1,0,1,0,3,0,3,0
LT80,LT61b,1,0,1,0,3,0,3,0
LC6,Li25,1,0,1,0,3,0,3,0
LC6,LT57,1,0,1,0,3,0,3,0
LC6,LTe76,1,0,1,0,3,0,3,0
LPT49,Tlp4,1,0,1,0,3,0,3,0
LC9,LT1a,1,0,1,0,3,0,3,0
cM03,MTe13,1,0,1,0,3,0,3,0
LCe01b,TmY10,1,0,1,0,3,0,3,0
LLPC2,LMa2,1,0,1,0,3,0,3,0
LC14a2,LTe49d,1,0,1,0,3,0,3,0
LC14a2,Dm10,1,0,1,0,3,0,3,0
MeMe_e07,MTe18,1,0,1,0,3,0,3,0
MTe17,Sm06,1,0,1,0,3,0,3,0
MTe17,Tm7,1,0,1,0,3,0,3,0
LTe02,LC33a,1,0,1,0,3,0,3,0
MTe49,Sm13,1,0,1,0,3,0,3,0
MeMe_e02,Sm05,1,1,0,0,3,3,0,0
MeMe_e02,MeMe_e03,1,0,0,1,3,0,0,3
MTe03,Sm16,1,0,1,0,3,0,3,0
mALC4,LC13,1,0,1,0,3,0,3,0
mALC4,Tm5d,1,0,1,0,3,0,3,0
MTe40,aMe1,1,0,1,0,3,0,3,0
LC21,5-HTPMPV03,1,0,1,0,3,0,3,0
cL11,cL10,1,0,1,0,3,0,3,0
cL11,PLP251,1,0,1,0,3,0,3,0
cL11,Sm07,1,0,1,0,3,0,3,0
LC14b,CT1,1,1,0,0,3,3,0,0
LT74,LLPt,1,0,1,0,3,0,3,0
LT74,Li12,1,0,1,0,3,0,3,0
aMe9,aMe10,1,0,0,1,3,0,0,3
LT55,LT81,1,1,0,0,3,3,0,0
LT55,LTe68,1,1,0,0,3,3,0,0
LT55,LT77,1,1,0,0,3,3,0,0
LT55,LT65,1,0,1,0,3,0,3,0
LT55,LPLC2,1,0,1,0,3,0,3,0
LT55,MeTu3c,1,1,0,0,3,3,0,0
LT38,cL10,1,0,1,0,3,0,3,0
LT38,LTe21,1,0,1,0,3,0,3,0
DCH,LPT21,1,0,1,0,3,0,3,0
LTe76,Li30,1,0,1,0,3,0,3,0
OA-AL2i1,MeTu3c,1,0,1,0,3,0,3,0
OA-AL2i1,cM15,1,0,1,0,3,0,3,0
OA-AL2i1,LT11,1,0,1,0,3,0,3,0
OA-AL2i1,Li15,1,0,1,0,3,0,3,0
OA-AL2i1,DNp11,1,0,1,0,3,0,3,0
cM15,Sm27,1,0,1,0,3,0,3,0
cM15,Sm16,1,0,1,0,3,0,3,0
cM15,Sm19,1,0,1,0,3,0,3,0
cM15,Tm31,1,0,1,0,3,0,3,0
cM15,MTe40,1,0,1,0,3,0,3,0
MTe10,MTe02,1,0,1,0,3,0,3,0
LTe17,LTe03,1,0,1,0,3,0,3,0
LTe17,Tm16,1,0,1,0,3,0,3,0
LT47,TmY20,1,0,1,0,3,0,3,0
LT47,LMa2,1,0,1,0,3,0,3,0
LT47,Li32,1,0,1,0,3,0,3,0
LT47,Li30,1,0,1,0,3,0,3,0
LT33,Li06,1,0,1,0,3,0,3,0
LT33,R1-6,1,0,1,0,3,0,3,0
LC28a,LT1b,1,0,1,0,3,0,3,0
LC45,LTe29,1,0,1,0,3,0,3,0
OA-AL2i4,MeMe_e05,1,0,1,0,3,0,3,0
OA-AL2i4,MTe22,1,0,1,0,3,0,3,0
OA-AL2i4,MTe36,1,0,1,0,3,0,3,0
OA-AL2i4,MeTu4c,1,0,1,0,3,0,3,0
OA-AL2i2,LT53,1,0,1,0,3,0,3,0
LPT27,LPT22,1,0,1,0,3,0,3,0
LPT27,LPT49,1,0,1,0,3,0,3,0
cL17,LTe30,1,1,0,0,3,3,0,0
cL17,Tm5b,1,0,1,0,3,0,3,0
cL17,LT47,1,0,1,0,3,0,3,0
cL17,LC15,1,1,0,0,3,3,0,0
cL17,LC40,1,0,1,0,3,0,3,0
cL17,Tm16,1,0,1,0,3,0,3,0
cL17,LTe76,1,0,1,0,3,0,3,0
cL17,LC39,1,1,0,0,3,3,0,0
cL17,cM10,1,1,0,0,3,3,0,0
cL17,LTe25,1,0,1,0,3,0,3,0
cL17,TmY20,1,0,1,0,3,0,3,0
MTe32,aMe9,1,0,1,0,3,0,3,0
MTe32,Sm42,1,0,1,0,3,0,3,0
LC40,LT79,1,0,1,0,3,0,3,0
LTe74,LTe72,1,0,1,0,3,0,3,0
LLPC1,LPT27,1,0,1,0,3,0,3,0
LLPC1,VS1,1,0,1,0,3,0,3,0
LT61a,LT61b,1,0,1,0,3,0,3,0
cM05,Tm5e,1,0,1,0,3,0,3,0
cM05,Pm12,1,0,1,0,3,0,3,0
H2,LPT52,1,0,1,0,3,0,3,0
MeMe_e04,Sm27,1,0,1,0,3,0,3,0
MeTu4a,PLP068,1,0,1,0,3,0,3,0
LC19,LTe25,1,0,1,0,3,0,3,0
cM03,MeTu2b,1,0,1,0,3,0,3,0
MTe35,MTe32,1,0,1,0,3,0,3,0
LC34,PLP215,1,0,1,0,3,0,3,0
LT77,Li28,1,0,1,0,3,0,3,0
LT77,LC27,1,0,1,0,3,0,3,0
LT77,LC10a,1,0,1,0,3,0,3,0
LT77,LTe42b,1,0,1,0,3,0,3,0
MTe47,Tm33,1,0,1,0,3,0,3,0
LT36,Tm34,1,0,1,0,3,0,3,0
LT36,LC37a,1,0,1,0,3,0,3,0
LT36,LTe41,1,0,1,0,3,0,3,0
LT36,LPT29,1,0,1,0,3,0,3,0
LT36,LTe07,1,0,1,0,3,0,3,0
LT36,CB0472,1,0,1,0,3,0,3,0
LT36,LT76,1,0,1,0,3,0,3,0
LT36,cL05,1,0,1,0,3,0,3,0
MTe28,LMTe01,1,0,1,0,3,0,3,0
OA-AL2b2,aMe5,1,0,1,0,3,0,3,0
MC65,LT43,1,0,1,0,3,0,3,0
cL04,LT40,1,0,1,0,3,0,3,0
cL04,LCe01a,1,0,1,0,3,0,3,0
cL04,LMa1,1,0,1,0,3,0,3,0
MTe43,aMe5,1,0,1,0,3,0,3,0
MTe43,MTe54,1,0,1,0,3,0,3,0
MeTu4b,Sm06,1,0,1,0,3,0,3,0
MeTu4b,Li29,1,0,1,0,3,0,3,0
cLP03,LMa3,1,0,1,0,3,0,3,0
cLP03,cLPL01,1,0,1,0,3,0,3,0
LT58,Dm10,1,0,1,0,3,0,3,0
LT58,LTe55,1,0,1,0,3,0,3,0
LT58,LC31b,1,0,1,0,3,0,3,0
LT58,CB0816,1,0,1,0,3,0,3,0
LT58,LT39,1,0,1,0,3,0,3,0
LT58,LMa2,1,0,1,0,3,0,3,0
LC26,MLt3,1,0,1,0,3,0,3,0
LT57,LT67,1,0,1,0,3,0,3,0
DNp30,LC4,1,1,0,0,3,3,0,0
LC16,Li19,1,0,1,0,3,0,3,0
LC34,Li27,1,0,1,0,3,0,3,0
LC34,LC13,1,0,1,0,3,0,3,0
LC14a2,LC45,1,0,1,0,3,0,3,0
LPT50,LPLC1,1,0,1,0,3,0,3,0
LPT50,T5b,1,1,0,0,3,3,0,0
LLPC1,LPT45_dCal1,1,0,1,0,3,0,3,0
LTe14,LT51,1,0,1,0,3,0,3,0
LTe14,LPLC4,1,0,1,0,3,0,3,0
LTe14,Li32,1,0,1,0,3,0,3,0
Nod5,cLP03,1,0,1,0,3,0,3,0
Nod5,LPi09,1,0,1,0,3,0,3,0
LPT21,T5b,1,0,1,0,3,0,3,0
LTe42c,Li32,1,0,1,0,3,0,3,0
LTe42c,LT65,1,0,1,0,3,0,3,0
MTe07,Mi10,1,0,1,0,3,0,3,0
MTe07,Sm36,1,0,1,0,3,0,3,0
LTe56,LTe72,1,0,1,0,3,0,3,0
LTe56,LT51,1,0,1,0,3,0,3,0
LTe56,LTe69,1,0,1,0,3,0,3,0
LTe56,TmY10,1,0,1,0,3,0,3,0
MTe02,Sm34,1,0,1,0,3,0,3,0
cL09,LMa1,1,0,1,0,3,0,3,0
cL09,Tm25,1,0,1,0,3,0,3,0
cL09,Y12,1,0,1,0,3,0,3,0
MTe50,Mi13,1,0,1,0,3,0,3,0
cLP01,LPT48_vCal3,1,0,1,0,3,0,3,0
LTe38b,LC10e,1,0,1,0,3,0,3,0
aMe10,l-LNv,1,0,0,1,3,0,0,3
aMe10,HBeyelet,1,0,1,0,3,0,3,0
LC36,LTe59,1,0,1,0,3,0,3,0
LCe06,LT69,1,0,1,0,3,0,3,0
aMe25,Dm8b,1,0,1,0,3,0,3,0
LNda,aMe12,1,0,1,0,3,0,3,0
cML01,LT83,1,0,1,0,3,0,3,0
cML01,DNp30,1,0,1,0,3,0,3,0
cML01,OA-ASM1,1,0,1,0,3,0,3,0
cML01,MTe13,1,0,1,0,3,0,3,0
cML01,LC24,1,0,1,0,3,0,3,0
LT67,LTe37,1,0,1,0,3,0,3,0
LT53,LT58,1,0,1,0,3,0,3,0
LT53,Li11,1,0,1,0,3,0,3,0
LC14a2,LTe04,1,1,0,0,3,3,0,0
cM10,cM16,1,0,1,0,3,0,3,0
cM10,MTe32,1,0,1,0,3,0,3,0
cM10,MLt7,1,0,1,0,3,0,3,0
LTe16,LTe07,1,0,1,0,3,0,3,0
LTe16,LC16,1,0,1,0,3,0,3,0
LTe16,LTe51,1,0,1,0,3,0,3,0
LTe16,LC20b,1,0,1,0,3,0,3,0
MTe30,Tm35,1,0,1,0,3,0,3,0
aMe4,Sm18,1,0,1,0,3,0,3,0
LC22,LTe30,1,0,1,0,3,0,3,0
MTe34,MLt6,1,0,1,0,3,0,3,0
MeLp2,LPi13,1,1,0,0,3,3,0,0
MeLp2,Tm3,1,0,1,0,3,0,3,0
MeLp2,T5a,1,1,0,0,3,3,0,0
MeLp2,T2,1,0,1,0,3,0,3,0
MeLp2,cLLP02,1,1,0,0,3,3,0,0
cL01,LT84,1,0,1,0,3,0,3,0
LCe07,LMa1,1,0,1,0,3,0,3,0
CB0592,Tlp1,1,0,1,0,3,0,3,0
CB0592,Sm29,1,1,0,0,3,3,0,0
LC29,LT62,1,0,1,0,3,0,3,0
LT70,LT81,1,0,1,0,3,0,3,0
LC11,OA-ASM1,1,0,1,0,3,0,3,0
LT81,cL05,1,0,1,0,3,0,3,0
LPT45_dCal1,TmY31,1,0,1,0,3,0,3,0
LPT45_dCal1,LPi06,1,0,1,0,3,0,3,0
LC10d,Y1,1,0,1,0,3,0,3,0
cL05,LTe42b,1,0,1,0,3,0,3,0
cL05,LTe12,1,0,1,0,3,0,3,0
cL05,PLP215,1,0,1,0,3,0,3,0
cL05,Tm33,1,0,1,0,3,0,3,0
cL05,cMLLP01,1,0,1,0,3,0,3,0
MTe26,Sm39,1,0,1,0,3,0,3,0
MTe26,MeMe_e02,1,0,1,0,3,0,3,0
MTe26,Lat,1,0,1,0,3,0,3,0
MTe02,Li06,1,0,1,0,3,0,3,0
cM08b,TmY10,1,0,1,0,3,0,3,0
cM08b,Sm13,1,0,1,0,3,0,3,0
cM08b,MeMe_e02,1,0,1,0,3,0,3,0
cM08b,MTe30,1,0,1,0,3,0,3,0
LC16,Tlp14,1,0,1,0,3,0,3,0
CB0472,OA-AL2b1,1,0,0,1,3,0,0,3
CB0472,TmY5a,1,1,0,0,3,3,0,0
CB0472,LT84,1,1,0,0,3,3,0,0
CB0472,LTe42a,1,1,0,0,3,3,0,0
CB0472,LC13,1,1,0,0,3,3,0,0
CB0472,LCe05,1,1,0,0,3,3,0,0
LTe36,Li33,1,0,1,0,3,0,3,0
LLPC2,Li12,1,0,1,0,3,0,3,0
LC14b,LT62,1,0,1,0,3,0,3,0
cL02c,Li06,1,0,1,0,3,0,3,0
cL02c,LC14b,1,0,1,0,3,0,3,0
cL02c,cL18,1,0,1,0,3,0,3,0
cL02c,Li12,1,0,1,0,3,0,3,0
cL02c,LT47,1,0,1,0,3,0,3,0
LC10e,Tm5d,1,0,1,0,3,0,3,0
MTe04,Sm21,1,0,1,0,3,0,3,0
LTe09,LC16,1,0,1,0,3,0,3,0
LCe03,TmY5a,1,0,1,0,3,0,3,0
LCe03,Li32,1,0,1,0,3,0,3,0
VST2,DCH,1,0,1,0,3,0,3,0
VST2,Tlp5,1,0,1,0,3,0,3,0
cL18,Tm21,1,0,1,0,3,0,3,0
cLLP02,LTe23,1,0,1,0,3,0,3,0
aMe19b,MTe36,1,0,1,0,3,0,3,0
aMe19b,MTe37,1,0,1,0,3,0,3,0
aMe19b,MeMe_e09,1,0,0,1,3,0,0,3
aMe19b,Sm37,1,0,1,0,3,0,3,0
aMe19b,cM10,1,0,1,0,3,0,3,0
cLLPM02,Li29,1,0,1,0,3,0,3,0
cLLPM02,Tm21,1,0,1,0,3,0,3,0
cLLPM02,T1,1,0,1,0,3,0,3,0
cLLPM02,LPT51,1,0,1,0,3,0,3,0
cLLPM02,Tm8b,1,0,1,0,3,0,3,0
cM09,LC44,1,0,1,0,3,0,3,0
cM09,LC27,1,0,1,0,3,0,3,0
LC15,Y3,1,0,1,0,3,0,3,0
cMLLP01,cM10,1,0,1,0,3,0,3,0
cMLLP01,LT58,1,0,1,0,3,0,3,0
cMLLP01,Li03,1,0,1,0,3,0,3,0
cMLLP01,MTe09,1,0,1,0,3,0,3,0
cMLLP01,LC27,1,0,1,0,3,0,3,0
cMLLP01,cL05,1,0,1,0,3,0,3,0
cMLLP01,LPLC1,1,0,1,0,3,0,3,0
DNpe053,aMe1,1,0,1,0,3,0,3,0
DNpe053,MTe28,1,0,1,0,3,0,3,0
DNpe053,Sm29,1,0,1,0,3,0,3,0
LC36,LC37a,1,0,1,0,3,0,3,0
LTe66,LC10c,1,0,1,0,3,0,3,0
LC12,LLPC1,1,0,1,0,3,0,3,0
LTe38c,Li07,1,0,1,0,3,0,3,0
LTe38c,LTe42c,1,0,1,0,3,0,3,0
LTe38c,cL11,1,0,1,0,3,0,3,0
LTe38c,Li05,1,0,1,0,3,0,3,0
CB2848,TmY31,1,0,1,0,3,0,3,0
OA-ASM1,MTe18,1,0,1,0,3,0,3,0
cL13,LTe66,1,0,1,0,3,0,3,0
cL13,LC10e,1,0,1,0,3,0,3,0
cL13,Li11,1,0,1,0,3,0,3,0
cL13,Pm01,1,0,1,0,3,0,3,0
cL13,LTe04,1,0,1,0,3,0,3,0
cL13,Li13,1,0,1,0,3,0,3,0
CB0566,aMe5,1,1,0,0,3,3,0,0
CB0566,Tm20,1,0,1,0,3,0,3,0
MeMe_e10,Pm14,1,0,1,0,3,0,3,0
MeTu4a,Sm27,1,0,1,0,3,0,3,0
LC37a,Li31,1,0,1,0,3,0,3,0
LC37a,LTe05,1,0,1,0,3,0,3,0
MTe12,MTe50,1,0,1,0,3,0,3,0
MTe12,MLt2,1,0,1,0,3,0,3,0
MTe12,MTe38,1,0,1,0,3,0,3,0
aMe5,MTe30,1,0,1,0,3,0,3,0
LC4,Li05,1,0,1,0,3,0,3,0
LTe49a,Li06,1,0,1,0,3,0,3,0
aMe12,MTe38,1,0,1,0,3,0,3,0
aMe12,MTe30,1,0,1,0,3,0,3,0
aMe17a1,MTe24,1,0,1,0,3,0,3,0
aMe17a1,MTe38,1,0,1,0,3,0,3,0
aMe17a1,MTe50,1,0,1,0,3,0,3,0
MeMe_e08,cM16,1,1,0,0,3,3,0,0
aMe19a,Lawf1,1,0,1,0,3,0,3,0
aMe19a,aMe19a,1,0,0,1,3,0,0,3
aMe19a,aMe19b,1,0,0,1,3,0,0,3
aMe19a,Tm5e,1,0,1,0,3,0,3,0
aMe19a,Sm30,1,0,1,0,3,0,3,0
aMe19a,MTe17,1,0,1,0,3,0,3,0
aMe19a,Sm07,1,0,1,0,3,0,3,0
LC31c,Li19,1,0,1,0,3,0,3,0
LC31c,cL07,1,0,1,0,3,0,3,0
LC31c,LC28a,1,0,1,0,3,0,3,0
cL01,Li03,1,0,1,0,3,0,3,0
cL01,LTe07,1,0,1,0,3,0,3,0
LC11,cL02c,1,0,1,0,3,0,3,0
LC10b,LTe32,1,0,1,0,3,0,3,0
aMe9,LMTe01,1,0,1,0,3,0,3,0
aMe9,Y3,1,1,0,0,3,3,0,0
LTe49b,LTe40,1,0,1,0,3,0,3,0
LTe49b,LC39,1,0,1,0,3,0,3,0
LC18,LLPC2,1,0,1,0,3,0,3,0
LPLC4,LTe16,1,0,1,0,3,0,3,0
LPLC4,LCe03,1,0,1,0,3,0,3,0
cL02b,Tlp14,1,0,1,0,3,0,3,0
aMe9,MTe03,1,1,0,0,3,3,0,0
aMe9,MTe34,1,1,0,0,3,3,0,0
aMe9,Tm5a,1,1,0,0,3,3,0,0
MTe38,Sm26,1,0,1,0,3,0,3,0
MTe38,Sm36,1,0,1,0,3,0,3,0
MTe38,MTe01b,1,0,1,0,3,0,3,0
LC9,cM09,1,0,1,0,3,0,3,0
cL22c,LCe07,1,0,1,0,3,0,3,0
cL22c,5-HTPMPV03,1,0,1,0,3,0,3,0
cL22c,Li29,1,0,1,0,3,0,3,0
cL22c,OA-AL2b1,1,0,1,0,3,0,3,0
LPT23,Tm9,1,0,1,0,3,0,3,0
LC14a2,LTe43,1,1,0,0,3,3,0,0
LT73,Li05,1,0,1,0,3,0,3,0
LT73,TmY31,1,0,1,0,3,0,3,0
LTe32,LC28a,1,0,1,0,3,0,3,0
LTe38a,Li08,1,0,1,0,3,0,3,0
cL15,TmY3,1,0,1,0,3,0,3,0
cL15,Tm3,1,0,1,0,3,0,3,0
cL15,LT76,1,0,1,0,3,0,3,0
cL15,cLLP02,1,0,1,0,3,0,3,0
LTe21,TmY20,1,0,1,0,3,0,3,0
LTe21,Li33,1,0,1,0,3,0,3,0
LTe21,Li02,1,0,1,0,3,0,3,0
MTe27,cM15,1,0,1,0,3,0,3,0
LT39,LTe38b,1,0,1,0,3,0,3,0
LT39,LC24,1,0,1,0,3,0,3,0
LT39,LT78,1,0,1,0,3,0,3,0
LT39,LC46,1,0,1,0,3,0,3,0
LT39,LTe36,1,0,1,0,3,0,3,0
LT39,Li03,1,0,1,0,3,0,3,0
LT39,LTe06,1,0,1,0,3,0,3,0
LT39,cL07,1,0,1,0,3,0,3,0
LT39,LLPC1,1,0,1,0,3,0,3,0
LT39,LT40,1,0,1,0,3,0,3,0
LT39,LTe15,1,0,1,0,3,0,3,0
LT39,LLPC2,1,0,1,0,3,0,3,0
LT39,LC27,1,0,1,0,3,0,3,0
LT43,LTe51,1,0,1,0,3,0,3,0
LT43,PLP185,1,0,1,0,3,0,3,0
MTe44,Dm10,1,0,1,0,3,0,3,0
LC24,LC19,1,0,1,0,3,0,3,0
LTe25,MTe32,1,0,1,0,3,0,3,0
LTe25,Tm36,1,0,1,0,3,0,3,0
LTe25,Li05,1,0,1,0,3,0,3,0
LTe25,Sm31,1,0,1,0,3,0,3,0
LTe25,LC16,1,0,1,0,3,0,3,0
LTe25,LTe26,1,0,1,0,3,0,3,0
LTe25,cL10,1,0,1,0,3,0,3,0
LTe25,LTe03,1,0,1,0,3,0,3,0
LTe25,Sm09,1,0,1,0,3,0,3,0
mALB5,LAL047,1,0,1,0,3,0,3,0
mALB5,LTe74,1,0,1,0,3,0,3,0
mALB5,LTe33,1,0,1,0,3,0,3,0
mALB5,MTe51,1,0,1,0,3,0,3,0
mALB5,LT53,1,0,1,0,3,0,3,0
MeTu4c,LMTe01,1,0,1,0,3,0,3,0
MTe05,MTe37,1,0,1,0,3,0,3,0
MTe05,Sm02,1,0,1,0,3,0,3,0
MTe18,Pm03,1,0,1,0,3,0,3,0
MeMe_e07,TmY20,1,0,1,0,3,0,3,0
LTe10,LTe32,1,0,1,0,3,0,3,0
LT41,Li31,1,0,1,0,3,0,3,0
LT41,Li11,1,0,1,0,3,0,3,0
LT41,LT38,1,0,1,0,3,0,3,0
LT41,Tm3,1,0,1,0,3,0,3,0
LT41,LTe49c,1,0,1,0,3,0,3,0
LT66,LTe20,1,0,1,0,3,0,3,0
LT66,TmY31,1,0,1,0,3,0,3,0
LT66,Tm27,1,1,0,0,3,3,0,0
LT66,LT61b,1,0,1,0,3,0,3,0
LT66,Li32,1,0,1,0,3,0,3,0
LT66,LPi07,1,0,1,0,3,0,3,0
LTe64,LTe55,1,0,1,0,3,0,3,0
cL01,cL05,1,0,1,0,3,0,3,0
cM16,MeTu4c,1,0,1,0,3,0,3,0
cM16,T3,1,0,1,0,3,0,3,0
cM16,Li12,1,0,1,0,3,0,3,0
aMe24,LTe35,1,0,1,0,3,0,3,0
cL04,LTe19,1,0,1,0,3,0,3,0
MeMe_e10,T2,1,0,1,0,3,0,3,0
MeMe_e10,Tm37,1,0,1,0,3,0,3,0
MeMe_e10,MeMe_e05,1,0,0,1,3,0,0,3
MeMe_e10,MeMe_e01,1,0,0,1,3,0,0,3
LPT53,T4a,1,0,1,0,3,0,3,0
Nod2,Y12,1,0,1,0,3,0,3,0
aMe15,aMe10,1,0,1,0,3,0,3,0
LT77,LCe02,1,0,1,0,3,0,3,0
LT77,LTe24,1,0,1,0,3,0,3,0
Dm3q,Dm8b,1,1,0,0,3,3,0,0
TmY20,PLP068,1,1,0,0,3,3,0,0
Mi13,Pm12,1,1,0,0,3,3,0,0
Li11,LTe27,1,1,0,0,3,3,0,0
Tm20,MTe49,1,1,0,0,3,3,0,0
LPi08,VS2,1,1,0,0,3,3,0,0
LPi08,LPT28,1,1,0,0,3,3,0,0
MLt5,MeTu3b,1,1,0,0,3,3,0,0
Tm36,LTe10,1,1,0,0,3,3,0,0
Li24,LTe47,1,1,0,0,3,3,0,0
Li24,LLPC4,1,1,0,0,3,3,0,0
Li24,LTe42a,1,1,0,0,3,3,0,0
Pm13,MeMe_e02,1,1,0,0,3,3,0,0
Pm13,Sm40,1,1,0,0,3,3,0,0
Pm13,Tm1,1,1,0,0,3,3,0,0
Pm13,MTe01b,1,1,0,0,3,3,0,0
Tm27,Nod5,1,1,0,0,3,3,0,0
Y1,LT75,1,1,0,0,3,3,0,0
Sm14,Lat,1,1,0,0,3,3,0,0
Tlp4,LTe65,1,1,0,0,3,3,0,0
Tlp5,LC28a,1,1,0,0,3,3,0,0
Tlp5,vCal1,1,1,0,0,3,3,0,0
Tm21,LLPC2,1,1,0,0,3,3,0,0
TmY31,LT79,1,1,0,0,3,3,0,0
TmY11,LT75,1,1,0,0,3,3,0,0
L3,MeLp1,1,1,0,0,3,3,0,0
Sm02,MTe54,1,1,0,0,3,3,0,0
Li11,Tlp14,1,1,0,0,3,3,0,0
Dm20,Dm13,1,1,0,0,3,3,0,0
R8,MeMe_e03,1,1,0,0,3,3,0,0
LPi04,LMa4,1,1,0,0,3,3,0,0
Sm10,Mi14,1,1,0,0,3,3,0,0
Tm1,Li10,1,1,0,0,3,3,0,0
Tm1,LC10b,1,1,0,0,3,3,0,0
Lawf1,aMe12,1,1,0,0,3,3,0,0
LMt2,MTe43,1,1,0,0,3,3,0,0
TmY10,LCe05,1,1,0,0,3,3,0,0
LMa4,LPT48_vCal3,1,1,0,0,3,3,0,0
Li01,LTe68,1,1,0,0,3,3,0,0
Sm34,LT58,1,1,0,0,3,3,0,0
Y12,LT52,1,1,0,0,3,3,0,0
Tm16,Dm8a,1,1,0,0,3,3,0,0
TmY9q,C2,1,1,0,0,3,3,0,0
Tm36,MLt6,1,1,0,0,3,3,0,0
Tm35,LMa1,1,1,0,0,3,3,0,0
Sm42,MTe06,1,1,0,0,3,3,0,0
Sm42,T2,1,1,0,0,3,3,0,0
Sm42,LPLC4,1,1,0,0,3,3,0,0
Sm42,Dm20,1,1,0,0,3,3,0,0
Tm5d,LTe01,1,1,0,0,3,3,0,0
MLt4,Sm31,1,1,0,0,3,3,0,0
T4a,LPi13,1,1,0,0,3,3,0,0
Tm8a,LTe30,1,1,0,0,3,3,0,0
Tm4,MTe02,1,1,0,0,3,3,0,0
MLt7,Tm9,1,1,0,0,3,3,0,0
LPi07,C2,1,1,0,0,3,3,0,0
LMa1,T4c,1,1,0,0,3,3,0,0
Tm27,Tlp1,1,1,0,0,3,3,0,0
Sm03,cM03,1,1,0,0,3,3,0,0
Li13,LTe12,1,1,0,0,3,3,0,0
Sm26,Sm26,1,1,0,0,3,3,0,0
T2a,LC29,1,1,0,0,3,3,0,0
Mi2,MTe48,1,1,0,0,3,3,0,0
Sm32,TmY9q⊥,1,1,0,0,3,3,0,0
Sm32,MTe01a,1,1,0,0,3,3,0,0
TmY20,LTe49a,1,1,0,0,3,3,0,0
T5b,LMa1,1,1,0,0,3,3,0,0
Li03,TmY16,1,1,0,0,3,3,0,0
TmY9q⊥,LMt4,1,1,0,0,3,3,0,0
TmY9q⊥,cM07,1,1,0,0,3,3,0,0
TmY9q,Li04,1,1,0,0,3,3,0,0
Li22,Tlp4,1,1,0,0,3,3,0,0
Tm5e,LPi05,1,1,0,0,3,3,0,0
Tm7,LTe19,1,1,0,0,3,3,0,0
LMa2,MTe33,1,1,0,0,3,3,0,0
Y11,MTe27,1,1,0,0,3,3,0,0
MLt2,LT64,1,1,0,0,3,3,0,0
Y11,CB3089,1,1,0,0,3,3,0,0
Tm5b,LMt1,1,1,0,0,3,3,0,0
MLt2,TmY14,1,1,0,0,3,3,0,0
Li13,cL11,1,1,0,0,3,3,0,0
Li23,Tm36,1,1,0,0,3,3,0,0
Li23,Tm8a,1,1,0,0,3,3,0,0
Li23,LT76,1,1,0,0,3,3,0,0
Pm09,Dm8a,1,1,0,0,3,3,0,0
Pm09,Dm8b,1,1,0,0,3,3,0,0
Sm37,CB0566,1,1,0,0,3,3,0,0
Sm37,MTe49,1,1,0,0,3,3,0,0
Sm37,Li12,1,1,0,0,3,3,0,0
Sm37,cM12,1,1,0,0,3,3,0,0
Sm37,MeTu4d,1,1,0,0,3,3,0,0
Sm18,LT58,1,1,0,0,3,3,0,0
Dm11,MLt1,1,1,0,0,3,3,0,0
MLt5,LT64,1,1,0,0,3,3,0,0
MLt5,Li31,1,1,0,0,3,3,0,0
MLt4,mALD1,1,1,0,0,3,3,0,0
TmY31,PLP150a,1,1,0,0,3,3,0,0
Lawf1,MeLp1,1,1,0,0,3,3,0,0
Tm1,cM14,1,1,0,0,3,3,0,0
Tm5b,LTe74,1,1,0,0,3,3,0,0
Tm5b,DNp27,1,1,0,0,3,3,0,0
Sm03,Sm21,1,1,0,0,3,3,0,0
TmY9q,cL14,1,1,0,0,3,3,0,0
Tm35,Li16,1,1,0,0,3,3,0,0
MLt5,aMe4,1,1,0,0,3,3,0,0
Li16,LT1c,1,1,0,0,3,3,0,0
LPi06,T2,1,1,0,0,3,3,0,0
LPi06,vCal1,1,1,0,0,3,3,0,0
Tm3,LTe63,1,1,0,0,3,3,0,0
MLt7,Mi4,1,1,0,0,3,3,0,0
Y1,LC31b,1,1,0,0,3,3,0,0
Sm27,DNc02,1,1,0,0,3,3,0,0
Sm27,MTe05,1,1,0,0,3,3,0,0
Li12,LCe01,1,1,0,0,3,3,0,0
TmY4,LTe41,1,1,0,0,3,3,0,0
Li15,Li14,1,1,0,0,3,3,0,0
Mi2,Sm31,1,1,0,0,3,3,0,0
LMt4,LT74,1,1,0,0,3,3,0,0
MLt3,cL08,1,1,0,0,3,3,0,0
Dm3q,L1,1,1,0,0,3,3,0,0
LPi04,LPT42_Nod4,1,1,0,0,3,3,0,0
Li12,Tm27,1,1,0,0,3,3,0,0
Li12,mALC5,1,1,0,0,3,3,0,0
Tm35,LTe44,1,1,0,0,3,3,0,0
MLt5,LMTe01,1,1,0,0,3,3,0,0
Tm16,LTe05,1,1,0,0,3,3,0,0
Tm20,LTe31,1,1,0,0,3,3,0,0
Tm37,LT86,1,1,0,0,3,3,0,0
Sm01,Mi15,1,1,0,0,3,3,0,0
Tm35,Y12,1,1,0,0,3,3,0,0
Tm35,Sm02,1,1,0,0,3,3,0,0
Y11,Li07,1,1,0,0,3,3,0,0
TmY16,LCe03,1,1,0,0,3,3,0,0
Tm36,LTe64,1,1,0,0,3,3,0,0
Tm5c,L2,1,1,0,0,3,3,0,0
Tm8a,LTe49c,1,1,0,0,3,3,0,0
Li20,Li05,1,1,0,0,3,3,0,0
Tm37,LTe41,1,1,0,0,3,3,0,0
Mi2,LC21,1,1,0,0,3,3,0,0
T4c,Tm4,1,1,0,0,3,3,0,0
Sm41,Tm34,1,1,0,0,3,3,0,0
Sm41,MTe34,1,1,0,0,3,3,0,0
Sm41,LPLC2,1,1,0,0,3,3,0,0
MLt6,LT65,1,1,0,0,3,3,0,0
Dm11,Sm42,1,1,0,0,3,3,0,0
TmY11,MTe03,1,1,0,0,3,3,0,0
Li11,cLPL01,1,1,0,0,3,3,0,0
LPi08,VS7,1,1,0,0,3,3,0,0
LPi08,VS8,1,1,0,0,3,3,0,0
Sm32,cML01,1,1,0,0,3,3,0,0
C2,DmDRA2,1,1,0,0,3,3,0,0
Li27,LMt3,1,1,0,0,3,3,0,0
TmY10,cL06,1,1,0,0,3,3,0,0
MLt6,LCe07,1,1,0,0,3,3,0,0
Y1,MTe01a,1,1,0,0,3,3,0,0
Sm12,Y3,1,1,0,0,3,3,0,0
Dm14,Sm04,1,1,0,0,3,3,0,0
Mi2,MTe08,1,1,0,0,3,3,0,0
Li09,TmY20,1,1,0,0,3,3,0,0
Pm07,Dm8a,1,1,0,0,3,3,0,0
Sm13,MeTu4c,1,1,0,0,3,3,0,0
LPi06,Li33,1,1,0,0,3,3,0,0
Sm23,Sm09,1,1,0,0,3,3,0,0
TmY3,Tm37,1,1,0,0,3,3,0,0
Mi9,MTe01b,1,1,0,0,3,3,0,0
Tm36,LTe01,1,1,0,0,3,3,0,0
MLt5,aMe19b,1,1,0,0,3,3,0,0
TmY3,LPT21,1,1,0,0,3,3,0,0
TmY11,LTe66,1,1,0,0,3,3,0,0
Tm16,AVLP534,1,1,0,0,3,3,0,0
TmY11,LPi14,1,1,0,0,3,3,0,0
Tm16,cL19,1,1,0,0,3,3,0,0
Sm12,MTe52,1,1,0,0,3,3,0,0
Li11,cL02c,1,1,0,0,3,3,0,0
Tlp4,Pm08,1,1,0,0,3,3,0,0
Tlp4,MTe44,1,1,0,0,3,3,0,0
Pm06,LMt4,1,1,0,0,3,3,0,0
Tlp4,LT82a,1,1,0,0,3,3,0,0
Lawf1,Mi2,1,1,0,0,3,3,0,0
LPi13,TmY10,1,1,0,0,3,3,0,0
LPi13,LC10a,1,1,0,0,3,3,0,0
Sm30,Tm9,1,1,0,0,3,3,0,0
LLPt,Tm20,1,1,0,0,3,3,0,0
Tm32,Li32,1,1,0,0,3,3,0,0
Li22,LC28a,1,1,0,0,3,3,0,0
Tm37,Y1,1,1,0,0,3,3,0,0
TmY31,PDt,1,1,0,0,3,3,0,0
Dm11,MeMe_e05,1,1,0,0,3,3,0,0
Sm38,TmY11,1,1,0,0,3,3,0,0
Sm38,Tm37,1,1,0,0,3,3,0,0
TmY31,H2,1,1,0,0,3,3,0,0
LMa3,LTe21,1,1,0,0,3,3,0,0
Sm31,cM16,1,1,0,0,3,3,0,0
TmY9q⊥,LT39,1,1,0,0,3,3,0,0
Tm8b,LT55,1,1,0,0,3,3,0,0
Sm30,Pm09,1,1,0,0,3,3,0,0
Li08,Li09,1,1,0,0,3,3,0,0
Dm8b,Dm13,1,1,0,0,3,3,0,0
Li10,LPTe02,1,1,0,0,3,3,0,0
Sm06,MTe23,1,1,0,0,3,3,0,0
LMa1,Tlp1,1,1,0,0,3,3,0,0
Tm20,LTe02,1,1,0,0,3,3,0,0
Sm01,Dm1,1,1,0,0,3,3,0,0
Sm28,MeTu3b,1,1,0,0,3,3,0,0
Tm34,Tm2,1,1,0,0,3,3,0,0
Sm16,TmY4,1,1,0,0,3,3,0,0
Sm15,Dm9,1,1,0,0,3,3,0,0
Tm16,CB0734,1,1,0,0,3,3,0,0
TmY20,cM10,1,1,0,0,3,3,0,0
Li07,LC31b,1,1,0,0,3,3,0,0
TmY16,LMt4,1,1,0,0,3,3,0,0
Li09,Y4,1,1,0,0,3,3,0,0
PDt,Am1,1,1,0,0,3,3,0,0
LMa2,LT42,1,1,0,0,3,3,0,0
Tm5c,cM17,1,1,0,0,3,3,0,0
Dm8b,TmY11,1,1,0,0,3,3,0,0
Sm06,MTe19,1,1,0,0,3,3,0,0
TmY4,LTe59,1,1,0,0,3,3,0,0
Tm35,Sm25,1,1,0,0,3,3,0,0
Li14,mALC3,1,1,0,0,3,3,0,0
T2,Sm08,1,1,0,0,3,3,0,0
Tm5c,cL16,1,1,0,0,3,3,0,0
LMt3,LT58,1,1,0,0,3,3,0,0
Dm2,MLt8,1,1,0,0,3,3,0,0
Li13,CB3089,1,1,0,0,3,3,0,0
Tm8b,LT60,1,1,0,0,3,3,0,0
Tm5b,Sm22,1,1,0,0,3,3,0,0
T4b,cM15,1,1,0,0,3,3,0,0
Tm8a,LC17,1,1,0,0,3,3,0,0
Tm5c,DNc01,1,1,0,0,3,3,0,0
MLt6,aMe10,1,1,0,0,3,3,0,0
MLt6,MeTu4c,1,1,0,0,3,3,0,0
TmY9q⊥,L5,1,1,0,0,3,3,0,0
Li11,LT59,1,1,0,0,3,3,0,0
Y1,VS4,1,1,0,0,3,3,0,0
Dm10,Sm40,1,1,0,0,3,3,0,0
Tm16,LCe09,1,1,0,0,3,3,0,0
Tm1,DNp30,1,1,0,0,3,3,0,0
Sm31,LT58,1,1,0,0,3,3,0,0
Sm11,MTe12,1,1,0,0,3,3,0,0
LMa3,Sm42,1,1,0,0,3,3,0,0
Tlp1,LCe06,1,1,0,0,3,3,0,0
Li06,OA-AL2b1,1,1,0,0,3,3,0,0
Li06,cLLP02,1,1,0,0,3,3,0,0
MLt7,MeMe_e06,1,1,0,0,3,3,0,0
TmY16,LCe07,1,1,0,0,3,3,0,0
Dm8a,5-HTPMPV03,1,1,0,0,3,3,0,0
C2,Dm8a,1,1,0,0,3,3,0,0
Tm9,MTe39,1,1,0,0,3,3,0,0
Sm20,MLt6,1,1,0,0,3,3,0,0
MLt1,Li30,1,1,0,0,3,3,0,0
Tm8a,LT79,1,1,0,0,3,3,0,0
Tm36,DNp11,1,1,0,0,3,3,0,0
Sm18,Sm18,1,1,0,0,3,3,0,0
Y4,LT81,1,1,0,0,3,3,0,0
Tm5f,LT59,1,1,0,0,3,3,0,0
Mi9,MTe23,1,1,0,0,3,3,0,0
Y4,LPi04,1,1,0,0,3,3,0,0
MLt1,LPTe02,1,1,0,0,3,3,0,0
MLt2,Sm23,1,1,0,0,3,3,0,0
TmY15,LTe24,1,1,0,0,3,3,0,0
Mi13,TmY31,1,1,0,0,3,3,0,0
Sm33,MLt4,1,1,0,0,3,3,0,0
Pm14,Pm02,1,1,0,0,3,3,0,0
Pm14,MTe30,1,1,0,0,3,3,0,0
TmY9q,LTe10,1,1,0,0,3,3,0,0
Tm1,Dm4,1,1,0,0,3,3,0,0
T3,Li02,1,1,0,0,3,3,0,0
Sm03,MeMe_e08,1,1,0,0,3,3,0,0
Tm25,LLPC1,1,1,0,0,3,3,0,0
Sm32,Pm06,1,1,0,0,3,3,0,0
Li03,Y11,1,1,0,0,3,3,0,0
Pm14,LPT22,1,1,0,0,3,3,0,0
Pm14,LPT45_dCal1,1,1,0,0,3,3,0,0
Pm14,Sm20,1,1,0,0,3,3,0,0
Li05,LTe18,1,1,0,0,3,3,0,0
LMt3,LC10b,1,1,0,0,3,3,0,0
Tm36,AVLP534,1,1,0,0,3,3,0,0
TmY20,Lat,1,1,0,0,3,3,0,0
LPi07,VS7,1,1,0,0,3,3,0,0
Li01,LTe43,1,1,0,0,3,3,0,0
Tm36,Sm03,1,1,0,0,3,3,0,0
Li07,LMt4,1,1,0,0,3,3,0,0
R7,DNc02,1,1,0,0,3,3,0,0
Tm5c,LC27,1,1,0,0,3,3,0,0
T2,Li29,1,1,0,0,3,3,0,0
Dm9,T2a,1,1,0,0,3,3,0,0
LPi07,vCal1,1,1,0,0,3,3,0,0
TmY3,LT56,1,1,0,0,3,3,0,0
Sm02,MTe08,1,1,0,0,3,3,0,0
Tm8a,cL12,1,1,0,0,3,3,0,0
LPi04,LPT45_dCal1,1,1,0,0,3,3,0,0
Sm36,Sm28,1,1,0,0,3,3,0,0
Sm36,cM15,1,1,0,0,3,3,0,0
Tm5d,LT65,1,1,0,0,3,3,0,0
Tm8b,Tm9,1,1,0,0,3,3,0,0
Li12,LMa5,1,1,0,0,3,3,0,0
MLt3,LTe21,1,1,0,0,3,3,0,0
MLt5,MeMe_e10,1,1,0,0,3,3,0,0
Tlp1,LC25,1,1,0,0,3,3,0,0
Sm09,MeTu3b,1,1,0,0,3,3,0,0
Tm32,LTe52,1,1,0,0,3,3,0,0
Sm02,Mi9,1,1,0,0,3,3,0,0
Sm02,Sm11,1,1,0,0,3,3,0,0
TmY11,LC27,1,1,0,0,3,3,0,0
Li18,LT82a,1,1,0,0,3,3,0,0
Li05,LT79,1,1,0,0,3,3,0,0
Lawf2,MTe01a,1,1,0,0,3,3,0,0
Tm3,l-LNv,1,1,0,0,3,3,0,0
Sm27,Pm14,1,1,0,0,3,3,0,0
Pm10,Sm08,1,1,0,0,3,3,0,0
R8,Sm02,1,1,0,0,3,3,0,0
Y3,PLP068,1,1,0,0,3,3,0,0
Li04,LTe24,1,1,0,0,3,3,0,0
Tm5c,MTe23,1,1,0,0,3,3,0,0
Tm21,LT77,1,1,0,0,3,3,0,0
Dm13,Dm15,1,1,0,0,3,3,0,0
Li18,LTe08,1,1,0,0,3,3,0,0
Tlp4,LC43,1,1,0,0,3,3,0,0
TmY4,LT61a,1,1,0,0,3,3,0,0
L5,MTe05,1,1,0,0,3,3,0,0
TmY16,Li13,1,1,0,0,3,3,0,0
MLt8,LC29,1,1,0,0,3,3,0,0
Li04,Li31,1,1,0,0,3,3,0,0
Tm2,Sm08,1,1,0,0,3,3,0,0
MLt6,Sm20,1,1,0,0,3,3,0,0
MLt4,MTe39,1,1,0,0,3,3,0,0
TmY16,LT78,1,1,0,0,3,3,0,0
TmY11,LT82a,1,1,0,0,3,3,0,0
Sm43,Sm23,1,1,0,0,3,3,0,0
CT1,cML01,1,1,0,0,3,3,0,0
CT1,LC14b,1,1,0,0,3,3,0,0
CT1,LT1b,1,1,0,0,3,3,0,0
CT1,Mi2,1,1,0,0,3,3,0,0
CT1,LMa3,1,1,0,0,3,3,0,0
CT1,TmY16,1,1,0,0,3,3,0,0
Tm37,LT11,1,1,0,0,3,3,0,0
Pm03,Tm5b,1,1,0,0,3,3,0,0
Li28,LTe25,1,1,0,0,3,3,0,0
Li28,LTe15,1,1,0,0,3,3,0,0
Li28,LTe32,1,1,0,0,3,3,0,0
Sm04,Dm10,1,1,0,0,3,3,0,0
Sm04,MeMe_e05,1,1,0,0,3,3,0,0
Sm18,Pm06,1,1,0,0,3,3,0,0
TmY9q,MTe17,1,1,0,0,3,3,0,0
Pm05,Mi15,1,1,0,0,3,3,0,0
Dm12,MTe33,1,1,0,0,3,3,0,0
Dm12,Sm26,1,1,0,0,3,3,0,0
MLt3,LCe04,1,1,0,0,3,3,0,0
Sm29,Sm34,1,1,0,0,3,3,0,0
Li33,LT40,1,1,0,0,3,3,0,0
Li33,cL20,1,1,0,0,3,3,0,0
Li33,cL08,1,1,0,0,3,3,0,0
Tm20,Tlp4,1,1,0,0,3,3,0,0
T1,T1,1,1,0,0,3,3,0,0
Tm20,cLLP02,1,1,0,0,3,3,0,0
Tm1,Tm34,1,1,0,0,3,3,0,0
PDt,Sm29,1,1,0,0,3,3,0,0
PDt,MTe01a,1,1,0,0,3,3,0,0
LPi11,LPT29,1,1,0,0,3,3,0,0
TmY4,LTe03,1,1,0,0,3,3,0,0
TmY4,LT66,1,1,0,0,3,3,0,0
Sm22,TmY15,1,1,0,0,3,3,0,0
Li12,MTe02,1,1,0,0,3,3,0,0
Sm39,Sm17,1,1,0,0,3,3,0,0
Sm39,Dm16,1,1,0,0,3,3,0,0
Sm39,Mi2,1,1,0,0,3,3,0,0
Sm39,MeMe_e10,1,1,0,0,3,3,0,0
Tm8a,Pm12,1,1,0,0,3,3,0,0
Tm8a,TmY14,1,1,0,0,3,3,0,0
Sm35,Dm12,1,1,0,0,3,3,0,0
Tlp5,VS1,1,1,0,0,3,3,0,0
Y4,HSE,1,1,0,0,3,3,0,0
Tm5b,cL05,1,1,0,0,3,3,0,0
Tm3,Li09,1,1,0,0,3,3,0,0
Sm26,Dm12,1,1,0,0,3,3,0,0
Sm09,Dm4,1,1,0,0,3,3,0,0
Pm01,Sm04,1,1,0,0,3,3,0,0
Am1,LT61a,1,1,0,0,3,3,0,0
Am1,Li29,1,1,0,0,3,3,0,0
Am1,LPT29,1,1,0,0,3,3,0,0
Am1,LPT52,1,1,0,0,3,3,0,0
Li10,cL08,1,1,0,0,3,3,0,0
Mi1,Tm8b,1,1,0,0,3,3,0,0
Li07,Li32,1,1,0,0,3,3,0,0
Sm18,Sm09,1,1,0,0,3,3,0,0
Sm40,LMt4,1,1,0,0,3,3,0,0
TmY9q⊥,LTe14,1,1,0,0,3,3,0,0
T5d,TmY16,1,1,0,0,3,3,0,0
Dm8b,aMe9,1,1,0,0,3,3,0,0
TmY4,MTe34,1,1,0,0,3,3,0,0
Sm35,TmY11,1,1,0,0,3,3,0,0
Sm12,MTe48,1,1,0,0,3,3,0,0
Sm19,L5,1,1,0,0,3,3,0,0
Tm7,cMLLP01,1,1,0,0,3,3,0,0
Li03,Li26,1,1,0,0,3,3,0,0
Tm8a,cL17,1,1,0,0,3,3,0,0
Dm11,Sm14,1,1,0,0,3,3,0,0
Tm31,Pm14,1,1,0,0,3,3,0,0
Li18,LC10b,1,1,0,0,3,3,0,0
Tm5e,cL08,1,1,0,0,3,3,0,0
LPi12,VST1,1,1,0,0,3,3,0,0
LPi12,MTe47,1,1,0,0,3,3,0,0
LPi12,TmY10,1,1,0,0,3,3,0,0
Li20,LPLC4,1,1,0,0,3,3,0,0
Tm8a,LC31b,1,1,0,0,3,3,0,0
Sm33,cM12,1,1,0,0,3,3,0,0
Li29,Nod1,1,1,0,0,3,3,0,0
Li29,cMLLP01,1,1,0,0,3,3,0,0
Li29,LT63,1,1,0,0,3,3,0,0
Li29,cL04,1,1,0,0,3,3,0,0
Li29,LPT52,1,1,0,0,3,3,0,0
Li29,LMt4,1,1,0,0,3,3,0,0
Li29,Tm5e,1,1,0,0,3,3,0,0
LMa2,Mi15,1,1,0,0,3,3,0,0
MLt3,OA-AL2i3,1,1,0,0,3,3,0,0
Tm16,MeTu4b,1,1,0,0,3,3,0,0
Mi13,MeTu4c,1,1,0,0,3,3,0,0
TmY9q,T1,1,1,0,0,3,3,0,0
Tm35,LTe24,1,1,0,0,3,3,0,0
Li14,OA-AL2i1,1,1,0,0,3,3,0,0
Sm34,Mi15,1,1,0,0,3,3,0,0
Tm5e,LTe04,1,1,0,0,3,3,0,0
DmDRA2,Dm8a,1,1,0,0,3,3,0,0
MLt1,LT72,1,1,0,0,3,3,0,0
Tm9,LT34,1,1,0,0,3,3,0,0
TmY31,LTe62,1,1,0,0,3,3,0,0
Tm31,LCe01a,1,1,0,0,3,3,0,0
Tm5d,MTe29,1,1,0,0,3,3,0,0
TmY9q,HSN,1,1,0,0,3,3,0,0
Tm5e,MTe13,1,1,0,0,3,3,0,0
MLt1,LTe01,1,1,0,0,3,3,0,0
LPi10,T2a,1,1,0,0,3,3,0,0
TmY20,cL02b,1,1,0,0,3,3,0,0
Tm1,DNg33,1,1,0,0,3,3,0,0
Tm4,cL09,1,1,0,0,3,3,0,0
Sm32,Sm39,1,1,0,0,3,3,0,0
Tm16,LT82a,1,1,0,0,3,3,0,0
Tm5b,LC10f,1,1,0,0,3,3,0,0
Li26,Tm21,1,1,0,0,3,3,0,0
Tm33,OA-AL2i4,1,1,0,0,3,3,0,0
Tm4,LTe64,1,1,0,0,3,3,0,0
Tm33,MTe18,1,1,0,0,3,3,0,0
LMa3,LTe03,1,1,0,0,3,3,0,0
Tm27,LT38,1,1,0,0,3,3,0,0
Dm20,T3,1,1,0,0,3,3,0,0
Mi9,Sm16,1,1,0,0,3,3,0,0
Tm36,T4c,1,1,0,0,3,3,0,0
Dm3q,Mi15,1,1,0,0,3,3,0,0
LMa3,LPi05,1,1,0,0,3,3,0,0
Sm09,Dm11,1,1,0,0,3,3,0,0
Dm12,TmY14,1,1,0,0,3,3,0,0
Sm06,MeTu2b,1,1,0,0,3,3,0,0
LMa5,mALC3,1,1,0,0,3,3,0,0
Y4,Tm31,1,1,0,0,3,3,0,0
Li04,LTe72,1,1,0,0,3,3,0,0
Sm01,L5,1,1,0,0,3,3,0,0
Sm14,MTe54,1,1,0,0,3,3,0,0
Sm14,Y1,1,1,0,0,3,3,0,0
C3,MTe52,1,1,0,0,3,3,0,0
Tm25,LTe05,1,1,0,0,3,3,0,0
Tm5f,LC10f,1,1,0,0,3,3,0,0
Pm01,T1,1,1,0,0,3,3,0,0
LPi11,LMa4,1,1,0,0,3,3,0,0
Li04,LTe30,1,1,0,0,3,3,0,0
Li13,LTe42a,1,1,0,0,3,3,0,0
Sm03,MTe39,1,1,0,0,3,3,0,0
Sm43,MeTu2b,1,1,0,0,3,3,0,0
LMt2,LC39,1,1,0,0,3,3,0,0
Tm5a,LT80,1,1,0,0,3,3,0,0
Sm13,LMa5,1,1,0,0,3,3,0,0
Tm5d,Dm9,1,1,0,0,3,3,0,0
MLt8,MeTu1,1,1,0,0,3,3,0,0
T4c,LPT42_Nod4,1,1,0,0,3,3,0,0
Sm19,MLt8,1,1,0,0,3,3,0,0
Sm05,MTe52,1,1,0,0,3,3,0,0
Li28,LTe42b,1,1,0,0,3,3,0,0
Li28,LT36,1,1,0,0,3,3,0,0
Li28,Tm16,1,1,0,0,3,3,0,0
Li28,Tm8b,1,1,0,0,3,3,0,0
MLt4,LC35,1,1,0,0,3,3,0,0
MLt7,LTe71,1,1,0,0,3,3,0,0
Li04,Li02,1,1,0,0,3,3,0,0
LMa1,Mi9,1,1,0,0,3,3,0,0
LMa1,LT33,1,1,0,0,3,3,0,0
T5b,Tm5f,1,1,0,0,3,3,0,0
Tm5c,cL04,1,1,0,0,3,3,0,0
C3,Tm33,1,1,0,0,3,3,0,0
Li18,LC19,1,1,0,0,3,3,0,0
Sm05,Tm16,1,1,0,0,3,3,0,0
Sm05,MeTu1,1,1,0,0,3,3,0,0
Li04,LTe04,1,1,0,0,3,3,0,0
Tm4,cL02c,1,1,0,0,3,3,0,0
Li01,LT85,1,1,0,0,3,3,0,0
LMt3,LCe03,1,1,0,0,3,3,0,0
Tm35,Li21,1,1,0,0,3,3,0,0
TmY4,LTe40,1,1,0,0,3,3,0,0
Tm5f,Li19,1,1,0,0,3,3,0,0
Mi1,DmDRA1,1,1,0,0,3,3,0,0
Li02,LTe19,1,1,0,0,3,3,0,0
Lawf2,Dm4,1,1,0,0,3,3,0,0
Lawf2,Tm20,1,1,0,0,3,3,0,0
Sm35,MTe28,1,1,0,0,3,3,0,0
LMt2,DNp11,1,1,0,0,3,3,0,0
Dm16,LMt1,1,1,0,0,3,3,0,0
Tm4,LTe03,1,1,0,0,3,3,0,0
TmY20,MeMe_e08,1,1,0,0,3,3,0,0
Tm5a,LTe25,1,1,0,0,3,3,0,0
T1,MTe54,1,1,0,0,3,3,0,0
LPi15,VST1,1,1,0,0,3,3,0,0
LPi15,DNp27,1,1,0,0,3,3,0,0
Tm4,LT1d,1,1,0,0,3,3,0,0
Tm20,LTe11,1,1,0,0,3,3,0,0
Li08,LTe57,1,1,0,0,3,3,0,0
Li16,Y3,1,1,0,0,3,3,0,0
Sm23,MTe26,1,1,0,0,3,3,0,0
Tm5a,Dm9,1,1,0,0,3,3,0,0
Sm10,MeMe_e08,1,1,0,0,3,3,0,0
Li11,LTe74,1,1,0,0,3,3,0,0
LPi05,DCH,1,1,0,0,3,3,0,0
Li21,LT60,1,1,0,0,3,3,0,0
MLt8,LTe57,1,1,0,0,3,3,0,0
Tm37,MTe45,1,1,0,0,3,3,0,0
TmY14,Nod1,1,1,0,0,3,3,0,0
MLt4,cM14,1,1,0,0,3,3,0,0
LMt1,cM10,1,1,0,0,3,3,0,0
LMt3,MTe03,1,1,0,0,3,3,0,0
L5,5-HTPMPV03,1,1,0,0,3,3,0,0
Li03,LC10f,1,1,0,0,3,3,0,0
Tm8b,LT34,1,1,0,0,3,3,0,0
Y3,cL04,1,1,0,0,3,3,0,0
TmY4,LTe28,1,1,0,0,3,3,0,0
Tm8a,Dm17,1,1,0,0,3,3,0,0
Sm21,MeTu2a,1,1,0,0,3,3,0,0
Tlp1,LC19,1,1,0,0,3,3,0,0
Li08,CB0472,1,1,0,0,3,3,0,0
Li19,LTe24,1,1,0,0,3,3,0,0
Li19,LC31c,1,1,0,0,3,3,0,0
Tm33,Y1,1,1,0,0,3,3,0,0
Sm16,Sm39,1,1,0,0,3,3,0,0
TmY20,Dm2,1,1,0,0,3,3,0,0
Li03,LC27,1,1,0,0,3,3,0,0
Tm5e,MTe22,1,1,0,0,3,3,0,0
TmY14,DNp30,1,1,0,0,3,3,0,0
TmY5a,LTe70,1,1,0,0,3,3,0,0
Tm3,LT56,1,1,0,0,3,3,0,0
Tm36,LTe76,1,1,0,0,3,3,0,0
Tm7,MTe08,1,1,0,0,3,3,0,0
TmY15,LCe01b,1,1,0,0,3,3,0,0
LMt4,LC10a,1,1,0,0,3,3,0,0
MLt6,aMe17a1,1,1,0,0,3,3,0,0
Tm9,cM07,1,1,0,0,3,3,0,0
Li30,LT79,1,1,0,0,3,3,0,0
Li30,Tm25,1,1,0,0,3,3,0,0
Li30,aMe17a2,1,1,0,0,3,3,0,0
Li30,cM10,1,1,0,0,3,3,0,0
Li30,LTe74,1,1,0,0,3,3,0,0
Li30,LT87,1,1,0,0,3,3,0,0
Li30,LC10f,1,1,0,0,3,3,0,0
Li30,cL18,1,1,0,0,3,3,0,0
Li30,LC11,1,1,0,0,3,3,0,0
Tlp4,mALC5,1,1,0,0,3,3,0,0
LMt3,LTe08,1,1,0,0,3,3,0,0
Li31,LT73,1,1,0,0,3,3,0,0
Li31,Tm2,1,1,0,0,3,3,0,0
Li31,LC39,1,1,0,0,3,3,0,0
Li31,5-HTPMPV03,1,1,0,0,3,3,0,0
Li31,LTe59,1,1,0,0,3,3,0,0
Li31,LC10d,1,1,0,0,3,3,0,0
MLt8,Li05,1,1,0,0,3,3,0,0
MLt3,OA-AL2i2,1,1,0,0,3,3,0,0
MLt3,cL20,1,1,0,0,3,3,0,0
Lawf2,Mi2,1,1,0,0,3,3,0,0
LMa3,T5b,1,1,0,0,3,3,0,0
Y3,MTe01b,1,1,0,0,3,3,0,0
Sm22,5-HTPMPV03,1,1,0,0,3,3,0,0
TmY11,MTe28,1,1,0,0,3,3,0,0
Tlp1,LPT04_HST,1,1,0,0,3,3,0,0
Tlp1,Tm16,1,1,0,0,3,3,0,0
LLPt,cL20,1,1,0,0,3,3,0,0
LLPt,LTe12,1,1,0,0,3,3,0,0
LMa5,Sm41,1,1,0,0,3,3,0,0
Tm4,Sm02,1,1,0,0,3,3,0,0
TmY11,Dm9,1,1,0,0,3,3,0,0
Sm21,LCe01a,1,1,0,0,3,3,0,0
Sm21,MTe53,1,1,0,0,3,3,0,0
MLt7,LTe51,1,1,0,0,3,3,0,0
Sm12,LMt2,1,1,0,0,3,3,0,0
Y3,cL22b,1,1,0,0,3,3,0,0
T5a,Li01,1,1,0,0,3,3,0,0
Mi10,Sm33,1,1,0,0,3,3,0,0
Sm08,TmY9q⊥,1,1,0,0,3,3,0,0
LMa1,LC35,1,1,0,0,3,3,0,0
MLt8,MTe46,1,1,0,0,3,3,0,0
TmY4,Sm06,1,1,0,0,3,3,0,0
Li32,LTe37,1,1,0,0,3,3,0,0
Li32,LTe16,1,1,0,0,3,3,0,0
Li32,Li04,1,1,0,0,3,3,0,0
Li32,LPT04_HST,1,1,0,0,3,3,0,0
Li32,LTe27,1,1,0,0,3,3,0,0
Y4,LTe59,1,1,0,0,3,3,0,0
Sm43,aMe9,1,1,0,0,3,3,0,0
LMa2,LTe57,1,1,0,0,3,3,0,0
Tm5d,LC10f,1,1,0,0,3,3,0,0
Tm8b,AVLP593,1,1,0,0,3,3,0,0
Li02,LTe45,1,1,0,0,3,3,0,0
MLt1,MTe15,1,1,0,0,3,3,0,0
LC44,LT58,1,1,0,0,3,3,0,0
LC44,LTe24,1,1,0,0,3,3,0,0
LC41,LTe38b,1,1,0,0,3,3,0,0
LTe48,LC33a,1,1,0,0,3,3,0,0
MeTu2a,MTe23,1,1,0,0,3,3,0,0
MTe04,Sm31,1,1,0,0,3,3,0,0
cM12,CB0816,1,1,0,0,3,3,0,0
LC11,LTe31,1,1,0,0,3,3,0,0
LC10d,cLLP02,1,1,0,0,3,3,0,0
MeTu4a,Li16,1,1,0,0,3,3,0,0
cLP03,LPT31,1,1,0,0,3,3,0,0
LC20a,Li12,1,1,0,0,3,3,0,0
LCe04,LTe27,1,1,0,0,3,3,0,0
LTe04,aMe8,1,1,0,0,3,3,0,0
LTe04,LTe42a,1,1,0,0,3,3,0,0
LC19,LC14b,1,1,0,0,3,3,0,0
MeTu3b,MLt6,1,1,0,0,3,3,0,0
LTe32,Y4,1,1,0,0,3,3,0,0
LC40,LTe12,1,1,0,0,3,3,0,0
cM01c,Sm37,1,1,0,0,3,3,0,0
cM01c,aMe9,1,1,0,0,3,3,0,0
cLM01,LT73,1,1,0,0,3,3,0,0
cLM01,LT58,1,1,0,0,3,3,0,0
cLM01,Sm35,1,1,0,0,3,3,0,0
cLM01,MTe01a,1,1,0,0,3,3,0,0
MTe50,MTe36,1,1,0,0,3,3,0,0
cM04,aMe24,1,1,0,0,3,3,0,0
aMe17a1,CB0566,1,1,0,0,3,3,0,0
aMe17a1,cM02a,1,1,0,0,3,3,0,0
aMe17a1,Pm05,1,1,0,0,3,3,0,0
LTe11,LC11,1,1,0,0,3,3,0,0
LTe11,LMa1,1,1,0,0,3,3,0,0
LTe11,LT81,1,1,0,0,3,3,0,0
LTe45,LT63,1,1,0,0,3,3,0,0
LTe45,LLPt,1,1,0,0,3,3,0,0
LTe45,LC20b,1,1,0,0,3,3,0,0
LT70,Tm5c,1,1,0,0,3,3,0,0
aMe22,MTe48,1,1,0,0,3,3,0,0
LC10d,LMt4,1,1,0,0,3,3,0,0
LT73,Li33,1,1,0,0,3,3,0,0
LC29,LMt1,1,1,0,0,3,3,0,0
LC25,MTe03,1,1,0,0,3,3,0,0
LTe14,Li30,1,1,0,0,3,3,0,0
LC28a,cL13,1,1,0,0,3,3,0,0
LC33a,LC27,1,1,0,0,3,3,0,0
LPLC4,cL17,1,1,0,0,3,3,0,0
LPLC4,VCH,1,1,0,0,3,3,0,0
LTe16,LTe65,1,1,0,0,3,3,0,0
LTe16,LT59,1,1,0,0,3,3,0,0
LTe16,Li27,1,1,0,0,3,3,0,0
LC13,LC36,1,1,0,0,3,3,0,0
LT52,LT75,1,1,0,0,3,3,0,0
MTe25,MeMe_e01,1,1,0,0,3,3,0,0
MTe25,MLt1,1,1,0,0,3,3,0,0
OA-AL2i4,MTe29,1,1,0,0,3,3,0,0
OA-AL2i4,MTe23,1,1,0,0,3,3,0,0
OA-AL2i4,aMe4,1,1,0,0,3,3,0,0
OA-AL2i4,CB0592,1,1,0,0,3,3,0,0
OA-AL2i4,Sm02,1,1,0,0,3,3,0,0
LC20b,OA-ASM1,1,1,0,0,3,3,0,0
LTe66,LC10a,1,1,0,0,3,3,0,0
LTe66,Tm5a,1,1,0,0,3,3,0,0
cL12,LCe09,1,1,0,0,3,3,0,0
cL12,LC10e,1,1,0,0,3,3,0,0
cL12,Li31,1,1,0,0,3,3,0,0
cL12,LTe19,1,1,0,0,3,3,0,0
aMe5,TmY5a,1,1,0,0,3,3,0,0
LC31a,LTe49f,1,1,0,0,3,3,0,0
LC45,Li30,1,1,0,0,3,3,0,0
LC18,LTe64,1,1,0,0,3,3,0,0
LC26,LC10d,1,1,0,0,3,3,0,0
LPLC2,LPT27,1,1,0,0,3,3,0,0
LTe67,LTe69,1,1,0,0,3,3,0,0
LT82a,Tm31,1,1,0,0,3,3,0,0
cLP03,LPT58,1,1,0,0,3,3,0,0
LT57,LT85,1,1,0,0,3,3,0,0
MTe40,MTe23,1,1,0,0,3,3,0,0
MTe40,MTe31,1,1,0,0,3,3,0,0
MTe40,Sm06,1,1,0,0,3,3,0,0
MTe40,Sm37,1,1,0,0,3,3,0,0
MTe40,Pm14,1,1,0,0,3,3,0,0
cL09,Li02,1,1,0,0,3,3,0,0
cM05,Y1,1,1,0,0,3,3,0,0
cM05,CB0816,1,1,0,0,3,3,0,0
cM05,MTe34,1,1,0,0,3,3,0,0
MTe01b,Sm39,1,1,0,0,3,3,0,0
VS2,LPi05,1,1,0,0,3,3,0,0
PLP051,Li30,1,1,0,0,3,3,0,0
PLP051,Li13,1,1,0,0,3,3,0,0
PLP051,LTe42c,1,1,0,0,3,3,0,0
cLP03,VS5,1,1,0,0,3,3,0,0
LPT57,LPT49,1,1,0,0,3,3,0,0
LC21,LTe76,1,1,0,0,3,3,0,0
LT57,LC46,1,1,0,0,3,3,0,0
LC10b,Tm31,1,1,0,0,3,3,0,0
cL16,LTe42a,1,1,0,0,3,3,0,0
cL16,aMe17a2,1,1,0,0,3,3,0,0
cL16,LC35,1,1,0,0,3,3,0,0
LLPC2,Y4,1,1,0,0,3,3,0,0
LTe37,LC20b,1,1,0,0,3,3,0,0
LTe37,CB0472,1,1,0,0,3,3,0,0
LTe37,Li27,1,1,0,0,3,3,0,0
cLPL01,Li32,1,1,0,0,3,3,0,0
cLPL01,Tm5d,1,1,0,0,3,3,0,0
cLPL01,LC6,1,1,0,0,3,3,0,0
cLPL01,LPi01,1,1,0,0,3,3,0,0
LC36,LTe23,1,1,0,0,3,3,0,0
LHPV2i2a,MLt4,1,1,0,0,3,3,0,0
LTe27,Lat,1,1,0,0,3,3,0,0
LT61b,LC43,1,1,0,0,3,3,0,0
aMe17b,Sm23,1,1,0,0,3,3,0,0
aMe17b,MTe32,1,1,0,0,3,3,0,0
LC28a,LT39,1,1,0,0,3,3,0,0
cL13,LTe74,1,1,0,0,3,3,0,0
cL13,LMt1,1,1,0,0,3,3,0,0
cL13,Tm32,1,1,0,0,3,3,0,0
cL13,Li09,1,1,0,0,3,3,0,0
cL13,LC27,1,1,0,0,3,3,0,0
cL13,LC9,1,1,0,0,3,3,0,0
cL13,LLPt,1,1,0,0,3,3,0,0
cML01,Li33,1,1,0,0,3,3,0,0
cML01,Dm17,1,1,0,0,3,3,0,0
cML01,MTe43,1,1,0,0,3,3,0,0
cML01,Tm35,1,1,0,0,3,3,0,0
CB3235,LTe49c,1,1,0,0,3,3,0,0
LT79,Tm36,1,1,0,0,3,3,0,0
LT79,Li24,1,1,0,0,3,3,0,0
cL10,LTe66,1,1,0,0,3,3,0,0
cL10,Li31,1,1,0,0,3,3,0,0
cL10,PLP251,1,1,0,0,3,3,0,0
cL10,LTe35,1,1,0,0,3,3,0,0
cL10,LT69,1,1,0,0,3,3,0,0
cL10,LCe06,1,1,0,0,3,3,0,0
cL10,LT63,1,1,0,0,3,3,0,0
cL10,LTe68,1,1,0,0,3,3,0,0
LT36,LTe43,1,1,0,0,3,3,0,0
cM08c,Sm20,1,1,0,0,3,3,0,0
cM08c,LT53,1,1,0,0,3,3,0,0
OA-AL2i3,DN1-l,1,1,0,0,3,3,0,0
LT59,Li01,1,1,0,0,3,3,0,0
LT59,LTe48,1,1,0,0,3,3,0,0
LT59,LTe38b,1,1,0,0,3,3,0,0
LT40,LLPC4,1,1,0,0,3,3,0,0
LT40,cM07,1,1,0,0,3,3,0,0
LT40,Tm5f,1,1,0,0,3,3,0,0
LT40,TmY11,1,1,0,0,3,3,0,0
LT40,LTe64,1,1,0,0,3,3,0,0
LTe33,MeTu4c,1,1,0,0,3,3,0,0
LTe49f,Li32,1,1,0,0,3,3,0,0
LTe23,cLLP02,1,1,0,0,3,3,0,0
HSN,Nod1,1,1,0,0,3,3,0,0
HSN,T4d,1,1,0,0,3,3,0,0
HSN,VS5,1,1,0,0,3,3,0,0
LTe58,LT65,1,1,0,0,3,3,0,0
MTe52,TmY9q,1,1,0,0,3,3,0,0
MTe02,Sm26,1,1,0,0,3,3,0,0
MTe02,Sm03,1,1,0,0,3,3,0,0
LPC2,Tm27,1,1,0,0,3,3,0,0
MTe05,MeMe_e05,1,1,0,0,3,3,0,0
cM18,CB0592,1,1,0,0,3,3,0,0
LT52,LTe51,1,1,0,0,3,3,0,0
MTe23,Sm27,1,1,0,0,3,3,0,0
LTe08,LT87,1,1,0,0,3,3,0,0
LTe08,LT67,1,1,0,0,3,3,0,0
LTe08,LT85,1,1,0,0,3,3,0,0
LTe08,LTe30,1,1,0,0,3,3,0,0
LTe08,Li05,1,1,0,0,3,3,0,0
LTe08,TmY20,1,1,0,0,3,3,0,0
LTe08,LC28a,1,1,0,0,3,3,0,0
LC31a,Li16,1,1,0,0,3,3,0,0
MTe01a,cM03,1,1,0,0,3,3,0,0
LT64,cL16,1,1,0,0,3,3,0,0
LT64,TmY20,1,1,0,0,3,3,0,0
cL07,LC9,1,1,0,0,3,3,0,0
MeTu4b,Tm8a,1,1,0,0,3,3,0,0
LT51,LT77,1,1,0,0,3,3,0,0
CB3238,LT52,1,1,0,0,3,3,0,0
CB3238,LC4,1,1,0,0,3,3,0,0
CB3238,LCe06,1,1,0,0,3,3,0,0
LPT23,VS1,1,1,0,0,3,3,0,0
LCe01b,LMa3,1,1,0,0,3,3,0,0
MTe37,aMe9,1,1,0,0,3,3,0,0
MTe37,MTe24,1,1,0,0,3,3,0,0
LT78,LLPC2,1,1,0,0,3,3,0,0
LT78,Li21,1,1,0,0,3,3,0,0
LT78,Tm37,1,1,0,0,3,3,0,0
LT78,LTe12,1,1,0,0,3,3,0,0
MeTu4c,MLt2,1,1,0,0,3,3,0,0
cLP02,TmY10,1,1,0,0,3,3,0,0
LC15,CB0592,1,1,0,0,3,3,0,0
cL03,Tm4,1,1,0,0,3,3,0,0
LC37a,LTe38c,1,1,0,0,3,3,0,0
LTe53,LC36,1,1,0,0,3,3,0,0
LAL047,Li05,1,1,0,0,3,3,0,0
LAL047,LPLC2,1,1,0,0,3,3,0,0
LPLC4,LPT54,1,1,0,0,3,3,0,0
VS7,Y1,1,1,0,0,3,3,0,0
LC33a,Li09,1,1,0,0,3,3,0,0
LC33a,Li12,1,1,0,0,3,3,0,0
LC33a,LTe26,1,1,0,0,3,3,0,0
LT51,LCe03,1,1,0,0,3,3,0,0
cM10,MTe34,1,1,0,0,3,3,0,0
cM10,Pm10,1,1,0,0,3,3,0,0
LPT27,LTe19,1,1,0,0,3,3,0,0
LPT27,MTe03,1,1,0,0,3,3,0,0
LPT27,MLt4,1,1,0,0,3,3,0,0
LPT27,Sm19,1,1,0,0,3,3,0,0
LCe01a,LT34,1,1,0,0,3,3,0,0
MeTu4c,Li15,1,1,0,0,3,3,0,0
cL01,Li01,1,1,0,0,3,3,0,0
LCe07,LC15,1,1,0,0,3,3,0,0
s-LNva,cM08b,1,1,0,0,3,3,0,0
cM06,MeMe_e01,1,1,0,0,3,3,0,0
cM06,Y11,1,1,0,0,3,3,0,0
cM06,Tm3,1,1,0,0,3,3,0,0
MTe12,Sm35,1,1,0,0,3,3,0,0
MTe12,aMe25,1,1,0,0,3,3,0,0
LPT42_Nod4,LPi11,1,1,0,0,3,3,0,0
MTe01a,MTe33,1,1,0,0,3,3,0,0
MeTu3a,MeMe_e03,1,1,0,0,3,3,0,0
VS1,LPi14,1,1,0,0,3,3,0,0
VS1,VST1,1,1,0,0,3,3,0,0
LPC1,LPT49,1,1,0,0,3,3,0,0
MC65,MTe01a,1,1,0,0,3,3,0,0
LPTe01,T4c,1,1,0,0,3,3,0,0
MTe16,MTe04,1,1,0,0,3,3,0,0
LC33a,LT65,1,1,0,0,3,3,0,0
LC40,Tm5a,1,1,0,0,3,3,0,0
LT78,LC34,1,1,0,0,3,3,0,0
cLLPM01,LC10d,1,1,0,0,3,3,0,0
cLLPM01,MTe01a,1,1,0,0,3,3,0,0
cLLPM01,LPT30,1,1,0,0,3,3,0,0
cLLPM01,MTe02,1,1,0,0,3,3,0,0
cLLPM01,Tm8b,1,1,0,0,3,3,0,0
LC15,Tlp1,1,1,0,0,3,3,0,0
LC20a,LTe09,1,1,0,0,3,3,0,0
LC20a,LC29,1,1,0,0,3,3,0,0
LPTe01,LPT29,1,1,0,0,3,3,0,0
mALC5,MTe42,1,1,0,0,3,3,0,0
mALC5,LT56,1,1,0,0,3,3,0,0
mALC5,cL15,1,1,0,0,3,3,0,0
mALC5,LCe05,1,1,0,0,3,3,0,0
mALC5,Sm13,1,1,0,0,3,3,0,0
MeTu1,MTe54,1,1,0,0,3,3,0,0
MTe41,MeLp1,1,1,0,0,3,3,0,0
MTe41,TmY9q⊥,1,1,0,0,3,3,0,0
LT57,cL07,1,1,0,0,3,3,0,0
MTe26,LT58,1,1,0,0,3,3,0,0
MTe26,Mi2,1,1,0,0,3,3,0,0
MTe26,Sm02,1,1,0,0,3,3,0,0
MTe26,MTe12,1,1,0,0,3,3,0,0
MTe26,aMe17a1,1,1,0,0,3,3,0,0
cM02a,MTe24,1,1,0,0,3,3,0,0
cM02a,MTe26,1,1,0,0,3,3,0,0
cM02a,aMe19a,1,1,0,0,3,3,0,0
cM02a,Tm20,1,1,0,0,3,3,0,0
cM03,Sm33,1,1,0,0,3,3,0,0
LTe30,LTe57,1,1,0,0,3,3,0,0
cM07,Sm22,1,1,0,0,3,3,0,0
cM07,OA-AL2i3,1,1,0,0,3,3,0,0
cM07,MeTu4d,1,1,0,0,3,3,0,0
cM07,LTe65,1,1,0,0,3,3,0,0
cM07,Dm14,1,1,0,0,3,3,0,0
cM07,cMLLP01,1,1,0,0,3,3,0,0
LC45,cM07,1,1,0,0,3,3,0,0
LC45,Li18,1,1,0,0,3,3,0,0
Nod3,LPLC1,1,1,0,0,3,3,0,0
LT33,OA-AL2i2,1,1,0,0,3,3,0,0
cL20,LT86,1,1,0,0,3,3,0,0
cL20,H1,1,1,0,0,3,3,0,0
cL20,LTe65,1,1,0,0,3,3,0,0
cL20,Tm31,1,1,0,0,3,3,0,0
LPT52,Tlp4,1,1,0,0,3,3,0,0
LT87,Li32,1,1,0,0,3,3,0,0
LT87,LT78,1,1,0,0,3,3,0,0
LT87,Tm5f,1,1,0,0,3,3,0,0
LT87,Li33,1,1,0,0,3,3,0,0
MTe48,MLt4,1,1,0,0,3,3,0,0
LT1c,LTe20,1,1,0,0,3,3,0,0
LT56,Li05,1,1,0,0,3,3,0,0
LT56,LC10b,1,1,0,0,3,3,0,0
LT56,LTe12,1,1,0,0,3,3,0,0
aMe5,Tm37,1,1,0,0,3,3,0,0
LT41,LTe36,1,1,0,0,3,3,0,0
LT41,LTe74,1,1,0,0,3,3,0,0
LT41,Li27,1,1,0,0,3,3,0,0
LT41,LC31b,1,1,0,0,3,3,0,0
LT41,LTe49a,1,1,0,0,3,3,0,0
LT69,Li23,1,1,0,0,3,3,0,0
LT69,LTe10,1,1,0,0,3,3,0,0
mALD2,Li28,1,1,0,0,3,3,0,0
LC20a,TmY9q,1,1,0,0,3,3,0,0
LC20a,LTe66,1,1,0,0,3,3,0,0
cM04,MeTu3b,1,1,0,0,3,3,0,0
cM04,MeTu3c,1,1,0,0,3,3,0,0
cM04,TmY10,1,1,0,0,3,3,0,0
LC10a,H1,1,1,0,0,3,3,0,0
LC35,TmY3,1,1,0,0,3,3,0,0
LC35,Y12,1,1,0,0,3,3,0,0
Nod5,LPT51,1,1,0,0,3,3,0,0
Nod5,Tlp5,1,1,0,0,3,3,0,0
cL02b,LTe46,1,1,0,0,3,3,0,0
LT63,LT74,1,1,0,0,3,3,0,0
LT63,LC37a,1,1,0,0,3,3,0,0
LT63,LCe04,1,1,0,0,3,3,0,0
LC15,LT86,1,1,0,0,3,3,0,0
LT51,LC9,1,1,0,0,3,3,0,0
LT51,Tm20,1,1,0,0,3,3,0,0
LT51,Tm5c,1,1,0,0,3,3,0,0
cL11,LT36,1,1,0,0,3,3,0,0
cL11,TmY5a,1,1,0,0,3,3,0,0
cL11,LCe03,1,1,0,0,3,3,0,0
cL11,LLPC2,1,1,0,0,3,3,0,0
LPT58,LPT45_dCal1,1,1,0,0,3,3,0,0
LC27,aMe8,1,1,0,0,3,3,0,0
LT38,Li27,1,1,0,0,3,3,0,0
LT38,LTe31,1,1,0,0,3,3,0,0
LT38,Li33,1,1,0,0,3,3,0,0
LT38,LT76,1,1,0,0,3,3,0,0
cLLPM01,LPT23,1,1,0,0,3,3,0,0
LC20a,LPLC1,1,1,0,0,3,3,0,0
LT70,LTe32,1,1,0,0,3,3,0,0
MTe51,Sm39,1,1,0,0,3,3,0,0
OA-AL2i1,LLPt,1,1,0,0,3,3,0,0
OA-AL2i1,LPT21,1,1,0,0,3,3,0,0
OA-AL2i1,VSm,1,1,0,0,3,3,0,0
OA-AL2i1,LC22,1,1,0,0,3,3,0,0
OA-AL2i1,LPT31,1,1,0,0,3,3,0,0
OA-AL2i1,MTe18,1,1,0,0,3,3,0,0
OA-AL2i1,Nod5,1,1,0,0,3,3,0,0
OA-AL2i1,cL16,1,1,0,0,3,3,0,0
cLP01,LPT45_dCal1,1,1,0,0,3,3,0,0
cM01a,cM02a,1,1,0,0,3,3,0,0
cM01a,aMe5,1,1,0,0,3,3,0,0
cM01a,MTe03,1,1,0,0,3,3,0,0
LTe64,Tm16,1,1,0,0,3,3,0,0
MTe17,Sm19,1,1,0,0,3,3,0,0
MTe17,MeMe_e02,1,1,0,0,3,3,0,0
LPLC1,LTe64,1,1,0,0,3,3,0,0
mALD1,LT82a,1,1,0,0,3,3,0,0
mALD1,Tm5f,1,1,0,0,3,3,0,0
mALD1,LC10d,1,1,0,0,3,3,0,0
mALD1,LTe08,1,1,0,0,3,3,0,0
mALD1,LT84,1,1,0,0,3,3,0,0
mALD1,LT81,1,1,0,0,3,3,0,0
LTe33,LTe74,1,1,0,0,3,3,0,0
MeTu3c,Sm20,1,1,0,0,3,3,0,0
LC31a,Li25,1,1,0,0,3,3,0,0
VST2,VS3,1,1,0,0,3,3,0,0
LPC2,Tm16,1,1,0,0,3,3,0,0
LPC2,Li10,1,1,0,0,3,3,0,0
LTe73,Li10,1,1,0,0,3,3,0,0
LT37,AVLP151,1,1,0,0,3,3,0,0
LT37,LC26,1,1,0,0,3,3,0,0
LT37,LTe37,1,1,0,0,3,3,0,0
LT37,LT84,1,1,0,0,3,3,0,0
LT37,LT43,1,1,0,0,3,3,0,0
LT37,LC21,1,1,0,0,3,3,0,0
LT37,Li26,1,1,0,0,3,3,0,0
LT37,LT42,1,1,0,0,3,3,0,0
LC10a,LT87,1,1,0,0,3,3,0,0
LPLC2,LC26,1,1,0,0,3,3,0,0
LC41,LT58,1,1,0,0,3,3,0,0
LT39,LT57,1,1,0,0,3,3,0,0
cL02b,Tm5c,1,1,0,0,3,3,0,0
cL02b,LT39,1,1,0,0,3,3,0,0
LTe38b,LT51,1,1,0,0,3,3,0,0
LPLC2,Li27,1,1,0,0,3,3,0,0
MTe54,MLt8,1,1,0,0,3,3,0,0
LC10d,LC40,1,1,0,0,3,3,0,0
LC15,LTe36,1,1,0,0,3,3,0,0
MeTu1,LPLC4,1,1,0,0,3,3,0,0
Nod1,DCH,1,1,0,0,3,3,0,0
MTe22,MeTu1,1,1,0,0,3,3,0,0
MTe22,MeTu3b,1,1,0,0,3,3,0,0
MTe22,MTe25,1,1,0,0,3,3,0,0
LTe49a,LCe06,1,1,0,0,3,3,0,0
LTe10,LT64,1,1,0,0,3,3,0,0
cL14,LT85,1,1,0,0,3,3,0,0
cL14,LT64,1,1,0,0,3,3,0,0
cL14,LTe03,1,1,0,0,3,3,0,0
cL14,cL18,1,1,0,0,3,3,0,0
cL14,LT79,1,1,0,0,3,3,0,0
cL14,LTe08,1,1,0,0,3,3,0,0
cL14,LT65,1,1,0,0,3,3,0,0
MTe30,Sm07,1,1,0,0,3,3,0,0
LC20a,LTe35,1,1,0,0,3,3,0,0
LTe62,Li33,1,1,0,0,3,3,0,0
cL04,AVLP593,1,1,0,0,3,3,0,0
cL04,LC43,1,1,0,0,3,3,0,0
cL04,LTe46,1,1,0,0,3,3,0,0
LPLC2,LT64,1,1,0,0,3,3,0,0
VST2,VS8,1,1,0,0,3,3,0,0
LPT54,cMLLP02,1,1,0,0,3,3,0,0
LPT54,MeMe_e08,1,1,0,0,3,3,0,0
LPT54,T4b,1,1,0,0,3,3,0,0
LTe41,LTe10,1,1,0,0,3,3,0,0
LTe41,LT68,1,1,0,0,3,3,0,0
LTe41,Li09,1,1,0,0,3,3,0,0
LTe38b,LTe42c,1,1,0,0,3,3,0,0
LTe38b,Tm5e,1,1,0,0,3,3,0,0
LTe38b,LCe03,1,1,0,0,3,3,0,0
aMe4,Sm40,1,1,0,0,3,3,0,0
LTe24,LC14a2,1,1,0,0,3,3,0,0
LC9,LT58,1,1,0,0,3,3,0,0
LC28a,cL07,1,1,0,0,3,3,0,0
LT53,LTe03,1,1,0,0,3,3,0,0
MeTu3b,Tm20,1,1,0,0,3,3,0,0
LT84,TmY9q,1,1,0,0,3,3,0,0
LTe35,Li12,1,1,0,0,3,3,0,0
LTe35,LC14a2,1,1,0,0,3,3,0,0
LTe35,LT58,1,1,0,0,3,3,0,0
LTe35,LT53,1,1,0,0,3,3,0,0
cLP01,CB0592,1,1,0,0,3,3,0,0
cLP05,Nod5,1,1,0,0,3,3,0,0
MeTu4d,Mi10,1,1,0,0,3,3,0,0
LC4,LTe64,1,1,0,0,3,3,0,0
cMLLP02,Pm14,1,1,0,0,3,3,0,0
cMLLP02,cM07,1,1,0,0,3,3,0,0
LC10e,LT81,1,1,0,0,3,3,0,0
aMe17a2,aMe17b,1,1,0,0,3,3,0,0
aMe17a2,MeMe_e03,1,1,0,0,3,3,0,0
cM08a,aMe17a1,1,1,0,0,3,3,0,0
MTe28,cM18,1,1,0,0,3,3,0,0
MTe28,5-HTPMPV03,1,1,0,0,3,3,0,0
MTe28,LPLC2,1,1,0,0,3,3,0,0
MTe28,Pm07,1,1,0,0,3,3,0,0
LPT48_vCal3,LPT49,1,1,0,0,3,3,0,0
VST2,LPi06,1,1,0,0,3,3,0,0
MeTu4a,LT58,1,1,0,0,3,3,0,0
LC20b,Tm27,1,1,0,0,3,3,0,0
LT57,LTe04,1,1,0,0,3,3,0,0
LT57,LTe65,1,1,0,0,3,3,0,0
cL18,OA-ASM1,1,1,0,0,3,3,0,0
cL18,Y1,1,1,0,0,3,3,0,0
cM17,Sm31,1,1,0,0,3,3,0,0
cM17,T2,1,1,0,0,3,3,0,0
VS6,LLPC1,1,1,0,0,3,3,0,0
LTe40,Li06,1,1,0,0,3,3,0,0
LTe01,LT58,1,1,0,0,3,3,0,0
LTe01,LTe48,1,1,0,0,3,3,0,0
LCe05,LT67,1,1,0,0,3,3,0,0
LCe05,LC10c,1,1,0,0,3,3,0,0
LCe05,Li12,1,1,0,0,3,3,0,0
LPTe01,TmY16,1,1,0,0,3,3,0,0
LCe09,aMe20,1,1,0,0,3,3,0,0
cM09,T2,1,1,0,0,3,3,0,0
MTe02,LMa1,1,1,0,0,3,3,0,0
cL22c,LTe38b,1,1,0,0,3,3,0,0
cL22c,MLt2,1,1,0,0,3,3,0,0
cL22c,LTe18,1,1,0,0,3,3,0,0
cL22c,LTe16,1,1,0,0,3,3,0,0
cL22c,LTe48,1,1,0,0,3,3,0,0
cL22c,LMa1,1,1,0,0,3,3,0,0
cL22c,LTe69,1,1,0,0,3,3,0,0
MTe27,MeMe_e08,1,1,0,0,3,3,0,0
LTe57,LC39,1,1,0,0,3,3,0,0
cML02,T5c,1,1,0,0,3,3,0,0
LC36,LCe03,1,1,0,0,3,3,0,0
LPT21,LPT49,1,1,0,0,3,3,0,0
LPT21,T5c,1,1,0,0,3,3,0,0
LPT21,T4d,1,1,0,0,3,3,0,0
cM14,LMa5,1,1,0,0,3,3,0,0
cM14,MTe51,1,1,0,0,3,3,0,0
cM14,LMa4,1,1,0,0,3,3,0,0
cM14,MeTu3a,1,1,0,0,3,3,0,0
cM14,Y11,1,1,0,0,3,3,0,0
cM14,Tm27,1,1,0,0,3,3,0,0
cM14,MTe25,1,1,0,0,3,3,0,0
cM14,Lat,1,1,0,0,3,3,0,0
LT38,Tm27,1,1,0,0,3,3,0,0
LT38,LTe64,1,1,0,0,3,3,0,0
LT68,Li05,1,1,0,0,3,3,0,0
LT68,cLLP02,1,1,0,0,3,3,0,0
LCe01,LC22,1,1,0,0,3,3,0,0
LCe01,Li24,1,1,0,0,3,3,0,0
LLPC2,LMa5,1,1,0,0,3,3,0,0
LLPC2,LTe65,1,1,0,0,3,3,0,0
LC20a,LMa2,1,1,0,0,3,3,0,0
LT52,LC39,1,1,0,0,3,3,0,0
VCH,TmY16,1,1,0,0,3,3,0,0
VCH,LMt4,1,1,0,0,3,3,0,0
MTe53,Sm10,1,1,0,0,3,3,0,0
MTe53,Sm42,1,1,0,0,3,3,0,0
MTe53,cM09,1,1,0,0,3,3,0,0
LC40,LT43,1,1,0,0,3,3,0,0
cL08,TmY3,1,1,0,0,3,3,0,0
cL08,LT53,1,1,0,0,3,3,0,0
cL08,LTe49f,1,1,0,0,3,3,0,0
LC35,TmY16,1,1,0,0,3,3,0,0
LC35,LC10b,1,1,0,0,3,3,0,0
LC11,LC10c,1,1,0,0,3,3,0,0
LCe01a,MeTu4c,1,1,0,0,3,3,0,0
cM15,aMe17b,1,1,0,0,3,3,0,0
cM15,MTe32,1,1,0,0,3,3,0,0
cM15,Sm41,1,1,0,0,3,3,0,0
LPLC2,Sm41,1,1,0,0,3,3,0,0
LTe47,LC15,1,1,0,0,3,3,0,0
LPT22,OA-AL2i1,1,1,0,0,3,3,0,0
LPT22,LPi01,1,1,0,0,3,3,0,0
LPT22,TmY9q,1,1,0,0,3,3,0,0
LPT22,Nod3,1,1,0,0,3,3,0,0
MTe29,MeMe_e02,1,1,0,0,3,3,0,0
LT42,LT86,1,1,0,0,3,3,0,0
LC39,TmY9q⊥,1,1,0,0,3,3,0,0
MTe03,Sm21,1,1,0,0,3,3,0,0
LC9,LTe30,1,1,0,0,3,3,0,0
MTe53,Tm7,1,1,0,0,3,3,0,0
MTe53,Sm09,1,1,0,0,3,3,0,0
LT58,cL16,1,1,0,0,3,3,0,0
LT58,Y4,1,1,0,0,3,3,0,0
LT58,LTe10,1,1,0,0,3,3,0,0
LT58,MTe32,1,1,0,0,3,3,0,0
LT58,LTe57,1,1,0,0,3,3,0,0
LT58,LTe38c,1,1,0,0,3,3,0,0
LT58,LTe16,1,1,0,0,3,3,0,0
LT58,Sm13,1,1,0,0,3,3,0,0
LT58,MLt6,1,1,0,0,3,3,0,0
LT58,LTe19,1,1,0,0,3,3,0,0
LT58,Tm8a,1,1,0,0,3,3,0,0
LT58,5-HTPMPV03,1,1,0,0,3,3,0,0
LT58,LTe36,1,1,0,0,3,3,0,0
LCe01a,LTe10,1,1,0,0,3,3,0,0
LTe17,LCe03,1,1,0,0,3,3,0,0
LTe17,LT64,1,1,0,0,3,3,0,0
LT11,LMa5,1,1,0,0,3,3,0,0
LT11,mALC4,1,1,0,0,3,3,0,0
LT11,TmY4,1,1,0,0,3,3,0,0
LPLC2,LTe61,1,1,0,0,3,3,0,0
LCe03,LC14b,1,1,0,0,3,3,0,0
LC10d,TmY10,1,1,0,0,3,3,0,0
LTe42a,Li01,1,1,0,0,3,3,0,0
LTe42a,LCe03,1,1,0,0,3,3,0,0
LTe42a,LC20b,1,1,0,0,3,3,0,0
LTe42a,Tm32,1,1,0,0,3,3,0,0
LC20b,LT85,1,1,0,0,3,3,0,0
HSS,LPT22,1,1,0,0,3,3,0,0
HSS,VS7,1,1,0,0,3,3,0,0
MeTu4c,MTe16,1,1,0,0,3,3,0,0
LC28a,CB0472,1,1,0,0,3,3,0,0
LC10b,LTe11,1,1,0,0,3,3,0,0
LC22,LTe16,1,1,0,0,3,3,0,0
LTe03,Li09,1,1,0,0,3,3,0,0
MTe45,MTe36,1,1,0,0,3,3,0,0
AOTU026,LPLC4,1,1,0,0,3,3,0,0
LTe38a,LTe38c,1,1,0,0,3,3,0,0
LPLC4,OA-ASM1,1,1,0,0,3,3,0,0
LT85,LTe75,1,1,0,0,3,3,0,0
LT85,Li33,1,1,0,0,3,3,0,0
LC10e,LT65,1,1,0,0,3,3,0,0
LC34,LTe69,1,1,0,0,3,3,0,0
AOTU065,LC36,1,1,0,0,3,3,0,0
LTe06,LLPt,1,1,0,0,3,3,0,0
LTe06,LC20b,1,1,0,0,3,3,0,0
cM01b,MeMe_e06,1,1,0,0,3,3,0,0
cLP02,Li21,1,1,0,0,3,3,0,0
LT43,Li04,1,1,0,0,3,3,0,0
LT43,LTe07,1,1,0,0,3,3,0,0
LT43,LTe72,1,1,0,0,3,3,0,0
aMe5,Lawf1,1,1,0,0,3,3,0,0
LC29,LC13,1,1,0,0,3,3,0,0
LTe50,LTe06,1,1,0,0,3,3,0,0
LPLC4,LPT31,1,1,0,0,3,3,0,0
LPT53,Nod5,1,1,0,0,3,3,0,0
LPT53,cLLPM01,1,1,0,0,3,3,0,0
DNp11,LLPt,1,1,0,0,3,3,0,0
cL22a,LTe09,1,1,0,0,3,3,0,0
cL22a,LPLC2,1,1,0,0,3,3,0,0
cL22a,LC44,1,1,0,0,3,3,0,0
cL22a,TmY20,1,1,0,0,3,3,0,0
cL22a,LTe27,1,1,0,0,3,3,0,0
cL22a,cL22b,1,1,0,0,3,3,0,0
cL22a,LTe01,1,1,0,0,3,3,0,0
LC15,LLPC2,1,1,0,0,3,3,0,0
MeTu3a,LTe17,1,1,0,0,3,3,0,0
MeTu3a,LTe73,1,1,0,0,3,3,0,0
MeTu3a,LC33a,1,1,0,0,3,3,0,0
LT62,LTe21,1,1,0,0,3,3,0,0
cL22b,LTe42c,1,1,0,0,3,3,0,0
cL22b,LTe51,1,1,0,0,3,3,0,0
cL22b,LTe48,1,1,0,0,3,3,0,0
cL22b,LT63,1,1,0,0,3,3,0,0
DNg33,T4d,1,1,0,0,3,3,0,0
LTe21,Li23,1,1,0,0,3,3,0,0
LTe21,LPLC4,1,1,0,0,3,3,0,0
AVLP151,TmY5a,1,1,0,0,3,3,0,0
AVLP151,LMa4,1,1,0,0,3,3,0,0
AVLP151,cM07,1,1,0,0,3,3,0,0
AVLP151,LTe19,1,1,0,0,3,3,0,0
AVLP151,T5a,1,1,0,0,3,3,0,0
LPT26,LPC1,1,1,0,0,3,3,0,0
LT70,cL02b,1,1,0,0,3,3,0,0
cM04,Tm7,1,1,0,0,3,3,0,0
cM04,MeLp1,1,1,0,0,3,3,0,0
cM04,PLP231,1,1,0,0,3,3,0,0
AVLP534,Pm13,1,1,0,0,3,3,0,0
AVLP534,Lawf2,1,1,0,0,3,3,0,0
MC65,LTe69,1,1,0,0,3,3,0,0
MC65,LLPt,1,1,0,0,3,3,0,0
MC65,LTe57,1,1,0,0,3,3,0,0
LC20b,Tm16,1,1,0,0,3,3,0,0
LT43,LC14a1,1,1,0,0,3,3,0,0
LT43,LTe17,1,1,0,0,3,3,0,0
LT43,MLt8,1,1,0,0,3,3,0,0
LT43,Y3,1,1,0,0,3,3,0,0
LTe43,Li06,1,1,0,0,3,3,0,0
LTe43,LC14a2,1,1,0,0,3,3,0,0
LTe43,cL16,1,1,0,0,3,3,0,0
LTe26,LT76,1,1,0,0,3,3,0,0
MTe01b,C3,1,1,0,0,3,3,0,0
LTe05,LPLC1,1,1,0,0,3,3,0,0
cLLPM02,cLP01,1,1,0,0,3,3,0,0
cLLPM02,LC20b,1,1,0,0,3,3,0,0
LLPC3,LTe20,1,1,0,0,3,3,0,0
LC19,LT76,1,1,0,0,3,3,0,0
MTe54,Tm5a,1,1,0,0,3,3,0,0
LPT28,LLPC2,1,1,0,0,3,3,0,0
LPT28,LPT49,1,1,0,0,3,3,0,0
LPT28,LPT45_dCal1,1,1,0,0,3,3,0,0
LT64,LT77,1,1,0,0,3,3,0,0
LT64,cL22b,1,1,0,0,3,3,0,0
LT64,LTe51,1,1,0,0,3,3,0,0
LT64,LMt3,1,1,0,0,3,3,0,0
LT64,Li31,1,1,0,0,3,3,0,0
LTe12,Li27,1,1,0,0,3,3,0,0
LTe12,LT83,1,1,0,0,3,3,0,0
LC24,LT79,1,1,0,0,3,3,0,0
MTe13,Pm12,1,1,0,0,3,3,0,0
LC10d,LTe08,1,1,0,0,3,3,0,0
LT52,cL17,1,1,0,0,3,3,0,0
LLPC3,LTe55,1,1,0,0,3,3,0,0
cMLLP02,LPT57,1,1,0,0,3,3,0,0
LC10e,LTe21,1,1,0,0,3,3,0,0
LTe46,TmY10,1,1,0,0,3,3,0,0
LC24,LT84,1,1,0,0,3,3,0,0
cL01,TmY20,1,1,0,0,3,3,0,0
LC22,Li23,1,1,0,0,3,3,0,0
LCe02,LC14a1,1,1,0,0,3,3,0,0
aMe5,MeLp1,1,1,0,0,3,3,0,0
LTe64,LTe51,1,1,0,0,3,3,0,0
LTe64,cM10,1,1,0,0,3,3,0,0
LCe03,LCe03,1,1,0,0,3,3,0,0
MTe31,Sm06,1,1,0,0,3,3,0,0
cLLP02,LTe51,1,1,0,0,3,3,0,0
cLLP02,cL13,1,1,0,0,3,3,0,0
H2,Nod5,1,1,0,0,3,3,0,0
aMe12,Pm14,1,1,0,0,3,3,0,0
LPLC4,DCH,1,1,0,0,3,3,0,0
aMe5,LatB,1,1,0,0,3,3,0,0
MC65,MTe45,1,1,0,0,3,3,0,0
cLP04,LPT58,1,1,0,0,3,3,0,0
cLP04,LT51,1,1,0,0,3,3,0,0
cLP04,Am1,1,1,0,0,3,3,0,0
cLP04,LPT51,1,1,0,0,3,3,0,0
cLP04,LPT54,1,1,0,0,3,3,0,0
cLP04,LPT23,1,1,0,0,3,3,0,0
cLP04,Nod5,1,1,0,0,3,3,0,0
DN1-l,aMe26,1,1,0,0,3,3,0,0
cLLPM01,Li05,1,1,0,0,3,3,0,0
cLLPM01,Li03,1,1,0,0,3,3,0,0
aMe1,Sm42,1,1,0,0,3,3,0,0
LC43,Li28,1,1,0,0,3,3,0,0
LC43,LC10a,1,1,0,0,3,3,0,0
MeTu4a,cL06,1,1,0,0,3,3,0,0
aMe4,APDN3,1,1,0,0,3,3,0,0
aMe4,MTe07,1,1,0,0,3,3,0,0
MTe08,MLt6,1,1,0,0,3,3,0,0
DNc01,cM08b,1,1,0,0,3,3,0,0
DNc01,Mi4,1,1,0,0,3,3,0,0
MTe02,MTe23,1,1,0,0,3,3,0,0
LTe32,LT57,1,1,0,0,3,3,0,0
LTe32,Y3,1,1,0,0,3,3,0,0
cL06,LTe57,1,1,0,0,3,3,0,0
cL06,LTe54,1,1,0,0,3,3,0,0
cL06,LTe60,1,1,0,0,3,3,0,0
cL06,Lat,1,1,0,0,3,3,0,0
cL06,LTe11,1,1,0,0,3,3,0,0
MTe44,CB0592,1,1,0,0,3,3,0,0
LPT29,LT81,1,1,0,0,3,3,0,0
LPT29,LPT21,1,1,0,0,3,3,0,0
LC10a,LMt3,1,1,0,0,3,3,0,0
cL16,LT80,1,1,0,0,3,3,0,0
cL16,LTe04,1,1,0,0,3,3,0,0
cL16,Tm16,1,1,0,0,3,3,0,0
Nod2,LPi02,1,1,0,0,3,3,0,0
LTe01,LT77,1,1,0,0,3,3,0,0
LTe01,Tm32,1,1,0,0,3,3,0,0
LPT49,Am1,1,1,0,0,3,3,0,0
LPT49,LPT45_dCal1,1,1,0,0,3,3,0,0
MeTu3a,aMe25,1,1,0,0,3,3,0,0
LC10b,TmY20,1,1,0,0,3,3,0,0
cM02b,Sm29,1,1,0,0,3,3,0,0
cM02b,cM13,1,1,0,0,3,3,0,0
cM02b,TmY5a,1,1,0,0,3,3,0,0
LC10a,TmY9q,1,1,0,0,3,3,0,0
LPC1,Tm5e,1,1,0,0,3,3,0,0
cL04,LTe49d,1,1,0,0,3,3,0,0
MTe54,MTe52,1,1,0,0,3,3,0,0
LT86,LPLC2,1,1,0,0,3,3,0,0
MTe16,LPT54,1,1,0,0,3,3,0,0
LTe69,LPLC2,1,1,0,0,3,3,0,0
LCe05,LTe47,1,1,0,0,3,3,0,0
cM13,aMe17a2,1,1,0,0,3,3,0,0
LTe19,Li10,1,1,0,0,3,3,0,0
MTe38,MTe30,1,1,0,0,3,3,0,0
cM08a,Sm29,1,1,0,0,3,3,0,0
LT34,LT53,1,1,0,0,3,3,0,0
LT34,LC14b,1,1,0,0,3,3,0,0
LT34,LT70,1,1,0,0,3,3,0,0
LT53,aMe8,1,1,0,0,3,3,0,0
LT53,LC6,1,1,0,0,3,3,0,0
LTe55,LTe47,1,1,0,0,3,3,0,0
MTe51,cM04,1,1,0,0,3,3,0,0
cL02c,LC10b,1,1,0,0,3,3,0,0
MTe14,MTe02,1,1,0,0,3,3,0,0
MTe14,Sm36,1,1,0,0,3,3,0,0
LC28a,LTe70,1,1,0,0,3,3,0,0
LC40,cMLLP01,1,1,0,0,3,3,0,0
LC40,LTe32,1,1,0,0,3,3,0,0
LT77,LTe15,1,1,0,0,3,3,0,0
LT63,LC34,1,1,0,0,3,3,0,0
LT63,LT58,1,1,0,0,3,3,0,0
LT63,LTe22,1,1,0,0,3,3,0,0
LT63,LC31c,1,1,0,0,3,3,0,0
LLPC4,LPLC1,1,1,0,0,3,3,0,0
LLPC4,TmY11,1,1,0,0,3,3,0,0
LC20b,LCe08,1,1,0,0,3,3,0,0
LPLC4,LTe36,1,1,0,0,3,3,0,0
LC10c,LLPt,1,1,0,0,3,3,0,0
LC10c,LT87,1,1,0,0,3,3,0,0
LT74,Li03,1,1,0,0,3,3,0,0
LT74,LTe21,1,1,0,0,3,3,0,0
LT74,LPLC2,1,1,0,0,3,3,0,0
LT74,OA-AL2i1,1,1,0,0,3,3,0,0
MTe54,MLt5,1,1,0,0,3,3,0,0
OA-AL2i2,T4b,1,1,0,0,3,3,0,0
OA-AL2i2,LC31b,1,1,0,0,3,3,0,0
LTe29,LT11,1,1,0,0,3,3,0,0
LTe29,LCe01a,1,1,0,0,3,3,0,0
LTe29,Li33,1,1,0,0,3,3,0,0
MTe15,LTe32,1,1,0,0,3,3,0,0
LC40,LTe26,1,1,0,0,3,3,0,0
LC31c,LMa5,1,1,0,0,3,3,0,0
LC31c,Li15,1,1,0,0,3,3,0,0
VS5,LPC1,1,1,0,0,3,3,0,0
VS5,VS8,1,1,0,0,3,3,0,0
VS5,LPT49,1,1,0,0,3,3,0,0
mALC4,Li22,1,1,0,0,3,3,0,0
DCH,LPi06,1,1,0,0,3,3,0,0
MTe05,Y4,1,1,0,0,3,3,0,0
LT65,LTe49f,1,1,0,0,3,3,0,0
LT65,LPLC1,1,1,0,0,3,3,0,0
LT65,LC15,1,1,0,0,3,3,0,0
LC17,LTe71,1,1,0,0,3,3,0,0
LTe58,LC20a,1,1,0,0,3,3,0,0
LTe58,LTe60,1,1,0,0,3,3,0,0
mALC3,LT33,1,1,0,0,3,3,0,0
mALC3,Mi4,1,1,0,0,3,3,0,0
mALC3,LMa2,1,1,0,0,3,3,0,0
mALC3,Tm4,1,1,0,0,3,3,0,0
cM08c,cM14,1,1,0,0,3,3,0,0
cM08c,MeMe_e07,1,1,0,0,3,3,0,0
cM08c,MTe54,1,1,0,0,3,3,0,0
cM08c,LTe49e,1,1,0,0,3,3,0,0
LC45,Li11,1,1,0,0,3,3,0,0
LC28a,LTe49c,1,1,0,0,3,3,0,0
LPT30,LPLC4,1,1,0,0,3,3,0,0
LTe22,LTe02,1,1,0,0,3,3,0,0
LTe22,LC20a,1,1,0,0,3,3,0,0
LTe22,LTe03,1,1,0,0,3,3,0,0
LTe43,LTe50,1,1,0,0,3,3,0,0
LTe43,LTe19,1,1,0,0,3,3,0,0
LTe15,LC13,1,1,0,0,3,3,0,0
LCe06,LT1d,1,1,0,0,3,3,0,0
LTe25,aMe8,1,1,0,0,3,3,0,0
LTe25,LT58,1,1,0,0,3,3,0,0
LTe25,LTe10,1,1,0,0,3,3,0,0
LTe25,LTe24,1,1,0,0,3,3,0,0
VS3,LPT29,1,1,0,0,3,3,0,0
cM08c,Sm36,1,1,0,0,3,3,0,0
cM08c,LTe06,1,1,0,0,3,3,0,0
cL02a,Li03,1,1,0,0,3,3,0,0
LTe20,LPLC4,1,1,0,0,3,3,0,0
LTe20,LT62,1,1,0,0,3,3,0,0
LTe20,LT64,1,1,0,0,3,3,0,0
LTe20,Li03,1,1,0,0,3,3,0,0
LC10a,Tm4,1,1,0,0,3,3,0,0
LT80,LLPt,1,1,0,0,3,3,0,0
cMLLP01,Tm37,1,1,0,0,3,3,0,0
cMLLP01,LT82a,1,1,0,0,3,3,0,0
cMLLP01,LTe08,1,1,0,0,3,3,0,0
cMLLP01,T2,1,1,0,0,3,3,0,0
cMLLP01,LTe57,1,1,0,0,3,3,0,0
cL05,LT53,1,1,0,0,3,3,0,0
cL05,PLP155,1,1,0,0,3,3,0,0
cL05,Li31,1,1,0,0,3,3,0,0
cL05,5-HTPMPV03,1,1,0,0,3,3,0,0
MTe06,aMe9,1,1,0,0,3,3,0,0
LTe64,LT82a,1,1,0,0,3,3,0,0
LC37a,LTe74,1,1,0,0,3,3,0,0
LC16,LC12,1,1,0,0,3,3,0,0
LPT47_vCal2,Tlp14,1,1,0,0,3,3,0,0
LPT47_vCal2,VS3,1,1,0,0,3,3,0,0
LT83,Li02,1,1,0,0,3,3,0,0
LT83,LC31a,1,1,0,0,3,3,0,0
LT83,LT87,1,1,0,0,3,3,0,0
LT83,LT11,1,1,0,0,3,3,0,0
LC37a,LC16,1,1,0,0,3,3,0,0
LC20a,LTe57,1,1,0,0,3,3,0,0
aMe17c,L5,1,1,0,0,3,3,0,0
aMe17c,cML01,1,1,0,0,3,3,0,0
PLP032,LTe17,1,1,0,0,3,3,0,0
LT68,LTe45,1,1,0,0,3,3,0,0
MTe50,Tm5e,1,1,0,0,3,3,0,0
TmY31,LT11,1,0,1,0,2,0,2,0
Li01,Y1,1,0,1,0,2,0,2,0
T2,Tlp5,1,0,1,0,2,0,2,0
TmY31,LTe10,1,0,1,0,2,0,2,0
T2a,cL09,1,0,1,0,2,0,2,0
Tm9,MLt5,1,0,1,0,2,0,2,0
Tm20,MTe01b,1,0,1,0,2,0,2,0
Tm5c,MTe48,1,0,1,0,2,0,2,0
L4,MTe04,1,0,1,0,2,0,2,0
Tm37,LT1c,1,0,1,0,2,0,2,0
Tm37,Lawf2,1,0,1,0,2,0,2,0
MLt4,MeTu3c,1,0,1,0,2,0,2,0
T2a,Sm25,1,0,1,0,2,0,2,0
TmY20,MTe26,1,0,1,0,2,0,2,0
T5a,Tlp14,1,0,1,0,2,0,2,0
Tm5b,T3,1,0,1,0,2,0,2,0
Tm27,MeTu2b,1,0,1,0,2,0,2,0
Tlp4,Li12,1,0,1,0,2,0,2,0
TmY3,Tm35,1,0,1,0,2,0,2,0
Li08,LT85,1,0,1,0,2,0,2,0
Li08,LC43,1,0,1,0,2,0,2,0
Li08,Tm5c,1,0,1,0,2,0,2,0
Tm27,R8,1,0,1,0,2,0,2,0
TmY9q,LPi03,1,0,1,0,2,0,2,0
Dm8b,MTe51,1,0,1,0,2,0,2,0
Sm16,cM11,1,0,1,0,2,0,2,0
Sm16,Tm5d,1,0,1,0,2,0,2,0
Sm24,Tm20,1,0,1,0,2,0,2,0
Sm24,Tm5c,1,0,1,0,2,0,2,0
Sm24,TmY5a,1,0,1,0,2,0,2,0
Sm24,MeMe_e07,1,0,1,0,2,0,2,0
Sm24,MeTu3b,1,0,1,0,2,0,2,0
Sm24,MeTu3c,1,0,1,0,2,0,2,0
Sm24,Sm04,1,0,1,0,2,0,2,0
Mi9,Li06,1,0,1,0,2,0,2,0
Tm33,cM10,1,0,1,0,2,0,2,0
Sm15,MeTu4b,1,0,1,0,2,0,2,0
Sm18,Mi10,1,0,1,0,2,0,2,0
TmY4,Pm02,1,0,1,0,2,0,2,0
Tm32,TmY4,1,0,1,0,2,0,2,0
T5c,Tm25,1,0,1,0,2,0,2,0
Dm8b,MLt7,1,0,1,0,2,0,2,0
Dm2,OA-AL2i1,1,0,1,0,2,0,2,0
Tm36,Dm8b,1,0,1,0,2,0,2,0
Dm11,DNc02,1,0,1,0,2,0,2,0
Y1,LTe51,1,0,1,0,2,0,2,0
TmY10,DCH,1,0,1,0,2,0,2,0
T2,MTe14,1,0,1,0,2,0,2,0
T2,cM10,1,0,1,0,2,0,2,0
Tm27,Dm6,1,0,1,0,2,0,2,0
Tm3,cLLP02,1,0,1,0,2,0,2,0
Y12,Li16,1,0,1,0,2,0,2,0
Tm5e,C2,1,0,1,0,2,0,2,0
Sm34,CB0816,1,0,1,0,2,0,2,0
Sm34,MTe51,1,0,1,0,2,0,2,0
Sm34,MeMe_e10,1,0,1,0,2,0,2,0
Sm34,aMe17b,1,0,1,0,2,0,2,0
Sm34,cM04,1,0,1,0,2,0,2,0
Tm32,TmY9q⊥,1,0,1,0,2,0,2,0
Sm19,TmY4,1,0,1,0,2,0,2,0
R1-6,Dm11,1,0,1,0,2,0,2,0
Tm5e,LPT54,1,0,1,0,2,0,2,0
DmDRA2,Dm20,1,0,1,0,2,0,2,0
Lawf2,Dm3v,1,0,1,0,2,0,2,0
Sm05,MLt4,1,0,1,0,2,0,2,0
Sm05,Pm09,1,0,1,0,2,0,2,0
Pm11,Mi4,1,0,1,0,2,0,2,0
Tm5e,aMe10,1,0,1,0,2,0,2,0
Li02,PLP004,1,0,1,0,2,0,2,0
Li02,LTe75,1,0,1,0,2,0,2,0
R1-6,MeTu3c,1,0,1,0,2,0,2,0
R1-6,Sm41,1,0,1,0,2,0,2,0
R1-6,Sm06,1,0,1,0,2,0,2,0
TmY14,HSN,1,0,1,0,2,0,2,0
R8,Sm06,1,0,1,0,2,0,2,0
C2,Sm31,1,0,1,0,2,0,2,0
L5,Sm21,1,0,1,0,2,0,2,0
Dm20,AN_multi_125,1,0,1,0,2,0,2,0
Li21,Y11,1,0,1,0,2,0,2,0
Li21,TmY4,1,0,1,0,2,0,2,0
Tm8b,LTe30,1,0,1,0,2,0,2,0
Pm05,cML01,1,0,1,0,2,0,2,0
Pm12,T4a,1,0,1,0,2,0,2,0
Pm12,MTe54,1,0,1,0,2,0,2,0
Pm12,Tm37,1,0,1,0,2,0,2,0
Pm12,TmY10,1,0,1,0,2,0,2,0
Pm12,MTe44,1,0,1,0,2,0,2,0
Pm12,MTe53,1,0,1,0,2,0,2,0
TmY9q⊥,Sm08,1,0,1,0,2,0,2,0
Dm12,OA-AL2i2,1,0,1,0,2,0,2,0
Sm07,LTe55,1,0,1,0,2,0,2,0
Sm07,LTe38c,1,0,1,0,2,0,2,0
Sm23,Dm8b,1,0,1,0,2,0,2,0
Sm23,MeMe_e01,1,0,1,0,2,0,2,0
Sm23,MTe10,1,0,1,0,2,0,2,0
Tm5e,R8,1,0,1,0,2,0,2,0
Li08,LTe65,1,0,1,0,2,0,2,0
Tm5c,Sm23,1,0,1,0,2,0,2,0
Pm07,Sm41,1,0,1,0,2,0,2,0
Pm07,Sm27,1,0,1,0,2,0,2,0
Tm36,LPT42_Nod4,1,0,1,0,2,0,2,0
Tm36,LPT54,1,0,1,0,2,0,2,0
Tm32,Sm16,1,0,1,0,2,0,2,0
Tm5b,MTe06,1,0,1,0,2,0,2,0
Tm5b,LTe21,1,0,1,0,2,0,2,0
MLt2,MeTu4d,1,0,1,0,2,0,2,0
Tm3,DNp30,1,0,1,0,2,0,2,0
Tm5b,cML01,1,0,1,0,2,0,2,0
TmY9q,cLP02,1,0,1,0,2,0,2,0
Sm02,Dm10,1,0,1,0,2,0,2,0
Tm8b,LT67,1,0,1,0,2,0,2,0
Sm05,MeTu4a,1,0,1,0,2,0,2,0
Sm05,MTe32,1,0,1,0,2,0,2,0
Sm05,LC10b,1,0,1,0,2,0,2,0
Sm12,cLM01,1,0,1,0,2,0,2,0
Dm18,TmY31,1,0,1,0,2,0,2,0
Tm25,LT57,1,0,1,0,2,0,2,0
Tm27,Tlp5,1,0,1,0,2,0,2,0
Tm16,cM05,1,0,1,0,2,0,2,0
MLt5,DmDRA1,1,0,1,0,2,0,2,0
MLt5,LC14b,1,0,1,0,2,0,2,0
T5b,Nod2,1,0,1,0,2,0,2,0
Dm16,cM05,1,0,1,0,2,0,2,0
Tm5b,LTe38b,1,0,1,0,2,0,2,0
Pm08,OA-ASM1,1,0,1,0,2,0,2,0
C2,TmY31,1,0,1,0,2,0,2,0
Tm33,MTe43,1,0,1,0,2,0,2,0
Sm04,TmY16,1,0,1,0,2,0,2,0
Lawf2,Dm10,1,0,1,0,2,0,2,0
Sm03,Tm5a,1,0,1,0,2,0,2,0
LMa5,OA-AL2i1,1,0,1,0,2,0,2,0
Sm03,MTe29,1,0,1,0,2,0,2,0
Sm03,aMe26,1,0,1,0,2,0,2,0
Sm05,TmY9q,1,0,1,0,2,0,2,0
Sm22,MeTu2a,1,0,1,0,2,0,2,0
Dm17,Tm9,1,0,1,0,2,0,2,0
Dm17,Tm27,1,0,1,0,2,0,2,0
Tm36,LC10f,1,0,1,0,2,0,2,0
Li02,LT87,1,0,1,0,2,0,2,0
LPi06,HSS,1,0,1,0,2,0,2,0
Sm40,Lawf2,1,0,1,0,2,0,2,0
Sm40,LMa1,1,0,1,0,2,0,2,0
Sm40,DNc01,1,0,1,0,2,0,2,0
Sm40,Sm32,1,0,1,0,2,0,2,0
Tm4,LTe10,1,0,1,0,2,0,2,0
T1,Tm5c,1,0,1,0,2,0,2,0
Sm06,MeMe_e06,1,0,1,0,2,0,2,0
Sm05,Dm3q,1,0,1,0,2,0,2,0
Sm05,LMa2,1,0,1,0,2,0,2,0
Sm05,Dm15,1,0,1,0,2,0,2,0
Sm05,MTe42,1,0,1,0,2,0,2,0
LLPt,LT67,1,0,1,0,2,0,2,0
C2,MeLp2,1,0,1,0,2,0,2,0
C2,Y3,1,0,1,0,2,0,2,0
Sm04,MLt3,1,0,1,0,2,0,2,0
Sm04,Mi2,1,0,1,0,2,0,2,0
TmY14,MLt3,1,0,1,0,2,0,2,0
Tm32,PLP004,1,0,1,0,2,0,2,0
T2a,Sm24,1,0,1,0,2,0,2,0
Li01,LTe02,1,0,1,0,2,0,2,0
TmY10,cL19,1,0,1,0,2,0,2,0
TmY10,Pm03,1,0,1,0,2,0,2,0
TmY5a,MTe27,1,0,1,0,2,0,2,0
Li02,aMe8,1,0,1,0,2,0,2,0
Sm15,aMe10,1,0,1,0,2,0,2,0
Tm5f,MTe27,1,0,1,0,2,0,2,0
T2,MTe43,1,0,1,0,2,0,2,0
LMt3,cL20,1,0,1,0,2,0,2,0
LMt3,Li26,1,0,1,0,2,0,2,0
LMt3,Li15,1,0,1,0,2,0,2,0
LMt3,LC39,1,0,1,0,2,0,2,0
LMt3,LTe49c,1,0,1,0,2,0,2,0
LMt3,LTe45,1,0,1,0,2,0,2,0
Sm24,aMe5,1,0,1,0,2,0,2,0
Sm24,Tm8b,1,0,1,0,2,0,2,0
Sm24,Mi15,1,0,1,0,2,0,2,0
Sm09,Mi13,1,0,1,0,2,0,2,0
TmY15,LTe18,1,0,1,0,2,0,2,0
Dm13,C2,1,0,1,0,2,0,2,0
TmY4,DNp27,1,0,1,0,2,0,2,0
LPi07,VS6,1,0,1,0,2,0,2,0
Sm32,Dm11,1,0,1,0,2,0,2,0
Li20,LC24,1,0,1,0,2,0,2,0
Li20,TmY9q⊥,1,0,1,0,2,0,2,0
Li20,LMa1,1,0,1,0,2,0,2,0
Tm5e,LT56,1,0,1,0,2,0,2,0
Tm1,MeTu4c,1,0,1,0,2,0,2,0
DmDRA2,Mi1,1,0,1,0,2,0,2,0
DmDRA2,L5,1,0,1,0,2,0,2,0
Dm14,Li11,1,0,1,0,2,0,2,0
Tm16,PLP021,1,0,1,0,2,0,2,0
Li17,LTe21,1,0,1,0,2,0,2,0
Li21,Tm5c,1,0,1,0,2,0,2,0
Li21,LTe11,1,0,1,0,2,0,2,0
Li21,Li28,1,0,1,0,2,0,2,0
Pm01,LMt3,1,0,1,0,2,0,2,0
Y3,LPT28,1,0,1,0,2,0,2,0
Y3,LTe11,1,0,1,0,2,0,2,0
T2a,LLPt,1,0,1,0,2,0,2,0
MLt7,Sm18,1,0,1,0,2,0,2,0
MLt7,cM04,1,0,1,0,2,0,2,0
LMa1,LTe15,1,0,1,0,2,0,2,0
LMa1,OA-ASM1,1,0,1,0,2,0,2,0
L3,mALC5,1,0,1,0,2,0,2,0
Li02,LC12,1,0,1,0,2,0,2,0
Tm5f,cML01,1,0,1,0,2,0,2,0
T4a,Mi14,1,0,1,0,2,0,2,0
Tm5f,Pm04,1,0,1,0,2,0,2,0
Tm2,MLt2,1,0,1,0,2,0,2,0
Tm27,MTe39,1,0,1,0,2,0,2,0
Sm27,LTe25,1,0,1,0,2,0,2,0
Sm28,Dm9,1,0,1,0,2,0,2,0
Sm28,Mi15,1,0,1,0,2,0,2,0
Sm28,Sm15,1,0,1,0,2,0,2,0
Sm28,Sm25,1,0,1,0,2,0,2,0
Sm21,Tm37,1,0,1,0,2,0,2,0
Sm21,Dm10,1,0,1,0,2,0,2,0
MLt6,C2,1,0,1,0,2,0,2,0
TmY3,Sm08,1,0,1,0,2,0,2,0
Tm37,MLt4,1,0,1,0,2,0,2,0
Dm8b,Sm39,1,0,1,0,2,0,2,0
Tm8b,Sm20,1,0,1,0,2,0,2,0
Sm14,MTe01b,1,0,1,0,2,0,2,0
TmY16,Li27,1,0,1,0,2,0,2,0
L4,MTe50,1,0,1,0,2,0,2,0
L3,Pm03,1,0,1,0,2,0,2,0
Tm4,MTe05,1,0,1,0,2,0,2,0
LMt2,LT51,1,0,1,0,2,0,2,0
LMt2,Tm7,1,0,1,0,2,0,2,0
Pm05,Tlp4,1,0,1,0,2,0,2,0
TmY10,MeMe_e07,1,0,1,0,2,0,2,0
Tm5e,LTe73,1,0,1,0,2,0,2,0
Sm06,MTe14,1,0,1,0,2,0,2,0
Pm05,MTe39,1,0,1,0,2,0,2,0
Tlp5,H1,1,0,1,0,2,0,2,0
Tm20,Dm6,1,0,1,0,2,0,2,0
Tm5b,LT34,1,0,1,0,2,0,2,0
Tlp5,Tm20,1,0,1,0,2,0,2,0
Sm09,LPLC4,1,0,1,0,2,0,2,0
Sm12,MTe23,1,0,1,0,2,0,2,0
LPi05,Sm42,1,0,1,0,2,0,2,0
LPi05,LPi13,1,0,1,0,2,0,2,0
LPi05,Li16,1,0,1,0,2,0,2,0
LPi05,LT47,1,0,1,0,2,0,2,0
LPi05,LT52,1,0,1,0,2,0,2,0
LPi05,Mi13,1,0,1,0,2,0,2,0
LPi05,Li09,1,0,1,0,2,0,2,0
LPi05,LC40,1,0,1,0,2,0,2,0
LPi05,Tm16,1,0,1,0,2,0,2,0
LPi05,cL05,1,0,1,0,2,0,2,0
Tm27,Li27,1,0,1,0,2,0,2,0
Li03,cL16,1,0,1,0,2,0,2,0
Sm21,Sm10,1,0,1,0,2,0,2,0
TmY4,MeTu2b,1,0,1,0,2,0,2,0
Lai,Tm2,1,0,1,0,2,0,2,0
Li17,LT51,1,0,1,0,2,0,2,0
TmY31,LT39,1,0,1,0,2,0,2,0
Sm02,OA-ASM1,1,0,1,0,2,0,2,0
Sm02,MTe50,1,0,1,0,2,0,2,0
Li18,Sm05,1,0,1,0,2,0,2,0
Mi10,MTe50,1,0,1,0,2,0,2,0
Mi15,Sm35,1,0,1,0,2,0,2,0
Sm13,Y1,1,0,1,0,2,0,2,0
Li18,LC40,1,0,1,0,2,0,2,0
Li18,Tm32,1,0,1,0,2,0,2,0
Tm8b,LTe74,1,0,1,0,2,0,2,0
T5c,Tm20,1,0,1,0,2,0,2,0
Li12,Sm05,1,0,1,0,2,0,2,0
Li12,LTe15,1,0,1,0,2,0,2,0
Tm4,Sm01,1,0,1,0,2,0,2,0
T5d,TmY9q⊥,1,0,1,0,2,0,2,0
LLPt,LT40,1,0,1,0,2,0,2,0
LLPt,MLt6,1,0,1,0,2,0,2,0
LMa2,Li19,1,0,1,0,2,0,2,0
Sm07,MeMe_e04,1,0,1,0,2,0,2,0
Tlp1,LTe15,1,0,1,0,2,0,2,0
Pm05,OA-ASM1,1,0,1,0,2,0,2,0
Dm4,Dm8a,1,0,1,0,2,0,2,0
T4d,LPT23,1,0,1,0,2,0,2,0
Sm13,MLt7,1,0,1,0,2,0,2,0
Sm13,Sm11,1,0,1,0,2,0,2,0
MLt2,LC43,1,0,1,0,2,0,2,0
Sm12,Tm4,1,0,1,0,2,0,2,0
Tm5d,LTe05,1,0,1,0,2,0,2,0
MLt6,LC26,1,0,1,0,2,0,2,0
MLt6,LC10a,1,0,1,0,2,0,2,0
Pm10,MTe28,1,0,1,0,2,0,2,0
TmY5a,Dm4,1,0,1,0,2,0,2,0
TmY5a,cLP04,1,0,1,0,2,0,2,0
TmY5a,LT76,1,0,1,0,2,0,2,0
Tlp5,Li26,1,0,1,0,2,0,2,0
Li17,Y11,1,0,1,0,2,0,2,0
Tlp5,Li19,1,0,1,0,2,0,2,0
TmY31,LT75,1,0,1,0,2,0,2,0
Sm17,Sm20,1,0,1,0,2,0,2,0
Sm17,Tm5e,1,0,1,0,2,0,2,0
T5c,Li24,1,0,1,0,2,0,2,0
Y3,MLt7,1,0,1,0,2,0,2,0
Tm27,MTe42,1,0,1,0,2,0,2,0
Sm31,MTe05,1,0,1,0,2,0,2,0
Sm31,Tm3,1,0,1,0,2,0,2,0
Tm33,MeTu1,1,0,1,0,2,0,2,0
Sm23,MTe24,1,0,1,0,2,0,2,0
Sm12,MTe21,1,0,1,0,2,0,2,0
MLt2,cM09,1,0,1,0,2,0,2,0
LMt4,LT51,1,0,1,0,2,0,2,0
LMt4,LT1a,1,0,1,0,2,0,2,0
Tlp1,Tm32,1,0,1,0,2,0,2,0
Sm19,MeMe_e07,1,0,1,0,2,0,2,0
MLt2,MTe12,1,0,1,0,2,0,2,0
MLt3,Li11,1,0,1,0,2,0,2,0
MLt3,cM05,1,0,1,0,2,0,2,0
MLt3,Mi15,1,0,1,0,2,0,2,0
Tm5c,LT1a,1,0,1,0,2,0,2,0
Tm32,LC35,1,0,1,0,2,0,2,0
MLt3,LT78,1,0,1,0,2,0,2,0
Tm8b,Sm22,1,0,1,0,2,0,2,0
Tm8b,cM17,1,0,1,0,2,0,2,0
Y12,LPT58,1,0,1,0,2,0,2,0
Li01,LTe38b,1,0,1,0,2,0,2,0
Dm8a,LMa4,1,0,1,0,2,0,2,0
Tm32,Y12,1,0,1,0,2,0,2,0
Tm32,MTe25,1,0,1,0,2,0,2,0
Tm32,Mi4,1,0,1,0,2,0,2,0
TmY3,MTe43,1,0,1,0,2,0,2,0
Tm2,MTe07,1,0,1,0,2,0,2,0
TmY3,LT83,1,0,1,0,2,0,2,0
Tm4,cM05,1,0,1,0,2,0,2,0
Tm34,MeMe_e04,1,0,1,0,2,0,2,0
Tm34,aMe19b,1,0,1,0,2,0,2,0
Tm34,LTe09,1,0,1,0,2,0,2,0
Pm05,cM16,1,0,1,0,2,0,2,0
Pm05,Tm9,1,0,1,0,2,0,2,0
Sm04,Sm15,1,0,1,0,2,0,2,0
Mi15,MTe42,1,0,1,0,2,0,2,0
Li01,LCe01,1,0,1,0,2,0,2,0
Tm20,LTe32,1,0,1,0,2,0,2,0
Dm16,Mi15,1,0,1,0,2,0,2,0
Tm5a,cL10,1,0,1,0,2,0,2,0
Li04,LTe37,1,0,1,0,2,0,2,0
Li04,LC6,1,0,1,0,2,0,2,0
TmY20,LT39,1,0,1,0,2,0,2,0
Li07,OA-AL2b1,1,0,1,0,2,0,2,0
Li07,LPLC4,1,0,1,0,2,0,2,0
Li07,Tm8b,1,0,1,0,2,0,2,0
Li07,MeTu4a,1,0,1,0,2,0,2,0
Sm03,Tm33,1,0,1,0,2,0,2,0
Li05,T5c,1,0,1,0,2,0,2,0
L1,MTe44,1,0,1,0,2,0,2,0
Mi14,Sm40,1,0,1,0,2,0,2,0
Mi14,MTe07,1,0,1,0,2,0,2,0
Mi14,Tm5a,1,0,1,0,2,0,2,0
Mi14,Dm11,1,0,1,0,2,0,2,0
Mi14,MTe01b,1,0,1,0,2,0,2,0
Mi14,Tm5d,1,0,1,0,2,0,2,0
MLt6,LTe08,1,0,1,0,2,0,2,0
Sm27,Tm34,1,0,1,0,2,0,2,0
Sm27,Tm9,1,0,1,0,2,0,2,0
T2a,MTe42,1,0,1,0,2,0,2,0
Mi14,Tm8a,1,0,1,0,2,0,2,0
Tm34,MeMe_e02,1,0,1,0,2,0,2,0
Y12,PDt,1,0,1,0,2,0,2,0
Y12,Tm16,1,0,1,0,2,0,2,0
Y12,Pm11,1,0,1,0,2,0,2,0
Tm5b,LCe08,1,0,1,0,2,0,2,0
MLt2,MeTu1,1,0,1,0,2,0,2,0
MLt1,cL19,1,0,1,0,2,0,2,0
Sm10,Y3,1,0,1,0,2,0,2,0
Sm15,Dm4,1,0,1,0,2,0,2,0
L4,5-HTPMPV03,1,0,1,0,2,0,2,0
Li20,Tm5a,1,0,1,0,2,0,2,0
TmY10,MTe25,1,0,1,0,2,0,2,0
TmY9q⊥,H2,1,0,1,0,2,0,2,0
TmY9q⊥,Pm03,1,0,1,0,2,0,2,0
TmY9q⊥,T4c,1,0,1,0,2,0,2,0
TmY9q⊥,Nod2,1,0,1,0,2,0,2,0
T4b,LPT04_HST,1,0,1,0,2,0,2,0
Li19,LT80,1,0,1,0,2,0,2,0
Li19,Tm5c,1,0,1,0,2,0,2,0
Dm3q,R8,1,0,1,0,2,0,2,0
Sm27,MeTu3c,1,0,1,0,2,0,2,0
Sm27,MTe30,1,0,1,0,2,0,2,0
T2,MLt2,1,0,1,0,2,0,2,0
Tm33,LMa2,1,0,1,0,2,0,2,0
Tm33,Li24,1,0,1,0,2,0,2,0
MLt4,LAL047,1,0,1,0,2,0,2,0
TmY4,vCal1,1,0,1,0,2,0,2,0
C2,LC14b,1,0,1,0,2,0,2,0
Tm8a,MeTu4b,1,0,1,0,2,0,2,0
Dm3q,TmY14,1,0,1,0,2,0,2,0
LMa4,LPi02,1,0,1,0,2,0,2,0
Li07,Y11,1,0,1,0,2,0,2,0
Li07,TmY5a,1,0,1,0,2,0,2,0
Li07,LT78,1,0,1,0,2,0,2,0
Li07,Li09,1,0,1,0,2,0,2,0
Li07,Li06,1,0,1,0,2,0,2,0
TmY5a,cLP01,1,0,1,0,2,0,2,0
L2,Li06,1,0,1,0,2,0,2,0
Sm18,Tm8a,1,0,1,0,2,0,2,0
TmY31,Dm10,1,0,1,0,2,0,2,0
Sm16,Sm26,1,0,1,0,2,0,2,0
Sm09,Tm2,1,0,1,0,2,0,2,0
T4b,LPi06,1,0,1,0,2,0,2,0
MLt4,Tm5b,1,0,1,0,2,0,2,0
MLt4,OA-AL2i1,1,0,1,0,2,0,2,0
MLt1,MTe51,1,0,1,0,2,0,2,0
TmY11,LT34,1,0,1,0,2,0,2,0
Tm31,MTe19,1,0,1,0,2,0,2,0
Tm31,LTe32,1,0,1,0,2,0,2,0
Y3,Sm01,1,0,1,0,2,0,2,0
Pm03,Li06,1,0,1,0,2,0,2,0
Tm33,Mi13,1,0,1,0,2,0,2,0
Tm33,MTe46,1,0,1,0,2,0,2,0
Lawf2,Pm12,1,0,1,0,2,0,2,0
MLt2,Sm22,1,0,1,0,2,0,2,0
PDt,Tm5f,1,0,1,0,2,0,2,0
PDt,LPT54,1,0,1,0,2,0,2,0
Tm5f,MeTu1,1,0,1,0,2,0,2,0
LMt4,LC9,1,0,1,0,2,0,2,0
LMt4,Tm33,1,0,1,0,2,0,2,0
LMt4,Li25,1,0,1,0,2,0,2,0
Tm5d,R8,1,0,1,0,2,0,2,0
Tm5c,LT82a,1,0,1,0,2,0,2,0
LMa5,Tm9,1,0,1,0,2,0,2,0
Sm12,Sm33,1,0,1,0,2,0,2,0
Tm35,mALC4,1,0,1,0,2,0,2,0
Tm35,MTe47,1,0,1,0,2,0,2,0
Sm04,Pm13,1,0,1,0,2,0,2,0
Li17,Li03,1,0,1,0,2,0,2,0
TmY9q⊥,OA-AL2b2,1,0,1,0,2,0,2,0
T4a,CB0592,1,0,1,0,2,0,2,0
Tm8a,MTe26,1,0,1,0,2,0,2,0
MLt5,cM18,1,0,1,0,2,0,2,0
MLt5,PDt,1,0,1,0,2,0,2,0
L4,Dm11,1,0,1,0,2,0,2,0
Li10,LT11,1,0,1,0,2,0,2,0
Tm33,MTe12,1,0,1,0,2,0,2,0
Li11,LT34,1,0,1,0,2,0,2,0
TmY14,MeTu3c,1,0,1,0,2,0,2,0
T5b,LLPC3,1,0,1,0,2,0,2,0
Y3,cM17,1,0,1,0,2,0,2,0
Li10,LAL047,1,0,1,0,2,0,2,0
Tm7,LT82a,1,0,1,0,2,0,2,0
Li14,Sm04,1,0,1,0,2,0,2,0
TmY9q⊥,cM16,1,0,1,0,2,0,2,0
LMa4,LPi15,1,0,1,0,2,0,2,0
LMa4,Dm3q,1,0,1,0,2,0,2,0
LPi11,T4a,1,0,1,0,2,0,2,0
Li12,LTe69,1,0,1,0,2,0,2,0
Li12,LTe44,1,0,1,0,2,0,2,0
Li12,cL19,1,0,1,0,2,0,2,0
Li12,T2a,1,0,1,0,2,0,2,0
Pm04,MTe27,1,0,1,0,2,0,2,0
Pm04,R8,1,0,1,0,2,0,2,0
Sm05,MLt7,1,0,1,0,2,0,2,0
Tlp5,Tm5b,1,0,1,0,2,0,2,0
Tlp5,cLP01,1,0,1,0,2,0,2,0
Tm5c,Li29,1,0,1,0,2,0,2,0
TmY20,OA-AL2i4,1,0,1,0,2,0,2,0
Sm41,Y4,1,0,1,0,2,0,2,0
Sm41,aMe12,1,0,1,0,2,0,2,0
Sm41,TmY14,1,0,1,0,2,0,2,0
Sm41,Mi15,1,0,1,0,2,0,2,0
Sm41,MTe47,1,0,1,0,2,0,2,0
Sm41,MTe46,1,0,1,0,2,0,2,0
Sm41,cLM01,1,0,1,0,2,0,2,0
Sm41,MTe15,1,0,1,0,2,0,2,0
Sm41,Pm07,1,0,1,0,2,0,2,0
Sm41,Sm05,1,0,1,0,2,0,2,0
Sm41,TmY4,1,0,1,0,2,0,2,0
Sm41,Dm10,1,0,1,0,2,0,2,0
L4,MeTu3a,1,0,1,0,2,0,2,0
PDt,Sm22,1,0,1,0,2,0,2,0
Mi10,MeTu4c,1,0,1,0,2,0,2,0
Mi10,MTe25,1,0,1,0,2,0,2,0
Y11,LTe14,1,0,1,0,2,0,2,0
Dm10,MLt6,1,0,1,0,2,0,2,0
Y12,MeTu1,1,0,1,0,2,0,2,0
LMa3,TmY10,1,0,1,0,2,0,2,0
LMa3,TmY9q,1,0,1,0,2,0,2,0
Tm5e,LTe33,1,0,1,0,2,0,2,0
Tm5e,MTe04,1,0,1,0,2,0,2,0
Tm5e,cL20,1,0,1,0,2,0,2,0
T5b,Li07,1,0,1,0,2,0,2,0
LMa5,MTe46,1,0,1,0,2,0,2,0
LMa5,Li20,1,0,1,0,2,0,2,0
Li05,LTe19,1,0,1,0,2,0,2,0
Li05,LMTe01,1,0,1,0,2,0,2,0
Dm3q,C3,1,0,1,0,2,0,2,0
Dm3q,Mi13,1,0,1,0,2,0,2,0
Li21,LT1c,1,0,1,0,2,0,2,0
Li21,LT87,1,0,1,0,2,0,2,0
Pm03,MTe46,1,0,1,0,2,0,2,0
R1-6,Pm10,1,0,1,0,2,0,2,0
R1-6,Mi14,1,0,1,0,2,0,2,0
R1-6,LMa5,1,0,1,0,2,0,2,0
R1-6,Li31,1,0,1,0,2,0,2,0
R1-6,Li10,1,0,1,0,2,0,2,0
R1-6,MLt3,1,0,1,0,2,0,2,0
Tm5e,MTe29,1,0,1,0,2,0,2,0
Tm5e,CB0592,1,0,1,0,2,0,2,0
T5a,MeTu3c,1,0,1,0,2,0,2,0
TmY16,LT66,1,0,1,0,2,0,2,0
MLt5,5-HTPMPV01,1,0,1,0,2,0,2,0
MLt5,aMe9,1,0,1,0,2,0,2,0
MLt5,MLt8,1,0,1,0,2,0,2,0
Tm5f,Sm36,1,0,1,0,2,0,2,0
Tm5d,Sm22,1,0,1,0,2,0,2,0
Tm5a,LTe40,1,0,1,0,2,0,2,0
T2,Tm33,1,0,1,0,2,0,2,0
Sm13,MTe30,1,0,1,0,2,0,2,0
Tm5b,LT65,1,0,1,0,2,0,2,0
Tm5b,LTe06,1,0,1,0,2,0,2,0
Tm25,PDt,1,0,1,0,2,0,2,0
Y11,Li33,1,0,1,0,2,0,2,0
Tm31,MeMe_e03,1,0,1,0,2,0,2,0
Tm31,aMe17a1,1,0,1,0,2,0,2,0
Sm18,T2,1,0,1,0,2,0,2,0
Sm18,MTe50,1,0,1,0,2,0,2,0
Tm20,Dm8b,1,0,1,0,2,0,2,0
LPi08,LC14b,1,0,1,0,2,0,2,0
LPi08,VCH,1,0,1,0,2,0,2,0
Mi10,LC13,1,0,1,0,2,0,2,0
Mi10,LC22,1,0,1,0,2,0,2,0
Mi10,LPLC2,1,0,1,0,2,0,2,0
Mi10,LCe09,1,0,1,0,2,0,2,0
Mi10,Li01,1,0,1,0,2,0,2,0
Mi10,LPLC4,1,0,1,0,2,0,2,0
Sm12,cM11,1,0,1,0,2,0,2,0
Tm9,Tm37,1,0,1,0,2,0,2,0
Sm07,MLt3,1,0,1,0,2,0,2,0
LMa1,MTe52,1,0,1,0,2,0,2,0
Li13,LTe17,1,0,1,0,2,0,2,0
Li13,LTe49b,1,0,1,0,2,0,2,0
Li13,aMe17a2,1,0,1,0,2,0,2,0
Sm20,MTe02,1,0,1,0,2,0,2,0
Sm05,cML01,1,0,1,0,2,0,2,0
Sm06,aMe17a1,1,0,1,0,2,0,2,0
T3,Mi4,1,0,1,0,2,0,2,0
MLt1,Sm21,1,0,1,0,2,0,2,0
MLt1,LPLC1,1,0,1,0,2,0,2,0
MLt1,LTe26,1,0,1,0,2,0,2,0
TmY20,Dm8a,1,0,1,0,2,0,2,0
Tm5b,MTe34,1,0,1,0,2,0,2,0
Tm5c,MeMe_e01,1,0,1,0,2,0,2,0
Lai,R7,1,0,1,0,2,0,2,0
Tm27,LPT30,1,0,1,0,2,0,2,0
Sm05,Tm21,1,0,1,0,2,0,2,0
MLt1,LTe42a,1,0,1,0,2,0,2,0
MLt1,LAL047,1,0,1,0,2,0,2,0
Sm31,5-HTPMPV03,1,0,1,0,2,0,2,0
Sm31,TmY14,1,0,1,0,2,0,2,0
Sm31,Tm34,1,0,1,0,2,0,2,0
Tm5a,cM08b,1,0,1,0,2,0,2,0
Tm5f,MLt5,1,0,1,0,2,0,2,0
Sm12,aMe4,1,0,1,0,2,0,2,0
Tm5d,LT74,1,0,1,0,2,0,2,0
LMa4,Li18,1,0,1,0,2,0,2,0
LMa4,cLM01,1,0,1,0,2,0,2,0
TmY9q,LC44,1,0,1,0,2,0,2,0
T2a,LC40,1,0,1,0,2,0,2,0
T2a,LC24,1,0,1,0,2,0,2,0
TmY5a,LT70,1,0,1,0,2,0,2,0
Tm27,LT47,1,0,1,0,2,0,2,0
Pm11,T1,1,0,1,0,2,0,2,0
Mi2,Pm12,1,0,1,0,2,0,2,0
L5,MTe33,1,0,1,0,2,0,2,0
Tm8a,MTe01b,1,0,1,0,2,0,2,0
Sm10,MTe26,1,0,1,0,2,0,2,0
MLt1,LT77,1,0,1,0,2,0,2,0
MLt6,LC10f,1,0,1,0,2,0,2,0
Tlp14,LC28a,1,0,1,0,2,0,2,0
Dm13,MTe43,1,0,1,0,2,0,2,0
TmY10,Mi13,1,0,1,0,2,0,2,0
Sm08,L3,1,0,1,0,2,0,2,0
Lawf2,MTe18,1,0,1,0,2,0,2,0
Y4,LCe06,1,0,1,0,2,0,2,0
Sm06,MTe25,1,0,1,0,2,0,2,0
Tm25,Sm41,1,0,1,0,2,0,2,0
Tm4,LPT50,1,0,1,0,2,0,2,0
T4c,DCH,1,0,1,0,2,0,2,0
Sm25,aMe19b,1,0,1,0,2,0,2,0
Tm8a,MeMe_e08,1,0,1,0,2,0,2,0
Li18,LC28a,1,0,1,0,2,0,2,0
Li18,LTe38a,1,0,1,0,2,0,2,0
LMt1,Tlp14,1,0,1,0,2,0,2,0
Tm7,MTe15,1,0,1,0,2,0,2,0
Sm15,Sm32,1,0,1,0,2,0,2,0
T3,Tlp1,1,0,1,0,2,0,2,0
Sm19,MTe46,1,0,1,0,2,0,2,0
Sm19,Pm14,1,0,1,0,2,0,2,0
Sm19,MTe28,1,0,1,0,2,0,2,0
Sm25,Tm16,1,0,1,0,2,0,2,0
Sm25,TmY31,1,0,1,0,2,0,2,0
Sm25,C2,1,0,1,0,2,0,2,0
TmY5a,MTe12,1,0,1,0,2,0,2,0
Dm3v,Dm17,1,0,1,0,2,0,2,0
Tm34,T1,1,0,1,0,2,0,2,0
Tm36,LT67,1,0,1,0,2,0,2,0
Li15,Tm5f,1,0,1,0,2,0,2,0
Pm10,MeTu4a,1,0,1,0,2,0,2,0
Tm5f,MTe29,1,0,1,0,2,0,2,0
Tm5a,OA-AL2i3,1,0,1,0,2,0,2,0
Tm37,Sm13,1,0,1,0,2,0,2,0
Tm21,Li12,1,0,1,0,2,0,2,0
TmY20,cLP02,1,0,1,0,2,0,2,0
MLt1,MTe35,1,0,1,0,2,0,2,0
MLt1,CB0472,1,0,1,0,2,0,2,0
Pm03,TmY9q⊥,1,0,1,0,2,0,2,0
Pm03,MTe27,1,0,1,0,2,0,2,0
MLt6,LT59,1,0,1,0,2,0,2,0
T4a,Tlp4,1,0,1,0,2,0,2,0
TmY16,LPT50,1,0,1,0,2,0,2,0
Tm27,Sm20,1,0,1,0,2,0,2,0
LMt2,OA-AL2i1,1,0,1,0,2,0,2,0
Dm8b,L5,1,0,1,0,2,0,2,0
T4c,VS5,1,0,1,0,2,0,2,0
LPi03,H1,1,0,1,0,2,0,2,0
Sm10,MeMe_e01,1,0,1,0,2,0,2,0
Sm10,Dm11,1,0,1,0,2,0,2,0
Sm10,MTe21,1,0,1,0,2,0,2,0
LMa5,LC21,1,0,1,0,2,0,2,0
LMa5,Li25,1,0,1,0,2,0,2,0
Dm20,MTe44,1,0,1,0,2,0,2,0
TmY14,LPT21,1,0,1,0,2,0,2,0
Li06,LTe13,1,0,1,0,2,0,2,0
Li06,cL09,1,0,1,0,2,0,2,0
R8,LC4,1,0,1,0,2,0,2,0
R8,LC14a2,1,0,1,0,2,0,2,0
Tm5f,LTe02,1,0,1,0,2,0,2,0
TmY9q,LT60,1,0,1,0,2,0,2,0
Dm12,LC14b,1,0,1,0,2,0,2,0
Sm25,Tm1,1,0,1,0,2,0,2,0
TmY10,LTe62,1,0,1,0,2,0,2,0
Sm11,MTe31,1,0,1,0,2,0,2,0
Sm11,Y11,1,0,1,0,2,0,2,0
Sm11,Sm10,1,0,1,0,2,0,2,0
LPi14,TmY11,1,0,1,0,2,0,2,0
LPi14,LPT53,1,0,1,0,2,0,2,0
LPi14,MeLp2,1,0,1,0,2,0,2,0
LPi14,LPi09,1,0,1,0,2,0,2,0
LPi14,Li07,1,0,1,0,2,0,2,0
MLt4,LTe63,1,0,1,0,2,0,2,0
Sm30,MeMe_e09,1,0,1,0,2,0,2,0
T3,TmY10,1,0,1,0,2,0,2,0
Tm5f,cL02a,1,0,1,0,2,0,2,0
Li06,Pm07,1,0,1,0,2,0,2,0
Li06,Dm18,1,0,1,0,2,0,2,0
T4b,Tm5c,1,0,1,0,2,0,2,0
Tlp14,LPi03,1,0,1,0,2,0,2,0
Mi10,Pm08,1,0,1,0,2,0,2,0
Li03,MeTu3b,1,0,1,0,2,0,2,0
Li10,Pm01,1,0,1,0,2,0,2,0
TmY4,LPi01,1,0,1,0,2,0,2,0
Tm8a,LTe05,1,0,1,0,2,0,2,0
Tm16,MTe40,1,0,1,0,2,0,2,0
T5b,LPT52,1,0,1,0,2,0,2,0
Li09,cL02a,1,0,1,0,2,0,2,0
LPi11,Y4,1,0,1,0,2,0,2,0
Dm20,Dm18,1,0,1,0,2,0,2,0
Tm7,MTe25,1,0,1,0,2,0,2,0
Tm5e,l-LNv,1,0,1,0,2,0,2,0
Y11,LTe11,1,0,1,0,2,0,2,0
Y11,LMa1,1,0,1,0,2,0,2,0
TmY20,Tm34,1,0,1,0,2,0,2,0
Tm8b,LTe15,1,0,1,0,2,0,2,0
Tm1,Li31,1,0,1,0,2,0,2,0
Tm32,LT68,1,0,1,0,2,0,2,0
Tm20,MTe39,1,0,1,0,2,0,2,0
T4b,Pm07,1,0,1,0,2,0,2,0
LPi02,LPT31,1,0,1,0,2,0,2,0
Y4,LT11,1,0,1,0,2,0,2,0
T3,T5a,1,0,1,0,2,0,2,0
MLt7,LTe73,1,0,1,0,2,0,2,0
MLt7,mALC6,1,0,1,0,2,0,2,0
MLt7,OA-AL2i4,1,0,1,0,2,0,2,0
MLt7,cM14,1,0,1,0,2,0,2,0
Tm33,cLM01,1,0,1,0,2,0,2,0
LLPt,LMa1,1,0,1,0,2,0,2,0
LPi06,Nod2,1,0,1,0,2,0,2,0
LPi06,Li05,1,0,1,0,2,0,2,0
Tm37,Sm14,1,0,1,0,2,0,2,0
TmY9q⊥,Sm15,1,0,1,0,2,0,2,0
Y1,LT84,1,0,1,0,2,0,2,0
Y1,Li24,1,0,1,0,2,0,2,0
Y11,LPT22,1,0,1,0,2,0,2,0
Tm5d,MTe49,1,0,1,0,2,0,2,0
Pm01,C2,1,0,1,0,2,0,2,0
LMt1,TmY9q⊥,1,0,1,0,2,0,2,0
TmY4,Li04,1,0,1,0,2,0,2,0
TmY31,MTe34,1,0,1,0,2,0,2,0
R7,MLt3,1,0,1,0,2,0,2,0
Tm5d,Lawf2,1,0,1,0,2,0,2,0
Sm01,MeTu4d,1,0,1,0,2,0,2,0
Sm07,aMe17a1,1,0,1,0,2,0,2,0
Sm30,Lawf2,1,0,1,0,2,0,2,0
Sm30,Tm20,1,0,1,0,2,0,2,0
Y12,LPT57,1,0,1,0,2,0,2,0
Sm09,MTe40,1,0,1,0,2,0,2,0
Dm4,MeTu3b,1,0,1,0,2,0,2,0
Li21,LTe66,1,0,1,0,2,0,2,0
Li21,cL16,1,0,1,0,2,0,2,0
Li21,LTe21,1,0,1,0,2,0,2,0
Li21,LT1a,1,0,1,0,2,0,2,0
TmY9q,Dm15,1,0,1,0,2,0,2,0
Dm14,cM07,1,0,1,0,2,0,2,0
Dm14,Dm20,1,0,1,0,2,0,2,0
TmY3,Sm01,1,0,1,0,2,0,2,0
MLt7,PLP251,1,0,1,0,2,0,2,0
MLt7,MTe54,1,0,1,0,2,0,2,0
Sm22,Tm2,1,0,1,0,2,0,2,0
Sm22,MLt5,1,0,1,0,2,0,2,0
Sm22,Mi13,1,0,1,0,2,0,2,0
Y1,LT52,1,0,1,0,2,0,2,0
Tm33,LC39,1,0,1,0,2,0,2,0
Pm09,CB3833,1,0,1,0,2,0,2,0
Tm37,Tm21,1,0,1,0,2,0,2,0
Tm37,Mi15,1,0,1,0,2,0,2,0
Tm37,MeTu3b,1,0,1,0,2,0,2,0
Dm8b,aMe17b,1,0,1,0,2,0,2,0
LMt4,cL03,1,0,1,0,2,0,2,0
LMt4,TmY3,1,0,1,0,2,0,2,0
Y4,MLt6,1,0,1,0,2,0,2,0
T5a,LPi06,1,0,1,0,2,0,2,0
Tm5f,cL21,1,0,1,0,2,0,2,0
Sm07,Lawf2,1,0,1,0,2,0,2,0
Sm07,MeMe_e06,1,0,1,0,2,0,2,0
TmY20,LT82a,1,0,1,0,2,0,2,0
Li03,cML01,1,0,1,0,2,0,2,0
Li03,LC12,1,0,1,0,2,0,2,0
Tm34,Mi2,1,0,1,0,2,0,2,0
Tm34,LT84,1,0,1,0,2,0,2,0
Dm10,LLPC2,1,0,1,0,2,0,2,0
Dm10,LMa2,1,0,1,0,2,0,2,0
Dm10,Pm06,1,0,1,0,2,0,2,0
Dm10,Li14,1,0,1,0,2,0,2,0
C3,Y1,1,0,1,0,2,0,2,0
L1,Sm10,1,0,1,0,2,0,2,0
Sm28,Mi10,1,0,1,0,2,0,2,0
Sm28,MLt7,1,0,1,0,2,0,2,0
Sm28,l-LNv,1,0,1,0,2,0,2,0
LPi06,cLPL01,1,0,1,0,2,0,2,0
Tm32,cLM01,1,0,1,0,2,0,2,0
Tlp4,LT62,1,0,1,0,2,0,2,0
Dm12,Pm10,1,0,1,0,2,0,2,0
Dm12,Y3,1,0,1,0,2,0,2,0
Tm5f,Dm18,1,0,1,0,2,0,2,0
T4d,Pm10,1,0,1,0,2,0,2,0
L5,MTe42,1,0,1,0,2,0,2,0
Dm3q,L3,1,0,1,0,2,0,2,0
TmY20,Mi2,1,0,1,0,2,0,2,0
Li22,LC11,1,0,1,0,2,0,2,0
Li22,Li16,1,0,1,0,2,0,2,0
Tm5d,Li17,1,0,1,0,2,0,2,0
Tm5d,Tm9,1,0,1,0,2,0,2,0
Li22,LC16,1,0,1,0,2,0,2,0
Dm19,Sm32,1,0,1,0,2,0,2,0
Tm25,DCH,1,0,1,0,2,0,2,0
Tm25,LPi13,1,0,1,0,2,0,2,0
Y1,Sm08,1,0,1,0,2,0,2,0
Sm01,MeMe_e02,1,0,1,0,2,0,2,0
Sm05,MTe46,1,0,1,0,2,0,2,0
TmY11,LCe08,1,0,1,0,2,0,2,0
Mi4,LPi07,1,0,1,0,2,0,2,0
Tm9,cM14,1,0,1,0,2,0,2,0
Sm13,LPi07,1,0,1,0,2,0,2,0
Tm20,Sm34,1,0,1,0,2,0,2,0
TmY9q,Dm6,1,0,1,0,2,0,2,0
Tm8b,MLt7,1,0,1,0,2,0,2,0
Tm8b,Tm8b,1,0,1,0,2,0,2,0
Tm4,MTe51,1,0,1,0,2,0,2,0
Tm34,Sm15,1,0,1,0,2,0,2,0
TmY20,LPT47_vCal2,1,0,1,0,2,0,2,0
Li06,LT39,1,0,1,0,2,0,2,0
TmY4,MeTu4d,1,0,1,0,2,0,2,0
Tm5c,LT1d,1,0,1,0,2,0,2,0
Tm21,MeTu3c,1,0,1,0,2,0,2,0
Tm2,MTe01b,1,0,1,0,2,0,2,0
Li10,cL07,1,0,1,0,2,0,2,0
Pm10,AN_multi_125,1,0,1,0,2,0,2,0
LLPt,MLt4,1,0,1,0,2,0,2,0
LLPt,DNp11,1,0,1,0,2,0,2,0
Tm35,LTe15,1,0,1,0,2,0,2,0
Tm35,MTe17,1,0,1,0,2,0,2,0
Dm4,DmDRA2,1,0,1,0,2,0,2,0
TmY4,cMLLP02,1,0,1,0,2,0,2,0
DmDRA1,Mi4,1,0,1,0,2,0,2,0
DmDRA1,Tm31,1,0,1,0,2,0,2,0
DmDRA1,T2,1,0,1,0,2,0,2,0
DmDRA1,Mi2,1,0,1,0,2,0,2,0
DmDRA1,Tm35,1,0,1,0,2,0,2,0
DmDRA1,Sm29,1,0,1,0,2,0,2,0
Sm32,R7,1,0,1,0,2,0,2,0
TmY31,cLP01,1,0,1,0,2,0,2,0
TmY15,LPi04,1,0,1,0,2,0,2,0
LPi07,LPT28,1,0,1,0,2,0,2,0
Mi14,MLt2,1,0,1,0,2,0,2,0
Li06,LTe08,1,0,1,0,2,0,2,0
Tm8b,MLt3,1,0,1,0,2,0,2,0
Sm08,cM08b,1,0,1,0,2,0,2,0
Tm3,Tm32,1,0,1,0,2,0,2,0
Tm5b,cLLP02,1,0,1,0,2,0,2,0
Tm21,mALC4,1,0,1,0,2,0,2,0
Tm8a,LC44,1,0,1,0,2,0,2,0
TmY9q⊥,LPT27,1,0,1,0,2,0,2,0
Tm5a,Pm01,1,0,1,0,2,0,2,0
LMa3,Tlp14,1,0,1,0,2,0,2,0
LMt3,LPi07,1,0,1,0,2,0,2,0
Sm06,Sm38,1,0,1,0,2,0,2,0
Y3,MTe44,1,0,1,0,2,0,2,0
T3,MLt3,1,0,1,0,2,0,2,0
L2,cM05,1,0,1,0,2,0,2,0
Li05,LT59,1,0,1,0,2,0,2,0
Dm8a,aMe17c,1,0,1,0,2,0,2,0
R1-6,MTe41,1,0,1,0,2,0,2,0
TmY5a,MTe42,1,0,1,0,2,0,2,0
Tm21,L4,1,0,1,0,2,0,2,0
Tm4,R7,1,0,1,0,2,0,2,0
Sm12,Sm29,1,0,1,0,2,0,2,0
TmY4,LTe14,1,0,1,0,2,0,2,0
LLPt,Dm10,1,0,1,0,2,0,2,0
LLPt,LTe49b,1,0,1,0,2,0,2,0
Dm3v,TmY15,1,0,1,0,2,0,2,0
LMt1,LTe13,1,0,1,0,2,0,2,0
TmY9q,Pm01,1,0,1,0,2,0,2,0
T2a,cMLLP01,1,0,1,0,2,0,2,0
L5,Tm5a,1,0,1,0,2,0,2,0
Li13,LT65,1,0,1,0,2,0,2,0
Sm12,cM08b,1,0,1,0,2,0,2,0
Tm25,R8,1,0,1,0,2,0,2,0
Tm16,cM16,1,0,1,0,2,0,2,0
Tm16,cL20,1,0,1,0,2,0,2,0
Tm5a,LTe65,1,0,1,0,2,0,2,0
Sm22,MeTu4a,1,0,1,0,2,0,2,0
Sm22,MTe32,1,0,1,0,2,0,2,0
Tm32,LT38,1,0,1,0,2,0,2,0
Tm8a,TmY3,1,0,1,0,2,0,2,0
T5c,LC31a,1,0,1,0,2,0,2,0
T5c,LMt2,1,0,1,0,2,0,2,0
Li18,MLt4,1,0,1,0,2,0,2,0
Li18,LLPC4,1,0,1,0,2,0,2,0
Li18,cM10,1,0,1,0,2,0,2,0
Sm26,Sm06,1,0,1,0,2,0,2,0
Sm26,MLt2,1,0,1,0,2,0,2,0
Tm8a,LC4,1,0,1,0,2,0,2,0
Sm32,Sm22,1,0,1,0,2,0,2,0
C2,Sm42,1,0,1,0,2,0,2,0
R8,Sm36,1,0,1,0,2,0,2,0
T2a,Tm31,1,0,1,0,2,0,2,0
Tm34,Tm1,1,0,1,0,2,0,2,0
Sm26,Sm14,1,0,1,0,2,0,2,0
Sm26,aMe19b,1,0,1,0,2,0,2,0
PDt,cM17,1,0,1,0,2,0,2,0
PDt,Dm3p,1,0,1,0,2,0,2,0
T5d,Tm5c,1,0,1,0,2,0,2,0
Li11,CB0472,1,0,1,0,2,0,2,0
Li11,LC40,1,0,1,0,2,0,2,0
Li13,Tm25,1,0,1,0,2,0,2,0
Li03,LT76,1,0,1,0,2,0,2,0
Li03,LMTe01,1,0,1,0,2,0,2,0
Li17,LTe05,1,0,1,0,2,0,2,0
Pm07,Sm05,1,0,1,0,2,0,2,0
Sm08,aMe5,1,0,1,0,2,0,2,0
LPi01,LLPC3,1,0,1,0,2,0,2,0
LPi01,Y1,1,0,1,0,2,0,2,0
Sm04,OA-ASM1,1,0,1,0,2,0,2,0
Sm15,C3,1,0,1,0,2,0,2,0
T3,MeTu3b,1,0,1,0,2,0,2,0
MLt4,LMt4,1,0,1,0,2,0,2,0
MLt4,T1,1,0,1,0,2,0,2,0
Pm08,CB0592,1,0,1,0,2,0,2,0
LMa2,LTe49b,1,0,1,0,2,0,2,0
LMa2,cL14,1,0,1,0,2,0,2,0
LMa2,cLLP02,1,0,1,0,2,0,2,0
LMa2,LTe17,1,0,1,0,2,0,2,0
Dm9,Sm19,1,0,1,0,2,0,2,0
LMa5,TmY31,1,0,1,0,2,0,2,0
LLPt,PLP241,1,0,1,0,2,0,2,0
TmY9q⊥,Tlp14,1,0,1,0,2,0,2,0
TmY31,LT68,1,0,1,0,2,0,2,0
Tm5e,LTe69,1,0,1,0,2,0,2,0
Tm34,Sm38,1,0,1,0,2,0,2,0
Tm34,LC43,1,0,1,0,2,0,2,0
Tm34,TmY10,1,0,1,0,2,0,2,0
Tm34,LTe36,1,0,1,0,2,0,2,0
Tm34,Sm39,1,0,1,0,2,0,2,0
Sm14,TmY11,1,0,1,0,2,0,2,0
Sm14,Tm36,1,0,1,0,2,0,2,0
Sm14,OA-AL2i4,1,0,1,0,2,0,2,0
Sm15,MTe25,1,0,1,0,2,0,2,0
Li06,CB3089,1,0,1,0,2,0,2,0
Lawf2,MeTu3b,1,0,1,0,2,0,2,0
MLt7,CB0566,1,0,1,0,2,0,2,0
Tm20,Sm02,1,0,1,0,2,0,2,0
TmY15,Li12,1,0,1,0,2,0,2,0
TmY9q⊥,Li15,1,0,1,0,2,0,2,0
Tm5d,CB0566,1,0,1,0,2,0,2,0
Tm5d,LTe40,1,0,1,0,2,0,2,0
Y1,MTe45,1,0,1,0,2,0,2,0
Tm9,LLPC3,1,0,1,0,2,0,2,0
Tm9,MLt1,1,0,1,0,2,0,2,0
MLt5,MTe23,1,0,1,0,2,0,2,0
R7,Sm09,1,0,1,0,2,0,2,0
Mi15,Pm14,1,0,1,0,2,0,2,0
TmY31,cLP02,1,0,1,0,2,0,2,0
Sm16,Mi10,1,0,1,0,2,0,2,0
T5d,Tm36,1,0,1,0,2,0,2,0
Mi1,Sm21,1,0,1,0,2,0,2,0
MLt5,Sm36,1,0,1,0,2,0,2,0
Mi13,Pm11,1,0,1,0,2,0,2,0
Tm27,MTe17,1,0,1,0,2,0,2,0
Sm32,Sm24,1,0,1,0,2,0,2,0
Sm32,MLt7,1,0,1,0,2,0,2,0
Sm32,Lawf2,1,0,1,0,2,0,2,0
Dm9,Tm37,1,0,1,0,2,0,2,0
Sm29,Y4,1,0,1,0,2,0,2,0
Sm29,aMe25,1,0,1,0,2,0,2,0
Sm29,Sm43,1,0,1,0,2,0,2,0
Tm32,LTe59,1,0,1,0,2,0,2,0
LPi04,LPT31,1,0,1,0,2,0,2,0
TmY20,LTe52,1,0,1,0,2,0,2,0
Tm32,LTe13,1,0,1,0,2,0,2,0
L3,MTe41,1,0,1,0,2,0,2,0
LMt1,LC24,1,0,1,0,2,0,2,0
MLt2,MeTu4a,1,0,1,0,2,0,2,0
Tm4,cL15,1,0,1,0,2,0,2,0
Tm3,mALC4,1,0,1,0,2,0,2,0
Li03,Y3,1,0,1,0,2,0,2,0
TmY3,LPi01,1,0,1,0,2,0,2,0
Tm4,Sm07,1,0,1,0,2,0,2,0
Li03,LC43,1,0,1,0,2,0,2,0
Li06,MeTu4c,1,0,1,0,2,0,2,0
Sm01,TmY3,1,0,1,0,2,0,2,0
Y12,LPT29,1,0,1,0,2,0,2,0
Tlp1,MeMe_e07,1,0,1,0,2,0,2,0
TmY4,MTe50,1,0,1,0,2,0,2,0
Li06,cL21,1,0,1,0,2,0,2,0
Mi1,Tm33,1,0,1,0,2,0,2,0
Tm31,5-HTPMPV03,1,0,1,0,2,0,2,0
Tm2,Lai,1,0,1,0,2,0,2,0
Tm1,LC18,1,0,1,0,2,0,2,0
Mi2,L3,1,0,1,0,2,0,2,0
Mi2,Sm27,1,0,1,0,2,0,2,0
T2,aMe10,1,0,1,0,2,0,2,0
T2,aMe4,1,0,1,0,2,0,2,0
Tlp4,Li14,1,0,1,0,2,0,2,0
Tm20,Sm10,1,0,1,0,2,0,2,0
Tm5e,Tlp14,1,0,1,0,2,0,2,0
T4d,TmY9q⊥,1,0,1,0,2,0,2,0
LMa2,LTe66,1,0,1,0,2,0,2,0
LMa2,LC41,1,0,1,0,2,0,2,0
LMa2,MTe39,1,0,1,0,2,0,2,0
LMa2,LTe44,1,0,1,0,2,0,2,0
LMa2,LC44,1,0,1,0,2,0,2,0
Sm03,cM14,1,0,1,0,2,0,2,0
Tlp4,LC9,1,0,1,0,2,0,2,0
Dm11,Tm16,1,0,1,0,2,0,2,0
Tm5c,LPT45_dCal1,1,0,1,0,2,0,2,0
Dm13,MLt1,1,0,1,0,2,0,2,0
T2a,Dm12,1,0,1,0,2,0,2,0
TmY9q,Nod2,1,0,1,0,2,0,2,0
Li18,LCe01,1,0,1,0,2,0,2,0
T4c,LPT22,1,0,1,0,2,0,2,0
Tlp5,Tm7,1,0,1,0,2,0,2,0
Sm17,Sm14,1,0,1,0,2,0,2,0
Li11,LTe14,1,0,1,0,2,0,2,0
Li11,LTe25,1,0,1,0,2,0,2,0
T5a,vCal1,1,0,1,0,2,0,2,0
Li02,Li07,1,0,1,0,2,0,2,0
Li02,cL02d,1,0,1,0,2,0,2,0
TmY3,cM15,1,0,1,0,2,0,2,0
Tm4,LTe05,1,0,1,0,2,0,2,0
Sm11,MTe54,1,0,1,0,2,0,2,0
Pm06,Pm11,1,0,1,0,2,0,2,0
Mi2,Y12,1,0,1,0,2,0,2,0
LMa1,LT63,1,0,1,0,2,0,2,0
Tm37,cLM01,1,0,1,0,2,0,2,0
Tm5c,LT69,1,0,1,0,2,0,2,0
Sm14,aMe26,1,0,1,0,2,0,2,0
Sm14,Sm32,1,0,1,0,2,0,2,0
Tm5c,LTe07,1,0,1,0,2,0,2,0
Tm5c,cL01,1,0,1,0,2,0,2,0
Li14,Li17,1,0,1,0,2,0,2,0
Dm4,L5,1,0,1,0,2,0,2,0
Dm3v,Y3,1,0,1,0,2,0,2,0
Dm3v,Pm06,1,0,1,0,2,0,2,0
Li10,MTe53,1,0,1,0,2,0,2,0
Y4,LT41,1,0,1,0,2,0,2,0
Mi10,MeMe_e03,1,0,1,0,2,0,2,0
Pm06,Tm5b,1,0,1,0,2,0,2,0
Pm06,R1-6,1,0,1,0,2,0,2,0
T4a,cML01,1,0,1,0,2,0,2,0
LPi15,LPi09,1,0,1,0,2,0,2,0
LPi15,Li05,1,0,1,0,2,0,2,0
LPi15,Tm21,1,0,1,0,2,0,2,0
LPi15,Tm7,1,0,1,0,2,0,2,0
LPi15,LPT54,1,0,1,0,2,0,2,0
LPi15,cLLPM01,1,0,1,0,2,0,2,0
LPi15,LPT53,1,0,1,0,2,0,2,0
T1,Sm32,1,0,1,0,2,0,2,0
Dm3p,T4c,1,0,1,0,2,0,2,0
Y1,LC28a,1,0,1,0,2,0,2,0
Y1,LPT51,1,0,1,0,2,0,2,0
Tm21,Li32,1,0,1,0,2,0,2,0
Tm35,5-HTPMPV03,1,0,1,0,2,0,2,0
TmY9q⊥,LT82a,1,0,1,0,2,0,2,0
Li02,LTe53,1,0,1,0,2,0,2,0
Tm25,LTe30,1,0,1,0,2,0,2,0
Tm16,MTe18,1,0,1,0,2,0,2,0
Sm06,MTe30,1,0,1,0,2,0,2,0
Tm5f,LPT54,1,0,1,0,2,0,2,0
Li01,LT61a,1,0,1,0,2,0,2,0
Y4,Tm34,1,0,1,0,2,0,2,0
Y4,Li02,1,0,1,0,2,0,2,0
TmY9q,LT81,1,0,1,0,2,0,2,0
Sm01,MTe34,1,0,1,0,2,0,2,0
Mi15,Li11,1,0,1,0,2,0,2,0
Tm5f,Pm09,1,0,1,0,2,0,2,0
T1,Dm14,1,0,1,0,2,0,2,0
MLt1,LTe58,1,0,1,0,2,0,2,0
TmY15,Tm37,1,0,1,0,2,0,2,0
Li06,MLt3,1,0,1,0,2,0,2,0
Li08,LTe16,1,0,1,0,2,0,2,0
Li08,cM10,1,0,1,0,2,0,2,0
Li08,LTe36,1,0,1,0,2,0,2,0
Sm05,L3,1,0,1,0,2,0,2,0
TmY15,Li29,1,0,1,0,2,0,2,0
T5b,TmY10,1,0,1,0,2,0,2,0
Tm5a,TmY15,1,0,1,0,2,0,2,0
Tm5a,MTe50,1,0,1,0,2,0,2,0
Sm21,Sm04,1,0,1,0,2,0,2,0
Tm5b,Y1,1,0,1,0,2,0,2,0
Tm5b,MeMe_e02,1,0,1,0,2,0,2,0
Li02,LT39,1,0,1,0,2,0,2,0
Tm3,Dm3q,1,0,1,0,2,0,2,0
C2,MeLp1,1,0,1,0,2,0,2,0
Y11,VS6,1,0,1,0,2,0,2,0
Tm27,OA-AL2b1,1,0,1,0,2,0,2,0
C3,Am1,1,0,1,0,2,0,2,0
Y1,Sm22,1,0,1,0,2,0,2,0
T2,cM19,1,0,1,0,2,0,2,0
Sm03,LC13,1,0,1,0,2,0,2,0
Sm03,LPLC4,1,0,1,0,2,0,2,0
Sm03,Li05,1,0,1,0,2,0,2,0
Sm03,TmY5a,1,0,1,0,2,0,2,0
Sm03,LC9,1,0,1,0,2,0,2,0
Sm03,LC20b,1,0,1,0,2,0,2,0
LMt3,Am1,1,0,1,0,2,0,2,0
LMt3,LT39,1,0,1,0,2,0,2,0
LMt3,LTe65,1,0,1,0,2,0,2,0
LMt3,cM05,1,0,1,0,2,0,2,0
Tm36,cLM01,1,0,1,0,2,0,2,0
Tm27,LTe21,1,0,1,0,2,0,2,0
Sm19,T2a,1,0,1,0,2,0,2,0
Y3,LTe35,1,0,1,0,2,0,2,0
T2,LC43,1,0,1,0,2,0,2,0
Dm4,MTe49,1,0,1,0,2,0,2,0
Y4,LC10e,1,0,1,0,2,0,2,0
Tm5e,DNp11,1,0,1,0,2,0,2,0
T4a,Tm4,1,0,1,0,2,0,2,0
Pm03,MLt1,1,0,1,0,2,0,2,0
T5b,LPi03,1,0,1,0,2,0,2,0
T4d,Nod3,1,0,1,0,2,0,2,0
Tm9,MTe47,1,0,1,0,2,0,2,0
Li13,LT59,1,0,1,0,2,0,2,0
T4a,T1,1,0,1,0,2,0,2,0
Tm5c,cL07,1,0,1,0,2,0,2,0
Dm8a,MeMe_e01,1,0,1,0,2,0,2,0
Pm07,Tm5e,1,0,1,0,2,0,2,0
Tm20,LT87,1,0,1,0,2,0,2,0
TmY4,PLP051,1,0,1,0,2,0,2,0
MLt3,LTe17,1,0,1,0,2,0,2,0
Tm5e,cMLLP01,1,0,1,0,2,0,2,0
Dm20,R1-6,1,0,1,0,2,0,2,0
Tm32,LC43,1,0,1,0,2,0,2,0
Tlp5,Li03,1,0,1,0,2,0,2,0
Tlp5,LT66,1,0,1,0,2,0,2,0
Tlp5,LTe49c,1,0,1,0,2,0,2,0
MLt5,Li15,1,0,1,0,2,0,2,0
Tm25,LCe09,1,0,1,0,2,0,2,0
TmY9q,MeTu3a,1,0,1,0,2,0,2,0
TmY9q,Am1,1,0,1,0,2,0,2,0
Li08,Tm31,1,0,1,0,2,0,2,0
Li13,LT80,1,0,1,0,2,0,2,0
Li13,LT11,1,0,1,0,2,0,2,0
Li13,LT61b,1,0,1,0,2,0,2,0
LLPt,LT62,1,0,1,0,2,0,2,0
Tm4,LTe42b,1,0,1,0,2,0,2,0
TmY11,cMLLP01,1,0,1,0,2,0,2,0
Dm3p,TmY15,1,0,1,0,2,0,2,0
TmY10,Li29,1,0,1,0,2,0,2,0
Pm08,Tm35,1,0,1,0,2,0,2,0
Lai,Dm9,1,0,1,0,2,0,2,0
Mi9,Sm20,1,0,1,0,2,0,2,0
Tm32,Li23,1,0,1,0,2,0,2,0
Tm32,MTe02,1,0,1,0,2,0,2,0
Tm32,mALC5,1,0,1,0,2,0,2,0
Mi14,Dm13,1,0,1,0,2,0,2,0
Y12,Tm8a,1,0,1,0,2,0,2,0
Y12,Sm40,1,0,1,0,2,0,2,0
TmY15,LT74,1,0,1,0,2,0,2,0
Sm05,Sm21,1,0,1,0,2,0,2,0
Sm05,Sm08,1,0,1,0,2,0,2,0
Y12,cML02,1,0,1,0,2,0,2,0
Tm8a,cM03,1,0,1,0,2,0,2,0
R7,Sm42,1,0,1,0,2,0,2,0
Tm7,LTe18,1,0,1,0,2,0,2,0
Tm27,mALC4,1,0,1,0,2,0,2,0
T5c,Li06,1,0,1,0,2,0,2,0
Dm4,Sm42,1,0,1,0,2,0,2,0
Dm12,L2,1,0,1,0,2,0,2,0
Sm12,LPLC4,1,0,1,0,2,0,2,0
Y1,MTe18,1,0,1,0,2,0,2,0
Pm05,MTe34,1,0,1,0,2,0,2,0
L1,cM05,1,0,1,0,2,0,2,0
Tm7,aMe17b,1,0,1,0,2,0,2,0
Sm07,MTe54,1,0,1,0,2,0,2,0
LLPt,LTe41,1,0,1,0,2,0,2,0
Tlp14,Tm5e,1,0,1,0,2,0,2,0
Tlp14,LPi12,1,0,1,0,2,0,2,0
LMa4,LPLC2,1,0,1,0,2,0,2,0
TmY3,Pm13,1,0,1,0,2,0,2,0
Pm05,MLt8,1,0,1,0,2,0,2,0
Y4,Li14,1,0,1,0,2,0,2,0
MLt4,MTe13,1,0,1,0,2,0,2,0
MLt4,Tm33,1,0,1,0,2,0,2,0
MLt4,MTe34,1,0,1,0,2,0,2,0
Sm12,Sm20,1,0,1,0,2,0,2,0
Mi2,T4a,1,0,1,0,2,0,2,0
Sm17,Sm08,1,0,1,0,2,0,2,0
LMt3,cL18,1,0,1,0,2,0,2,0
LMt3,LTe12,1,0,1,0,2,0,2,0
LMt3,LT1b,1,0,1,0,2,0,2,0
Li28,cLM01,1,0,1,0,2,0,2,0
Li28,LC27,1,0,1,0,2,0,2,0
Li28,LTe17,1,0,1,0,2,0,2,0
Li28,LTe47,1,0,1,0,2,0,2,0
Li28,LT42,1,0,1,0,2,0,2,0
Li28,LLPC2,1,0,1,0,2,0,2,0
Li28,MLt3,1,0,1,0,2,0,2,0
Li28,LT56,1,0,1,0,2,0,2,0
Li28,LTe14,1,0,1,0,2,0,2,0
Li28,LTe49c,1,0,1,0,2,0,2,0
Li28,Li08,1,0,1,0,2,0,2,0
Tm34,LLPt,1,0,1,0,2,0,2,0
Y12,Li05,1,0,1,0,2,0,2,0
Dm8a,OA-AL2i4,1,0,1,0,2,0,2,0
Li11,Dm20,1,0,1,0,2,0,2,0
Li11,Lawf1,1,0,1,0,2,0,2,0
Li11,MeLp1,1,0,1,0,2,0,2,0
Li11,LTe03,1,0,1,0,2,0,2,0
LPi09,T4b,1,0,1,0,2,0,2,0
L3,Tm34,1,0,1,0,2,0,2,0
Li01,LT68,1,0,1,0,2,0,2,0
Li01,LTe11,1,0,1,0,2,0,2,0
Tm37,Sm19,1,0,1,0,2,0,2,0
Dm16,Dm10,1,0,1,0,2,0,2,0
TmY15,Li30,1,0,1,0,2,0,2,0
TmY15,LT86,1,0,1,0,2,0,2,0
Sm09,Sm34,1,0,1,0,2,0,2,0
Y12,Li17,1,0,1,0,2,0,2,0
Tm21,cL14,1,0,1,0,2,0,2,0
Sm05,Tm34,1,0,1,0,2,0,2,0
TmY5a,MeMe_e05,1,0,1,0,2,0,2,0
Mi15,MTe37,1,0,1,0,2,0,2,0
Pm07,Mi10,1,0,1,0,2,0,2,0
Pm07,TmY4,1,0,1,0,2,0,2,0
Tlp1,Li27,1,0,1,0,2,0,2,0
Sm03,OA-AL2i4,1,0,1,0,2,0,2,0
LLPt,cLLPM02,1,0,1,0,2,0,2,0
LLPt,Li16,1,0,1,0,2,0,2,0
LLPt,LTe46,1,0,1,0,2,0,2,0
Li08,Tm5f,1,0,1,0,2,0,2,0
Y4,Dm12,1,0,1,0,2,0,2,0
Tm33,LC40,1,0,1,0,2,0,2,0
Y4,OA-AL2i4,1,0,1,0,2,0,2,0
TmY4,Sm32,1,0,1,0,2,0,2,0
Dm3p,T1,1,0,1,0,2,0,2,0
Dm6,MTe41,1,0,1,0,2,0,2,0
Li02,LTe23,1,0,1,0,2,0,2,0
LMt2,LC40,1,0,1,0,2,0,2,0
Pm14,MeTu2b,1,0,1,0,2,0,2,0
Pm14,MTe11,1,0,1,0,2,0,2,0
Pm14,Tm21,1,0,1,0,2,0,2,0
Pm14,MTe14,1,0,1,0,2,0,2,0
Pm14,Tm1,1,0,1,0,2,0,2,0
T4a,Tm36,1,0,1,0,2,0,2,0
LMa2,OA-ASM1,1,0,1,0,2,0,2,0
LMa2,T1,1,0,1,0,2,0,2,0
LMa2,cL05,1,0,1,0,2,0,2,0
Tm2,MeTu2b,1,0,1,0,2,0,2,0
TmY4,cL14,1,0,1,0,2,0,2,0
Tm25,LLPC3,1,0,1,0,2,0,2,0
Y12,LT78,1,0,1,0,2,0,2,0
TmY4,LTe10,1,0,1,0,2,0,2,0
Mi13,MeMe_e07,1,0,1,0,2,0,2,0
TmY14,Sm31,1,0,1,0,2,0,2,0
TmY20,Sm36,1,0,1,0,2,0,2,0
Tm5b,Dm3q,1,0,1,0,2,0,2,0
TmY10,LCe01,1,0,1,0,2,0,2,0
Li16,LC24,1,0,1,0,2,0,2,0
MLt5,Dm3v,1,0,1,0,2,0,2,0
Sm19,MeMe_e03,1,0,1,0,2,0,2,0
Sm19,Mi2,1,0,1,0,2,0,2,0
Tm31,Lawf2,1,0,1,0,2,0,2,0
Tm31,LTe31,1,0,1,0,2,0,2,0
LMa4,Dm10,1,0,1,0,2,0,2,0
Tm3,MTe40,1,0,1,0,2,0,2,0
TmY31,L4,1,0,1,0,2,0,2,0
Sm07,OA-AL2i1,1,0,1,0,2,0,2,0
T2,Sm10,1,0,1,0,2,0,2,0
Tm7,LT42,1,0,1,0,2,0,2,0
T4d,MeTu4c,1,0,1,0,2,0,2,0
LPi04,cLLPM01,1,0,1,0,2,0,2,0
Tm33,Pm07,1,0,1,0,2,0,2,0
Y12,LT77,1,0,1,0,2,0,2,0
Tm5d,Li31,1,0,1,0,2,0,2,0
TmY3,MeTu4a,1,0,1,0,2,0,2,0
Y4,LTe48,1,0,1,0,2,0,2,0
Li01,LPT45_dCal1,1,0,1,0,2,0,2,0
LPi04,LPT27,1,0,1,0,2,0,2,0
Li03,OA-ASM1,1,0,1,0,2,0,2,0
LMt2,Tm5a,1,0,1,0,2,0,2,0
LMt2,Tm5c,1,0,1,0,2,0,2,0
TmY31,Sm25,1,0,1,0,2,0,2,0
TmY31,MTe29,1,0,1,0,2,0,2,0
Tm31,MeTu4a,1,0,1,0,2,0,2,0
T5d,LC11,1,0,1,0,2,0,2,0
T5d,LT66,1,0,1,0,2,0,2,0
LMa5,Sm31,1,0,1,0,2,0,2,0
Pm11,Tm9,1,0,1,0,2,0,2,0
Pm11,Pm10,1,0,1,0,2,0,2,0
Tm37,T2,1,0,1,0,2,0,2,0
Tm37,C3,1,0,1,0,2,0,2,0
TmY16,Li22,1,0,1,0,2,0,2,0
TmY16,Li20,1,0,1,0,2,0,2,0
T4d,MeLp1,1,0,1,0,2,0,2,0
Sm03,Sm26,1,0,1,0,2,0,2,0
Sm03,Sm28,1,0,1,0,2,0,2,0
Sm03,MeTu2a,1,0,1,0,2,0,2,0
Li02,LC17,1,0,1,0,2,0,2,0
LMt2,LT64,1,0,1,0,2,0,2,0
LMt2,MLt2,1,0,1,0,2,0,2,0
Tm25,Tm32,1,0,1,0,2,0,2,0
Li15,Tm16,1,0,1,0,2,0,2,0
TmY5a,mALC4,1,0,1,0,2,0,2,0
MLt7,Sm33,1,0,1,0,2,0,2,0
Dm3q,Tm32,1,0,1,0,2,0,2,0
MLt1,LCe09,1,0,1,0,2,0,2,0
Li12,cL11,1,0,1,0,2,0,2,0
Tm31,TmY16,1,0,1,0,2,0,2,0
Tm5e,Li14,1,0,1,0,2,0,2,0
Tm5e,Dm18,1,0,1,0,2,0,2,0
Tm1,aMe17a2,1,0,1,0,2,0,2,0
T5a,LPTe02,1,0,1,0,2,0,2,0
Tm8b,MLt4,1,0,1,0,2,0,2,0
Dm12,L5,1,0,1,0,2,0,2,0
Mi10,MLt4,1,0,1,0,2,0,2,0
Tm5a,MLt7,1,0,1,0,2,0,2,0
Li16,LT53,1,0,1,0,2,0,2,0
Tm5b,Pm08,1,0,1,0,2,0,2,0
Tm5b,LTe60,1,0,1,0,2,0,2,0
Pm09,TmY20,1,0,1,0,2,0,2,0
MLt6,cLM01,1,0,1,0,2,0,2,0
MLt6,MeMe_e02,1,0,1,0,2,0,2,0
MLt6,LTe24,1,0,1,0,2,0,2,0
Li04,LTe11,1,0,1,0,2,0,2,0
Li04,LTe33,1,0,1,0,2,0,2,0
Li04,cL14,1,0,1,0,2,0,2,0
LMa4,R7,1,0,1,0,2,0,2,0
Y3,Sm14,1,0,1,0,2,0,2,0
Tm5c,MTe21,1,0,1,0,2,0,2,0
Tm25,cM08b,1,0,1,0,2,0,2,0
Li12,LT41,1,0,1,0,2,0,2,0
Li12,Li07,1,0,1,0,2,0,2,0
Pm08,MTe53,1,0,1,0,2,0,2,0
Tm34,Sm14,1,0,1,0,2,0,2,0
Tm34,MLt6,1,0,1,0,2,0,2,0
R7,Sm17,1,0,1,0,2,0,2,0
R7,Sm18,1,0,1,0,2,0,2,0
TmY9q⊥,T5d,1,0,1,0,2,0,2,0
Y4,LTe33,1,0,1,0,2,0,2,0
Sm23,MTe49,1,0,1,0,2,0,2,0
Sm23,MLt6,1,0,1,0,2,0,2,0
Tm8a,MTe15,1,0,1,0,2,0,2,0
T4b,cM06,1,0,1,0,2,0,2,0
Dm6,Mi15,1,0,1,0,2,0,2,0
Sm10,Pm05,1,0,1,0,2,0,2,0
MLt6,LMa5,1,0,1,0,2,0,2,0
MLt6,OA-AL2i4,1,0,1,0,2,0,2,0
Dm10,MTe07,1,0,1,0,2,0,2,0
Li19,Tm20,1,0,1,0,2,0,2,0
Li19,Li05,1,0,1,0,2,0,2,0
Li19,Li16,1,0,1,0,2,0,2,0
Li19,LPLC4,1,0,1,0,2,0,2,0
Li19,TmY3,1,0,1,0,2,0,2,0
Li19,LC13,1,0,1,0,2,0,2,0
Li19,LC43,1,0,1,0,2,0,2,0
Sm19,Mi1,1,0,1,0,2,0,2,0
Pm05,Tm31,1,0,1,0,2,0,2,0
LMa3,cL21,1,0,1,0,2,0,2,0
Tm37,cM08a,1,0,1,0,2,0,2,0
MLt3,LMa4,1,0,1,0,2,0,2,0
T2a,LTe18,1,0,1,0,2,0,2,0
Tlp5,mALC5,1,0,1,0,2,0,2,0
Tlp5,LC6,1,0,1,0,2,0,2,0
Y12,Pm02,1,0,1,0,2,0,2,0
Tm25,Dm15,1,0,1,0,2,0,2,0
T5d,Tm5a,1,0,1,0,2,0,2,0
MLt8,MTe23,1,0,1,0,2,0,2,0
MLt8,TmY20,1,0,1,0,2,0,2,0
MLt8,cL12,1,0,1,0,2,0,2,0
MLt8,MTe09,1,0,1,0,2,0,2,0
MLt8,aMe24,1,0,1,0,2,0,2,0
MLt8,cL22a,1,0,1,0,2,0,2,0
Sm03,cM01c,1,0,1,0,2,0,2,0
TmY3,cLM01,1,0,1,0,2,0,2,0
Tm25,Sm13,1,0,1,0,2,0,2,0
Y12,LPT21,1,0,1,0,2,0,2,0
Sm24,Tm37,1,0,1,0,2,0,2,0
Sm24,MTe28,1,0,1,0,2,0,2,0
Tm3,LPT54,1,0,1,0,2,0,2,0
LPi09,LPi02,1,0,1,0,2,0,2,0
Sm15,MeMe_e05,1,0,1,0,2,0,2,0
Sm15,MLt8,1,0,1,0,2,0,2,0
Sm15,MeMe_e04,1,0,1,0,2,0,2,0
Mi10,l-LNv,1,0,1,0,2,0,2,0
LPi07,H1,1,0,1,0,2,0,2,0
TmY14,Dm10,1,0,1,0,2,0,2,0
MLt3,cL02b,1,0,1,0,2,0,2,0
Sm10,Sm25,1,0,1,0,2,0,2,0
Sm02,Lawf2,1,0,1,0,2,0,2,0
TmY3,LPT50,1,0,1,0,2,0,2,0
Tm2,MTe35,1,0,1,0,2,0,2,0
L2,Tm5e,1,0,1,0,2,0,2,0
T4a,Pm02,1,0,1,0,2,0,2,0
Sm12,cM03,1,0,1,0,2,0,2,0
LPi09,LPi15,1,0,1,0,2,0,2,0
Tm8a,Tlp5,1,0,1,0,2,0,2,0
Tm25,LPT54,1,0,1,0,2,0,2,0
Y1,Tm33,1,0,1,0,2,0,2,0
Sm23,Pm13,1,0,1,0,2,0,2,0
Li31,LT85,1,0,1,0,2,0,2,0
Li31,T5d,1,0,1,0,2,0,2,0
Li31,Tm5b,1,0,1,0,2,0,2,0
Li31,cLLP02,1,0,1,0,2,0,2,0
Li31,Tm5e,1,0,1,0,2,0,2,0
Li31,LTe28,1,0,1,0,2,0,2,0
Li31,TmY9q,1,0,1,0,2,0,2,0
Li31,DNp30,1,0,1,0,2,0,2,0
Li31,LTe24,1,0,1,0,2,0,2,0
Li31,LC26,1,0,1,0,2,0,2,0
Li31,TmY4,1,0,1,0,2,0,2,0
Li31,LC19,1,0,1,0,2,0,2,0
Li31,LT52,1,0,1,0,2,0,2,0
Li31,LTe13,1,0,1,0,2,0,2,0
Li31,LTe31,1,0,1,0,2,0,2,0
Li31,LTe76,1,0,1,0,2,0,2,0
Li31,Tm34,1,0,1,0,2,0,2,0
Li31,OA-ASM1,1,0,1,0,2,0,2,0
Li31,Tm37,1,0,1,0,2,0,2,0
Li31,T5b,1,0,1,0,2,0,2,0
TmY16,LC9,1,0,1,0,2,0,2,0
Sm30,Pm14,1,0,1,0,2,0,2,0
Sm30,TmY10,1,0,1,0,2,0,2,0
Sm30,Tm32,1,0,1,0,2,0,2,0
Sm30,cM03,1,0,1,0,2,0,2,0
Sm30,TmY11,1,0,1,0,2,0,2,0
LPi04,Nod2,1,0,1,0,2,0,2,0
R1-6,T4b,1,0,1,0,2,0,2,0
TmY31,MeTu2b,1,0,1,0,2,0,2,0
Tm4,cL03,1,0,1,0,2,0,2,0
T3,Mi10,1,0,1,0,2,0,2,0
Y11,mALC4,1,0,1,0,2,0,2,0
Sm39,Tm27,1,0,1,0,2,0,2,0
Sm39,TmY9q⊥,1,0,1,0,2,0,2,0
Sm39,MTe26,1,0,1,0,2,0,2,0
Sm39,Sm21,1,0,1,0,2,0,2,0
Sm39,Mi4,1,0,1,0,2,0,2,0
Sm39,Tm5c,1,0,1,0,2,0,2,0
Sm39,MTe17,1,0,1,0,2,0,2,0
Sm39,aMe5,1,0,1,0,2,0,2,0
Sm39,aMe10,1,0,1,0,2,0,2,0
Sm39,Sm22,1,0,1,0,2,0,2,0
Sm39,aMe9,1,0,1,0,2,0,2,0
Sm39,MTe06,1,0,1,0,2,0,2,0
Sm39,aMe17c,1,0,1,0,2,0,2,0
Sm39,Tm5a,1,0,1,0,2,0,2,0
Sm39,Sm26,1,0,1,0,2,0,2,0
Sm39,MeTu1,1,0,1,0,2,0,2,0
TmY9q⊥,vCal1,1,0,1,0,2,0,2,0
Tm2,MLt7,1,0,1,0,2,0,2,0
MLt2,MTe01b,1,0,1,0,2,0,2,0
TmY4,MTe46,1,0,1,0,2,0,2,0
MLt2,R8,1,0,1,0,2,0,2,0
TmY9q⊥,Nod3,1,0,1,0,2,0,2,0
Mi2,Li14,1,0,1,0,2,0,2,0
Mi2,LT80,1,0,1,0,2,0,2,0
Mi2,Li10,1,0,1,0,2,0,2,0
Y12,LTe20,1,0,1,0,2,0,2,0
Sm30,MLt7,1,0,1,0,2,0,2,0
Dm3v,TmY20,1,0,1,0,2,0,2,0
Mi2,Li06,1,0,1,0,2,0,2,0
T4d,MTe52,1,0,1,0,2,0,2,0
TmY15,LC31b,1,0,1,0,2,0,2,0
Tm16,Sm16,1,0,1,0,2,0,2,0
T4d,T5a,1,0,1,0,2,0,2,0
Y3,VS1,1,0,1,0,2,0,2,0
Li01,Li25,1,0,1,0,2,0,2,0
LMt4,AVLP151,1,0,1,0,2,0,2,0
Li06,cM10,1,0,1,0,2,0,2,0
Sm32,OA-AL2i3,1,0,1,0,2,0,2,0
Sm20,Sm27,1,0,1,0,2,0,2,0
T2a,cL21,1,0,1,0,2,0,2,0
Sm06,LMa5,1,0,1,0,2,0,2,0
LMt1,CB0592,1,0,1,0,2,0,2,0
Sm16,Pm13,1,0,1,0,2,0,2,0
Dm8b,DNc02,1,0,1,0,2,0,2,0
Li16,LTe15,1,0,1,0,2,0,2,0
Li14,Tm5c,1,0,1,0,2,0,2,0
Sm10,Mi2,1,0,1,0,2,0,2,0
Sm10,Sm26,1,0,1,0,2,0,2,0
Mi1,CB0566,1,0,1,0,2,0,2,0
MLt6,MTe37,1,0,1,0,2,0,2,0
T5a,Tm16,1,0,1,0,2,0,2,0
Sm21,Tm5f,1,0,1,0,2,0,2,0
Sm21,Sm09,1,0,1,0,2,0,2,0
Y3,DNp27,1,0,1,0,2,0,2,0
MLt4,Tm5f,1,0,1,0,2,0,2,0
Dm10,AN_multi_125,1,0,1,0,2,0,2,0
Tm5f,LC35,1,0,1,0,2,0,2,0
Tm9,Sm03,1,0,1,0,2,0,2,0
LMt3,LC31a,1,0,1,0,2,0,2,0
Li06,Li26,1,0,1,0,2,0,2,0
Li10,mALD2,1,0,1,0,2,0,2,0
LMt1,Tm7,1,0,1,0,2,0,2,0
LMt1,Mi4,1,0,1,0,2,0,2,0
LMt1,Tm35,1,0,1,0,2,0,2,0
Tm9,L4,1,0,1,0,2,0,2,0
LMa3,LT56,1,0,1,0,2,0,2,0
Sm06,Mi1,1,0,1,0,2,0,2,0
TmY11,LC31c,1,0,1,0,2,0,2,0
Li02,TmY11,1,0,1,0,2,0,2,0
Li02,LC43,1,0,1,0,2,0,2,0
Dm14,Lai,1,0,1,0,2,0,2,0
MLt7,MTe02,1,0,1,0,2,0,2,0
Sm03,MTe47,1,0,1,0,2,0,2,0
TmY3,MTe47,1,0,1,0,2,0,2,0
Pm12,mALC3,1,0,1,0,2,0,2,0
Pm12,Sm32,1,0,1,0,2,0,2,0
Pm12,Pm02,1,0,1,0,2,0,2,0
Tm27,DNp11,1,0,1,0,2,0,2,0
Li08,LTe76,1,0,1,0,2,0,2,0
Tm5b,LT78,1,0,1,0,2,0,2,0
MLt4,LT57,1,0,1,0,2,0,2,0
Tm5f,DNp27,1,0,1,0,2,0,2,0
Dm10,Sm01,1,0,1,0,2,0,2,0
R1-6,Dm19,1,0,1,0,2,0,2,0
Dm9,Tm8b,1,0,1,0,2,0,2,0
TmY5a,Dm8a,1,0,1,0,2,0,2,0
Tm5f,Am1,1,0,1,0,2,0,2,0
Sm29,MTe03,1,0,1,0,2,0,2,0
TmY5a,aMe25,1,0,1,0,2,0,2,0
TmY5a,Sm12,1,0,1,0,2,0,2,0
Tm1,Sm18,1,0,1,0,2,0,2,0
MLt6,LLPC4,1,0,1,0,2,0,2,0
Li06,LTe59,1,0,1,0,2,0,2,0
TmY31,LT83,1,0,1,0,2,0,2,0
TmY31,HSE,1,0,1,0,2,0,2,0
Li01,cL14,1,0,1,0,2,0,2,0
Tm5e,LT74,1,0,1,0,2,0,2,0
Tm25,LTe36,1,0,1,0,2,0,2,0
Dm10,Sm10,1,0,1,0,2,0,2,0
DmDRA1,MeMe_e03,1,0,1,0,2,0,2,0
LMt2,LTe20,1,0,1,0,2,0,2,0
T5b,cLP04,1,0,1,0,2,0,2,0
Tm20,MTe05,1,0,1,0,2,0,2,0
Sm05,Sm13,1,0,1,0,2,0,2,0
Sm42,R7,1,0,1,0,2,0,2,0
Sm42,Dm8a,1,0,1,0,2,0,2,0
Sm42,cL10,1,0,1,0,2,0,2,0
Sm42,MTe20,1,0,1,0,2,0,2,0
Sm42,Li06,1,0,1,0,2,0,2,0
Sm42,C3,1,0,1,0,2,0,2,0
Sm42,aMe19b,1,0,1,0,2,0,2,0
Sm42,MeMe_e04,1,0,1,0,2,0,2,0
Sm42,MTe22,1,0,1,0,2,0,2,0
Sm42,cML01,1,0,1,0,2,0,2,0
Sm42,Tm4,1,0,1,0,2,0,2,0
Sm42,mALC5,1,0,1,0,2,0,2,0
MLt8,Sm19,1,0,1,0,2,0,2,0
L2,cM09,1,0,1,0,2,0,2,0
Y11,DNp30,1,0,1,0,2,0,2,0
TmY9q,Tlp14,1,0,1,0,2,0,2,0
TmY15,cL08,1,0,1,0,2,0,2,0
Li25,LC12,1,0,1,0,2,0,2,0
Li25,LTe64,1,0,1,0,2,0,2,0
Li25,TmY9q⊥,1,0,1,0,2,0,2,0
Li25,Li20,1,0,1,0,2,0,2,0
Li25,Tm5c,1,0,1,0,2,0,2,0
Li25,LC6,1,0,1,0,2,0,2,0
Li25,LPLC2,1,0,1,0,2,0,2,0
Li25,Tm16,1,0,1,0,2,0,2,0
MLt7,DNp27,1,0,1,0,2,0,2,0
TmY3,LT63,1,0,1,0,2,0,2,0
Tm5f,PLP251,1,0,1,0,2,0,2,0
Tm5f,LTe36,1,0,1,0,2,0,2,0
Tm5f,LTe53,1,0,1,0,2,0,2,0
Tm5f,LT43,1,0,1,0,2,0,2,0
Pm10,Sm31,1,0,1,0,2,0,2,0
LMa5,MLt2,1,0,1,0,2,0,2,0
C2,TmY10,1,0,1,0,2,0,2,0
Tm5b,LTe17,1,0,1,0,2,0,2,0
Li05,LT83,1,0,1,0,2,0,2,0
Li10,CB3790,1,0,1,0,2,0,2,0
Tm7,LC31b,1,0,1,0,2,0,2,0
Li06,TmY20,1,0,1,0,2,0,2,0
Tm9,HSN,1,0,1,0,2,0,2,0
Tm9,Dm18,1,0,1,0,2,0,2,0
Sm13,Tm25,1,0,1,0,2,0,2,0
Tlp14,OA-ASM1,1,0,1,0,2,0,2,0
Tm31,LCe07,1,0,1,0,2,0,2,0
TmY31,CB3866,1,0,1,0,2,0,2,0
LMa1,TmY9q⊥,1,0,1,0,2,0,2,0
Dm3v,Tm37,1,0,1,0,2,0,2,0
MLt8,MeMe_e06,1,0,1,0,2,0,2,0
Dm16,L1,1,0,1,0,2,0,2,0
LPi11,cLP01,1,0,1,0,2,0,2,0
Li06,LC24,1,0,1,0,2,0,2,0
Dm15,Tm8a,1,0,1,0,2,0,2,0
L3,LMa3,1,0,1,0,2,0,2,0
Tm4,MeTu3a,1,0,1,0,2,0,2,0
Tm8b,LC41,1,0,1,0,2,0,2,0
Sm05,LC10a,1,0,1,0,2,0,2,0
Sm05,LC22,1,0,1,0,2,0,2,0
Sm05,Li11,1,0,1,0,2,0,2,0
TmY4,LTe11,1,0,1,0,2,0,2,0
LMa1,Tm5a,1,0,1,0,2,0,2,0
Tm5c,LTe54,1,0,1,0,2,0,2,0
MLt4,LT11,1,0,1,0,2,0,2,0
Tm1,T4b,1,0,1,0,2,0,2,0
Tm31,LTe58,1,0,1,0,2,0,2,0
Tm31,Li25,1,0,1,0,2,0,2,0
Tm5a,Sm11,1,0,1,0,2,0,2,0
Sm13,OA-AL2i4,1,0,1,0,2,0,2,0
TmY9q⊥,VS8,1,0,1,0,2,0,2,0
TmY9q⊥,HSN,1,0,1,0,2,0,2,0
Tm8b,Tm27,1,0,1,0,2,0,2,0
Tm2,Tm31,1,0,1,0,2,0,2,0
Tm36,LTe23,1,0,1,0,2,0,2,0
Tm36,MTe09,1,0,1,0,2,0,2,0
TmY31,LPT48_vCal3,1,0,1,0,2,0,2,0
Tm35,cM15,1,0,1,0,2,0,2,0
T4a,Tm9,1,0,1,0,2,0,2,0
Tm5c,MTe42,1,0,1,0,2,0,2,0
Mi4,Sm40,1,0,1,0,2,0,2,0
Tm5b,aMe20,1,0,1,0,2,0,2,0
Tm5a,Sm25,1,0,1,0,2,0,2,0
Tm27,LTe10,1,0,1,0,2,0,2,0
Tm34,Mi4,1,0,1,0,2,0,2,0
Tm34,Lawf1,1,0,1,0,2,0,2,0
Tm34,Dm3q,1,0,1,0,2,0,2,0
Tm34,T4c,1,0,1,0,2,0,2,0
Tm34,T2a,1,0,1,0,2,0,2,0
Tm34,T4d,1,0,1,0,2,0,2,0
Tm34,LT82a,1,0,1,0,2,0,2,0
Tm34,LMa5,1,0,1,0,2,0,2,0
Tm34,T4a,1,0,1,0,2,0,2,0
Tm34,Dm20,1,0,1,0,2,0,2,0
Tm34,T4b,1,0,1,0,2,0,2,0
Dm14,R1-6,1,0,1,0,2,0,2,0
Pm05,Am1,1,0,1,0,2,0,2,0
Y4,Li12,1,0,1,0,2,0,2,0
Sm16,MLt8,1,0,1,0,2,0,2,0
TmY3,Li25,1,0,1,0,2,0,2,0
Li22,OA-AL2i1,1,0,1,0,2,0,2,0
Li22,LPLC4,1,0,1,0,2,0,2,0
Li22,TmY16,1,0,1,0,2,0,2,0
Tlp1,LC31c,1,0,1,0,2,0,2,0
TmY16,H1,1,0,1,0,2,0,2,0
Tm20,LT82a,1,0,1,0,2,0,2,0
Li02,LT11,1,0,1,0,2,0,2,0
Tm27,CB3089,1,0,1,0,2,0,2,0
R7,aMe19a,1,0,1,0,2,0,2,0
Y1,Mi1,1,0,1,0,2,0,2,0
Tlp5,LT53,1,0,1,0,2,0,2,0
Tlp5,LT86,1,0,1,0,2,0,2,0
Sm19,MTe19,1,0,1,0,2,0,2,0
Sm09,LMt3,1,0,1,0,2,0,2,0
Tm16,MTe09,1,0,1,0,2,0,2,0
Y1,LT77,1,0,1,0,2,0,2,0
MLt4,LC40,1,0,1,0,2,0,2,0
TmY9q⊥,LTe68,1,0,1,0,2,0,2,0
Tm5c,aMe17a2,1,0,1,0,2,0,2,0
Tm3,LC26,1,0,1,0,2,0,2,0
Tm4,LTe68,1,0,1,0,2,0,2,0
Dm12,C3,1,0,1,0,2,0,2,0
TmY3,PDt,1,0,1,0,2,0,2,0
Tm9,Sm05,1,0,1,0,2,0,2,0
Li01,LMa3,1,0,1,0,2,0,2,0
T4b,LPT48_vCal3,1,0,1,0,2,0,2,0
MLt1,LTe49d,1,0,1,0,2,0,2,0
Tm5a,CB0816,1,0,1,0,2,0,2,0
LMa2,LTe11,1,0,1,0,2,0,2,0
LMa2,Dm10,1,0,1,0,2,0,2,0
Tm21,Tm34,1,0,1,0,2,0,2,0
R1-6,Tm21,1,0,1,0,2,0,2,0
Sm01,Tm33,1,0,1,0,2,0,2,0
Tm32,cL14,1,0,1,0,2,0,2,0
Tm32,cL02b,1,0,1,0,2,0,2,0
MLt1,MeTu2a,1,0,1,0,2,0,2,0
Mi15,MTe11,1,0,1,0,2,0,2,0
TmY31,PLP004,1,0,1,0,2,0,2,0
Li14,LT1d,1,0,1,0,2,0,2,0
Dm4,T2a,1,0,1,0,2,0,2,0
Li12,cL14,1,0,1,0,2,0,2,0
Mi13,TmY4,1,0,1,0,2,0,2,0
L5,Dm3v,1,0,1,0,2,0,2,0
Tm5e,aMe17b,1,0,1,0,2,0,2,0
Li21,Li29,1,0,1,0,2,0,2,0
Li21,TmY9q⊥,1,0,1,0,2,0,2,0
Li21,Am1,1,0,1,0,2,0,2,0
Li21,Tlp5,1,0,1,0,2,0,2,0
Tm7,LTe51,1,0,1,0,2,0,2,0
Sm22,Pm03,1,0,1,0,2,0,2,0
Sm08,aMe4,1,0,1,0,2,0,2,0
T5b,Tm33,1,0,1,0,2,0,2,0
Tm36,Dm12,1,0,1,0,2,0,2,0
LPi11,Tm27,1,0,1,0,2,0,2,0
LPi07,cLP05,1,0,1,0,2,0,2,0
Li28,MTe03,1,0,1,0,2,0,2,0
Li28,T4c,1,0,1,0,2,0,2,0
Li28,Tlp5,1,0,1,0,2,0,2,0
Li28,LCe04,1,0,1,0,2,0,2,0
Li28,LT86,1,0,1,0,2,0,2,0
Li28,LT65,1,0,1,0,2,0,2,0
Pm01,LMt1,1,0,1,0,2,0,2,0
TmY15,MeTu1,1,0,1,0,2,0,2,0
TmY16,Li07,1,0,1,0,2,0,2,0
Tm34,MeMe_e01,1,0,1,0,2,0,2,0
L1,LPLC2,1,0,1,0,2,0,2,0
MLt4,MLt7,1,0,1,0,2,0,2,0
Li27,cLM01,1,0,1,0,2,0,2,0
TmY31,LMt4,1,0,1,0,2,0,2,0
MLt8,OA-AL2b1,1,0,1,0,2,0,2,0
TmY4,LTe22,1,0,1,0,2,0,2,0
TmY4,MTe41,1,0,1,0,2,0,2,0
TmY4,LCe04,1,0,1,0,2,0,2,0
TmY10,MTe35,1,0,1,0,2,0,2,0
Pm08,Tm7,1,0,1,0,2,0,2,0
Dm20,Dm14,1,0,1,0,2,0,2,0
Pm05,MTe28,1,0,1,0,2,0,2,0
Tm5f,T4a,1,0,1,0,2,0,2,0
Sm06,OA-ASM1,1,0,1,0,2,0,2,0
Dm3q,Tm35,1,0,1,0,2,0,2,0
Li08,MLt6,1,0,1,0,2,0,2,0
Li01,LTe21,1,0,1,0,2,0,2,0
T5a,LPT53,1,0,1,0,2,0,2,0
Sm31,aMe17a2,1,0,1,0,2,0,2,0
Sm31,Sm24,1,0,1,0,2,0,2,0
Sm31,cM05,1,0,1,0,2,0,2,0
Li09,LTe38c,1,0,1,0,2,0,2,0
R8,TmY9q⊥,1,0,1,0,2,0,2,0
Li09,LCe06,1,0,1,0,2,0,2,0
Li09,LTe73,1,0,1,0,2,0,2,0
R7,OA-AL2i1,1,0,1,0,2,0,2,0
Sm08,C2,1,0,1,0,2,0,2,0
Dm1,TmY11,1,0,1,0,2,0,2,0
Lai,Tm3,1,0,1,0,2,0,2,0
Mi2,MTe13,1,0,1,0,2,0,2,0
TmY9q,5-HTPMPV03,1,0,1,0,2,0,2,0
TmY9q,LTe09,1,0,1,0,2,0,2,0
Tlp4,Li15,1,0,1,0,2,0,2,0
T5b,LCe07,1,0,1,0,2,0,2,0
T5b,LC11,1,0,1,0,2,0,2,0
Dm13,Sm02,1,0,1,0,2,0,2,0
Dm13,Sm04,1,0,1,0,2,0,2,0
Li09,MeTu4c,1,0,1,0,2,0,2,0
Li09,LT57,1,0,1,0,2,0,2,0
Li09,TmY31,1,0,1,0,2,0,2,0
Mi13,Sm42,1,0,1,0,2,0,2,0
Tm5a,MLt3,1,0,1,0,2,0,2,0
Tm4,MeTu2a,1,0,1,0,2,0,2,0
MLt1,MeTu1,1,0,1,0,2,0,2,0
Sm04,aMe17c,1,0,1,0,2,0,2,0
Sm16,aMe19a,1,0,1,0,2,0,2,0
Sm29,MeTu2b,1,0,1,0,2,0,2,0
T5c,LPT29,1,0,1,0,2,0,2,0
L1,CB0592,1,0,1,0,2,0,2,0
Li09,LT78,1,0,1,0,2,0,2,0
Tm37,MeMe_e07,1,0,1,0,2,0,2,0
DmDRA2,Tm27,1,0,1,0,2,0,2,0
LMa1,LT80,1,0,1,0,2,0,2,0
Sm08,MeMe_e04,1,0,1,0,2,0,2,0
Sm08,LMa4,1,0,1,0,2,0,2,0
TmY10,Dm15,1,0,1,0,2,0,2,0
L5,TmY4,1,0,1,0,2,0,2,0
Sm32,LT58,1,0,1,0,2,0,2,0
Y12,LC25,1,0,1,0,2,0,2,0
Mi15,Dm3v,1,0,1,0,2,0,2,0
L1,LC14b,1,0,1,0,2,0,2,0
Sm33,Sm13,1,0,1,0,2,0,2,0
Sm33,MTe23,1,0,1,0,2,0,2,0
Sm33,cM14,1,0,1,0,2,0,2,0
Sm33,MeTu2a,1,0,1,0,2,0,2,0
Sm33,Sm22,1,0,1,0,2,0,2,0
Sm33,Sm21,1,0,1,0,2,0,2,0
Sm33,MLt2,1,0,1,0,2,0,2,0
LMt3,LC36,1,0,1,0,2,0,2,0
L1,OA-AL2i1,1,0,1,0,2,0,2,0
Mi9,MeTu4d,1,0,1,0,2,0,2,0
Tm7,MeMe_e05,1,0,1,0,2,0,2,0
Li09,cL05,1,0,1,0,2,0,2,0
Li09,TmY11,1,0,1,0,2,0,2,0
Li09,LT76,1,0,1,0,2,0,2,0
Li09,LCe01,1,0,1,0,2,0,2,0
Tm25,LC43,1,0,1,0,2,0,2,0
Tm36,T4a,1,0,1,0,2,0,2,0
Tm36,T4d,1,0,1,0,2,0,2,0
TmY9q,HSS,1,0,1,0,2,0,2,0
MLt1,CB3790,1,0,1,0,2,0,2,0
Sm23,Sm28,1,0,1,0,2,0,2,0
Sm15,C2,1,0,1,0,2,0,2,0
Tm20,LPT54,1,0,1,0,2,0,2,0
Li11,LTe50,1,0,1,0,2,0,2,0
C3,cM15,1,0,1,0,2,0,2,0
Sm08,MTe46,1,0,1,0,2,0,2,0
Li07,LC36,1,0,1,0,2,0,2,0
LPi12,LPTe01,1,0,1,0,2,0,2,0
LPi12,LPT48_vCal3,1,0,1,0,2,0,2,0
LPi12,LPi01,1,0,1,0,2,0,2,0
LPi12,LMa4,1,0,1,0,2,0,2,0
C2,Dm4,1,0,1,0,2,0,2,0
Li14,Li06,1,0,1,0,2,0,2,0
Li14,Tm20,1,0,1,0,2,0,2,0
Sm05,Sm01,1,0,1,0,2,0,2,0
T5a,Tm5c,1,0,1,0,2,0,2,0
TmY4,LTe16,1,0,1,0,2,0,2,0
TmY4,cLP05,1,0,1,0,2,0,2,0
T1,Lawf2,1,0,1,0,2,0,2,0
Sm16,aMe10,1,0,1,0,2,0,2,0
Li13,LTe40,1,0,1,0,2,0,2,0
LPi11,LPT42_Nod4,1,0,1,0,2,0,2,0
Tm5b,MTe12,1,0,1,0,2,0,2,0
Sm20,Sm04,1,0,1,0,2,0,2,0
Tm32,LLPC3,1,0,1,0,2,0,2,0
Tm16,cL02c,1,0,1,0,2,0,2,0
Lawf2,MTe54,1,0,1,0,2,0,2,0
T5d,MeTu4c,1,0,1,0,2,0,2,0
Tm5e,Sm15,1,0,1,0,2,0,2,0
MLt5,LTe35,1,0,1,0,2,0,2,0
MLt5,Sm39,1,0,1,0,2,0,2,0
MLt5,LMt2,1,0,1,0,2,0,2,0
MLt5,Tm27,1,0,1,0,2,0,2,0
Dm13,Li11,1,0,1,0,2,0,2,0
LMa2,T4d,1,0,1,0,2,0,2,0
Tm5e,MeTu2b,1,0,1,0,2,0,2,0
Tm5c,Dm17,1,0,1,0,2,0,2,0
Tm20,aMe17a2,1,0,1,0,2,0,2,0
Li05,LTe52,1,0,1,0,2,0,2,0
TmY16,LPT30,1,0,1,0,2,0,2,0
L4,OA-AL2i3,1,0,1,0,2,0,2,0
MLt2,Li23,1,0,1,0,2,0,2,0
L3,aMe3,1,0,1,0,2,0,2,0
Tm32,MeMe_e04,1,0,1,0,2,0,2,0
T4d,LPT42_Nod4,1,0,1,0,2,0,2,0
LMa5,LC10a,1,0,1,0,2,0,2,0
Lawf1,OA-AL2i3,1,0,1,0,2,0,2,0
L5,Sm30,1,0,1,0,2,0,2,0
TmY9q,LTe40,1,0,1,0,2,0,2,0
Tm7,MTe48,1,0,1,0,2,0,2,0
Dm10,MeMe_e05,1,0,1,0,2,0,2,0
Mi4,MTe33,1,0,1,0,2,0,2,0
Mi4,Sm35,1,0,1,0,2,0,2,0
Dm6,Lawf2,1,0,1,0,2,0,2,0
R1-6,Dm1,1,0,1,0,2,0,2,0
Sm07,Li04,1,0,1,0,2,0,2,0
Sm07,LC10b,1,0,1,0,2,0,2,0
LPi10,LPT53,1,0,1,0,2,0,2,0
LMa3,TmY11,1,0,1,0,2,0,2,0
TmY9q⊥,MTe04,1,0,1,0,2,0,2,0
Dm17,Dm2,1,0,1,0,2,0,2,0
Y3,cL06,1,0,1,0,2,0,2,0
Tm8b,C2,1,0,1,0,2,0,2,0
Sm27,Sm12,1,0,1,0,2,0,2,0
Sm27,MTe12,1,0,1,0,2,0,2,0
Li10,LT47,1,0,1,0,2,0,2,0
Tm5a,MLt6,1,0,1,0,2,0,2,0
Tm5a,MTe44,1,0,1,0,2,0,2,0
Mi10,Li22,1,0,1,0,2,0,2,0
MLt7,aMe5,1,0,1,0,2,0,2,0
Li09,OA-AL2b1,1,0,1,0,2,0,2,0
TmY10,MLt5,1,0,1,0,2,0,2,0
Tm7,LTe57,1,0,1,0,2,0,2,0
Pm11,MTe18,1,0,1,0,2,0,2,0
Pm11,LPT54,1,0,1,0,2,0,2,0
Pm11,MTe53,1,0,1,0,2,0,2,0
Pm11,MTe54,1,0,1,0,2,0,2,0
LPi11,H1,1,0,1,0,2,0,2,0
Li02,PLP155,1,0,1,0,2,0,2,0
Sm40,MTe52,1,0,1,0,2,0,2,0
Sm40,TmY11,1,0,1,0,2,0,2,0
Sm40,LPT27,1,0,1,0,2,0,2,0
Sm40,MeTu3a,1,0,1,0,2,0,2,0
Y4,LT47,1,0,1,0,2,0,2,0
TmY20,MTe03,1,0,1,0,2,0,2,0
Pm01,MTe08,1,0,1,0,2,0,2,0
Tm27,MTe23,1,0,1,0,2,0,2,0
Dm20,aMe4,1,0,1,0,2,0,2,0
Tm5f,MLt7,1,0,1,0,2,0,2,0
R8,Sm04,1,0,1,0,2,0,2,0
TmY9q⊥,OA-ASM1,1,0,1,0,2,0,2,0
Pm08,Y1,1,0,1,0,2,0,2,0
Li17,LC25,1,0,1,0,2,0,2,0
Li17,LC26,1,0,1,0,2,0,2,0
Sm26,Sm32,1,0,1,0,2,0,2,0
Sm26,Tm7,1,0,1,0,2,0,2,0
R7,Sm16,1,0,1,0,2,0,2,0
Li12,Y1,1,0,1,0,2,0,2,0
Li12,Y4,1,0,1,0,2,0,2,0
Tm8a,C2,1,0,1,0,2,0,2,0
TmY16,Tm37,1,0,1,0,2,0,2,0
Mi9,cM07,1,0,1,0,2,0,2,0
Sm08,Sm24,1,0,1,0,2,0,2,0
Sm08,Y12,1,0,1,0,2,0,2,0
Li11,LCe09,1,0,1,0,2,0,2,0
T2,Li19,1,0,1,0,2,0,2,0
Tm3,R8,1,0,1,0,2,0,2,0
Sm03,aMe19a,1,0,1,0,2,0,2,0
C2,Tm7,1,0,1,0,2,0,2,0
Dm2,LPLC4,1,0,1,0,2,0,2,0
Sm13,5-HTPMPV03,1,0,1,0,2,0,2,0
Sm13,Mi10,1,0,1,0,2,0,2,0
Tm5d,Sm23,1,0,1,0,2,0,2,0
Tm5f,Dm14,1,0,1,0,2,0,2,0
LMa5,LT79,1,0,1,0,2,0,2,0
Mi4,Sm11,1,0,1,0,2,0,2,0
TmY5a,cL22b,1,0,1,0,2,0,2,0
Li13,LTe33,1,0,1,0,2,0,2,0
Li13,LTe36,1,0,1,0,2,0,2,0
Li13,LT68,1,0,1,0,2,0,2,0
Li13,LTe11,1,0,1,0,2,0,2,0
Li13,LTe65,1,0,1,0,2,0,2,0
Li13,PLP251,1,0,1,0,2,0,2,0
Li13,cL02a,1,0,1,0,2,0,2,0
Sm30,MeTu4a,1,0,1,0,2,0,2,0
Sm04,Tm2,1,0,1,0,2,0,2,0
Pm01,Tm5a,1,0,1,0,2,0,2,0
Y3,cLP03,1,0,1,0,2,0,2,0
Sm16,MTe02,1,0,1,0,2,0,2,0
Sm14,MTe46,1,0,1,0,2,0,2,0
Li33,Li15,1,0,1,0,2,0,2,0
Li33,MTe45,1,0,1,0,2,0,2,0
Li33,Y12,1,0,1,0,2,0,2,0
Li33,LLPC3,1,0,1,0,2,0,2,0
Li33,MTe03,1,0,1,0,2,0,2,0
Li33,LTe53,1,0,1,0,2,0,2,0
Li33,cMLLP01,1,0,1,0,2,0,2,0
Li33,LTe49d,1,0,1,0,2,0,2,0
Li33,cL18,1,0,1,0,2,0,2,0
Li33,MeTu2b,1,0,1,0,2,0,2,0
Li33,MeTu3c,1,0,1,0,2,0,2,0
Li33,LT38,1,0,1,0,2,0,2,0
Li33,LT56,1,0,1,0,2,0,2,0
Li33,LC10f,1,0,1,0,2,0,2,0
Li33,Y11,1,0,1,0,2,0,2,0
Li33,LPi05,1,0,1,0,2,0,2,0
Li33,Tlp14,1,0,1,0,2,0,2,0
Li33,LTe69,1,0,1,0,2,0,2,0
Li33,T5d,1,0,1,0,2,0,2,0
Li33,LTe13,1,0,1,0,2,0,2,0
Mi1,cM07,1,0,1,0,2,0,2,0
Sm05,Y4,1,0,1,0,2,0,2,0
Sm05,LMt3,1,0,1,0,2,0,2,0
Sm05,MTe23,1,0,1,0,2,0,2,0
Sm05,Sm05,1,0,1,0,2,0,2,0
TmY5a,DNp27,1,0,1,0,2,0,2,0
Tm9,T4c,1,0,1,0,2,0,2,0
Dm19,T2a,1,0,1,0,2,0,2,0
TmY5a,LT37,1,0,1,0,2,0,2,0
TmY4,MTe47,1,0,1,0,2,0,2,0
Pm14,MeTu3a,1,0,1,0,2,0,2,0
Pm14,cMLLP01,1,0,1,0,2,0,2,0
Pm14,Tm31,1,0,1,0,2,0,2,0
Pm14,cM11,1,0,1,0,2,0,2,0
Pm14,MTe53,1,0,1,0,2,0,2,0
Pm14,T1,1,0,1,0,2,0,2,0
Pm14,Sm01,1,0,1,0,2,0,2,0
TmY14,Sm02,1,0,1,0,2,0,2,0
MLt1,R7,1,0,1,0,2,0,2,0
Mi9,aMe17a2,1,0,1,0,2,0,2,0
MLt7,LTe57,1,0,1,0,2,0,2,0
Sm04,Sm08,1,0,1,0,2,0,2,0
Dm14,Dm3p,1,0,1,0,2,0,2,0
Sm08,C3,1,0,1,0,2,0,2,0
Tm37,LC31c,1,0,1,0,2,0,2,0
Tm4,LT1c,1,0,1,0,2,0,2,0
TmY16,LMt1,1,0,1,0,2,0,2,0
T4b,MeTu3c,1,0,1,0,2,0,2,0
Tm5c,cM03,1,0,1,0,2,0,2,0
LMa2,cLM01,1,0,1,0,2,0,2,0
Tm32,MTe33,1,0,1,0,2,0,2,0
Sm03,Dm18,1,0,1,0,2,0,2,0
Sm03,Tm25,1,0,1,0,2,0,2,0
LLPt,PLP251,1,0,1,0,2,0,2,0
Y12,Pm12,1,0,1,0,2,0,2,0
LMt1,MLt3,1,0,1,0,2,0,2,0
Dm3p,L5,1,0,1,0,2,0,2,0
Sm12,Sm26,1,0,1,0,2,0,2,0
Li15,T5a,1,0,1,0,2,0,2,0
Li15,TmY14,1,0,1,0,2,0,2,0
Li15,T5c,1,0,1,0,2,0,2,0
Sm21,MLt7,1,0,1,0,2,0,2,0
Tm5e,MTe01b,1,0,1,0,2,0,2,0
Sm29,Mi10,1,0,1,0,2,0,2,0
Sm29,TmY31,1,0,1,0,2,0,2,0
Sm29,MTe40,1,0,1,0,2,0,2,0
Y1,Li10,1,0,1,0,2,0,2,0
Tm37,LT37,1,0,1,0,2,0,2,0
LPi08,LC28a,1,0,1,0,2,0,2,0
Sm09,MeMe_e01,1,0,1,0,2,0,2,0
TmY3,Li20,1,0,1,0,2,0,2,0
Sm36,OA-ASM1,1,0,1,0,2,0,2,0
Sm36,Pm13,1,0,1,0,2,0,2,0
Sm36,MTe40,1,0,1,0,2,0,2,0
T3,Tm34,1,0,1,0,2,0,2,0
Li01,MTe46,1,0,1,0,2,0,2,0
Li01,Li16,1,0,1,0,2,0,2,0
Tm5b,CB0592,1,0,1,0,2,0,2,0
Tm35,LT47,1,0,1,0,2,0,2,0
Pm07,cM17,1,0,1,0,2,0,2,0
Sm16,Pm05,1,0,1,0,2,0,2,0
T2,Sm04,1,0,1,0,2,0,2,0
TmY16,Sm36,1,0,1,0,2,0,2,0
Y11,MTe53,1,0,1,0,2,0,2,0
TmY10,R7,1,0,1,0,2,0,2,0
MLt1,LTe49a,1,0,1,0,2,0,2,0
MLt1,MeTu3a,1,0,1,0,2,0,2,0
T4c,MeLp1,1,0,1,0,2,0,2,0
Y12,MLt8,1,0,1,0,2,0,2,0
Li04,LTe66,1,0,1,0,2,0,2,0
Li04,LCe09,1,0,1,0,2,0,2,0
Li04,LatB,1,0,1,0,2,0,2,0
MLt2,Dm13,1,0,1,0,2,0,2,0
MLt2,Sm15,1,0,1,0,2,0,2,0
Mi2,MTe33,1,0,1,0,2,0,2,0
MLt6,Mi9,1,0,1,0,2,0,2,0
TmY20,cM09,1,0,1,0,2,0,2,0
Li03,LTe07,1,0,1,0,2,0,2,0
Tm8a,Tm21,1,0,1,0,2,0,2,0
Tm31,MLt7,1,0,1,0,2,0,2,0
TmY3,LPi12,1,0,1,0,2,0,2,0
Li05,LT56,1,0,1,0,2,0,2,0
Mi1,cM05,1,0,1,0,2,0,2,0
Tm16,Tlp4,1,0,1,0,2,0,2,0
MLt2,LMa4,1,0,1,0,2,0,2,0
L3,Sm03,1,0,1,0,2,0,2,0
TmY5a,PLP051,1,0,1,0,2,0,2,0
Li17,OA-AL2i1,1,0,1,0,2,0,2,0
T2,MeTu3c,1,0,1,0,2,0,2,0
Li08,LT65,1,0,1,0,2,0,2,0
Sm04,Dm8a,1,0,1,0,2,0,2,0
Sm04,Dm11,1,0,1,0,2,0,2,0
Sm05,DNc01,1,0,1,0,2,0,2,0
Li10,LTe51,1,0,1,0,2,0,2,0
Dm3p,cM05,1,0,1,0,2,0,2,0
MLt3,cM09,1,0,1,0,2,0,2,0
L1,Pm04,1,0,1,0,2,0,2,0
MLt3,Li09,1,0,1,0,2,0,2,0
Li25,Li26,1,0,1,0,2,0,2,0
Li25,mALC4,1,0,1,0,2,0,2,0
Li25,OA-AL2i2,1,0,1,0,2,0,2,0
Tm5e,LTe26,1,0,1,0,2,0,2,0
Y11,Tm20,1,0,1,0,2,0,2,0
Y11,Sm04,1,0,1,0,2,0,2,0
Tm5c,cL20,1,0,1,0,2,0,2,0
C2,MeMe_e06,1,0,1,0,2,0,2,0
Tm27,DNc01,1,0,1,0,2,0,2,0
Li10,LTe50,1,0,1,0,2,0,2,0
Li10,MC65,1,0,1,0,2,0,2,0
Li05,LC43,1,0,1,0,2,0,2,0
C3,Pm10,1,0,1,0,2,0,2,0
MLt2,cM14,1,0,1,0,2,0,2,0
Pm13,MLt8,1,0,1,0,2,0,2,0
Pm13,TmY3,1,0,1,0,2,0,2,0
Pm13,MTe01a,1,0,1,0,2,0,2,0
Lawf1,Tm5a,1,0,1,0,2,0,2,0
Tm5d,LT80,1,0,1,0,2,0,2,0
Tm5d,LT81,1,0,1,0,2,0,2,0
Sm35,MTe17,1,0,1,0,2,0,2,0
Sm35,Dm4,1,0,1,0,2,0,2,0
Sm35,MLt7,1,0,1,0,2,0,2,0
LPi06,Tm7,1,0,1,0,2,0,2,0
Tm37,Li25,1,0,1,0,2,0,2,0
LLPt,LTe51,1,0,1,0,2,0,2,0
TmY20,LC4,1,0,1,0,2,0,2,0
Sm26,MLt6,1,0,1,0,2,0,2,0
Sm26,Mi14,1,0,1,0,2,0,2,0
Sm26,Tm8b,1,0,1,0,2,0,2,0
Sm26,Sm27,1,0,1,0,2,0,2,0
Tm7,aMe12,1,0,1,0,2,0,2,0
Mi10,TmY20,1,0,1,0,2,0,2,0
Dm9,Dm3v,1,0,1,0,2,0,2,0
Pm07,cM07,1,0,1,0,2,0,2,0
R8,Dm19,1,0,1,0,2,0,2,0
Tm31,MTe03,1,0,1,0,2,0,2,0
Dm12,MeTu1,1,0,1,0,2,0,2,0
Dm12,MeTu4a,1,0,1,0,2,0,2,0
Sm15,MTe33,1,0,1,0,2,0,2,0
Tm25,mALC4,1,0,1,0,2,0,2,0
Lawf2,OA-AL2i3,1,0,1,0,2,0,2,0
MLt3,LLPC4,1,0,1,0,2,0,2,0
Tm27,LTe11,1,0,1,0,2,0,2,0
Li15,LT74,1,0,1,0,2,0,2,0
Tm5a,Mi2,1,0,1,0,2,0,2,0
TmY31,VS1,1,0,1,0,2,0,2,0
T5a,MeTu1,1,0,1,0,2,0,2,0
T4d,Tm5d,1,0,1,0,2,0,2,0
Pm02,OA-AL2i4,1,0,1,0,2,0,2,0
Tm5f,mALC5,1,0,1,0,2,0,2,0
TmY9q,LTe55,1,0,1,0,2,0,2,0
Li09,LTe54,1,0,1,0,2,0,2,0
Sm15,cL10,1,0,1,0,2,0,2,0
LPi06,LPTe02,1,0,1,0,2,0,2,0
T5b,Li26,1,0,1,0,2,0,2,0
Tm8a,MeMe_e03,1,0,1,0,2,0,2,0
Y11,5-HTPMPV03,1,0,1,0,2,0,2,0
Tm8a,LPi05,1,0,1,0,2,0,2,0
Dm10,Dm8b,1,0,1,0,2,0,2,0
L4,AN_multi_125,1,0,1,0,2,0,2,0
Sm14,MTe47,1,0,1,0,2,0,2,0
Tm33,LTe44,1,0,1,0,2,0,2,0
Dm19,Mi10,1,0,1,0,2,0,2,0
Mi10,MTe47,1,0,1,0,2,0,2,0
Li10,cML01,1,0,1,0,2,0,2,0
TmY31,LC35,1,0,1,0,2,0,2,0
Tm8b,LPT54,1,0,1,0,2,0,2,0
Dm1,DNc02,1,0,1,0,2,0,2,0
LMt2,MTe13,1,0,1,0,2,0,2,0
LPi10,cLP04,1,0,1,0,2,0,2,0
MLt3,OA-AL2b2,1,0,1,0,2,0,2,0
Tm27,Sm27,1,0,1,0,2,0,2,0
TmY5a,LTe20,1,0,1,0,2,0,2,0
TmY5a,MLt5,1,0,1,0,2,0,2,0
Y4,Pm11,1,0,1,0,2,0,2,0
Y4,Tlp14,1,0,1,0,2,0,2,0
Y4,LT64,1,0,1,0,2,0,2,0
Tm7,LTe33,1,0,1,0,2,0,2,0
Sm30,CB0592,1,0,1,0,2,0,2,0
Sm30,cM08a,1,0,1,0,2,0,2,0
Tlp14,cLPL01,1,0,1,0,2,0,2,0
Tlp14,DNp27,1,0,1,0,2,0,2,0
Sm08,Li11,1,0,1,0,2,0,2,0
Mi1,MTe41,1,0,1,0,2,0,2,0
Mi2,LC4,1,0,1,0,2,0,2,0
Tm31,T1,1,0,1,0,2,0,2,0
TmY31,MTe33,1,0,1,0,2,0,2,0
TmY11,LPT27,1,0,1,0,2,0,2,0
Sm26,Tm16,1,0,1,0,2,0,2,0
L3,Sm05,1,0,1,0,2,0,2,0
T4a,Dm3p,1,0,1,0,2,0,2,0
Tm31,TmY9q,1,0,1,0,2,0,2,0
Mi4,MTe35,1,0,1,0,2,0,2,0
LMa1,Tm37,1,0,1,0,2,0,2,0
Pm01,MTe54,1,0,1,0,2,0,2,0
Sm05,CB0592,1,0,1,0,2,0,2,0
DmDRA1,Tm34,1,0,1,0,2,0,2,0
Li04,LTe42a,1,0,1,0,2,0,2,0
Li04,Li04,1,0,1,0,2,0,2,0
PDt,Pm07,1,0,1,0,2,0,2,0
PDt,TmY4,1,0,1,0,2,0,2,0
PDt,cM07,1,0,1,0,2,0,2,0
Sm02,MTe41,1,0,1,0,2,0,2,0
Tm8a,CB3790,1,0,1,0,2,0,2,0
Tm35,LT70,1,0,1,0,2,0,2,0
Dm10,Sm12,1,0,1,0,2,0,2,0
Li12,Pm05,1,0,1,0,2,0,2,0
Sm38,cM03,1,0,1,0,2,0,2,0
Sm38,Sm42,1,0,1,0,2,0,2,0
Sm38,Sm29,1,0,1,0,2,0,2,0
Sm38,Tm35,1,0,1,0,2,0,2,0
Sm38,Sm39,1,0,1,0,2,0,2,0
Sm38,Tm5c,1,0,1,0,2,0,2,0
Sm38,Tm7,1,0,1,0,2,0,2,0
Sm38,Tm8b,1,0,1,0,2,0,2,0
Sm38,Sm13,1,0,1,0,2,0,2,0
Tm1,Lai,1,0,1,0,2,0,2,0
LPi05,LPi03,1,0,1,0,2,0,2,0
Tm33,LTe31,1,0,1,0,2,0,2,0
Sm01,Dm12,1,0,1,0,2,0,2,0
Tm1,aMe5,1,0,1,0,2,0,2,0
LMt2,MLt3,1,0,1,0,2,0,2,0
MLt4,LCe06,1,0,1,0,2,0,2,0
MLt4,LT63,1,0,1,0,2,0,2,0
MLt4,LTe53,1,0,1,0,2,0,2,0
TmY20,Sm05,1,0,1,0,2,0,2,0
Pm09,MLt2,1,0,1,0,2,0,2,0
Sm03,aMe17a1,1,0,1,0,2,0,2,0
Tm5f,C3,1,0,1,0,2,0,2,0
Sm04,MTe54,1,0,1,0,2,0,2,0
TmY5a,LT33,1,0,1,0,2,0,2,0
TmY15,Tm35,1,0,1,0,2,0,2,0
Tm35,Tm3,1,0,1,0,2,0,2,0
Tm20,aMe20,1,0,1,0,2,0,2,0
Dm10,CB0816,1,0,1,0,2,0,2,0
TmY9q⊥,LT72,1,0,1,0,2,0,2,0
MLt2,LC34,1,0,1,0,2,0,2,0
MLt2,LCe06,1,0,1,0,2,0,2,0
Tm16,Dm11,1,0,1,0,2,0,2,0
Dm15,Dm8b,1,0,1,0,2,0,2,0
LMt3,MTe54,1,0,1,0,2,0,2,0
Tm8b,aMe17c,1,0,1,0,2,0,2,0
C2,Sm07,1,0,1,0,2,0,2,0
Tm5a,MTe04,1,0,1,0,2,0,2,0
Li32,LC33a,1,0,1,0,2,0,2,0
Li32,LT1a,1,0,1,0,2,0,2,0
Li32,LCe07,1,0,1,0,2,0,2,0
Li32,Li25,1,0,1,0,2,0,2,0
Li32,LTe74,1,0,1,0,2,0,2,0
Li32,LT67,1,0,1,0,2,0,2,0
Li32,TmY10,1,0,1,0,2,0,2,0
Li32,LC10e,1,0,1,0,2,0,2,0
Li32,cL15,1,0,1,0,2,0,2,0
Li32,LT61a,1,0,1,0,2,0,2,0
Li32,LT1b,1,0,1,0,2,0,2,0
Li32,Tm4,1,0,1,0,2,0,2,0
Li32,T3,1,0,1,0,2,0,2,0
Li32,MeTu1,1,0,1,0,2,0,2,0
Tm1,Sm15,1,0,1,0,2,0,2,0
MLt1,Sm13,1,0,1,0,2,0,2,0
Dm10,T5b,1,0,1,0,2,0,2,0
MLt2,TmY3,1,0,1,0,2,0,2,0
Li12,PLP155,1,0,1,0,2,0,2,0
Tlp14,LT38,1,0,1,0,2,0,2,0
Tlp14,LT47,1,0,1,0,2,0,2,0
L4,Pm03,1,0,1,0,2,0,2,0
TmY3,Sm06,1,0,1,0,2,0,2,0
TmY3,LC19,1,0,1,0,2,0,2,0
Tm8b,LT63,1,0,1,0,2,0,2,0
R7,MTe51,1,0,1,0,2,0,2,0
R7,LC14b,1,0,1,0,2,0,2,0
R7,aMe4,1,0,1,0,2,0,2,0
TmY10,LT74,1,0,1,0,2,0,2,0
Li21,LT80,1,0,1,0,2,0,2,0
Li21,LTe15,1,0,1,0,2,0,2,0
Dm3p,Li11,1,0,1,0,2,0,2,0
Tm31,MeMe_e08,1,0,1,0,2,0,2,0
Li08,cL11,1,0,1,0,2,0,2,0
Tm16,LTe38c,1,0,1,0,2,0,2,0
Tm33,LTe65,1,0,1,0,2,0,2,0
Tm33,Pm01,1,0,1,0,2,0,2,0
Tm33,Li21,1,0,1,0,2,0,2,0
Tm25,LTe15,1,0,1,0,2,0,2,0
Sm15,Dm20,1,0,1,0,2,0,2,0
TmY31,MTe46,1,0,1,0,2,0,2,0
LLPt,LTe38c,1,0,1,0,2,0,2,0
Tm7,L2,1,0,1,0,2,0,2,0
Mi10,cM05,1,0,1,0,2,0,2,0
Tm7,LC31c,1,0,1,0,2,0,2,0
Li24,MeTu1,1,0,1,0,2,0,2,0
Li24,LTe16,1,0,1,0,2,0,2,0
Tm34,Dm11,1,0,1,0,2,0,2,0
Tm20,MTe12,1,0,1,0,2,0,2,0
Li15,TmY15,1,0,1,0,2,0,2,0
Li15,LC15,1,0,1,0,2,0,2,0
Mi1,cL03,1,0,1,0,2,0,2,0
Mi1,MeTu1,1,0,1,0,2,0,2,0
MLt1,LC9,1,0,1,0,2,0,2,0
MLt1,Sm10,1,0,1,0,2,0,2,0
MLt1,MeTu4d,1,0,1,0,2,0,2,0
MLt1,aMe6a,1,0,1,0,2,0,2,0
Tm2,aMe17a2,1,0,1,0,2,0,2,0
Tm5f,Pm03,1,0,1,0,2,0,2,0
Pm11,Mi10,1,0,1,0,2,0,2,0
LMt1,Tm5c,1,0,1,0,2,0,2,0
LMt1,LPT30,1,0,1,0,2,0,2,0
Pm05,MTe42,1,0,1,0,2,0,2,0
Sm06,MLt4,1,0,1,0,2,0,2,0
Tm5e,MTe19,1,0,1,0,2,0,2,0
Tlp4,cL15,1,0,1,0,2,0,2,0
Tlp4,LTe42b,1,0,1,0,2,0,2,0
LMa4,MeTu1,1,0,1,0,2,0,2,0
Li08,cM08a,1,0,1,0,2,0,2,0
Li08,cM08c,1,0,1,0,2,0,2,0
C3,MLt7,1,0,1,0,2,0,2,0
LPi02,LPT54,1,0,1,0,2,0,2,0
Tm5c,H1,1,0,1,0,2,0,2,0
Tm32,MeTu3c,1,0,1,0,2,0,2,0
Tm16,Dm8b,1,0,1,0,2,0,2,0
T4b,cLP01,1,0,1,0,2,0,2,0
LPi05,mALC5,1,0,1,0,2,0,2,0
Y1,LT85,1,0,1,0,2,0,2,0
LMa3,LTe18,1,0,1,0,2,0,2,0
Dm8a,DmDRA2,1,0,1,0,2,0,2,0
T4d,Tm9,1,0,1,0,2,0,2,0
Dm10,LPLC1,1,0,1,0,2,0,2,0
Dm10,LC11,1,0,1,0,2,0,2,0
Dm10,LMa3,1,0,1,0,2,0,2,0
Mi14,Dm12,1,0,1,0,2,0,2,0
Li07,CB0802,1,0,1,0,2,0,2,0
Li07,Tm5e,1,0,1,0,2,0,2,0
Tm5b,LTe24,1,0,1,0,2,0,2,0
Tm5b,LTe49b,1,0,1,0,2,0,2,0
Tm5b,LTe02,1,0,1,0,2,0,2,0
LMa1,LTe10,1,0,1,0,2,0,2,0
Sm35,MTe26,1,0,1,0,2,0,2,0
Sm35,MTe06,1,0,1,0,2,0,2,0
MLt5,cM15,1,0,1,0,2,0,2,0
MLt5,MeTu2a,1,0,1,0,2,0,2,0
Dm12,Dm13,1,0,1,0,2,0,2,0
MLt3,cM08a,1,0,1,0,2,0,2,0
Sm34,Dm10,1,0,1,0,2,0,2,0
Sm34,aMe9,1,0,1,0,2,0,2,0
TmY3,LPT52,1,0,1,0,2,0,2,0
TmY10,cM14,1,0,1,0,2,0,2,0
TmY11,Li08,1,0,1,0,2,0,2,0
Sm21,MTe30,1,0,1,0,2,0,2,0
Tm20,LC34,1,0,1,0,2,0,2,0
Li03,Mi2,1,0,1,0,2,0,2,0
Li04,LT77,1,0,1,0,2,0,2,0
LMt2,MeMe_e07,1,0,1,0,2,0,2,0
Dm3q,aMe17a2,1,0,1,0,2,0,2,0
TmY14,VSm,1,0,1,0,2,0,2,0
Tm34,MLt1,1,0,1,0,2,0,2,0
Sm34,MTe19,1,0,1,0,2,0,2,0
Sm34,Mi4,1,0,1,0,2,0,2,0
Sm34,Sm06,1,0,1,0,2,0,2,0
Sm34,Tm5c,1,0,1,0,2,0,2,0
Sm19,MTe03,1,0,1,0,2,0,2,0
LMt2,MeTu4a,1,0,1,0,2,0,2,0
Tm20,LC40,1,0,1,0,2,0,2,0
Sm02,Tm4,1,0,1,0,2,0,2,0
TmY3,Dm19,1,0,1,0,2,0,2,0
Lat,MTe37,1,0,1,0,2,0,2,0
MLt5,LTe13,1,0,1,0,2,0,2,0
MLt5,Tm2,1,0,1,0,2,0,2,0
MLt5,T2,1,0,1,0,2,0,2,0
Tm3,Dm4,1,0,1,0,2,0,2,0
Li01,Tlp1,1,0,1,0,2,0,2,0
Tm35,LT82a,1,0,1,0,2,0,2,0
TmY3,cL16,1,0,1,0,2,0,2,0
MLt7,TmY9q,1,0,1,0,2,0,2,0
Mi13,Dm13,1,0,1,0,2,0,2,0
LLPt,LPT27,1,0,1,0,2,0,2,0
LLPt,LT79,1,0,1,0,2,0,2,0
CT1,DNc01,1,0,1,0,2,0,2,0
CT1,Tm5e,1,0,1,0,2,0,2,0
CT1,MeMe_e07,1,0,1,0,2,0,2,0
CT1,Y11,1,0,1,0,2,0,2,0
CT1,Y12,1,0,1,0,2,0,2,0
CT1,Tm8b,1,0,1,0,2,0,2,0
CT1,MeTu4c,1,0,1,0,2,0,2,0
CT1,TmY4,1,0,1,0,2,0,2,0
CT1,Tm5c,1,0,1,0,2,0,2,0
CT1,LC4,1,0,1,0,2,0,2,0
CT1,T1,1,0,1,0,2,0,2,0
LMt2,Y12,1,0,1,0,2,0,2,0
Tm31,Li04,1,0,1,0,2,0,2,0
Dm10,L2,1,0,1,0,2,0,2,0
Dm20,MeLp1,1,0,1,0,2,0,2,0
Dm20,PDt,1,0,1,0,2,0,2,0
MLt3,Dm6,1,0,1,0,2,0,2,0
L1,LPi13,1,0,1,0,2,0,2,0
Sm14,MTe24,1,0,1,0,2,0,2,0
T2a,Sm27,1,0,1,0,2,0,2,0
T2a,Sm36,1,0,1,0,2,0,2,0
TmY4,LPT54,1,0,1,0,2,0,2,0
Tm35,Li07,1,0,1,0,2,0,2,0
Tm35,LCe07,1,0,1,0,2,0,2,0
Tm35,MTe38,1,0,1,0,2,0,2,0
Li01,LTe24,1,0,1,0,2,0,2,0
Mi14,Tm37,1,0,1,0,2,0,2,0
Mi14,Sm03,1,0,1,0,2,0,2,0
T5c,H1,1,0,1,0,2,0,2,0
Tm7,mALC5,1,0,1,0,2,0,2,0
Tm9,cL21,1,0,1,0,2,0,2,0
TmY9q,LTe16,1,0,1,0,2,0,2,0
PDt,aMe4,1,0,1,0,2,0,2,0
PDt,Pm03,1,0,1,0,2,0,2,0
LPi05,Nod5,1,0,1,0,2,0,2,0
Tm7,cL02d,1,0,1,0,2,0,2,0
LPi09,Tlp5,1,0,1,0,2,0,2,0
LMa2,MC65,1,0,1,0,2,0,2,0
LMa2,Sm02,1,0,1,0,2,0,2,0
Li24,LT64,1,0,1,0,2,0,2,0
Li24,DNp27,1,0,1,0,2,0,2,0
Li24,Li22,1,0,1,0,2,0,2,0
Li01,Pm01,1,0,1,0,2,0,2,0
MLt1,Dm13,1,0,1,0,2,0,2,0
T5d,Tm20,1,0,1,0,2,0,2,0
Sm15,MLt1,1,0,1,0,2,0,2,0
LMt1,LTe26,1,0,1,0,2,0,2,0
C2,LMa1,1,0,1,0,2,0,2,0
Tm7,LC17,1,0,1,0,2,0,2,0
Sm30,Li06,1,0,1,0,2,0,2,0
Pm01,R1-6,1,0,1,0,2,0,2,0
TmY16,LC17,1,0,1,0,2,0,2,0
TmY16,LPT42_Nod4,1,0,1,0,2,0,2,0
Tm36,Pm04,1,0,1,0,2,0,2,0
TmY11,LTe26,1,0,1,0,2,0,2,0
Tm35,LTe37,1,0,1,0,2,0,2,0
Tm5c,LT87,1,0,1,0,2,0,2,0
Li06,Sm05,1,0,1,0,2,0,2,0
TmY4,cL08,1,0,1,0,2,0,2,0
Mi14,MTe08,1,0,1,0,2,0,2,0
Tm36,LTe42a,1,0,1,0,2,0,2,0
Tm16,PLP032,1,0,1,0,2,0,2,0
Pm02,Sm05,1,0,1,0,2,0,2,0
C3,cML02,1,0,1,0,2,0,2,0
Li13,cL20,1,0,1,0,2,0,2,0
Li13,LTe41,1,0,1,0,2,0,2,0
Li05,cML01,1,0,1,0,2,0,2,0
TmY5a,LTe49c,1,0,1,0,2,0,2,0
Am1,Pm03,1,0,1,0,2,0,2,0
Am1,LPC2,1,0,1,0,2,0,2,0
Am1,Tm8a,1,0,1,0,2,0,2,0
Am1,MeTu4d,1,0,1,0,2,0,2,0
Am1,VS8,1,0,1,0,2,0,2,0
Am1,LC28a,1,0,1,0,2,0,2,0
Am1,DNp30,1,0,1,0,2,0,2,0
Am1,LMt1,1,0,1,0,2,0,2,0
Am1,cLPL01,1,0,1,0,2,0,2,0
Am1,PDt,1,0,1,0,2,0,2,0
Am1,DNc01,1,0,1,0,2,0,2,0
Am1,Li07,1,0,1,0,2,0,2,0
MLt4,LTe46,1,0,1,0,2,0,2,0
R7,TmY14,1,0,1,0,2,0,2,0
TmY9q⊥,cL02d,1,0,1,0,2,0,2,0
TmY10,LPT50,1,0,1,0,2,0,2,0
MLt1,cL04,1,0,1,0,2,0,2,0
Sm23,TmY31,1,0,1,0,2,0,2,0
Sm23,MeMe_e03,1,0,1,0,2,0,2,0
Tm31,Sm21,1,0,1,0,2,0,2,0
Tm8a,MTe03,1,0,1,0,2,0,2,0
Tm9,Dm17,1,0,1,0,2,0,2,0
T5b,cML01,1,0,1,0,2,0,2,0
Tm7,LT87,1,0,1,0,2,0,2,0
Li09,LTe16,1,0,1,0,2,0,2,0
Tm27,LT64,1,0,1,0,2,0,2,0
T5a,5-HTPMPV03,1,0,1,0,2,0,2,0
Sm06,Sm05,1,0,1,0,2,0,2,0
Sm07,Lat,1,0,1,0,2,0,2,0
Tm16,Li14,1,0,1,0,2,0,2,0
Tm5c,LCe09,1,0,1,0,2,0,2,0
LPi10,mALC5,1,0,1,0,2,0,2,0
Mi10,cLLPM01,1,0,1,0,2,0,2,0
Sm03,Dm3q,1,0,1,0,2,0,2,0
MLt6,LC27,1,0,1,0,2,0,2,0
MLt6,MTe47,1,0,1,0,2,0,2,0
MLt6,LC10e,1,0,1,0,2,0,2,0
MLt1,cLM01,1,0,1,0,2,0,2,0
MLt1,LC10e,1,0,1,0,2,0,2,0
C3,OA-AL2i2,1,0,1,0,2,0,2,0
LPi02,Tm21,1,0,1,0,2,0,2,0
LPi02,LPT26,1,0,1,0,2,0,2,0
Mi14,MTe54,1,0,1,0,2,0,2,0
Sm07,Mi1,1,0,1,0,2,0,2,0
LPi06,Tm36,1,0,1,0,2,0,2,0
LMa4,Li19,1,0,1,0,2,0,2,0
Tm5e,LTe31,1,0,1,0,2,0,2,0
R8,Tm35,1,0,1,0,2,0,2,0
Y12,Tm37,1,0,1,0,2,0,2,0
TmY9q⊥,MTe43,1,0,1,0,2,0,2,0
Sm13,Tm20,1,0,1,0,2,0,2,0
T5a,Tm8a,1,0,1,0,2,0,2,0
Mi9,Li10,1,0,1,0,2,0,2,0
Tm5e,aMe4,1,0,1,0,2,0,2,0
T4b,LPT47_vCal2,1,0,1,0,2,0,2,0
Tm7,LT1b,1,0,1,0,2,0,2,0
TmY3,aMe17c,1,0,1,0,2,0,2,0
Dm17,Sm01,1,0,1,0,2,0,2,0
Pm06,TmY4,1,0,1,0,2,0,2,0
TmY14,MeTu3b,1,0,1,0,2,0,2,0
MLt6,LTe14,1,0,1,0,2,0,2,0
Tm4,R1-6,1,0,1,0,2,0,2,0
Tm16,MTe39,1,0,1,0,2,0,2,0
Tm1,Tm8b,1,0,1,0,2,0,2,0
Sm30,Sm11,1,0,1,0,2,0,2,0
Li26,LT80,1,0,1,0,2,0,2,0
MLt7,aMe26,1,0,1,0,2,0,2,0
LMt4,LT87,1,0,1,0,2,0,2,0
LMt4,LC16,1,0,1,0,2,0,2,0
Tm27,aMe19b,1,0,1,0,2,0,2,0
Tm1,MeTu3b,1,0,1,0,2,0,2,0
R7,Tm5e,1,0,1,0,2,0,2,0
Sm03,Sm18,1,0,1,0,2,0,2,0
Tm32,Li18,1,0,1,0,2,0,2,0
TmY16,LPT26,1,0,1,0,2,0,2,0
Tm8a,LC35,1,0,1,0,2,0,2,0
Li22,LC14a1,1,0,1,0,2,0,2,0
Li22,Tm27,1,0,1,0,2,0,2,0
R8,Mi13,1,0,1,0,2,0,2,0
Dm8a,OA-AL2i1,1,0,1,0,2,0,2,0
Li04,LTe74,1,0,1,0,2,0,2,0
Li04,LPLC2,1,0,1,0,2,0,2,0
MLt4,Lawf1,1,0,1,0,2,0,2,0
MLt4,cM08c,1,0,1,0,2,0,2,0
Lawf1,Dm13,1,0,1,0,2,0,2,0
Tm33,LMa3,1,0,1,0,2,0,2,0
Sm03,Dm15,1,0,1,0,2,0,2,0
Sm02,CB0816,1,0,1,0,2,0,2,0
Tm35,CB0472,1,0,1,0,2,0,2,0
Tm35,LTe30,1,0,1,0,2,0,2,0
Y12,cM17,1,0,1,0,2,0,2,0
T3,cLLPM01,1,0,1,0,2,0,2,0
TmY15,cML01,1,0,1,0,2,0,2,0
Dm2,MTe43,1,0,1,0,2,0,2,0
Y12,Tm34,1,0,1,0,2,0,2,0
Tlp1,T2a,1,0,1,0,2,0,2,0
Li10,Y11,1,0,1,0,2,0,2,0
Lawf1,MeTu3c,1,0,1,0,2,0,2,0
Tm34,Pm13,1,0,1,0,2,0,2,0
Tm34,T5d,1,0,1,0,2,0,2,0
Tm34,MTe54,1,0,1,0,2,0,2,0
Tm34,LC14b,1,0,1,0,2,0,2,0
MLt1,Li06,1,0,1,0,2,0,2,0
MLt1,DNp27,1,0,1,0,2,0,2,0
DmDRA2,Tm25,1,0,1,0,2,0,2,0
LMa3,Tm37,1,0,1,0,2,0,2,0
Li14,Tm5a,1,0,1,0,2,0,2,0
Tm5c,LC26,1,0,1,0,2,0,2,0
Tm5c,CB2848,1,0,1,0,2,0,2,0
Tm3,MTe28,1,0,1,0,2,0,2,0
Lawf2,MTe04,1,0,1,0,2,0,2,0
L4,Li06,1,0,1,0,2,0,2,0
Sm08,Tm4,1,0,1,0,2,0,2,0
TmY16,Sm31,1,0,1,0,2,0,2,0
Li09,LC14a2,1,0,1,0,2,0,2,0
DmDRA2,Lawf1,1,0,1,0,2,0,2,0
DmDRA2,Sm30,1,0,1,0,2,0,2,0
DmDRA2,Dm8b,1,0,1,0,2,0,2,0
DmDRA2,Tm5a,1,0,1,0,2,0,2,0
LMa1,LT11,1,0,1,0,2,0,2,0
LMa1,LC22,1,0,1,0,2,0,2,0
Li06,LTe18,1,0,1,0,2,0,2,0
Li06,LT65,1,0,1,0,2,0,2,0
Y4,LTe32,1,0,1,0,2,0,2,0
Tm7,Tlp1,1,0,1,0,2,0,2,0
MLt3,LCe01a,1,0,1,0,2,0,2,0
T5b,LC28a,1,0,1,0,2,0,2,0
Mi13,Sm02,1,0,1,0,2,0,2,0
TmY4,cML01,1,0,1,0,2,0,2,0
Tlp1,5-HTPMPV03,1,0,1,0,2,0,2,0
Tm5c,cL02a,1,0,1,0,2,0,2,0
T5a,TmY11,1,0,1,0,2,0,2,0
Mi4,mALC3,1,0,1,0,2,0,2,0
Dm2,Sm17,1,0,1,0,2,0,2,0
Y3,LCe01,1,0,1,0,2,0,2,0
Li08,Tm5a,1,0,1,0,2,0,2,0
Tm21,MTe45,1,0,1,0,2,0,2,0
LLPt,LT87,1,0,1,0,2,0,2,0
LLPt,LC10f,1,0,1,0,2,0,2,0
Tm21,OA-AL2i1,1,0,1,0,2,0,2,0
LPi14,LPT31,1,0,1,0,2,0,2,0
C3,Li26,1,0,1,0,2,0,2,0
Tm35,Sm29,1,0,1,0,2,0,2,0
Tm35,cL02a,1,0,1,0,2,0,2,0
Tm35,Sm16,1,0,1,0,2,0,2,0
Mi13,T4b,1,0,1,0,2,0,2,0
LPi10,Li06,1,0,1,0,2,0,2,0
LPi10,LC4,1,0,1,0,2,0,2,0
Dm15,Tm5f,1,0,1,0,2,0,2,0
Li01,LT34,1,0,1,0,2,0,2,0
TmY20,LC25,1,0,1,0,2,0,2,0
Tm8a,Tm9,1,0,1,0,2,0,2,0
Tm8b,MTe32,1,0,1,0,2,0,2,0
Li02,LT69,1,0,1,0,2,0,2,0
Tm7,MeTu3b,1,0,1,0,2,0,2,0
Mi15,MTe38,1,0,1,0,2,0,2,0
Dm8b,MeTu2b,1,0,1,0,2,0,2,0
T4b,cMLLP02,1,0,1,0,2,0,2,0
T5c,LCe07,1,0,1,0,2,0,2,0
Tm36,MTe13,1,0,1,0,2,0,2,0
Mi10,Tm36,1,0,1,0,2,0,2,0
LPi02,T4c,1,0,1,0,2,0,2,0
T4c,VST2,1,0,1,0,2,0,2,0
MLt4,Sm04,1,0,1,0,2,0,2,0
MLt4,cM04,1,0,1,0,2,0,2,0
Mi15,LMa4,1,0,1,0,2,0,2,0
Tm36,MLt8,1,0,1,0,2,0,2,0
Tm36,MeTu4a,1,0,1,0,2,0,2,0
MLt5,cL22a,1,0,1,0,2,0,2,0
Tm5e,mALB5,1,0,1,0,2,0,2,0
Lawf2,T4b,1,0,1,0,2,0,2,0
Sm09,cM10,1,0,1,0,2,0,2,0
Sm05,Dm20,1,0,1,0,2,0,2,0
Dm8a,Mi14,1,0,1,0,2,0,2,0
Sm09,Y3,1,0,1,0,2,0,2,0
Pm10,Pm11,1,0,1,0,2,0,2,0
Pm10,T4d,1,0,1,0,2,0,2,0
Pm10,T4a,1,0,1,0,2,0,2,0
TmY9q⊥,LC43,1,0,1,0,2,0,2,0
TmY9q⊥,MLt4,1,0,1,0,2,0,2,0
TmY9q⊥,Mi15,1,0,1,0,2,0,2,0
TmY9q⊥,LCe02,1,0,1,0,2,0,2,0
Li07,LT76,1,0,1,0,2,0,2,0
Li07,LTe17,1,0,1,0,2,0,2,0
Li07,LTe58,1,0,1,0,2,0,2,0
Dm8b,MTe50,1,0,1,0,2,0,2,0
Li09,Tm37,1,0,1,0,2,0,2,0
Dm3q,Dm15,1,0,1,0,2,0,2,0
Dm8b,DmDRA2,1,0,1,0,2,0,2,0
TmY20,LTe16,1,0,1,0,2,0,2,0
T5b,MLt4,1,0,1,0,2,0,2,0
T5b,aMe5,1,0,1,0,2,0,2,0
Tm36,MeMe_e08,1,0,1,0,2,0,2,0
Dm8a,MTe53,1,0,1,0,2,0,2,0
Sm27,Sm29,1,0,1,0,2,0,2,0
Sm27,aMe17b,1,0,1,0,2,0,2,0
Sm15,Pm14,1,0,1,0,2,0,2,0
Tm34,LTe15,1,0,1,0,2,0,2,0
Tm34,Li29,1,0,1,0,2,0,2,0
LMa5,Tm7,1,0,1,0,2,0,2,0
Sm32,Li33,1,0,1,0,2,0,2,0
Sm32,LC10b,1,0,1,0,2,0,2,0
Sm32,LCe01a,1,0,1,0,2,0,2,0
Sm32,LCe03,1,0,1,0,2,0,2,0
Mi2,Y11,1,0,1,0,2,0,2,0
Li11,LC34,1,0,1,0,2,0,2,0
Sm12,cM09,1,0,1,0,2,0,2,0
Dm13,Tm8b,1,0,1,0,2,0,2,0
Li13,Y4,1,0,1,0,2,0,2,0
T2a,T4d,1,0,1,0,2,0,2,0
TmY14,Tm36,1,0,1,0,2,0,2,0
Tm21,Am1,1,0,1,0,2,0,2,0
Tm20,Dm19,1,0,1,0,2,0,2,0
Sm20,Sm03,1,0,1,0,2,0,2,0
Sm20,C2,1,0,1,0,2,0,2,0
Sm20,MeTu3a,1,0,1,0,2,0,2,0
TmY11,LT1d,1,0,1,0,2,0,2,0
Sm34,Tm36,1,0,1,0,2,0,2,0
Sm34,Sm04,1,0,1,0,2,0,2,0
Sm34,MTe23,1,0,1,0,2,0,2,0
Sm34,TmY5a,1,0,1,0,2,0,2,0
Sm34,Sm17,1,0,1,0,2,0,2,0
Sm12,LMt1,1,0,1,0,2,0,2,0
Sm01,Tm8b,1,0,1,0,2,0,2,0
Li01,Tm4,1,0,1,0,2,0,2,0
Lawf1,Tm8a,1,0,1,0,2,0,2,0
LMt2,LTe14,1,0,1,0,2,0,2,0
LMt2,LC4,1,0,1,0,2,0,2,0
Li10,Tm33,1,0,1,0,2,0,2,0
Li10,LPT29,1,0,1,0,2,0,2,0
LPi07,cLLPM01,1,0,1,0,2,0,2,0
T5d,Li21,1,0,1,0,2,0,2,0
MLt1,aMe26,1,0,1,0,2,0,2,0
Li05,LTe23,1,0,1,0,2,0,2,0
LMt3,MLt3,1,0,1,0,2,0,2,0
LMt3,LT61a,1,0,1,0,2,0,2,0
LMt3,TmY20,1,0,1,0,2,0,2,0
Tm31,LTe12,1,0,1,0,2,0,2,0
TmY4,Li20,1,0,1,0,2,0,2,0
TmY4,LTe32,1,0,1,0,2,0,2,0
TmY4,Pm09,1,0,1,0,2,0,2,0
Dm2,LC10a,1,0,1,0,2,0,2,0
Dm2,Dm3v,1,0,1,0,2,0,2,0
Dm2,Li28,1,0,1,0,2,0,2,0
Dm2,LPLC1,1,0,1,0,2,0,2,0
Dm2,LPLC2,1,0,1,0,2,0,2,0
MLt1,MTe18,1,0,1,0,2,0,2,0
Tm5d,LTe31,1,0,1,0,2,0,2,0
Tm5d,LTe22,1,0,1,0,2,0,2,0
Pm10,MLt7,1,0,1,0,2,0,2,0
Y11,cLLPM02,1,0,1,0,2,0,2,0
Tm5d,Y12,1,0,1,0,2,0,2,0
LMa4,Dm3v,1,0,1,0,2,0,2,0
LMa4,MeTu4c,1,0,1,0,2,0,2,0
R8,Dm15,1,0,1,0,2,0,2,0
Sm08,MeMe_e06,1,0,1,0,2,0,2,0
LMt1,LT51,1,0,1,0,2,0,2,0
Mi15,Pm04,1,0,1,0,2,0,2,0
L4,Tm8b,1,0,1,0,2,0,2,0
Li06,Sm04,1,0,1,0,2,0,2,0
Li06,Pm04,1,0,1,0,2,0,2,0
Li06,Tlp5,1,0,1,0,2,0,2,0
Tm36,LMt4,1,0,1,0,2,0,2,0
Dm11,L2,1,0,1,0,2,0,2,0
TmY4,LC43,1,0,1,0,2,0,2,0
Tm20,cM13,1,0,1,0,2,0,2,0
TmY4,LPT21,1,0,1,0,2,0,2,0
Tlp14,LT82a,1,0,1,0,2,0,2,0
Tm2,R7,1,0,1,0,2,0,2,0
Li13,LC18,1,0,1,0,2,0,2,0
Tm36,LTe40,1,0,1,0,2,0,2,0
Pm05,MeTu3b,1,0,1,0,2,0,2,0
Tm7,LT79,1,0,1,0,2,0,2,0
LPi05,HSE,1,0,1,0,2,0,2,0
T2,MeLp2,1,0,1,0,2,0,2,0
Tm5a,MTe53,1,0,1,0,2,0,2,0
Sm18,MTe36,1,0,1,0,2,0,2,0
Tm5c,5-HTPMPV03,1,0,1,0,2,0,2,0
Y1,MTe41,1,0,1,0,2,0,2,0
Tm2,MeTu2a,1,0,1,0,2,0,2,0
TmY31,MLt3,1,0,1,0,2,0,2,0
Li11,Li07,1,0,1,0,2,0,2,0
C2,TmY9q⊥,1,0,1,0,2,0,2,0
Tm8a,MTe36,1,0,1,0,2,0,2,0
Sm01,MTe19,1,0,1,0,2,0,2,0
LPi02,LPTe02,1,0,1,0,2,0,2,0
MLt2,Tm25,1,0,1,0,2,0,2,0
MLt2,Tm37,1,0,1,0,2,0,2,0
TmY11,H1,1,0,1,0,2,0,2,0
Tm7,Li21,1,0,1,0,2,0,2,0
Li08,Y12,1,0,1,0,2,0,2,0
Li08,LT76,1,0,1,0,2,0,2,0
Li08,cL17,1,0,1,0,2,0,2,0
Lawf1,Dm3v,1,0,1,0,2,0,2,0
Lawf1,TmY9q,1,0,1,0,2,0,2,0
Lawf1,MTe50,1,0,1,0,2,0,2,0
Tm32,LTe56,1,0,1,0,2,0,2,0
Sm10,cM09,1,0,1,0,2,0,2,0
MLt5,LT58,1,0,1,0,2,0,2,0
Tm37,LT80,1,0,1,0,2,0,2,0
Sm10,LC14b,1,0,1,0,2,0,2,0
TmY11,aMe9,1,0,1,0,2,0,2,0
Sm15,aMe19a,1,0,1,0,2,0,2,0
Li01,LTe20,1,0,1,0,2,0,2,0
Li01,LTe13,1,0,1,0,2,0,2,0
Li01,LT47,1,0,1,0,2,0,2,0
Tm5d,Sm05,1,0,1,0,2,0,2,0
Sm32,MeMe_e05,1,0,1,0,2,0,2,0
Tlp5,MLt6,1,0,1,0,2,0,2,0
Tlp5,LTe42a,1,0,1,0,2,0,2,0
Mi15,Y3,1,0,1,0,2,0,2,0
Dm2,Li06,1,0,1,0,2,0,2,0
Li12,Sm12,1,0,1,0,2,0,2,0
TmY11,LT33,1,0,1,0,2,0,2,0
Tm25,Lawf1,1,0,1,0,2,0,2,0
Lawf1,l-LNv,1,0,1,0,2,0,2,0
C2,Tm35,1,0,1,0,2,0,2,0
C2,Tm37,1,0,1,0,2,0,2,0
C2,LCe01b,1,0,1,0,2,0,2,0
C2,LC37a,1,0,1,0,2,0,2,0
C2,LTe12,1,0,1,0,2,0,2,0
Tm9,LT11,1,0,1,0,2,0,2,0
LLPt,Tm3,1,0,1,0,2,0,2,0
T3,Li01,1,0,1,0,2,0,2,0
Tm2,LC28a,1,0,1,0,2,0,2,0
Tlp14,VS1,1,0,1,0,2,0,2,0
Mi13,MTe01b,1,0,1,0,2,0,2,0
L5,aMe10,1,0,1,0,2,0,2,0
T5d,DNc01,1,0,1,0,2,0,2,0
Sm22,MTe04,1,0,1,0,2,0,2,0
Sm22,Tm21,1,0,1,0,2,0,2,0
T4b,MTe18,1,0,1,0,2,0,2,0
T4b,MTe51,1,0,1,0,2,0,2,0
Li05,LTe63,1,0,1,0,2,0,2,0
Li10,Sm36,1,0,1,0,2,0,2,0
Li10,MTe35,1,0,1,0,2,0,2,0
Li10,MTe38,1,0,1,0,2,0,2,0
Sm09,Y1,1,0,1,0,2,0,2,0
Sm32,CB0592,1,0,1,0,2,0,2,0
Sm07,MTe45,1,0,1,0,2,0,2,0
Y3,LTe38b,1,0,1,0,2,0,2,0
Y11,LC28a,1,0,1,0,2,0,2,0
TmY5a,LT60,1,0,1,0,2,0,2,0
LPi01,T4c,1,0,1,0,2,0,2,0
Tm31,LC12,1,0,1,0,2,0,2,0
Tm5c,MeTu3a,1,0,1,0,2,0,2,0
Tm5c,MeTu2a,1,0,1,0,2,0,2,0
Tlp1,LC9,1,0,1,0,2,0,2,0
Tm8a,Pm04,1,0,1,0,2,0,2,0
Sm02,Pm05,1,0,1,0,2,0,2,0
TmY9q,MeTu4b,1,0,1,0,2,0,2,0
TmY9q,LPi01,1,0,1,0,2,0,2,0
Li05,Tm3,1,0,1,0,2,0,2,0
Tlp5,LT82a,1,0,1,0,2,0,2,0
TmY9q⊥,cM05,1,0,1,0,2,0,2,0
Tm36,LT39,1,0,1,0,2,0,2,0
Tm16,Pm06,1,0,1,0,2,0,2,0
Pm05,cM05,1,0,1,0,2,0,2,0
Sm03,TmY20,1,0,1,0,2,0,2,0
Tm7,LT70,1,0,1,0,2,0,2,0
LMt2,C2,1,0,1,0,2,0,2,0
L4,cM09,1,0,1,0,2,0,2,0
Tm36,MTe04,1,0,1,0,2,0,2,0
Tm36,MTe07,1,0,1,0,2,0,2,0
TmY9q,LC12,1,0,1,0,2,0,2,0
Tm5c,cM06,1,0,1,0,2,0,2,0
Y12,cM07,1,0,1,0,2,0,2,0
Pm04,cM08a,1,0,1,0,2,0,2,0
MLt6,Dm11,1,0,1,0,2,0,2,0
MLt6,LC6,1,0,1,0,2,0,2,0
MLt6,Tlp5,1,0,1,0,2,0,2,0
MLt6,Dm4,1,0,1,0,2,0,2,0
Tm8a,LTe62,1,0,1,0,2,0,2,0
Li11,Pm01,1,0,1,0,2,0,2,0
MLt8,Li08,1,0,1,0,2,0,2,0
Y4,Li07,1,0,1,0,2,0,2,0
Y4,Li27,1,0,1,0,2,0,2,0
Y4,TmY9q,1,0,1,0,2,0,2,0
Dm8b,aMe26,1,0,1,0,2,0,2,0
Tm4,Tm33,1,0,1,0,2,0,2,0
Tm5e,MeMe_e03,1,0,1,0,2,0,2,0
Tm8b,LMa3,1,0,1,0,2,0,2,0
Pm05,CB3833,1,0,1,0,2,0,2,0
Li09,LTe35,1,0,1,0,2,0,2,0
Li09,LTe23,1,0,1,0,2,0,2,0
Li12,LT61b,1,0,1,0,2,0,2,0
T4a,OA-AL2i1,1,0,1,0,2,0,2,0
Tm33,5-HTPMPV03,1,0,1,0,2,0,2,0
Tlp4,LC33a,1,0,1,0,2,0,2,0
Tm32,MTe20,1,0,1,0,2,0,2,0
Tlp14,Tm5a,1,0,1,0,2,0,2,0
Sm23,Tm31,1,0,1,0,2,0,2,0
Sm23,Tm34,1,0,1,0,2,0,2,0
Sm23,Sm25,1,0,1,0,2,0,2,0
Sm23,MLt2,1,0,1,0,2,0,2,0
Sm23,Lat,1,0,1,0,2,0,2,0
T5d,LPT51,1,0,1,0,2,0,2,0
Mi14,MeTu4c,1,0,1,0,2,0,2,0
Tm9,cML02,1,0,1,0,2,0,2,0
TmY15,LT65,1,0,1,0,2,0,2,0
Sm17,cLLP02,1,0,1,0,2,0,2,0
Sm17,Li33,1,0,1,0,2,0,2,0
Sm17,LTe02,1,0,1,0,2,0,2,0
Tm5f,MeTu2b,1,0,1,0,2,0,2,0
Sm22,cM15,1,0,1,0,2,0,2,0
Sm18,cM01c,1,0,1,0,2,0,2,0
Sm18,MTe54,1,0,1,0,2,0,2,0
Sm18,MeMe_e04,1,0,1,0,2,0,2,0
Sm18,Li06,1,0,1,0,2,0,2,0
Mi13,LMt3,1,0,1,0,2,0,2,0
Li12,MLt7,1,0,1,0,2,0,2,0
Li12,LC10f,1,0,1,0,2,0,2,0
Tm32,LTe04,1,0,1,0,2,0,2,0
Li30,cM07,1,0,1,0,2,0,2,0
Li30,TmY16,1,0,1,0,2,0,2,0
Li30,LC31c,1,0,1,0,2,0,2,0
Li30,LT40,1,0,1,0,2,0,2,0
Li30,LTe49f,1,0,1,0,2,0,2,0
Li30,LC27,1,0,1,0,2,0,2,0
Li30,LT1d,1,0,1,0,2,0,2,0
Li30,LTe23,1,0,1,0,2,0,2,0
Li30,LCe08,1,0,1,0,2,0,2,0
Li30,MLt3,1,0,1,0,2,0,2,0
Li06,Sm24,1,0,1,0,2,0,2,0
Li06,H1,1,0,1,0,2,0,2,0
Li26,OA-AL2i2,1,0,1,0,2,0,2,0
Li26,Tm27,1,0,1,0,2,0,2,0
Tm36,T1,1,0,1,0,2,0,2,0
Tm8a,CB0802,1,0,1,0,2,0,2,0
T4c,VS4,1,0,1,0,2,0,2,0
TmY9q,Tm2,1,0,1,0,2,0,2,0
Dm20,MTe42,1,0,1,0,2,0,2,0
T5a,cML02,1,0,1,0,2,0,2,0
Pm10,OA-ASM1,1,0,1,0,2,0,2,0
Pm10,cM10,1,0,1,0,2,0,2,0
Pm10,Sm32,1,0,1,0,2,0,2,0
MLt4,LT55,1,0,1,0,2,0,2,0
LMt1,MeMe_e07,1,0,1,0,2,0,2,0
LPi02,Li05,1,0,1,0,2,0,2,0
Sm03,Tm5f,1,0,1,0,2,0,2,0
MLt8,OA-ASM1,1,0,1,0,2,0,2,0
MLt8,LTe31,1,0,1,0,2,0,2,0
MLt8,Sm05,1,0,1,0,2,0,2,0
LMt2,MTe44,1,0,1,0,2,0,2,0
Pm03,Tm7,1,0,1,0,2,0,2,0
Tm5a,Pm10,1,0,1,0,2,0,2,0
Li02,cL18,1,0,1,0,2,0,2,0
Y3,LTe57,1,0,1,0,2,0,2,0
TmY16,LTe08,1,0,1,0,2,0,2,0
Tm5d,LTe64,1,0,1,0,2,0,2,0
T2a,MTe12,1,0,1,0,2,0,2,0
Li03,T2,1,0,1,0,2,0,2,0
L4,CB3833,1,0,1,0,2,0,2,0
LMa1,Li01,1,0,1,0,2,0,2,0
T5c,DCH,1,0,1,0,2,0,2,0
Sm25,MTe06,1,0,1,0,2,0,2,0
Sm25,TmY14,1,0,1,0,2,0,2,0
Li06,LTe29,1,0,1,0,2,0,2,0
Sm08,MLt3,1,0,1,0,2,0,2,0
Sm08,cM10,1,0,1,0,2,0,2,0
Tm20,LT1b,1,0,1,0,2,0,2,0
L4,Sm12,1,0,1,0,2,0,2,0
MLt2,LTe21,1,0,1,0,2,0,2,0
MLt2,LT81,1,0,1,0,2,0,2,0
MLt2,MeLp1,1,0,1,0,2,0,2,0
MLt2,cL02c,1,0,1,0,2,0,2,0
MLt2,PLP051,1,0,1,0,2,0,2,0
Pm02,Mi10,1,0,1,0,2,0,2,0
Tm8a,aMe4,1,0,1,0,2,0,2,0
Tm8a,MTe04,1,0,1,0,2,0,2,0
Li12,LT67,1,0,1,0,2,0,2,0
L5,MLt4,1,0,1,0,2,0,2,0
TmY10,cL14,1,0,1,0,2,0,2,0
Tm34,LTe35,1,0,1,0,2,0,2,0
LMt3,Dm12,1,0,1,0,2,0,2,0
Li08,LTe74,1,0,1,0,2,0,2,0
TmY14,cML01,1,0,1,0,2,0,2,0
TmY5a,CT1,1,0,1,0,2,0,2,0
Tm8b,cL01,1,0,1,0,2,0,2,0
TmY20,Sm22,1,0,1,0,2,0,2,0
Tlp4,LC20a,1,0,1,0,2,0,2,0
TmY3,LT64,1,0,1,0,2,0,2,0
C2,LPT54,1,0,1,0,2,0,2,0
Tm5c,mALC4,1,0,1,0,2,0,2,0
R1-6,CB0592,1,0,1,0,2,0,2,0
T4b,Dm6,1,0,1,0,2,0,2,0
T4b,L1,1,0,1,0,2,0,2,0
Tm32,Sm30,1,0,1,0,2,0,2,0
Tm32,Sm36,1,0,1,0,2,0,2,0
Tm32,LTe08,1,0,1,0,2,0,2,0
Tm32,LTe37,1,0,1,0,2,0,2,0
Sm33,MeMe_e02,1,0,1,0,2,0,2,0
Sm06,aMe26,1,0,1,0,2,0,2,0
Tlp5,PLP051,1,0,1,0,2,0,2,0
Tlp5,Tm5d,1,0,1,0,2,0,2,0
T4b,LPT54,1,0,1,0,2,0,2,0
Tm8b,LTe76,1,0,1,0,2,0,2,0
Li05,LLPC2,1,0,1,0,2,0,2,0
L5,Sm23,1,0,1,0,2,0,2,0
Dm20,Sm26,1,0,1,0,2,0,2,0
LPi08,LPT54,1,0,1,0,2,0,2,0
L3,MTe03,1,0,1,0,2,0,2,0
Pm13,MeMe_e04,1,0,1,0,2,0,2,0
Pm13,MTe03,1,0,1,0,2,0,2,0
Pm13,Tm27,1,0,1,0,2,0,2,0
Pm13,T1,1,0,1,0,2,0,2,0
Pm13,MTe49,1,0,1,0,2,0,2,0
Sm30,DmDRA2,1,0,1,0,2,0,2,0
Sm30,MLt8,1,0,1,0,2,0,2,0
Sm10,Tm9,1,0,1,0,2,0,2,0
T5a,LPT27,1,0,1,0,2,0,2,0
TmY9q⊥,OA-AL2b1,1,0,1,0,2,0,2,0
LMt2,cM15,1,0,1,0,2,0,2,0
LMt2,Li01,1,0,1,0,2,0,2,0
Sm08,Li10,1,0,1,0,2,0,2,0
Dm20,Sm03,1,0,1,0,2,0,2,0
Tm31,LT76,1,0,1,0,2,0,2,0
Tm4,Sm23,1,0,1,0,2,0,2,0
C3,Y4,1,0,1,0,2,0,2,0
TmY9q⊥,cLPL01,1,0,1,0,2,0,2,0
Tm36,MTe39,1,0,1,0,2,0,2,0
T5b,LPi08,1,0,1,0,2,0,2,0
Tm36,Li26,1,0,1,0,2,0,2,0
Tm8a,C3,1,0,1,0,2,0,2,0
Li16,LT33,1,0,1,0,2,0,2,0
Sm18,cM02a,1,0,1,0,2,0,2,0
TmY20,Nod5,1,0,1,0,2,0,2,0
Y12,LTe14,1,0,1,0,2,0,2,0
TmY11,T4b,1,0,1,0,2,0,2,0
MLt5,MTe35,1,0,1,0,2,0,2,0
Tm5c,LTe03,1,0,1,0,2,0,2,0
Tm5f,MLt2,1,0,1,0,2,0,2,0
TmY9q,LTe74,1,0,1,0,2,0,2,0
TmY9q,LT34,1,0,1,0,2,0,2,0
TmY4,cM16,1,0,1,0,2,0,2,0
Li10,R1-6,1,0,1,0,2,0,2,0
Li10,MLt1,1,0,1,0,2,0,2,0
Li10,Dm10,1,0,1,0,2,0,2,0
Li10,Li15,1,0,1,0,2,0,2,0
Tm5b,LMt3,1,0,1,0,2,0,2,0
Y11,Mi10,1,0,1,0,2,0,2,0
Sm22,MeTu2b,1,0,1,0,2,0,2,0
Dm4,OA-AL2i3,1,0,1,0,2,0,2,0
Tlp1,LC10c,1,0,1,0,2,0,2,0
Tlp1,LT86,1,0,1,0,2,0,2,0
Tlp1,LC27,1,0,1,0,2,0,2,0
Tlp1,LT78,1,0,1,0,2,0,2,0
Tlp1,LTe33,1,0,1,0,2,0,2,0
Tlp1,LTe25,1,0,1,0,2,0,2,0
Tlp1,LC37a,1,0,1,0,2,0,2,0
Tlp1,Li08,1,0,1,0,2,0,2,0
Tlp1,mALC4,1,0,1,0,2,0,2,0
Tm8a,LT43,1,0,1,0,2,0,2,0
R8,Tm16,1,0,1,0,2,0,2,0
Li10,cM11,1,0,1,0,2,0,2,0
Tlp5,LT74,1,0,1,0,2,0,2,0
Tlp5,HSN,1,0,1,0,2,0,2,0
Dm3v,Sm04,1,0,1,0,2,0,2,0
Sm09,Dm9,1,0,1,0,2,0,2,0
TmY10,cL02a,1,0,1,0,2,0,2,0
C3,aMe12,1,0,1,0,2,0,2,0
C3,MeTu4a,1,0,1,0,2,0,2,0
Li01,cL02d,1,0,1,0,2,0,2,0
Tm7,LT62,1,0,1,0,2,0,2,0
LLPt,LMa5,1,0,1,0,2,0,2,0
T1,Tm5d,1,0,1,0,2,0,2,0
T1,Pm05,1,0,1,0,2,0,2,0
Tm4,cL07,1,0,1,0,2,0,2,0
Tm4,LT79,1,0,1,0,2,0,2,0
Sm29,LPT54,1,0,1,0,2,0,2,0
Sm29,MTe09,1,0,1,0,2,0,2,0
TmY3,MLt1,1,0,1,0,2,0,2,0
Li16,LLPC2,1,0,1,0,2,0,2,0
Dm6,Tm9,1,0,1,0,2,0,2,0
Tm4,LTe14,1,0,1,0,2,0,2,0
Pm03,Dm3v,1,0,1,0,2,0,2,0
Sm09,DNc01,1,0,1,0,2,0,2,0
Tm5f,LT75,1,0,1,0,2,0,2,0
Li07,LTe38a,1,0,1,0,2,0,2,0
Li07,MLt2,1,0,1,0,2,0,2,0
Pm02,Tm16,1,0,1,0,2,0,2,0
Sm25,Sm42,1,0,1,0,2,0,2,0
T5c,LPT21,1,0,1,0,2,0,2,0
T2a,Dm17,1,0,1,0,2,0,2,0
Tm37,LT84,1,0,1,0,2,0,2,0
Sm11,MTe33,1,0,1,0,2,0,2,0
Sm11,Sm01,1,0,1,0,2,0,2,0
Sm11,MTe38,1,0,1,0,2,0,2,0
TmY4,MTe03,1,0,1,0,2,0,2,0
Sm09,Mi1,1,0,1,0,2,0,2,0
Mi13,Y11,1,0,1,0,2,0,2,0
Y3,LT83,1,0,1,0,2,0,2,0
Sm06,Sm25,1,0,1,0,2,0,2,0
Tm4,OA-AL2i3,1,0,1,0,2,0,2,0
Sm06,MTe49,1,0,1,0,2,0,2,0
LMa1,LT76,1,0,1,0,2,0,2,0
Tm5e,LT82a,1,0,1,0,2,0,2,0
Li06,LC20a,1,0,1,0,2,0,2,0
TmY5a,cM08c,1,0,1,0,2,0,2,0
MLt5,cM02a,1,0,1,0,2,0,2,0
MLt5,LC12,1,0,1,0,2,0,2,0
MLt5,C2,1,0,1,0,2,0,2,0
MLt5,Sm26,1,0,1,0,2,0,2,0
Mi14,MeTu3b,1,0,1,0,2,0,2,0
LMa2,cL08,1,0,1,0,2,0,2,0
Li22,OA-AL2i2,1,0,1,0,2,0,2,0
Tm25,T4a,1,0,1,0,2,0,2,0
TmY10,LT76,1,0,1,0,2,0,2,0
MLt2,LTe69,1,0,1,0,2,0,2,0
Li29,LT75,1,0,1,0,2,0,2,0
Li29,Li07,1,0,1,0,2,0,2,0
Li29,Tm27,1,0,1,0,2,0,2,0
Li29,MTe03,1,0,1,0,2,0,2,0
Li29,LT81,1,0,1,0,2,0,2,0
Li29,TmY14,1,0,1,0,2,0,2,0
Li29,Tm8a,1,0,1,0,2,0,2,0
Li29,Pm01,1,0,1,0,2,0,2,0
Li29,LTe18,1,0,1,0,2,0,2,0
Li29,LC12,1,0,1,0,2,0,2,0
Li29,Li09,1,0,1,0,2,0,2,0
Li29,T2,1,0,1,0,2,0,2,0
Li29,Tm3,1,0,1,0,2,0,2,0
Li29,LT56,1,0,1,0,2,0,2,0
Li29,TmY10,1,0,1,0,2,0,2,0
Li29,T3,1,0,1,0,2,0,2,0
Li29,Li18,1,0,1,0,2,0,2,0
Li29,LCe06,1,0,1,0,2,0,2,0
Li29,LT61b,1,0,1,0,2,0,2,0
Li29,LT85,1,0,1,0,2,0,2,0
Li29,LT82a,1,0,1,0,2,0,2,0
Li29,LTe52,1,0,1,0,2,0,2,0
Li29,Tm35,1,0,1,0,2,0,2,0
Sm37,MTe38,1,0,1,0,2,0,2,0
Sm37,aMe5,1,0,1,0,2,0,2,0
Sm37,MeTu4a,1,0,1,0,2,0,2,0
Sm37,Tm8a,1,0,1,0,2,0,2,0
Sm37,MTe26,1,0,1,0,2,0,2,0
Sm37,Pm14,1,0,1,0,2,0,2,0
Sm37,Sm20,1,0,1,0,2,0,2,0
Sm37,Sm33,1,0,1,0,2,0,2,0
Sm37,Sm03,1,0,1,0,2,0,2,0
Sm37,5-HTPMPV03,1,0,1,0,2,0,2,0
Sm37,Sm42,1,0,1,0,2,0,2,0
Sm37,Sm10,1,0,1,0,2,0,2,0
Sm37,MTe10,1,0,1,0,2,0,2,0
Sm37,Sm38,1,0,1,0,2,0,2,0
Sm37,Sm31,1,0,1,0,2,0,2,0
Sm37,Sm13,1,0,1,0,2,0,2,0
TmY3,cL14,1,0,1,0,2,0,2,0
Tlp14,LPi01,1,0,1,0,2,0,2,0
T5d,L1,1,0,1,0,2,0,2,0
Tm5f,Tlp14,1,0,1,0,2,0,2,0
MLt6,LTe55,1,0,1,0,2,0,2,0
Pm02,PDt,1,0,1,0,2,0,2,0
T5a,Nod3,1,0,1,0,2,0,2,0
T5a,MeMe_e07,1,0,1,0,2,0,2,0
Sm07,MeMe_e05,1,0,1,0,2,0,2,0
Sm14,Mi15,1,0,1,0,2,0,2,0
Sm14,cM08b,1,0,1,0,2,0,2,0
Sm07,LPi09,1,0,1,0,2,0,2,0
Tm5f,LT76,1,0,1,0,2,0,2,0
Tm5a,cL22b,1,0,1,0,2,0,2,0
Sm01,MeLp1,1,0,1,0,2,0,2,0
Tm4,LTe12,1,0,1,0,2,0,2,0
LLPt,LT63,1,0,1,0,2,0,2,0
Tm33,Li15,1,0,1,0,2,0,2,0
Tm33,Tm21,1,0,1,0,2,0,2,0
Tm20,CB0592,1,0,1,0,2,0,2,0
Tm25,MeLp1,1,0,1,0,2,0,2,0
TmY14,LMt1,1,0,1,0,2,0,2,0
LMt4,Tm36,1,0,1,0,2,0,2,0
LMt4,Y11,1,0,1,0,2,0,2,0
Mi10,Y12,1,0,1,0,2,0,2,0
Sm07,T2,1,0,1,0,2,0,2,0
T2,LC31b,1,0,1,0,2,0,2,0
Tm8b,LC44,1,0,1,0,2,0,2,0
Dm8a,T2,1,0,1,0,2,0,2,0
Sm01,R8,1,0,1,0,2,0,2,0
Tm5a,LTe44,1,0,1,0,2,0,2,0
Y1,AN_multi_124,1,0,1,0,2,0,2,0
Sm04,Mi10,1,0,1,0,2,0,2,0
Li12,LTe51,1,0,1,0,2,0,2,0
Tm8b,Li03,1,0,1,0,2,0,2,0
Tm8b,Sm27,1,0,1,0,2,0,2,0
Li13,LC46,1,0,1,0,2,0,2,0
Sm36,Pm07,1,0,1,0,2,0,2,0
Sm36,Sm12,1,0,1,0,2,0,2,0
Sm36,Mi2,1,0,1,0,2,0,2,0
Sm36,MTe18,1,0,1,0,2,0,2,0
Sm36,MTe17,1,0,1,0,2,0,2,0
Dm19,Tm7,1,0,1,0,2,0,2,0
Sm23,Sm42,1,0,1,0,2,0,2,0
MLt6,LC14b,1,0,1,0,2,0,2,0
Sm13,Mi2,1,0,1,0,2,0,2,0
Mi15,TmY4,1,0,1,0,2,0,2,0
LMa5,LT61b,1,0,1,0,2,0,2,0
Sm32,aMe12,1,0,1,0,2,0,2,0
Tlp1,Tm21,1,0,1,0,2,0,2,0
Tlp5,LPT57,1,0,1,0,2,0,2,0
Tlp5,LPC2,1,0,1,0,2,0,2,0
Li03,LTe03,1,0,1,0,2,0,2,0
Li03,LTe10,1,0,1,0,2,0,2,0
Li03,LTe45,1,0,1,0,2,0,2,0
Sm08,Y3,1,0,1,0,2,0,2,0
LPi13,Tm16,1,0,1,0,2,0,2,0
LPi13,MeLp2,1,0,1,0,2,0,2,0
LPi13,MeLp1,1,0,1,0,2,0,2,0
LPi13,T3,1,0,1,0,2,0,2,0
LPi13,vCal1,1,0,1,0,2,0,2,0
LPi13,LPTe02,1,0,1,0,2,0,2,0
Tm5c,LT62,1,0,1,0,2,0,2,0
Tm5c,mALB5,1,0,1,0,2,0,2,0
T5c,Tm31,1,0,1,0,2,0,2,0
T3,Tm33,1,0,1,0,2,0,2,0
TmY20,LT47,1,0,1,0,2,0,2,0
Tm2,Sm04,1,0,1,0,2,0,2,0
R8,Y3,1,0,1,0,2,0,2,0
R1-6,LC11,1,0,1,0,2,0,2,0
R1-6,T4c,1,0,1,0,2,0,2,0
R1-6,LT61a,1,0,1,0,2,0,2,0
R1-6,Mi10,1,0,1,0,2,0,2,0
Sm09,aMe25,1,0,1,0,2,0,2,0
Pm08,Tm5c,1,0,1,0,2,0,2,0
LMt4,Li22,1,0,1,0,2,0,2,0
Li24,LTe17,1,0,1,0,2,0,2,0
Tm36,MeTu4d,1,0,1,0,2,0,2,0
Tm5f,Li04,1,0,1,0,2,0,2,0
Dm8a,MTe14,1,0,1,0,2,0,2,0
Dm20,Pm01,1,0,1,0,2,0,2,0
Dm20,TmY31,1,0,1,0,2,0,2,0
TmY15,Tm33,1,0,1,0,2,0,2,0
Sm14,cM08c,1,0,1,0,2,0,2,0
Tm32,LPT51,1,0,1,0,2,0,2,0
Tm5a,LC31c,1,0,1,0,2,0,2,0
TmY15,Sm10,1,0,1,0,2,0,2,0
TmY15,R8,1,0,1,0,2,0,2,0
Li06,Mi2,1,0,1,0,2,0,2,0
Li06,MTe13,1,0,1,0,2,0,2,0
Li06,Sm32,1,0,1,0,2,0,2,0
Sm01,Sm24,1,0,1,0,2,0,2,0
Tlp5,LT76,1,0,1,0,2,0,2,0
Tlp5,LT11,1,0,1,0,2,0,2,0
T5a,Li20,1,0,1,0,2,0,2,0
LPi02,LPi08,1,0,1,0,2,0,2,0
LMt1,Tm25,1,0,1,0,2,0,2,0
Tm31,T5a,1,0,1,0,2,0,2,0
Li04,LT78,1,0,1,0,2,0,2,0
Li04,LC16,1,0,1,0,2,0,2,0
Li04,5-HTPMPV03,1,0,1,0,2,0,2,0
Li04,LT59,1,0,1,0,2,0,2,0
Li05,LPT51,1,0,1,0,2,0,2,0
Sm23,cLM01,1,0,1,0,2,0,2,0
Dm11,Sm30,1,0,1,0,2,0,2,0
Dm11,Sm10,1,0,1,0,2,0,2,0
Li06,LCe07,1,0,1,0,2,0,2,0
Mi2,Pm13,1,0,1,0,2,0,2,0
Tm4,mALC4,1,0,1,0,2,0,2,0
Li02,MLt3,1,0,1,0,2,0,2,0
Li02,LC4,1,0,1,0,2,0,2,0
Tm5f,LTe40,1,0,1,0,2,0,2,0
Dm2,MTe34,1,0,1,0,2,0,2,0
Li02,LC35,1,0,1,0,2,0,2,0
T2a,Sm08,1,0,1,0,2,0,2,0
Tm5c,LTe29,1,0,1,0,2,0,2,0
Dm3p,MTe17,1,0,1,0,2,0,2,0
MLt1,LTe60,1,0,1,0,2,0,2,0
LMa4,Tlp4,1,0,1,0,2,0,2,0
LMa2,Li20,1,0,1,0,2,0,2,0
MLt7,LC21,1,0,1,0,2,0,2,0
T4c,AN_multi_124,1,0,1,0,2,0,2,0
Sm38,aMe12,1,0,1,0,2,0,2,0
Sm38,Sm36,1,0,1,0,2,0,2,0
Sm38,cM11,1,0,1,0,2,0,2,0
Dm13,MTe04,1,0,1,0,2,0,2,0
Dm10,Tm35,1,0,1,0,2,0,2,0
Li01,LTe07,1,0,1,0,2,0,2,0
Li01,LT42,1,0,1,0,2,0,2,0
Tm33,LTe36,1,0,1,0,2,0,2,0
LMt1,PDt,1,0,1,0,2,0,2,0
Sm21,Sm05,1,0,1,0,2,0,2,0
L4,MeMe_e08,1,0,1,0,2,0,2,0
Tm33,Sm40,1,0,1,0,2,0,2,0
TmY9q,LT62,1,0,1,0,2,0,2,0
LMa4,Tm32,1,0,1,0,2,0,2,0
T5c,Tm7,1,0,1,0,2,0,2,0
MLt3,LC43,1,0,1,0,2,0,2,0
T5b,Y4,1,0,1,0,2,0,2,0
Li08,LT74,1,0,1,0,2,0,2,0
Sm07,MLt8,1,0,1,0,2,0,2,0
Tm36,MTe49,1,0,1,0,2,0,2,0
TmY5a,LTe75,1,0,1,0,2,0,2,0
MLt1,MTe42,1,0,1,0,2,0,2,0
Tm5f,LT61b,1,0,1,0,2,0,2,0
Pm09,OA-AL2i1,1,0,1,0,2,0,2,0
Tlp1,cLPL01,1,0,1,0,2,0,2,0
TmY15,Tm32,1,0,1,0,2,0,2,0
TmY10,LPT28,1,0,1,0,2,0,2,0
TmY10,Li32,1,0,1,0,2,0,2,0
TmY10,LPi03,1,0,1,0,2,0,2,0
Sm21,MTe01b,1,0,1,0,2,0,2,0
Sm27,CB0816,1,0,1,0,2,0,2,0
Sm27,Pm13,1,0,1,0,2,0,2,0
Li16,LC10d,1,0,1,0,2,0,2,0
Li16,LT61b,1,0,1,0,2,0,2,0
Sm43,TmY10,1,0,1,0,2,0,2,0
Sm07,Sm17,1,0,1,0,2,0,2,0
Sm07,cM08c,1,0,1,0,2,0,2,0
Tm5a,LC27,1,0,1,0,2,0,2,0
R8,LCe09,1,0,1,0,2,0,2,0
R8,LC10a,1,0,1,0,2,0,2,0
R8,Tm36,1,0,1,0,2,0,2,0
R8,LT74,1,0,1,0,2,0,2,0
MLt3,T5c,1,0,1,0,2,0,2,0
Pm11,cML01,1,0,1,0,2,0,2,0
Sm04,Sm41,1,0,1,0,2,0,2,0
Sm04,Sm07,1,0,1,0,2,0,2,0
T3,LC29,1,0,1,0,2,0,2,0
Sm09,MeMe_e06,1,0,1,0,2,0,2,0
Sm09,MeTu3a,1,0,1,0,2,0,2,0
Sm20,Dm10,1,0,1,0,2,0,2,0
TmY5a,mALC3,1,0,1,0,2,0,2,0
Tlp4,LPT29,1,0,1,0,2,0,2,0
Tm27,LTe13,1,0,1,0,2,0,2,0
TmY20,Sm20,1,0,1,0,2,0,2,0
MLt8,cLLP02,1,0,1,0,2,0,2,0
MLt8,Sm18,1,0,1,0,2,0,2,0
Sm43,aMe5,1,0,1,0,2,0,2,0
Sm06,C2,1,0,1,0,2,0,2,0
Pm09,MTe27,1,0,1,0,2,0,2,0
Li12,cM09,1,0,1,0,2,0,2,0
LPi01,LPi04,1,0,1,0,2,0,2,0
Tm36,Mi14,1,0,1,0,2,0,2,0
Y11,Tm8b,1,0,1,0,2,0,2,0
MLt7,CB1329,1,0,1,0,2,0,2,0
Sm14,Tm1,1,0,1,0,2,0,2,0
R1-6,Mi13,1,0,1,0,2,0,2,0
T2,R7,1,0,1,0,2,0,2,0
T2,Sm03,1,0,1,0,2,0,2,0
Tm5c,TmY16,1,0,1,0,2,0,2,0
TmY20,Sm40,1,0,1,0,2,0,2,0
Dm11,TmY9q⊥,1,0,1,0,2,0,2,0
Dm8b,Pm05,1,0,1,0,2,0,2,0
LMa1,LC27,1,0,1,0,2,0,2,0
LMa1,LTe66,1,0,1,0,2,0,2,0
Tm5d,Dm3q,1,0,1,0,2,0,2,0
Sm04,Tm9,1,0,1,0,2,0,2,0
Sm04,Dm1,1,0,1,0,2,0,2,0
Sm04,L5,1,0,1,0,2,0,2,0
Sm04,MTe25,1,0,1,0,2,0,2,0
MLt7,Sm19,1,0,1,0,2,0,2,0
Tm21,CB3833,1,0,1,0,2,0,2,0
Dm15,TmY16,1,0,1,0,2,0,2,0
Sm16,Tm27,1,0,1,0,2,0,2,0
Sm16,MeMe_e04,1,0,1,0,2,0,2,0
MLt5,Sm01,1,0,1,0,2,0,2,0
MLt5,LC10a,1,0,1,0,2,0,2,0
T5c,LC15,1,0,1,0,2,0,2,0
MLt3,cLLPM02,1,0,1,0,2,0,2,0
Sm26,MTe29,1,0,1,0,2,0,2,0
Sm26,MTe01a,1,0,1,0,2,0,2,0
Sm26,MeTu4a,1,0,1,0,2,0,2,0
LPi09,Li06,1,0,1,0,2,0,2,0
Dm13,Dm8b,1,0,1,0,2,0,2,0
Dm13,T1,1,0,1,0,2,0,2,0
Tm34,MeMe_e07,1,0,1,0,2,0,2,0
L5,Sm42,1,0,1,0,2,0,2,0
Tlp5,LC13,1,0,1,0,2,0,2,0
Pm04,TmY10,1,0,1,0,2,0,2,0
TmY20,LTe01,1,0,1,0,2,0,2,0
Tm16,cL08,1,0,1,0,2,0,2,0
Dm9,MTe19,1,0,1,0,2,0,2,0
Sm16,MTe06,1,0,1,0,2,0,2,0
Sm01,C2,1,0,1,0,2,0,2,0
Li23,LC14b,1,0,1,0,2,0,2,0
Li23,LTe46,1,0,1,0,2,0,2,0
Li23,LPLC2,1,0,1,0,2,0,2,0
Li23,LC20a,1,0,1,0,2,0,2,0
Li23,Y4,1,0,1,0,2,0,2,0
Li23,Li09,1,0,1,0,2,0,2,0
Li23,Li18,1,0,1,0,2,0,2,0
Li23,Tm5f,1,0,1,0,2,0,2,0
Li23,cM09,1,0,1,0,2,0,2,0
Li23,Li12,1,0,1,0,2,0,2,0
Li23,LPLC4,1,0,1,0,2,0,2,0
Li23,LMt1,1,0,1,0,2,0,2,0
Li23,LT70,1,0,1,0,2,0,2,0
Li23,LTe03,1,0,1,0,2,0,2,0
Li23,cL14,1,0,1,0,2,0,2,0
Sm01,LMt2,1,0,1,0,2,0,2,0
LMa2,LTe32,1,0,1,0,2,0,2,0
LMa2,LC27,1,0,1,0,2,0,2,0
LMa2,Tm34,1,0,1,0,2,0,2,0
TmY31,LTe75,1,0,1,0,2,0,2,0
Sm16,MLt2,1,0,1,0,2,0,2,0
LPi10,LPT57,1,0,1,0,2,0,2,0
TmY20,LTe49c,1,0,1,0,2,0,2,0
Tm8b,LT61a,1,0,1,0,2,0,2,0
Tm8b,Sm08,1,0,1,0,2,0,2,0
Li12,PLP068,1,0,1,0,2,0,2,0
TmY14,LPT30,1,0,1,0,2,0,2,0
Sm32,Sm04,1,0,1,0,2,0,2,0
Sm09,MTe25,1,0,1,0,2,0,2,0
Tm5a,LTe02,1,0,1,0,2,0,2,0
Mi2,MTe47,1,0,1,0,2,0,2,0
Tm1,T4d,1,0,1,0,2,0,2,0
Sm20,MTe04,1,0,1,0,2,0,2,0
T2a,cM08b,1,0,1,0,2,0,2,0
TmY11,Li22,1,0,1,0,2,0,2,0
Dm2,DNc02,1,0,1,0,2,0,2,0
Tm8b,Sm13,1,0,1,0,2,0,2,0
Tm8b,Sm41,1,0,1,0,2,0,2,0
Tm8b,LMt2,1,0,1,0,2,0,2,0
C2,MeTu3b,1,0,1,0,2,0,2,0
Mi2,MTe43,1,0,1,0,2,0,2,0
Tm5e,Pm02,1,0,1,0,2,0,2,0
Tm5e,Pm03,1,0,1,0,2,0,2,0
TmY9q⊥,mALC4,1,0,1,0,2,0,2,0
Li18,Sm03,1,0,1,0,2,0,2,0
Li18,Li31,1,0,1,0,2,0,2,0
Li05,OA-AL2i1,1,0,1,0,2,0,2,0
Li05,LTe12,1,0,1,0,2,0,2,0
Tm8a,T2,1,0,1,0,2,0,2,0
Tm36,OA-AL2i2,1,0,1,0,2,0,2,0
Tm7,MeMe_e09,1,0,1,0,2,0,2,0
Sm36,MLt1,1,0,1,0,2,0,2,0
Sm36,MTe29,1,0,1,0,2,0,2,0
Tm5b,Li22,1,0,1,0,2,0,2,0
TmY15,LPT28,1,0,1,0,2,0,2,0
Li27,LT47,1,0,1,0,2,0,2,0
Li27,LC35,1,0,1,0,2,0,2,0
Li27,LT78,1,0,1,0,2,0,2,0
Li27,LTe45,1,0,1,0,2,0,2,0
Li27,LC14b,1,0,1,0,2,0,2,0
Li27,LTe11,1,0,1,0,2,0,2,0
Li27,LT59,1,0,1,0,2,0,2,0
Li27,Tm8a,1,0,1,0,2,0,2,0
Pm09,MTe41,1,0,1,0,2,0,2,0
Pm08,R1-6,1,0,1,0,2,0,2,0
TmY31,MTe39,1,0,1,0,2,0,2,0
Y11,LTe12,1,0,1,0,2,0,2,0
Y11,Mi2,1,0,1,0,2,0,2,0
MLt2,LMa2,1,0,1,0,2,0,2,0
MLt2,LTe46,1,0,1,0,2,0,2,0
Tm35,Mi4,1,0,1,0,2,0,2,0
Tm35,cM08b,1,0,1,0,2,0,2,0
Tm35,MTe33,1,0,1,0,2,0,2,0
R7,Sm19,1,0,1,0,2,0,2,0
TmY9q⊥,Dm15,1,0,1,0,2,0,2,0
Dm8a,aMe3,1,0,1,0,2,0,2,0
Tm3,LT38,1,0,1,0,2,0,2,0
Pm07,MTe50,1,0,1,0,2,0,2,0
Li18,LT65,1,0,1,0,2,0,2,0
Li18,cL05,1,0,1,0,2,0,2,0
Li18,LMt3,1,0,1,0,2,0,2,0
TmY11,Pm12,1,0,1,0,2,0,2,0
T4b,VS6,1,0,1,0,2,0,2,0
T4b,Dm10,1,0,1,0,2,0,2,0
R8,aMe6a,1,0,1,0,2,0,2,0
TmY4,MLt6,1,0,1,0,2,0,2,0
LPi07,Li05,1,0,1,0,2,0,2,0
LPi07,MTe52,1,0,1,0,2,0,2,0
LPi07,LC22,1,0,1,0,2,0,2,0
LPi07,LCe07,1,0,1,0,2,0,2,0
LPi07,Mi10,1,0,1,0,2,0,2,0
Dm3q,Dm19,1,0,1,0,2,0,2,0
T4d,Y4,1,0,1,0,2,0,2,0
Tm2,LPT23,1,0,1,0,2,0,2,0
Sm31,Y4,1,0,1,0,2,0,2,0
TmY9q,LTe76,1,0,1,0,2,0,2,0
Dm16,C2,1,0,1,0,2,0,2,0
Tm8b,Sm31,1,0,1,0,2,0,2,0
MLt7,Pm10,1,0,1,0,2,0,2,0
Dm12,R7,1,0,1,0,2,0,2,0
Dm12,Pm09,1,0,1,0,2,0,2,0
Sm30,Mi9,1,0,1,0,2,0,2,0
Sm30,Tm33,1,0,1,0,2,0,2,0
TmY15,MeTu3a,1,0,1,0,2,0,2,0
Mi13,TmY10,1,0,1,0,2,0,2,0
Sm02,R7,1,0,1,0,2,0,2,0
LMt1,Pm02,1,0,1,0,2,0,2,0
LMa5,Li31,1,0,1,0,2,0,2,0
LPi06,VST2,1,0,1,0,2,0,2,0
T5d,LPT21,1,0,1,0,2,0,2,0
Li12,PLP051,1,0,1,0,2,0,2,0
Sm10,MeMe_e03,1,0,1,0,2,0,2,0
Dm8a,MeMe_e06,1,0,1,0,2,0,2,0
Tm32,MTe52,1,0,1,0,2,0,2,0
Li07,LCe02,1,0,1,0,2,0,2,0
Li07,LC37a,1,0,1,0,2,0,2,0
T2a,LC19,1,0,1,0,2,0,2,0
Li08,PLP051,1,0,1,0,2,0,2,0
Li08,Y1,1,0,1,0,2,0,2,0
LMa5,Tm32,1,0,1,0,2,0,2,0
TmY11,MeTu3b,1,0,1,0,2,0,2,0
Tm5b,LT73,1,0,1,0,2,0,2,0
Y11,LTe42b,1,0,1,0,2,0,2,0
Tm32,Mi1,1,0,1,0,2,0,2,0
Sm24,Mi4,1,0,1,0,2,0,2,0
Sm24,LMa5,1,0,1,0,2,0,2,0
Tm21,Li20,1,0,1,0,2,0,2,0
Sm12,Pm08,1,0,1,0,2,0,2,0
LMa5,LC12,1,0,1,0,2,0,2,0
LMa5,MTe47,1,0,1,0,2,0,2,0
T5d,Tm5e,1,0,1,0,2,0,2,0
Sm21,cM08c,1,0,1,0,2,0,2,0
Sm09,Sm23,1,0,1,0,2,0,2,0
Tm33,Li17,1,0,1,0,2,0,2,0
TmY5a,Sm19,1,0,1,0,2,0,2,0
Tlp1,LMt4,1,0,1,0,2,0,2,0
Dm16,Tm37,1,0,1,0,2,0,2,0
T5b,LT11,1,0,1,0,2,0,2,0
Tm31,LTe41,1,0,1,0,2,0,2,0
Tm31,LT63,1,0,1,0,2,0,2,0
Tm8a,MeMe_e09,1,0,1,0,2,0,2,0
Li11,MeTu4d,1,0,1,0,2,0,2,0
LPi03,Tlp5,1,0,1,0,2,0,2,0
LPi03,VSm,1,0,1,0,2,0,2,0
LPi03,LPLC2,1,0,1,0,2,0,2,0
LPi03,T5b,1,0,1,0,2,0,2,0
LPi03,LPi13,1,0,1,0,2,0,2,0
Sm22,Sm05,1,0,1,0,2,0,2,0
Sm22,Sm04,1,0,1,0,2,0,2,0
TmY3,LT61b,1,0,1,0,2,0,2,0
Dm3q,Tm7,1,0,1,0,2,0,2,0
Tm8a,MTe11,1,0,1,0,2,0,2,0
Tm27,LT56,1,0,1,0,2,0,2,0
Tlp1,LTe74,1,0,1,0,2,0,2,0
Sm07,MTe15,1,0,1,0,2,0,2,0
Dm18,Tm5e,1,0,1,0,2,0,2,0
L4,Dm3v,1,0,1,0,2,0,2,0
Pm02,MTe51,1,0,1,0,2,0,2,0
Li09,cL02d,1,0,1,0,2,0,2,0
Li09,LTe47,1,0,1,0,2,0,2,0
TmY4,Dm15,1,0,1,0,2,0,2,0
Li15,Li10,1,0,1,0,2,0,2,0
Dm13,Tm5a,1,0,1,0,2,0,2,0
Li09,LTe76,1,0,1,0,2,0,2,0
MLt7,Sm26,1,0,1,0,2,0,2,0
Dm11,MeTu4a,1,0,1,0,2,0,2,0
Dm8b,Tm33,1,0,1,0,2,0,2,0
Tm7,LC46,1,0,1,0,2,0,2,0
Tm20,OA-AL2b1,1,0,1,0,2,0,2,0
Tm21,LC10e,1,0,1,0,2,0,2,0
Tm21,LTe15,1,0,1,0,2,0,2,0
Tm21,LC20b,1,0,1,0,2,0,2,0
TmY14,Tm31,1,0,1,0,2,0,2,0
Sm02,Sm42,1,0,1,0,2,0,2,0
Tm5e,5-HTPMPV01,1,0,1,0,2,0,2,0
Y4,LT42,1,0,1,0,2,0,2,0
TmY14,cL21,1,0,1,0,2,0,2,0
Dm11,Dm16,1,0,1,0,2,0,2,0
Sm30,T2a,1,0,1,0,2,0,2,0
Tm20,LT43,1,0,1,0,2,0,2,0
Tm21,Sm07,1,0,1,0,2,0,2,0
Tm5e,Dm19,1,0,1,0,2,0,2,0
Tm5e,T4a,1,0,1,0,2,0,2,0
LMt3,Li13,1,0,1,0,2,0,2,0
LMt3,Li12,1,0,1,0,2,0,2,0
Lawf1,Sm05,1,0,1,0,2,0,2,0
Pm03,cM05,1,0,1,0,2,0,2,0
Pm03,TmY10,1,0,1,0,2,0,2,0
Tm36,MTe01b,1,0,1,0,2,0,2,0
Tm36,aMe17a2,1,0,1,0,2,0,2,0
L1,Sm15,1,0,1,0,2,0,2,0
Dm20,Sm13,1,0,1,0,2,0,2,0
Dm20,Sm10,1,0,1,0,2,0,2,0
Dm20,MLt6,1,0,1,0,2,0,2,0
Y3,LT1b,1,0,1,0,2,0,2,0
TmY31,DNp27,1,0,1,0,2,0,2,0
Tm25,R7,1,0,1,0,2,0,2,0
Li06,cL18,1,0,1,0,2,0,2,0
Dm12,mALC5,1,0,1,0,2,0,2,0
Dm12,Li11,1,0,1,0,2,0,2,0
Tm1,AN_multi_125,1,0,1,0,2,0,2,0
Dm15,MTe41,1,0,1,0,2,0,2,0
Tm7,MTe07,1,0,1,0,2,0,2,0
Tm20,LT61a,1,0,1,0,2,0,2,0
Tm20,TmY15,1,0,1,0,2,0,2,0
T4a,cLLP02,1,0,1,0,2,0,2,0
Mi9,OA-ASM1,1,0,1,0,2,0,2,0
Mi2,Tm5d,1,0,1,0,2,0,2,0
Sm05,Dm8a,1,0,1,0,2,0,2,0
T4c,Tm9,1,0,1,0,2,0,2,0
LPi06,LPTe01,1,0,1,0,2,0,2,0
TmY20,Pm10,1,0,1,0,2,0,2,0
TmY20,cM08a,1,0,1,0,2,0,2,0
Tm9,MeMe_e07,1,0,1,0,2,0,2,0
Dm20,Sm30,1,0,1,0,2,0,2,0
Dm20,Sm28,1,0,1,0,2,0,2,0
LMa3,Tm5e,1,0,1,0,2,0,2,0
Sm31,MTe18,1,0,1,0,2,0,2,0
Sm31,MTe07,1,0,1,0,2,0,2,0
TmY11,C2,1,0,1,0,2,0,2,0
LC31b,Li24,1,0,1,0,2,0,2,0
LCe06,LTe07,1,0,1,0,2,0,2,0
LCe06,LC13,1,0,1,0,2,0,2,0
LCe06,LTe66,1,0,1,0,2,0,2,0
LCe06,Li05,1,0,1,0,2,0,2,0
LCe06,LTe15,1,0,1,0,2,0,2,0
MeMe_e01,Pm05,1,0,1,0,2,0,2,0
MeMe_e01,Mi4,1,0,1,0,2,0,2,0
MeMe_e01,Sm01,1,0,1,0,2,0,2,0
MeMe_e01,cM01a,1,0,1,0,2,0,2,0
LC21,LT41,1,0,1,0,2,0,2,0
LTe58,Li02,1,0,1,0,2,0,2,0
LPLC2,Tm5d,1,0,1,0,2,0,2,0
MTe50,Sm33,1,0,1,0,2,0,2,0
LC21,TmY4,1,0,1,0,2,0,2,0
LC24,LC12,1,0,1,0,2,0,2,0
LC24,LLPC3,1,0,1,0,2,0,2,0
LC9,MeTu3c,1,0,1,0,2,0,2,0
LC9,MeTu3a,1,0,1,0,2,0,2,0
LLPC3,LTe24,1,0,1,0,2,0,2,0
LT55,LTe53,1,0,1,0,2,0,2,0
LT55,LC21,1,0,1,0,2,0,2,0
LT55,LTe69,1,0,1,0,2,0,2,0
LT55,LC15,1,0,1,0,2,0,2,0
LT55,Li17,1,0,1,0,2,0,2,0
LT55,TmY10,1,1,0,0,2,2,0,0
LT55,Li31,1,1,0,0,2,2,0,0
LT55,LPLC4,1,1,0,0,2,2,0,0
LT55,Li03,1,0,1,0,2,0,2,0
LT55,LT52,1,1,0,0,2,2,0,0
LT55,aMe17a2,1,1,0,0,2,2,0,0
LT55,LTe58,1,0,1,0,2,0,2,0
LT55,aMe8,1,0,1,0,2,0,2,0
LT55,LT70,1,0,1,0,2,0,2,0
LLPC3,Tm16,1,0,1,0,2,0,2,0
LC10d,LTe33,1,0,1,0,2,0,2,0
LC10d,Li31,1,0,1,0,2,0,2,0
LC10c,LC40,1,0,1,0,2,0,2,0
LC27,LC44,1,0,1,0,2,0,2,0
MeTu4c,aMe25,1,0,1,0,2,0,2,0
LC12,MeTu4b,1,0,1,0,2,0,2,0
LC12,TmY3,1,0,1,0,2,0,2,0
LC12,LC35,1,0,1,0,2,0,2,0
MTe45,aMe4,1,0,1,0,2,0,2,0
MTe45,Sm14,1,0,1,0,2,0,2,0
MTe45,cM16,1,0,1,0,2,0,2,0
MTe45,MeTu3b,1,0,1,0,2,0,2,0
MTe45,MTe11,1,0,1,0,2,0,2,0
MTe45,OA-ASM1,1,0,1,0,2,0,2,0
MTe45,Li12,1,0,1,0,2,0,2,0
MTe45,Sm32,1,0,1,0,2,0,2,0
LT52,cL22a,1,0,1,0,2,0,2,0
LC10b,LT47,1,0,1,0,2,0,2,0
LC40,Tm8b,1,0,1,0,2,0,2,0
LC40,LTe17,1,0,1,0,2,0,2,0
LC40,LTe01,1,0,1,0,2,0,2,0
LTe65,LC39,1,0,1,0,2,0,2,0
LTe65,Li32,1,0,1,0,2,0,2,0
LTe65,LPLC4,1,0,1,0,2,0,2,0
LT1d,LMt1,1,0,1,0,2,0,2,0
LT1d,LC15,1,0,1,0,2,0,2,0
LT1d,LC13,1,0,1,0,2,0,2,0
LT1d,LC28a,1,0,1,0,2,0,2,0
LT1d,Li31,1,0,1,0,2,0,2,0
LT1d,LT80,1,0,1,0,2,0,2,0
LT1d,Li21,1,0,1,0,2,0,2,0
LC14b,LT86,1,1,0,0,2,2,0,0
LC14b,mALC4,1,1,0,0,2,2,0,0
LC14b,LT82a,1,1,0,0,2,2,0,0
LCe01b,Li32,1,0,1,0,2,0,2,0
LCe01b,LTe38c,1,0,1,0,2,0,2,0
MeTu3c,Tm9,1,0,1,0,2,0,2,0
LLPC3,LTe05,1,0,1,0,2,0,2,0
LCe04,LT68,1,0,1,0,2,0,2,0
LC9,cL21,1,0,1,0,2,0,2,0
LC6,LMt2,1,0,1,0,2,0,2,0
LC10e,LT36,1,0,1,0,2,0,2,0
MeLp1,TmY15,1,0,1,0,2,0,2,0
MeLp1,Tm25,1,0,1,0,2,0,2,0
MeLp1,Tm4,1,0,1,0,2,0,2,0
MeLp1,Dm10,1,0,1,0,2,0,2,0
MeLp1,T5d,1,0,1,0,2,0,2,0
MeLp1,Tm8a,1,0,1,0,2,0,2,0
MeLp1,Y3,1,1,0,0,2,2,0,0
MeLp1,LPTe02,1,1,0,0,2,2,0,0
MeLp1,Sm40,1,0,1,0,2,0,2,0
MeLp1,Y4,1,1,0,0,2,2,0,0
MeLp1,Mi14,1,0,1,0,2,0,2,0
MeLp1,MeTu1,1,0,1,0,2,0,2,0
MeLp1,Y12,1,1,0,0,2,2,0,0
MeLp1,LPC2,1,1,0,0,2,2,0,0
MeLp1,CB0816,1,0,0,1,2,0,0,2
MeLp1,LPT31,1,1,0,0,2,2,0,0
MeLp1,LLPC1,1,1,0,0,2,2,0,0
LT87,Li09,1,0,1,0,2,0,2,0
LT87,Li27,1,0,1,0,2,0,2,0
LT87,Tm5a,1,0,1,0,2,0,2,0
LT87,LMa3,1,0,1,0,2,0,2,0
LT87,MLt3,1,0,1,0,2,0,2,0
LT87,LTe20,1,0,1,0,2,0,2,0
LT87,LPLC1,1,0,1,0,2,0,2,0
LT87,LC29,1,0,1,0,2,0,2,0
LT87,T2a,1,0,1,0,2,0,2,0
LT87,LC15,1,0,1,0,2,0,2,0
LT66,LT11,1,1,0,0,2,2,0,0
LT66,LMa5,1,0,1,0,2,0,2,0
LT66,T5a,1,1,0,0,2,2,0,0
LC28a,LTe37,1,0,1,0,2,0,2,0
cM09,5-HTPMPV03,1,0,1,0,2,0,2,0
cM09,Tm36,1,0,1,0,2,0,2,0
cM09,T3,1,0,1,0,2,0,2,0
cM09,Sm16,1,0,1,0,2,0,2,0
cM09,PLP215,1,0,1,0,2,0,2,0
cM09,LT58,1,0,1,0,2,0,2,0
LC11,TmY4,1,0,1,0,2,0,2,0
cL01,aMe8,1,0,1,0,2,0,2,0
cL01,Li08,1,0,1,0,2,0,2,0
LC25,LTe08,1,0,1,0,2,0,2,0
MeTu2b,MeTu3a,1,0,1,0,2,0,2,0
LT11,Tm5c,1,0,1,0,2,0,2,0
LT11,Tm37,1,0,1,0,2,0,2,0
LT11,LT76,1,0,1,0,2,0,2,0
LT11,LTe12,1,0,1,0,2,0,2,0
LT11,Li28,1,0,1,0,2,0,2,0
LT11,LTe52,1,0,1,0,2,0,2,0
LT11,TmY31,1,0,1,0,2,0,2,0
LT11,DNp27,1,0,1,0,2,0,2,0
LT11,T3,1,0,1,0,2,0,2,0
LT11,Li30,1,0,1,0,2,0,2,0
LT11,LC36,1,0,1,0,2,0,2,0
LT11,Tm9,1,0,1,0,2,0,2,0
LT11,LMt2,1,0,1,0,2,0,2,0
LT11,LT74,1,0,1,0,2,0,2,0
cLPL01,Tlp5,1,0,1,0,2,0,2,0
cLPL01,Y3,1,0,1,0,2,0,2,0
cLPL01,LLPt,1,0,1,0,2,0,2,0
cLPL01,LPT23,1,0,1,0,2,0,2,0
cLPL01,LC14a2,1,0,1,0,2,0,2,0
cLPL01,Tm8a,1,0,1,0,2,0,2,0
cLPL01,Nod2,1,0,1,0,2,0,2,0
cL22a,LT86,1,0,1,0,2,0,2,0
cL22a,LTe51,1,0,1,0,2,0,2,0
cL22a,OA-AL2b1,1,0,1,0,2,0,2,0
cL22a,Li13,1,0,1,0,2,0,2,0
cL22a,LTe53,1,0,1,0,2,0,2,0
cL22a,LCe04,1,0,1,0,2,0,2,0
cL22a,LC10e,1,0,1,0,2,0,2,0
cL22a,cL19,1,0,1,0,2,0,2,0
cL22a,cL01,1,0,1,0,2,0,2,0
MTe21,Sm24,1,0,1,0,2,0,2,0
MTe21,Sm39,1,0,1,0,2,0,2,0
MTe21,Sm03,1,0,1,0,2,0,2,0
MTe21,cM03,1,0,1,0,2,0,2,0
MTe21,Sm34,1,0,1,0,2,0,2,0
MTe21,MTe06,1,0,1,0,2,0,2,0
MTe21,Sm08,1,0,1,0,2,0,2,0
MTe21,Sm23,1,0,1,0,2,0,2,0
MTe21,MeTu2a,1,0,1,0,2,0,2,0
MTe21,Sm16,1,0,1,0,2,0,2,0
MeMe_e01,MTe07,1,0,1,0,2,0,2,0
MTe46,LMa1,1,1,0,0,2,2,0,0
MTe46,MTe28,1,1,0,0,2,2,0,0
MTe46,LC20b,1,0,1,0,2,0,2,0
MTe46,Sm09,1,1,0,0,2,2,0,0
MTe46,Y11,1,1,0,0,2,2,0,0
MTe46,LC35,1,0,1,0,2,0,2,0
MTe46,aMe4,1,0,1,0,2,0,2,0
MTe46,Tm8a,1,1,0,0,2,2,0,0
LTe49c,LTe49d,1,0,1,0,2,0,2,0
LTe49c,LTe17,1,0,1,0,2,0,2,0
LTe08,LCe01b,1,0,1,0,2,0,2,0
LTe08,LTe16,1,0,1,0,2,0,2,0
LTe08,LC21,1,0,1,0,2,0,2,0
LTe08,LTe05,1,0,1,0,2,0,2,0
LTe08,LT53,1,0,1,0,2,0,2,0
LTe08,LC13,1,0,1,0,2,0,2,0
LTe08,Tm34,1,0,1,0,2,0,2,0
LTe08,LT52,1,0,1,0,2,0,2,0
LTe08,LT51,1,0,1,0,2,0,2,0
LTe08,TmY9q⊥,1,0,1,0,2,0,2,0
LTe08,LC31c,1,0,1,0,2,0,2,0
LTe08,LC10b,1,0,1,0,2,0,2,0
LT34,LC12,1,0,1,0,2,0,2,0
LT34,LT84,1,0,1,0,2,0,2,0
LT34,Tm8b,1,0,1,0,2,0,2,0
LT34,LTe31,1,0,1,0,2,0,2,0
LT34,LTe22,1,0,1,0,2,0,2,0
LT34,LTe33,1,0,1,0,2,0,2,0
LT34,OA-AL2b1,1,0,1,0,2,0,2,0
LT34,LC14a1,1,0,1,0,2,0,2,0
LT34,cL14,1,0,1,0,2,0,2,0
LT34,C2,1,0,1,0,2,0,2,0
LT34,Tm5e,1,0,1,0,2,0,2,0
LT34,Li31,1,0,1,0,2,0,2,0
LT34,LC19,1,0,1,0,2,0,2,0
LT34,TmY20,1,0,1,0,2,0,2,0
LLPC2,LTe21,1,0,1,0,2,0,2,0
VSm,Y3,1,0,1,0,2,0,2,0
MTe01a,MTe09,1,0,1,0,2,0,2,0
LPT51,MLt2,1,0,1,0,2,0,2,0
LPT51,LT59,1,0,1,0,2,0,2,0
LPT51,cL04,1,0,1,0,2,0,2,0
LPT51,Li07,1,0,1,0,2,0,2,0
LPT51,TmY14,1,0,1,0,2,0,2,0
LPT51,LT51,1,0,1,0,2,0,2,0
LPT51,Li23,1,0,1,0,2,0,2,0
LPT51,Y4,1,0,1,0,2,0,2,0
LPT51,Am1,1,0,1,0,2,0,2,0
LPT51,T5c,1,0,1,0,2,0,2,0
aMe4,LTe71,1,0,1,0,2,0,2,0
LPLC1,LC43,1,0,1,0,2,0,2,0
LC21,LTe21,1,0,1,0,2,0,2,0
LC21,LTe66,1,0,1,0,2,0,2,0
LT42,LT75,1,0,1,0,2,0,2,0
LT42,LCe01b,1,0,1,0,2,0,2,0
LT42,LT73,1,0,1,0,2,0,2,0
LT42,LT87,1,0,1,0,2,0,2,0
LT42,LTe42c,1,0,1,0,2,0,2,0
LT42,TmY16,1,0,1,0,2,0,2,0
LT42,LT11,1,0,1,0,2,0,2,0
LT42,LTe42b,1,0,1,0,2,0,2,0
LT42,LC14b,1,0,1,0,2,0,2,0
LT42,Y11,1,0,1,0,2,0,2,0
LT42,LTe18,1,0,1,0,2,0,2,0
LT42,LC6,1,0,1,0,2,0,2,0
LTe15,Tm5e,1,0,1,0,2,0,2,0
LTe15,LC17,1,0,1,0,2,0,2,0
LTe15,LMa3,1,0,1,0,2,0,2,0
LTe15,cL02b,1,0,1,0,2,0,2,0
LTe15,LC10b,1,0,1,0,2,0,2,0
LTe15,LC31a,1,0,1,0,2,0,2,0
LTe15,Li07,1,0,1,0,2,0,2,0
LTe15,Tlp1,1,0,1,0,2,0,2,0
LTe15,Y3,1,0,1,0,2,0,2,0
LC14a1,cL21,1,1,0,0,2,2,0,0
aMe5,Pm05,1,0,1,0,2,0,2,0
MTe07,Tm9,1,0,1,0,2,0,2,0
MTe07,DNc01,1,0,1,0,2,0,2,0
MTe07,Tm5f,1,0,1,0,2,0,2,0
MTe07,Tm7,1,0,1,0,2,0,2,0
MTe07,Li12,1,0,1,0,2,0,2,0
MTe07,Sm32,1,0,1,0,2,0,2,0
MeTu2a,Sm10,1,0,1,0,2,0,2,0
LC12,Tm7,1,0,1,0,2,0,2,0
LC14a2,LC34,1,0,1,0,2,0,2,0
LT60,LMt3,1,0,1,0,2,0,2,0
LT60,LPLC1,1,0,1,0,2,0,2,0
LT60,LC18,1,0,1,0,2,0,2,0
LT60,Li16,1,0,1,0,2,0,2,0
aMe12,Sm04,1,0,1,0,2,0,2,0
aMe12,Sm02,1,0,1,0,2,0,2,0
aMe12,C2,1,0,1,0,2,0,2,0
aMe12,Mi1,1,0,1,0,2,0,2,0
MeTu1,CB0566,1,0,1,0,2,0,2,0
LC20a,Tm5c,1,0,1,0,2,0,2,0
LC20a,LT58,1,0,1,0,2,0,2,0
LC46,LC34,1,0,1,0,2,0,2,0
cLP02,LTe21,1,0,1,0,2,0,2,0
MeTu4a,LT72,1,0,1,0,2,0,2,0
LC15,LCe07,1,0,1,0,2,0,2,0
LT43,Li30,1,0,1,0,2,0,2,0
LT43,LCe06,1,0,1,0,2,0,2,0
LT43,TmY16,1,0,1,0,2,0,2,0
LT43,MLt3,1,0,1,0,2,0,2,0
LC45,TmY9q,1,0,1,0,2,0,2,0
LC45,TmY4,1,0,1,0,2,0,2,0
LC45,TmY9q⊥,1,0,1,0,2,0,2,0
LC15,T5b,1,0,1,0,2,0,2,0
LC10e,Y4,1,0,1,0,2,0,2,0
LC14b,cL11,1,1,0,0,2,2,0,0
MeTu3a,Sm41,1,0,1,0,2,0,2,0
MTe50,Tm5d,1,0,1,0,2,0,2,0
LLPC2,LTe38c,1,0,1,0,2,0,2,0
MeTu4c,LTe63,1,0,1,0,2,0,2,0
LCe04,LC9,1,0,1,0,2,0,2,0
LC6,T3,1,0,1,0,2,0,2,0
cL02d,cL17,1,0,1,0,2,0,2,0
cL02d,cL05,1,0,1,0,2,0,2,0
cL02d,Li30,1,0,1,0,2,0,2,0
cL02d,TmY16,1,0,1,0,2,0,2,0
cL02d,Li11,1,0,1,0,2,0,2,0
cL02d,LT47,1,0,1,0,2,0,2,0
cL02d,Li09,1,0,1,0,2,0,2,0
cL02d,TmY5a,1,0,1,0,2,0,2,0
cL02d,cL07,1,0,1,0,2,0,2,0
cL02d,LTe38c,1,0,1,0,2,0,2,0
MeTu4c,MeMe_e05,1,0,1,0,2,0,2,0
MeTu4c,Sm21,1,0,1,0,2,0,2,0
LC4,LT62,1,0,1,0,2,0,2,0
MeTu4a,cM18,1,0,1,0,2,0,2,0
MTe01a,Sm34,1,0,1,0,2,0,2,0
LT82a,Li32,1,0,1,0,2,0,2,0
LTe03,cL10,1,0,1,0,2,0,2,0
LTe03,LC14b,1,0,1,0,2,0,2,0
LTe03,LTe31,1,0,1,0,2,0,2,0
LPLC1,LTe13,1,0,1,0,2,0,2,0
LC18,Li20,1,0,1,0,2,0,2,0
LTe01,LT55,1,0,1,0,2,0,2,0
LTe01,LTe49b,1,0,1,0,2,0,2,0
LTe01,LT72,1,0,1,0,2,0,2,0
LTe01,LTe22,1,0,1,0,2,0,2,0
LLPC2,LC16,1,0,1,0,2,0,2,0
LC4,T3,1,0,1,0,2,0,2,0
LC34,cM09,1,0,1,0,2,0,2,0
LC34,LTe56,1,0,1,0,2,0,2,0
MeTu4d,Tm8a,1,0,1,0,2,0,2,0
LC22,LT72,1,0,1,0,2,0,2,0
LC22,Tm5d,1,0,1,0,2,0,2,0
LC12,Li32,1,0,1,0,2,0,2,0
LLPC2,LTe42c,1,0,1,0,2,0,2,0
MTe41,T3,1,0,1,0,2,0,2,0
MTe41,Pm09,1,0,1,0,2,0,2,0
MTe41,Sm05,1,0,1,0,2,0,2,0
MTe41,Tm25,1,0,1,0,2,0,2,0
MTe41,MTe46,1,0,1,0,2,0,2,0
MTe41,MTe18,1,0,1,0,2,0,2,0
MTe41,MeMe_e08,1,0,1,0,2,0,2,0
MTe41,Sm03,1,0,1,0,2,0,2,0
MTe41,Tm8b,1,0,1,0,2,0,2,0
MTe41,Dm20,1,0,1,0,2,0,2,0
MTe46,Li04,1,1,0,0,2,2,0,0
MTe46,Tm35,1,0,1,0,2,0,2,0
MTe46,MLt7,1,0,1,0,2,0,2,0
MTe46,Tm5f,1,0,1,0,2,0,2,0
MeTu3c,LT69,1,0,1,0,2,0,2,0
LCe05,Li33,1,0,1,0,2,0,2,0
LT78,LC19,1,0,1,0,2,0,2,0
LT78,LT51,1,0,1,0,2,0,2,0
LT78,Li11,1,0,1,0,2,0,2,0
LC20b,Y3,1,0,1,0,2,0,2,0
LLPC3,DNp11,1,0,1,0,2,0,2,0
LLPC3,Li29,1,0,1,0,2,0,2,0
MeMe_e01,MTe12,1,0,1,0,2,0,2,0
LC10a,Tm37,1,0,1,0,2,0,2,0
LC10a,Tm5d,1,0,1,0,2,0,2,0
LC10a,LC20b,1,0,1,0,2,0,2,0
cL16,LTe58,1,0,1,0,2,0,2,0
cL16,LC14a2,1,0,1,0,2,0,2,0
cL16,LC36,1,0,1,0,2,0,2,0
cL16,LC11,1,0,1,0,2,0,2,0
cL16,cL15,1,0,1,0,2,0,2,0
cL16,Tm4,1,0,1,0,2,0,2,0
cL16,LT56,1,0,1,0,2,0,2,0
cL16,Y12,1,0,1,0,2,0,2,0
cL16,Li03,1,0,1,0,2,0,2,0
cL16,Tm5e,1,0,1,0,2,0,2,0
cL16,TmY16,1,0,1,0,2,0,2,0
cL16,LLPC4,1,0,1,0,2,0,2,0
cL16,Y11,1,0,1,0,2,0,2,0
cL16,LT41,1,0,1,0,2,0,2,0
cL16,Tm5d,1,0,1,0,2,0,2,0
LC16,LT65,1,0,1,0,2,0,2,0
MTe51,MLt3,1,0,1,0,2,0,2,0
MTe51,Sm15,1,0,1,0,2,0,2,0
LC21,Tm32,1,0,1,0,2,0,2,0
LC21,LT72,1,0,1,0,2,0,2,0
LC10e,Li02,1,0,1,0,2,0,2,0
LC9,Y12,1,0,1,0,2,0,2,0
LC9,LT52,1,0,1,0,2,0,2,0
LLPC2,LMt1,1,0,1,0,2,0,2,0
MTe50,Sm15,1,0,1,0,2,0,2,0
MTe50,Sm32,1,0,1,0,2,0,2,0
MTe50,Tm3,1,0,1,0,2,0,2,0
MTe50,Tm36,1,0,1,0,2,0,2,0
LPLC2,LPi13,1,0,1,0,2,0,2,0
LC14a1,Tm33,1,1,0,0,2,2,0,0
MeMe_e08,Tm5a,1,0,1,0,2,0,2,0
MeMe_e08,Tm8a,1,0,1,0,2,0,2,0
LPT04_HST,TmY16,1,0,1,0,2,0,2,0
LPT04_HST,Y11,1,0,1,0,2,0,2,0
LPT04_HST,Y12,1,0,1,0,2,0,2,0
LPT04_HST,LPi07,1,0,1,0,2,0,2,0
LPT04_HST,T5a,1,0,1,0,2,0,2,0
LPT04_HST,LPLC4,1,0,1,0,2,0,2,0
cL14,LTe49f,1,0,1,0,2,0,2,0
cL14,MLt5,1,0,1,0,2,0,2,0
cL14,Tm5c,1,0,1,0,2,0,2,0
cL14,MeTu4a,1,0,1,0,2,0,2,0
cL14,Li25,1,0,1,0,2,0,2,0
cL14,T3,1,0,1,0,2,0,2,0
cL14,LT78,1,0,1,0,2,0,2,0
cL14,LT77,1,0,1,0,2,0,2,0
cL14,MLt6,1,0,1,0,2,0,2,0
cL14,LC26,1,0,1,0,2,0,2,0
cL14,LT57,1,0,1,0,2,0,2,0
cL14,Li02,1,0,1,0,2,0,2,0
cL14,LTe64,1,0,1,0,2,0,2,0
cL14,cL13,1,0,1,0,2,0,2,0
cL14,MLt3,1,0,1,0,2,0,2,0
cL14,LTe33,1,0,1,0,2,0,2,0
LC10d,Tm5d,1,0,1,0,2,0,2,0
LC12,LC31a,1,0,1,0,2,0,2,0
LT52,LT87,1,0,1,0,2,0,2,0
LT52,LC25,1,0,1,0,2,0,2,0
LT52,LT55,1,0,1,0,2,0,2,0
LC14a2,LCe08,1,1,0,0,2,2,0,0
LC14a2,PLP155,1,1,0,0,2,2,0,0
LC14a2,LTe12,1,1,0,0,2,2,0,0
LC4,MeTu1,1,0,1,0,2,0,2,0
LC4,Tm21,1,0,1,0,2,0,2,0
MeTu4a,Sm26,1,0,1,0,2,0,2,0
LPLC1,Tm34,1,0,1,0,2,0,2,0
LCe02,LT77,1,0,1,0,2,0,2,0
LCe01a,LLPC4,1,0,1,0,2,0,2,0
LCe01a,Li01,1,0,1,0,2,0,2,0
LCe01a,Li27,1,0,1,0,2,0,2,0
LTe70,LC28a,1,0,1,0,2,0,2,0
LTe70,LC19,1,0,1,0,2,0,2,0
LC10d,LT47,1,0,1,0,2,0,2,0
LC28a,LT69,1,0,1,0,2,0,2,0
LTe64,Tm5d,1,0,1,0,2,0,2,0
LTe64,Li12,1,0,1,0,2,0,2,0
LTe64,Li09,1,0,1,0,2,0,2,0
cM19,Sm07,1,1,0,0,2,2,0,0
LC20a,LT86,1,0,1,0,2,0,2,0
LC20a,LCe02,1,0,1,0,2,0,2,0
LC20a,LPLC2,1,0,1,0,2,0,2,0
MTe05,Li03,1,0,1,0,2,0,2,0
MTe05,TmY3,1,0,1,0,2,0,2,0
LC24,LTe09,1,0,1,0,2,0,2,0
cM01a,Sm27,1,0,1,0,2,0,2,0
cM01a,MTe51,1,0,1,0,2,0,2,0
cM01a,Sm32,1,0,1,0,2,0,2,0
cM01a,Sm06,1,0,1,0,2,0,2,0
cM01a,Sm09,1,0,1,0,2,0,2,0
cM01a,MTe19,1,0,1,0,2,0,2,0
LC10b,Li07,1,0,1,0,2,0,2,0
MTe29,MTe01a,1,0,1,0,2,0,2,0
MTe29,Sm12,1,0,1,0,2,0,2,0
MTe29,Sm23,1,0,1,0,2,0,2,0
MTe29,Tm7,1,0,1,0,2,0,2,0
aMe17b,Tm25,1,0,1,0,2,0,2,0
aMe17b,MeMe_e07,1,0,1,0,2,0,2,0
aMe17b,LTe25,1,0,1,0,2,0,2,0
aMe17b,aMe19a,1,0,1,0,2,0,2,0
aMe17b,Pm10,1,0,1,0,2,0,2,0
LC10c,LTe58,1,0,1,0,2,0,2,0
MeMe_e02,MLt2,1,1,0,0,2,2,0,0
MeMe_e02,MeMe_e06,1,0,0,1,2,0,0,2
MTe14,Tm32,1,0,1,0,2,0,2,0
MTe14,Y4,1,0,1,0,2,0,2,0
MTe14,Li10,1,0,1,0,2,0,2,0
MTe14,Sm41,1,0,1,0,2,0,2,0
MTe14,aMe17b,1,0,1,0,2,0,2,0
cM18,MeTu1,1,0,1,0,2,0,2,0
cM18,MTe46,1,0,1,0,2,0,2,0
cM18,MTe02,1,0,1,0,2,0,2,0
cM18,Sm10,1,0,1,0,2,0,2,0
cM18,MeMe_e02,1,0,1,0,2,0,2,0
cM18,Pm10,1,0,1,0,2,0,2,0
cM18,Sm03,1,0,1,0,2,0,2,0
cM18,AN_multi_124,1,0,1,0,2,0,2,0
cM18,Tm36,1,0,1,0,2,0,2,0
MeTu2a,MTe21,1,0,1,0,2,0,2,0
MeTu2b,Sm18,1,0,1,0,2,0,2,0
MeTu2b,aMe19b,1,0,1,0,2,0,2,0
H1,LLPC2,1,1,0,0,2,2,0,0
H1,Pm14,1,1,0,0,2,2,0,0
H1,TmY3,1,1,0,0,2,2,0,0
H1,Tlp14,1,1,0,0,2,2,0,0
H1,LTe53,1,0,1,0,2,0,2,0
H1,LPT57,1,1,0,0,2,2,0,0
H1,MeMe_e08,1,0,0,1,2,0,0,2
H1,TmY10,1,1,0,0,2,2,0,0
H1,Li10,1,0,1,0,2,0,2,0
MTe51,T1,1,0,1,0,2,0,2,0
MTe51,LMa5,1,0,1,0,2,0,2,0
MTe51,Y11,1,0,1,0,2,0,2,0
MeTu4c,LC12,1,0,1,0,2,0,2,0
LC17,Tm4,1,0,1,0,2,0,2,0
MTe06,Sm17,1,0,1,0,2,0,2,0
LC9,TmY9q⊥,1,0,1,0,2,0,2,0
MTe07,Mi2,1,1,0,0,2,2,0,0
MTe07,OA-AL2i3,1,1,0,0,2,2,0,0
MTe07,Lawf1,1,1,0,0,2,2,0,0
MTe07,Lat,1,1,0,0,2,2,0,0
MeTu4c,MTe03,1,0,1,0,2,0,2,0
MeTu4c,MeTu3b,1,0,1,0,2,0,2,0
LC22,LTe69,1,0,1,0,2,0,2,0
LT62,cL08,1,0,1,0,2,0,2,0
LT62,MLt2,1,0,1,0,2,0,2,0
LT62,Li01,1,0,1,0,2,0,2,0
LT62,LPLC2,1,0,1,0,2,0,2,0
LT62,LMt4,1,0,1,0,2,0,2,0
LT62,LPLC4,1,0,1,0,2,0,2,0
LT62,Tm36,1,0,1,0,2,0,2,0
LT62,LTe13,1,0,1,0,2,0,2,0
LT62,Li10,1,0,1,0,2,0,2,0
LT62,LC9,1,0,1,0,2,0,2,0
LCe03,LTe76,1,0,1,0,2,0,2,0
LCe03,LT36,1,0,1,0,2,0,2,0
LPLC4,LTe10,1,0,1,0,2,0,2,0
CB0816,aMe17a2,1,0,1,0,2,0,2,0
CB0816,Dm3v,1,0,1,0,2,0,2,0
CB0816,Tm25,1,0,1,0,2,0,2,0
CB0816,Tm5f,1,1,0,0,2,2,0,0
CB0816,Tm5d,1,1,0,0,2,2,0,0
CB0816,MeLp1,1,0,0,1,2,0,0,2
CB0816,Dm6,1,0,1,0,2,0,2,0
CB0816,Pm14,1,1,0,0,2,2,0,0
CB0816,Tm34,1,0,1,0,2,0,2,0
CB0816,Sm30,1,1,0,0,2,2,0,0
CB0816,T4d,1,1,0,0,2,2,0,0
CB0816,aMe10,1,0,0,1,2,0,0,2
CB0816,MTe41,1,1,0,0,2,2,0,0
MTe52,Tm5c,1,0,1,0,2,0,2,0
MTe52,Pm06,1,0,1,0,2,0,2,0
MeTu2b,MTe20,1,0,1,0,2,0,2,0
LC13,MLt3,1,0,1,0,2,0,2,0
MTe07,Sm22,1,1,0,0,2,2,0,0
LC11,Li02,1,0,1,0,2,0,2,0
LC10e,CB3790,1,0,1,0,2,0,2,0
LPLC2,TmY9q⊥,1,0,1,0,2,0,2,0
LT79,LC9,1,0,1,0,2,0,2,0
LT79,Tm5c,1,0,1,0,2,0,2,0
LT79,LC18,1,0,1,0,2,0,2,0
LT79,Tm37,1,0,1,0,2,0,2,0
LT79,LC17,1,0,1,0,2,0,2,0
LT79,LC10c,1,0,1,0,2,0,2,0
LT79,LC14a1,1,0,1,0,2,0,2,0
LT79,LC19,1,0,1,0,2,0,2,0
LT79,Li32,1,0,1,0,2,0,2,0
LT79,LC11,1,0,1,0,2,0,2,0
cM08c,LTe45,1,0,1,0,2,0,2,0
cM08c,MeTu1,1,0,1,0,2,0,2,0
cM08c,MTe23,1,0,1,0,2,0,2,0
cM08c,LTe75,1,0,1,0,2,0,2,0
cM08c,LTe14,1,0,1,0,2,0,2,0
cM08c,LTe32,1,0,1,0,2,0,2,0
aMe26,Sm37,1,0,1,0,2,0,2,0
aMe26,Tm34,1,0,1,0,2,0,2,0
aMe26,MLt7,1,0,1,0,2,0,2,0
aMe26,MTe05,1,0,1,0,2,0,2,0
aMe26,MTe54,1,0,1,0,2,0,2,0
LCe04,LTe11,1,0,1,0,2,0,2,0
LC29,TmY9q⊥,1,0,1,0,2,0,2,0
LC29,LMa2,1,0,1,0,2,0,2,0
LTe09,LT64,1,0,1,0,2,0,2,0
LC10e,LC43,1,0,1,0,2,0,2,0
LC14a1,LPT45_dCal1,1,0,0,1,2,0,0,2
LPT54,LC28a,1,0,1,0,2,0,2,0
LPT54,Tm16,1,0,1,0,2,0,2,0
LPT54,TmY9q⊥,1,0,1,0,2,0,2,0
LPT54,Sm06,1,0,1,0,2,0,2,0
LPT54,Li06,1,0,1,0,2,0,2,0
LPT54,CB0592,1,0,1,0,2,0,2,0
LPT54,T2,1,0,1,0,2,0,2,0
LPT54,T5a,1,0,1,0,2,0,2,0
LPT54,MTe46,1,0,1,0,2,0,2,0
LPT54,Tm5b,1,0,1,0,2,0,2,0
LPT54,Tm33,1,0,1,0,2,0,2,0
LPT54,LPT50,1,0,1,0,2,0,2,0
LPT54,TmY9q,1,0,1,0,2,0,2,0
LPT54,cM10,1,0,1,0,2,0,2,0
LPT54,Tm8a,1,0,1,0,2,0,2,0
LPT54,Mi15,1,0,1,0,2,0,2,0
LPT54,cLLP02,1,0,1,0,2,0,2,0
LPT54,Pm03,1,0,1,0,2,0,2,0
LC34,LTe53,1,0,1,0,2,0,2,0
LC34,LTe42c,1,0,1,0,2,0,2,0
LC34,LC28a,1,0,1,0,2,0,2,0
LC34,Li29,1,0,1,0,2,0,2,0
LC34,LT77,1,0,1,0,2,0,2,0
LC34,LT63,1,0,1,0,2,0,2,0
LC34,Tm16,1,0,1,0,2,0,2,0
MeMe_e02,cM05,1,1,0,0,2,2,0,0
MeMe_e02,cM13,1,1,0,0,2,2,0,0
LC15,LCe05,1,0,1,0,2,0,2,0
LC15,cL02d,1,0,1,0,2,0,2,0
aMe9,MeTu3b,1,0,1,0,2,0,2,0
aMe9,Tm5b,1,0,1,0,2,0,2,0
aMe9,Sm19,1,0,1,0,2,0,2,0
aMe9,CB0566,1,0,0,1,2,0,0,2
aMe9,Sm05,1,0,1,0,2,0,2,0
LC14b,LTe51,1,0,1,0,2,0,2,0
LC14b,LC27,1,0,1,0,2,0,2,0
LC14b,LPi02,1,0,1,0,2,0,2,0
LPC2,cLP05,1,0,1,0,2,0,2,0
LT57,MeTu3c,1,0,1,0,2,0,2,0
LT57,LTe44,1,0,1,0,2,0,2,0
LT57,Li04,1,0,1,0,2,0,2,0
LT57,LC44,1,0,1,0,2,0,2,0
LT57,cMLLP01,1,0,1,0,2,0,2,0
MeMe_e02,TmY4,1,1,0,0,2,2,0,0
MeMe_e02,MTe51,1,1,0,0,2,2,0,0
MeTu4b,Pm14,1,0,1,0,2,0,2,0
LC26,LC10a,1,0,1,0,2,0,2,0
LC40,cL05,1,0,1,0,2,0,2,0
LC17,TmY11,1,0,1,0,2,0,2,0
LC17,LC6,1,0,1,0,2,0,2,0
LC17,Tm8a,1,0,1,0,2,0,2,0
LT52,cL18,1,0,1,0,2,0,2,0
cL03,LPi10,1,0,1,0,2,0,2,0
cL03,LC31a,1,0,1,0,2,0,2,0
LT69,LT84,1,0,1,0,2,0,2,0
LT69,LT64,1,0,1,0,2,0,2,0
LT69,Tm34,1,0,1,0,2,0,2,0
LT69,LT73,1,0,1,0,2,0,2,0
LT69,TmY9q⊥,1,0,1,0,2,0,2,0
LT69,MeTu3a,1,0,1,0,2,0,2,0
LT69,LC33a,1,0,1,0,2,0,2,0
LT69,LT78,1,0,1,0,2,0,2,0
LT69,Li33,1,0,1,0,2,0,2,0
LT69,LTe14,1,0,1,0,2,0,2,0
LC10a,LLPC4,1,0,1,0,2,0,2,0
LC10e,LCe05,1,0,1,0,2,0,2,0
MTe15,MLt7,1,0,1,0,2,0,2,0
MTe15,Sm08,1,0,1,0,2,0,2,0
cL19,LTe55,1,1,0,0,2,2,0,0
cL19,LTe49a,1,1,0,0,2,2,0,0
cL19,LLPt,1,0,1,0,2,0,2,0
cL19,LCe04,1,1,0,0,2,2,0,0
cL19,LCe03,1,1,0,0,2,2,0,0
cL19,LC14a2,1,0,0,1,2,0,0,2
cL19,LTe38c,1,1,0,0,2,2,0,0
LCe01a,LT51,1,0,1,0,2,0,2,0
LC36,LTe54,1,0,1,0,2,0,2,0
LPLC4,VS1,1,0,1,0,2,0,2,0
LC6,LTe20,1,0,1,0,2,0,2,0
LPT23,Nod1,1,0,1,0,2,0,2,0
LPT23,LPi01,1,0,1,0,2,0,2,0
LC22,LTe49d,1,0,1,0,2,0,2,0
LC22,LT1b,1,0,1,0,2,0,2,0
LC22,Pm01,1,0,1,0,2,0,2,0
LC22,LC18,1,0,1,0,2,0,2,0
LC22,LT62,1,0,1,0,2,0,2,0
LTe47,Li07,1,0,1,0,2,0,2,0
LTe47,LPLC1,1,0,1,0,2,0,2,0
LTe47,TmY9q⊥,1,0,1,0,2,0,2,0
LTe47,LC29,1,0,1,0,2,0,2,0
LTe47,LC22,1,0,1,0,2,0,2,0
LTe47,LC25,1,0,1,0,2,0,2,0
LTe47,LC10a,1,0,1,0,2,0,2,0
LTe47,TmY10,1,0,1,0,2,0,2,0
LTe47,Li12,1,0,1,0,2,0,2,0
LTe47,LT81,1,0,1,0,2,0,2,0
LTe47,Tlp1,1,0,1,0,2,0,2,0
MeTu4a,MTe25,1,0,1,0,2,0,2,0
OA-AL2b1,LT65,1,1,0,0,2,2,0,0
OA-AL2b1,LC10e,1,0,1,0,2,0,2,0
OA-AL2b1,LTe49f,1,1,0,0,2,2,0,0
OA-AL2b1,LTe33,1,1,0,0,2,2,0,0
OA-AL2b1,Y4,1,0,1,0,2,0,2,0
OA-AL2b1,LCe05,1,0,1,0,2,0,2,0
LTe01,cL22b,1,0,1,0,2,0,2,0
LTe01,Tm16,1,0,1,0,2,0,2,0
LTe01,LC16,1,0,1,0,2,0,2,0
LTe01,LC39,1,0,1,0,2,0,2,0
LTe01,LC10d,1,0,1,0,2,0,2,0
LTe01,LTe53,1,0,1,0,2,0,2,0
LTe01,cM08c,1,0,1,0,2,0,2,0
LTe01,LPLC2,1,0,1,0,2,0,2,0
LC14b,LPT52,1,0,1,0,2,0,2,0
LC11,TmY9q⊥,1,0,1,0,2,0,2,0
aMe20,Li10,1,0,1,0,2,0,2,0
aMe20,LTe32,1,0,1,0,2,0,2,0
cLP02,VS3,1,0,1,0,2,0,2,0
cL08,LT52,1,0,1,0,2,0,2,0
cL08,LT11,1,0,1,0,2,0,2,0
cL08,Y11,1,0,1,0,2,0,2,0
cL08,OA-AL2i2,1,0,1,0,2,0,2,0
cL08,Tm20,1,0,1,0,2,0,2,0
cL08,Tm5e,1,0,1,0,2,0,2,0
cL08,LC6,1,0,1,0,2,0,2,0
cL08,LT60,1,0,1,0,2,0,2,0
cL08,Li02,1,0,1,0,2,0,2,0
MeTu3c,Tm4,1,0,1,0,2,0,2,0
cLP01,cLP05,1,0,1,0,2,0,2,0
LT82a,LTe18,1,0,1,0,2,0,2,0
LT82a,LPLC4,1,0,1,0,2,0,2,0
LT82a,LC13,1,0,1,0,2,0,2,0
LT82a,LLPC1,1,0,1,0,2,0,2,0
LT82a,Li01,1,0,1,0,2,0,2,0
LT82a,LC10d,1,0,1,0,2,0,2,0
AN_multi_124,Li14,1,0,1,0,2,0,2,0
AN_multi_124,Tm4,1,0,1,0,2,0,2,0
AN_multi_124,Li15,1,0,1,0,2,0,2,0
AN_multi_124,Tm9,1,1,0,0,2,2,0,0
MeTu1,MTe06,1,0,1,0,2,0,2,0
LLPC3,Li03,1,0,1,0,2,0,2,0
LLPC3,LT53,1,0,1,0,2,0,2,0
MeMe_e08,T4a,1,1,0,0,2,2,0,0
LC14a2,LPT23,1,0,1,0,2,0,2,0
LC14a2,Tm21,1,0,1,0,2,0,2,0
LC14a2,LPi13,1,0,1,0,2,0,2,0
LC14a2,LT83,1,0,1,0,2,0,2,0
LC14a2,cL03,1,0,1,0,2,0,2,0
LC10e,LMa2,1,0,1,0,2,0,2,0
LC10e,LC19,1,0,1,0,2,0,2,0
LC36,LC10e,1,0,1,0,2,0,2,0
DNc01,Dm6,1,1,0,0,2,2,0,0
DNc01,Dm8b,1,1,0,0,2,2,0,0
DNc01,T2a,1,1,0,0,2,2,0,0
DNc01,Sm21,1,1,0,0,2,2,0,0
DNc01,Dm13,1,0,1,0,2,0,2,0
DNc01,Sm01,1,0,1,0,2,0,2,0
DNc01,Lawf1,1,1,0,0,2,2,0,0
LC37a,cL01,1,0,1,0,2,0,2,0
LC37a,LTe32,1,0,1,0,2,0,2,0
LC37a,LC33a,1,0,1,0,2,0,2,0
LC37a,LTe38a,1,0,1,0,2,0,2,0
CB0816,MTe42,1,0,1,0,2,0,2,0
CB0816,Sm09,1,0,1,0,2,0,2,0
CB0816,cM17,1,0,1,0,2,0,2,0
CB0816,MTe04,1,1,0,0,2,2,0,0
CB0816,TmY4,1,0,1,0,2,0,2,0
CB0816,Sm35,1,0,1,0,2,0,2,0
CB0816,Tm5a,1,0,1,0,2,0,2,0
CB0816,Tm8a,1,0,1,0,2,0,2,0
CB0816,MTe07,1,0,0,1,2,0,0,2
MTe25,MTe02,1,0,1,0,2,0,2,0
MTe25,MTe03,1,0,1,0,2,0,2,0
MTe25,aMe9,1,0,1,0,2,0,2,0
MTe25,Sm15,1,0,1,0,2,0,2,0
MTe25,cLM01,1,0,1,0,2,0,2,0
LT70,cLLPM02,1,0,1,0,2,0,2,0
LT70,Tm35,1,0,1,0,2,0,2,0
LT70,LTe49f,1,0,1,0,2,0,2,0
LT52,LTe43,1,0,1,0,2,0,2,0
LC16,Li20,1,0,1,0,2,0,2,0
LC16,LTe18,1,0,1,0,2,0,2,0
LC16,Li14,1,0,1,0,2,0,2,0
LC16,LT78,1,0,1,0,2,0,2,0
LC16,LC46,1,0,1,0,2,0,2,0
LC16,Li22,1,0,1,0,2,0,2,0
MTe54,Tm4,1,0,1,0,2,0,2,0
MTe54,TmY9q⊥,1,0,1,0,2,0,2,0
LPLC2,LC29,1,0,1,0,2,0,2,0
MTe54,MTe09,1,0,1,0,2,0,2,0
cLP01,LPi03,1,0,1,0,2,0,2,0
LLPC2,Li01,1,0,1,0,2,0,2,0
LC22,MLt3,1,0,1,0,2,0,2,0
cM19,Tm27,1,0,1,0,2,0,2,0
cM19,LT51,1,0,1,0,2,0,2,0
cM19,LPLC2,1,0,1,0,2,0,2,0
cM19,aMe1,1,1,0,0,2,2,0,0
LTe29,LT58,1,0,1,0,2,0,2,0
LTe29,LC17,1,0,1,0,2,0,2,0
LTe29,Li10,1,0,1,0,2,0,2,0
LTe29,LC19,1,0,1,0,2,0,2,0
LTe29,LLPC3,1,0,1,0,2,0,2,0
LTe29,LT76,1,0,1,0,2,0,2,0
LTe29,LMa3,1,0,1,0,2,0,2,0
LTe29,Li11,1,0,1,0,2,0,2,0
LTe29,LLPC4,1,0,1,0,2,0,2,0
LTe29,LC25,1,0,1,0,2,0,2,0
cL10,Tm8a,1,0,1,0,2,0,2,0
cL10,Tm8b,1,0,1,0,2,0,2,0
cL10,LC39,1,0,1,0,2,0,2,0
cL10,LTe24,1,0,1,0,2,0,2,0
cL10,LTe58,1,0,1,0,2,0,2,0
cL10,Sm39,1,0,1,0,2,0,2,0
cL10,CB2216,1,0,1,0,2,0,2,0
cL10,aMe1,1,0,1,0,2,0,2,0
cL10,MeMe_e06,1,0,1,0,2,0,2,0
cL10,LC20b,1,0,1,0,2,0,2,0
cL10,LTe33,1,0,1,0,2,0,2,0
cL10,LTe03,1,0,1,0,2,0,2,0
cL10,mALB5,1,0,1,0,2,0,2,0
cL10,LT55,1,0,1,0,2,0,2,0
cL10,LC10e,1,0,1,0,2,0,2,0
cL10,LC33a,1,0,1,0,2,0,2,0
cL10,MeTu3b,1,0,1,0,2,0,2,0
cL10,LTe49f,1,0,1,0,2,0,2,0
cL10,MTe01a,1,0,1,0,2,0,2,0
cL10,MTe13,1,0,1,0,2,0,2,0
cL10,Tm16,1,0,1,0,2,0,2,0
cL10,LCe09,1,0,1,0,2,0,2,0
cL10,LTe30,1,0,1,0,2,0,2,0
cL10,LTe49a,1,0,1,0,2,0,2,0
cL10,T2a,1,0,1,0,2,0,2,0
cL10,Sm18,1,0,1,0,2,0,2,0
cL10,MTe37,1,0,1,0,2,0,2,0
cL10,LTe37,1,0,1,0,2,0,2,0
MeTu4d,Tm35,1,0,1,0,2,0,2,0
LPLC1,LTe36,1,0,1,0,2,0,2,0
MeTu3c,MTe23,1,0,1,0,2,0,2,0
LC22,LMa3,1,0,1,0,2,0,2,0
LC22,LTe03,1,0,1,0,2,0,2,0
LC14b,LT60,1,0,1,0,2,0,2,0
LC14b,LT11,1,0,1,0,2,0,2,0
MeTu4c,LTe07,1,0,1,0,2,0,2,0
MeTu4c,PLP051,1,0,1,0,2,0,2,0
MeTu4c,Sm23,1,0,1,0,2,0,2,0
MeTu4c,aMe19b,1,0,1,0,2,0,2,0
MeTu4c,LTe49c,1,0,1,0,2,0,2,0
MeTu4c,Sm38,1,0,1,0,2,0,2,0
MeTu4c,cM14,1,0,1,0,2,0,2,0
MeTu4c,MTe47,1,0,1,0,2,0,2,0
LPTe01,VS1,1,0,1,0,2,0,2,0
LPTe01,cLLP02,1,0,1,0,2,0,2,0
cM08c,DmDRA1,1,0,1,0,2,0,2,0
cM08c,cM10,1,0,1,0,2,0,2,0
cM08c,LC20a,1,0,1,0,2,0,2,0
cM08c,LC10f,1,0,1,0,2,0,2,0
cM08c,CB2580,1,0,1,0,2,0,2,0
MTe08,Tm36,1,0,1,0,2,0,2,0
MTe08,TmY11,1,0,1,0,2,0,2,0
LTe65,LMa2,1,0,1,0,2,0,2,0
LTe65,LC10b,1,0,1,0,2,0,2,0
LTe65,Li10,1,0,1,0,2,0,2,0
LTe65,LTe06,1,0,1,0,2,0,2,0
LTe65,LTe65,1,0,1,0,2,0,2,0
aMe17b,MLt1,1,0,1,0,2,0,2,0
aMe17b,OA-AL2i4,1,0,1,0,2,0,2,0
aMe17b,DmDRA2,1,0,1,0,2,0,2,0
aMe17b,MeTu3a,1,0,1,0,2,0,2,0
aMe17b,Sm16,1,0,1,0,2,0,2,0
LC20b,T2a,1,0,1,0,2,0,2,0
LPT31,TmY31,1,0,1,0,2,0,2,0
cLP03,MeLp1,1,0,1,0,2,0,2,0
LLPC1,LPi03,1,0,1,0,2,0,2,0
MeTu4c,PLP155,1,0,1,0,2,0,2,0
MeTu4c,MTe09,1,0,1,0,2,0,2,0
LC17,LT67,1,0,1,0,2,0,2,0
LC17,Li28,1,0,1,0,2,0,2,0
LC17,LTe08,1,0,1,0,2,0,2,0
LLPC1,LT65,1,0,1,0,2,0,2,0
LLPC1,cL16,1,0,1,0,2,0,2,0
LC10c,LTe63,1,0,1,0,2,0,2,0
LC18,LC22,1,0,1,0,2,0,2,0
LC14b,cL16,1,1,0,0,2,2,0,0
LC25,LT82a,1,0,1,0,2,0,2,0
LC25,LC10d,1,0,1,0,2,0,2,0
aMe26,cM08b,1,0,1,0,2,0,2,0
aMe26,Sm01,1,0,1,0,2,0,2,0
aMe26,Tm5f,1,0,1,0,2,0,2,0
cL03,LC11,1,0,1,0,2,0,2,0
cL03,C3,1,0,1,0,2,0,2,0
MeMe_e01,Lawf2,1,0,1,0,2,0,2,0
MeMe_e01,Tm9,1,0,1,0,2,0,2,0
MeMe_e01,Mi2,1,0,1,0,2,0,2,0
MeMe_e01,Dm8a,1,0,1,0,2,0,2,0
MeMe_e01,aMe19b,1,0,0,1,2,0,0,2
MeTu4a,T2,1,0,1,0,2,0,2,0
cL07,Li24,1,0,1,0,2,0,2,0
cL07,LT60,1,0,1,0,2,0,2,0
cL07,TmY4,1,0,1,0,2,0,2,0
cL07,LT51,1,0,1,0,2,0,2,0
cL07,LC16,1,0,1,0,2,0,2,0
cL07,Tm27,1,0,1,0,2,0,2,0
cL07,Y4,1,0,1,0,2,0,2,0
cL07,LLPC1,1,0,1,0,2,0,2,0
cL07,LC28a,1,0,1,0,2,0,2,0
cL07,DNp11,1,0,1,0,2,0,2,0
cL07,Tm3,1,0,1,0,2,0,2,0
cL07,LC35,1,0,1,0,2,0,2,0
cL07,LT74,1,0,1,0,2,0,2,0
cM08a,Tm25,1,0,1,0,2,0,2,0
cM08a,TmY9q⊥,1,0,1,0,2,0,2,0
cM08a,MLt4,1,0,1,0,2,0,2,0
cM08a,PLP231,1,0,1,0,2,0,2,0
cM08a,LC27,1,0,1,0,2,0,2,0
LC9,LTe45,1,0,1,0,2,0,2,0
LC9,LTe24,1,0,1,0,2,0,2,0
cM17,MTe14,1,0,1,0,2,0,2,0
cM17,TmY14,1,0,1,0,2,0,2,0
cM17,MTe52,1,0,1,0,2,0,2,0
cM17,MeTu3b,1,0,1,0,2,0,2,0
cM17,MTe53,1,0,1,0,2,0,2,0
cM17,Y1,1,0,1,0,2,0,2,0
cM17,MeTu4d,1,0,1,0,2,0,2,0
cM17,Sm19,1,0,1,0,2,0,2,0
LPT30,VCH,1,0,1,0,2,0,2,0
LPT30,LPi14,1,0,1,0,2,0,2,0
LPT30,LC6,1,0,1,0,2,0,2,0
LPT30,Y4,1,0,1,0,2,0,2,0
LPT30,TmY16,1,0,1,0,2,0,2,0
LPT30,T5d,1,0,1,0,2,0,2,0
LPT30,LC14a1,1,0,1,0,2,0,2,0
LPT30,Li32,1,0,1,0,2,0,2,0
LPT30,Tm4,1,0,1,0,2,0,2,0
MeMe_e01,Tm4,1,1,0,0,2,2,0,0
LC10e,Tm16,1,0,1,0,2,0,2,0
LC10e,LC27,1,0,1,0,2,0,2,0
LC21,MeTu3c,1,0,1,0,2,0,2,0
LC15,cL07,1,0,1,0,2,0,2,0
l-LNv,Tm5f,1,0,1,0,2,0,2,0
l-LNv,Sm17,1,0,1,0,2,0,2,0
l-LNv,s-LNva,1,0,1,0,2,0,2,0
l-LNv,Tm20,1,1,0,0,2,2,0,0
LLPC3,LC20b,1,0,1,0,2,0,2,0
aMe10,MTe54,1,1,0,0,2,2,0,0
LTe69,LTe22,1,0,1,0,2,0,2,0
LTe69,cLLP02,1,0,1,0,2,0,2,0
LPLC1,LCe01b,1,0,1,0,2,0,2,0
LCe01b,LCe04,1,0,1,0,2,0,2,0
LCe01b,Tm5e,1,0,1,0,2,0,2,0
LC31b,LC11,1,0,1,0,2,0,2,0
LC31b,Li32,1,0,1,0,2,0,2,0
OA-AL2i3,Sm07,1,0,1,0,2,0,2,0
OA-AL2i3,Sm30,1,0,1,0,2,0,2,0
OA-AL2i3,Mi9,1,0,1,0,2,0,2,0
OA-AL2i3,cM05,1,0,1,0,2,0,2,0
OA-AL2i3,MeTu3a,1,0,1,0,2,0,2,0
OA-AL2i3,Dm4,1,0,1,0,2,0,2,0
OA-AL2i3,MeTu2b,1,0,1,0,2,0,2,0
LTe55,Tm4,1,0,1,0,2,0,2,0
LTe55,Li10,1,0,1,0,2,0,2,0
LTe55,LC20b,1,0,1,0,2,0,2,0
LTe55,Li05,1,0,1,0,2,0,2,0
LC22,LTe15,1,0,1,0,2,0,2,0
LC11,LTe15,1,0,1,0,2,0,2,0
LC11,LT38,1,0,1,0,2,0,2,0
LC4,CT1,1,0,1,0,2,0,2,0
MeTu3b,DmDRA2,1,0,1,0,2,0,2,0
MeTu3b,Pm14,1,0,1,0,2,0,2,0
cM02b,Tm5d,1,0,1,0,2,0,2,0
cM02b,Sm02,1,0,1,0,2,0,2,0
cM02b,Dm8a,1,0,1,0,2,0,2,0
cM02b,Tm5c,1,0,1,0,2,0,2,0
cM02b,R7,1,0,1,0,2,0,2,0
cM02b,aMe26,1,0,1,0,2,0,2,0
cM02b,Sm04,1,0,1,0,2,0,2,0
cM02b,Pm05,1,0,1,0,2,0,2,0
cM02b,MTe54,1,0,1,0,2,0,2,0
cM02b,TmY10,1,0,1,0,2,0,2,0
cM02b,DmDRA1,1,0,1,0,2,0,2,0
MeTu3c,Sm29,1,0,1,0,2,0,2,0
MTe50,Dm2,1,0,1,0,2,0,2,0
LTe06,Tm8b,1,0,1,0,2,0,2,0
LTe06,Tm5e,1,0,1,0,2,0,2,0
LTe06,LTe32,1,0,1,0,2,0,2,0
LTe06,LC24,1,0,1,0,2,0,2,0
LPTe02,LPC2,1,0,1,0,2,0,2,0
LPTe02,LPi04,1,0,1,0,2,0,2,0
l-LNv,Tm25,1,0,1,0,2,0,2,0
l-LNv,Pm07,1,0,1,0,2,0,2,0
cM06,Pm10,1,0,1,0,2,0,2,0
cM06,Mi2,1,0,1,0,2,0,2,0
cM06,Lawf2,1,0,1,0,2,0,2,0
cM06,MTe40,1,0,1,0,2,0,2,0
cM06,Sm04,1,0,1,0,2,0,2,0
cM06,Dm3p,1,0,1,0,2,0,2,0
cM06,LMa1,1,0,1,0,2,0,2,0
cM06,L5,1,0,1,0,2,0,2,0
cM06,Pm07,1,0,1,0,2,0,2,0
cM06,LMa5,1,0,1,0,2,0,2,0
cM06,cM15,1,0,1,0,2,0,2,0
cM06,L2,1,0,1,0,2,0,2,0
cM06,MeLp2,1,0,1,0,2,0,2,0
cM06,L1,1,0,1,0,2,0,2,0
LTe03,LC16,1,0,1,0,2,0,2,0
LTe03,TmY31,1,0,1,0,2,0,2,0
LTe03,LTe30,1,0,1,0,2,0,2,0
LPLC2,PLP241,1,0,1,0,2,0,2,0
LPLC2,LT38,1,0,1,0,2,0,2,0
aMe1,Tm5c,1,0,1,0,2,0,2,0
aMe1,MTe13,1,0,1,0,2,0,2,0
LTe58,LTe64,1,0,1,0,2,0,2,0
LTe58,LC46,1,0,1,0,2,0,2,0
LCe08,Li32,1,0,1,0,2,0,2,0
LCe08,Li28,1,0,1,0,2,0,2,0
MeLp2,LPT22,1,0,1,0,2,0,2,0
MeLp2,LPT31,1,0,1,0,2,0,2,0
MeLp2,TmY3,1,0,1,0,2,0,2,0
MeLp2,MeMe_e07,1,0,0,1,2,0,0,2
MeLp2,TmY31,1,0,1,0,2,0,2,0
MeLp2,LPT52,1,0,1,0,2,0,2,0
MeLp2,LPTe02,1,0,1,0,2,0,2,0
MeLp2,Pm10,1,1,0,0,2,2,0,0
LC9,Tm5d,1,0,1,0,2,0,2,0
LPLC2,TmY9q,1,0,1,0,2,0,2,0
MTe54,MTe43,1,0,1,0,2,0,2,0
MTe54,LMa1,1,0,1,0,2,0,2,0
LC11,Li12,1,0,1,0,2,0,2,0
MeMe_e08,Pm11,1,0,1,0,2,0,2,0
cL02b,LT72,1,0,1,0,2,0,2,0
cL02b,LTe58,1,0,1,0,2,0,2,0
MeTu3c,aMe26,1,0,1,0,2,0,2,0
LT72,LTe38b,1,0,1,0,2,0,2,0
LT72,Li13,1,0,1,0,2,0,2,0
LT72,Tm5e,1,0,1,0,2,0,2,0
LT72,LTe21,1,0,1,0,2,0,2,0
LT72,Li04,1,0,1,0,2,0,2,0
LT72,Li16,1,0,1,0,2,0,2,0
LT72,LTe42a,1,0,1,0,2,0,2,0
LT72,LTe24,1,0,1,0,2,0,2,0
LT72,LC41,1,0,1,0,2,0,2,0
LT72,LT57,1,0,1,0,2,0,2,0
LC11,Tm20,1,0,1,0,2,0,2,0
cM19,TmY15,1,1,0,0,2,2,0,0
LPLC4,LC31c,1,0,1,0,2,0,2,0
LPLC4,LT74,1,0,1,0,2,0,2,0
LC27,LC34,1,0,1,0,2,0,2,0
LC25,Li17,1,0,1,0,2,0,2,0
DN1a,DNp27,1,0,1,0,2,0,2,0
MeTu2a,Sm16,1,0,1,0,2,0,2,0
MTe07,TmY10,1,1,0,0,2,2,0,0
MTe07,cML01,1,1,0,0,2,2,0,0
MeMe_e02,Tm31,1,0,1,0,2,0,2,0
MeMe_e02,cM12,1,0,1,0,2,0,2,0
MeMe_e02,Sm13,1,0,1,0,2,0,2,0
MeMe_e02,MTe02,1,0,1,0,2,0,2,0
MeMe_e02,Tm8a,1,0,1,0,2,0,2,0
MeTu4a,Tm31,1,0,1,0,2,0,2,0
LC9,LT73,1,0,1,0,2,0,2,0
cL20,Li30,1,0,1,0,2,0,2,0
cL20,LTe08,1,0,1,0,2,0,2,0
cL20,Li18,1,0,1,0,2,0,2,0
cL20,LT65,1,0,1,0,2,0,2,0
cL20,LTe11,1,0,1,0,2,0,2,0
cL20,Li01,1,0,1,0,2,0,2,0
cL20,TmY11,1,0,1,0,2,0,2,0
cL20,MLt1,1,0,1,0,2,0,2,0
cL20,Li28,1,0,1,0,2,0,2,0
cL20,Pm01,1,0,1,0,2,0,2,0
cL20,LT66,1,0,1,0,2,0,2,0
cL20,LTe12,1,0,1,0,2,0,2,0
cL20,LC43,1,0,1,0,2,0,2,0
cL20,LT83,1,0,1,0,2,0,2,0
LT37,LT65,1,0,1,0,2,0,2,0
LT37,LMt2,1,0,1,0,2,0,2,0
LT37,MeTu1,1,0,1,0,2,0,2,0
LT37,cL07,1,0,1,0,2,0,2,0
LT37,Tm8b,1,0,1,0,2,0,2,0
LT37,LTe18,1,0,1,0,2,0,2,0
LT37,LC17,1,0,1,0,2,0,2,0
LT37,LTe42a,1,0,1,0,2,0,2,0
LT37,LTe41,1,0,1,0,2,0,2,0
LT37,LT77,1,0,1,0,2,0,2,0
LT37,LTe28,1,0,1,0,2,0,2,0
LT37,Li12,1,0,1,0,2,0,2,0
LT37,Tm33,1,0,1,0,2,0,2,0
LT37,LMa2,1,0,1,0,2,0,2,0
LT37,LTe19,1,0,1,0,2,0,2,0
LC28a,LC31a,1,0,1,0,2,0,2,0
LC28a,LTe63,1,0,1,0,2,0,2,0
LC16,LC43,1,0,1,0,2,0,2,0
MTe46,LT58,1,0,1,0,2,0,2,0
MTe46,LT52,1,1,0,0,2,2,0,0
MTe46,LPi09,1,0,1,0,2,0,2,0
MTe46,LTe09,1,1,0,0,2,2,0,0
MTe46,Sm12,1,0,1,0,2,0,2,0
MTe46,LMt4,1,1,0,0,2,2,0,0
MTe46,aMe19b,1,0,0,1,2,0,0,2
MTe46,cLM01,1,0,1,0,2,0,2,0
MTe46,Pm10,1,0,1,0,2,0,2,0
MTe46,MeTu4c,1,0,1,0,2,0,2,0
MTe46,Li08,1,0,1,0,2,0,2,0
LC20b,Li24,1,0,1,0,2,0,2,0
MTe52,Tm21,1,0,1,0,2,0,2,0
5-HTPMPV03,Tm5c,1,1,0,0,2,2,0,0
5-HTPMPV03,Li27,1,0,1,0,2,0,2,0
5-HTPMPV03,LT63,1,0,1,0,2,0,2,0
5-HTPMPV03,Tm32,1,1,0,0,2,2,0,0
5-HTPMPV03,LC10a,1,0,1,0,2,0,2,0
5-HTPMPV03,LT58,1,1,0,0,2,2,0,0
5-HTPMPV03,T2a,1,1,0,0,2,2,0,0
5-HTPMPV03,cM08a,1,0,1,0,2,0,2,0
5-HTPMPV03,MTe27,1,1,0,0,2,2,0,0
5-HTPMPV03,LT43,1,0,1,0,2,0,2,0
5-HTPMPV03,MTe13,1,1,0,0,2,2,0,0
5-HTPMPV03,aMe5,1,1,0,0,2,2,0,0
5-HTPMPV03,Sm13,1,1,0,0,2,2,0,0
5-HTPMPV03,Pm12,1,1,0,0,2,2,0,0
5-HTPMPV03,Tm5f,1,1,0,0,2,2,0,0
5-HTPMPV03,LLPt,1,0,1,0,2,0,2,0
5-HTPMPV03,cL16,1,1,0,0,2,2,0,0
5-HTPMPV03,LC9,1,0,1,0,2,0,2,0
5-HTPMPV03,5-HTPMPV03,1,0,0,1,2,0,0,2
5-HTPMPV03,Mi10,1,1,0,0,2,2,0,0
5-HTPMPV03,LC20b,1,0,1,0,2,0,2,0
5-HTPMPV03,LMa5,1,0,1,0,2,0,2,0
5-HTPMPV03,LTe76,1,1,0,0,2,2,0,0
5-HTPMPV03,Li11,1,0,1,0,2,0,2,0
5-HTPMPV03,Sm30,1,0,1,0,2,0,2,0
5-HTPMPV03,LMa2,1,0,1,0,2,0,2,0
5-HTPMPV03,Sm21,1,1,0,0,2,2,0,0
5-HTPMPV03,Y3,1,0,1,0,2,0,2,0
5-HTPMPV03,MLt1,1,1,0,0,2,2,0,0
5-HTPMPV03,LTe42a,1,1,0,0,2,2,0,0
5-HTPMPV03,Sm12,1,1,0,0,2,2,0,0
5-HTPMPV03,Tm5d,1,1,0,0,2,2,0,0
MTe20,MeMe_e10,1,0,1,0,2,0,2,0
MTe20,Sm18,1,0,1,0,2,0,2,0
MeTu4c,MTe54,1,0,1,0,2,0,2,0
LC28a,cL19,1,0,1,0,2,0,2,0
cM08a,MLt2,1,0,1,0,2,0,2,0
cM08a,Mi2,1,0,1,0,2,0,2,0
cM08a,Sm34,1,0,1,0,2,0,2,0
cM08a,Pm10,1,0,1,0,2,0,2,0
MeMe_e09,MTe06,1,0,1,0,2,0,2,0
MeMe_e09,TmY31,1,0,1,0,2,0,2,0
MeMe_e09,Tm33,1,0,1,0,2,0,2,0
MeMe_e09,Sm24,1,0,1,0,2,0,2,0
MeMe_e09,cM15,1,0,1,0,2,0,2,0
MeMe_e09,MTe07,1,0,1,0,2,0,2,0
MeMe_e09,MLt5,1,1,0,0,2,2,0,0
MeMe_e09,Mi15,1,0,1,0,2,0,2,0
MeMe_e09,MeTu4d,1,0,1,0,2,0,2,0
MeMe_e09,OA-AL2i4,1,1,0,0,2,2,0,0
MeMe_e09,Tm35,1,0,1,0,2,0,2,0
CB2580,MTe46,1,0,1,0,2,0,2,0
CB2580,Sm18,1,0,1,0,2,0,2,0
LLPC3,TmY10,1,0,1,0,2,0,2,0
LC46,LTe21,1,0,1,0,2,0,2,0
LC10b,cL06,1,0,1,0,2,0,2,0
MeMe_e08,Tm33,1,1,0,0,2,2,0,0
MeMe_e08,Sm22,1,0,1,0,2,0,2,0
MeMe_e08,MeTu1,1,0,1,0,2,0,2,0
cL21,LTe25,1,0,1,0,2,0,2,0
cL21,Tm16,1,0,1,0,2,0,2,0
cL21,DCH,1,0,1,0,2,0,2,0
cL21,T4c,1,0,1,0,2,0,2,0
cL21,LC10a,1,0,1,0,2,0,2,0
cL21,LC31b,1,0,1,0,2,0,2,0
cL21,TmY4,1,0,1,0,2,0,2,0
cL21,LLPC4,1,0,1,0,2,0,2,0
cL21,Li14,1,0,1,0,2,0,2,0
cL21,LPT22,1,0,1,0,2,0,2,0
cL21,TmY16,1,0,1,0,2,0,2,0
LC16,MLt3,1,0,1,0,2,0,2,0
MTe50,TmY9q⊥,1,0,1,0,2,0,2,0
MTe50,Dm16,1,0,1,0,2,0,2,0
5-HTPMPV01,Li33,1,0,1,0,2,0,2,0
5-HTPMPV01,LC28a,1,0,1,0,2,0,2,0
5-HTPMPV01,LTe44,1,0,1,0,2,0,2,0
5-HTPMPV01,MLt7,1,0,1,0,2,0,2,0
5-HTPMPV01,LC33a,1,0,1,0,2,0,2,0
LC19,LMa2,1,0,1,0,2,0,2,0
LC19,LC28a,1,0,1,0,2,0,2,0
MeMe_e01,aMe25,1,1,0,0,2,2,0,0
MeMe_e01,Sm34,1,1,0,0,2,2,0,0
MeMe_e01,MTe01a,1,1,0,0,2,2,0,0
MeMe_e01,aMe19a,1,0,0,1,2,0,0,2
LPLC2,LTe49c,1,0,1,0,2,0,2,0
LPLC2,LC28a,1,0,1,0,2,0,2,0
LPLC2,LTe36,1,0,1,0,2,0,2,0
LTe57,LT73,1,0,1,0,2,0,2,0
LTe57,LC10d,1,0,1,0,2,0,2,0
LTe57,LC6,1,0,1,0,2,0,2,0
LTe57,Li09,1,0,1,0,2,0,2,0
MTe04,Sm32,1,0,1,0,2,0,2,0
LPC2,LPT49,1,0,1,0,2,0,2,0
LPC2,VS1,1,0,1,0,2,0,2,0
LPC2,VSm,1,0,1,0,2,0,2,0
LC25,Tm16,1,0,1,0,2,0,2,0
LC25,LC24,1,0,1,0,2,0,2,0
MTe08,T4d,1,0,1,0,2,0,2,0
LC4,Li25,1,0,1,0,2,0,2,0
MeTu4a,Li02,1,0,1,0,2,0,2,0
LTe22,DNp27,1,0,1,0,2,0,2,0
LTe22,LTe36,1,0,1,0,2,0,2,0
LTe22,Tm5f,1,0,1,0,2,0,2,0
LTe22,LC10c,1,0,1,0,2,0,2,0
LTe22,MTe46,1,0,1,0,2,0,2,0
LTe22,LT81,1,0,1,0,2,0,2,0
LTe22,LC22,1,0,1,0,2,0,2,0
LTe22,cM08c,1,0,1,0,2,0,2,0
LTe22,LTe58,1,0,1,0,2,0,2,0
LTe22,Tm20,1,0,1,0,2,0,2,0
LTe22,LTe20,1,0,1,0,2,0,2,0
LTe22,LC6,1,0,1,0,2,0,2,0
LTe22,Li05,1,0,1,0,2,0,2,0
LTe22,Tm5e,1,0,1,0,2,0,2,0
LTe22,LT85,1,0,1,0,2,0,2,0
LTe22,PLP174,1,0,1,0,2,0,2,0
LTe22,LC16,1,0,1,0,2,0,2,0
MTe42,Pm14,1,0,1,0,2,0,2,0
MTe42,Mi4,1,0,1,0,2,0,2,0
MTe51,MTe39,1,0,1,0,2,0,2,0
cL18,Tm5e,1,0,1,0,2,0,2,0
cL18,Tm5f,1,0,1,0,2,0,2,0
cL18,LC36,1,0,1,0,2,0,2,0
aMe17c,MTe07,1,0,1,0,2,0,2,0
aMe17c,Sm20,1,0,1,0,2,0,2,0
aMe17c,LMt2,1,0,1,0,2,0,2,0
MeMe_e06,aMe17b,1,1,0,0,2,2,0,0
MeMe_e06,Tm8a,1,1,0,0,2,2,0,0
MeMe_e06,MTe24,1,1,0,0,2,2,0,0
MeMe_e06,MTe37,1,1,0,0,2,2,0,0
MeMe_e06,MTe01a,1,1,0,0,2,2,0,0
MeMe_e06,MeMe_e05,1,0,0,1,2,0,0,2
MeMe_e06,Pm04,1,1,0,0,2,2,0,0
LT82a,LC15,1,0,1,0,2,0,2,0
LT82a,Li19,1,0,1,0,2,0,2,0
LT82a,LC28a,1,0,1,0,2,0,2,0
LT82a,LTe12,1,0,1,0,2,0,2,0
LPLC2,LT84,1,0,1,0,2,0,2,0
LC29,MLt2,1,0,1,0,2,0,2,0
MTe12,Sm18,1,0,1,0,2,0,2,0
MTe12,MeTu4d,1,0,1,0,2,0,2,0
MTe12,OA-AL2i4,1,0,1,0,2,0,2,0
MTe12,Sm16,1,0,1,0,2,0,2,0
LTe30,LTe45,1,0,1,0,2,0,2,0
LTe30,Li12,1,0,1,0,2,0,2,0
LTe30,LPLC2,1,0,1,0,2,0,2,0
LTe30,LTe17,1,0,1,0,2,0,2,0
LTe30,LT51,1,0,1,0,2,0,2,0
LTe30,LC10d,1,0,1,0,2,0,2,0
LTe30,Li02,1,0,1,0,2,0,2,0
LTe30,LTe35,1,0,1,0,2,0,2,0
LTe30,LTe68,1,0,1,0,2,0,2,0
LTe30,Li01,1,0,1,0,2,0,2,0
LPT50,LPLC4,1,1,0,0,2,2,0,0
LPT50,VST2,1,1,0,0,2,2,0,0
LPT50,LLPC1,1,0,1,0,2,0,2,0
LTe58,LT51,1,0,1,0,2,0,2,0
LTe58,aMe20,1,0,1,0,2,0,2,0
LTe58,TmY31,1,0,1,0,2,0,2,0
LTe58,LTe35,1,0,1,0,2,0,2,0
LTe58,LT78,1,0,1,0,2,0,2,0
cM07,LC11,1,0,1,0,2,0,2,0
cM07,aMe1,1,0,1,0,2,0,2,0
cM07,Dm9,1,0,1,0,2,0,2,0
cM07,Tm34,1,0,1,0,2,0,2,0
cM07,Dm2,1,0,1,0,2,0,2,0
cM07,LC25,1,0,1,0,2,0,2,0
cM07,Tm32,1,0,1,0,2,0,2,0
cM07,Tm5b,1,0,1,0,2,0,2,0
cM07,Dm6,1,0,1,0,2,0,2,0
cM07,Dm3v,1,0,1,0,2,0,2,0
cM07,Li09,1,0,1,0,2,0,2,0
cM07,LC12,1,0,1,0,2,0,2,0
cM07,LCe05,1,0,1,0,2,0,2,0
cM07,Li01,1,0,1,0,2,0,2,0
cM07,LMt3,1,0,1,0,2,0,2,0
cM07,LT11,1,0,1,0,2,0,2,0
cM07,MLt6,1,0,1,0,2,0,2,0
cM07,Li13,1,0,1,0,2,0,2,0
cM07,CB3833,1,0,1,0,2,0,2,0
cM07,LC9,1,0,1,0,2,0,2,0
MeTu3b,Tm27,1,0,1,0,2,0,2,0
LT81,LT51,1,0,1,0,2,0,2,0
LPC1,C2,1,0,1,0,2,0,2,0
LT52,cM07,1,0,1,0,2,0,2,0
LTe19,LTe36,1,0,1,0,2,0,2,0
LT83,DNp11,1,0,1,0,2,0,2,0
LT83,Y4,1,0,1,0,2,0,2,0
LT83,LT1d,1,0,1,0,2,0,2,0
LT83,LC37a,1,0,1,0,2,0,2,0
LT83,LC12,1,0,1,0,2,0,2,0
LT83,LC25,1,0,1,0,2,0,2,0
LT83,cL20,1,0,1,0,2,0,2,0
LC9,LT76,1,0,1,0,2,0,2,0
LC21,LTe17,1,0,1,0,2,0,2,0
LC14a1,T5b,1,0,1,0,2,0,2,0
cL01,LC12,1,0,1,0,2,0,2,0
cL01,LTe59,1,0,1,0,2,0,2,0
MeTu2a,MTe01b,1,0,1,0,2,0,2,0
LLPC3,T4b,1,0,1,0,2,0,2,0
LC4,LC14b,1,0,1,0,2,0,2,0
LC29,Tm27,1,0,1,0,2,0,2,0
LCe05,LPLC4,1,0,1,0,2,0,2,0
MeTu1,cM08c,1,0,1,0,2,0,2,0
LC12,T5a,1,0,1,0,2,0,2,0
LC33a,LC16,1,0,1,0,2,0,2,0
LC33a,Li02,1,0,1,0,2,0,2,0
LC9,LTe42a,1,0,1,0,2,0,2,0
LC18,mALC4,1,0,1,0,2,0,2,0
LC22,MLt4,1,0,1,0,2,0,2,0
LC31b,LT61b,1,0,1,0,2,0,2,0
LC31b,Li18,1,0,1,0,2,0,2,0
LC31b,LC9,1,0,1,0,2,0,2,0
HBeyelet,aMe4,1,0,1,0,2,0,2,0
HBeyelet,aMe1,1,0,1,0,2,0,2,0
cM19,Li10,1,0,1,0,2,0,2,0
LCe03,LMa2,1,0,1,0,2,0,2,0
LCe03,LT65,1,0,1,0,2,0,2,0
LCe03,cL22b,1,0,1,0,2,0,2,0
mALD1,LCe04,1,0,1,0,2,0,2,0
mALD1,Li09,1,0,1,0,2,0,2,0
mALD1,LC10c,1,0,1,0,2,0,2,0
mALD1,LTe49d,1,0,1,0,2,0,2,0
mALD1,Tm8b,1,0,1,0,2,0,2,0
mALD1,TmY4,1,0,1,0,2,0,2,0
mALD1,LT85,1,0,1,0,2,0,2,0
MTe48,Sm16,1,0,1,0,2,0,2,0
aMe5,MLt6,1,0,1,0,2,0,2,0
MeTu3b,LC11,1,0,1,0,2,0,2,0
LC17,LT73,1,0,1,0,2,0,2,0
LC17,LTe18,1,0,1,0,2,0,2,0
LC17,TmY15,1,0,1,0,2,0,2,0
LC17,LC16,1,0,1,0,2,0,2,0
LC17,LTe20,1,0,1,0,2,0,2,0
LC17,LT1c,1,0,1,0,2,0,2,0
LTe11,TmY31,1,0,1,0,2,0,2,0
LTe11,LTe53,1,0,1,0,2,0,2,0
LTe11,LLPt,1,0,1,0,2,0,2,0
LTe11,cL14,1,0,1,0,2,0,2,0
LTe11,Y4,1,0,1,0,2,0,2,0
LTe11,Tm32,1,0,1,0,2,0,2,0
LTe11,LC10d,1,0,1,0,2,0,2,0
LTe11,LT64,1,0,1,0,2,0,2,0
LTe11,Tm5b,1,0,1,0,2,0,2,0
MTe01b,MLt7,1,0,1,0,2,0,2,0
MTe14,Tm5e,1,0,1,0,2,0,2,0
MTe14,LT58,1,0,1,0,2,0,2,0
MTe14,Sm15,1,0,1,0,2,0,2,0
MTe14,Tm8b,1,0,1,0,2,0,2,0
MTe14,Tm5f,1,0,1,0,2,0,2,0
MTe14,MTe50,1,0,1,0,2,0,2,0
LPLC1,LPi06,1,0,1,0,2,0,2,0
LC14a2,LT38,1,1,0,0,2,2,0,0
LC14a2,LTe49b,1,1,0,0,2,2,0,0
LC14a2,LC29,1,1,0,0,2,2,0,0
LC25,Tm8a,1,0,1,0,2,0,2,0
LT51,LCe06,1,0,1,0,2,0,2,0
LT51,Li02,1,0,1,0,2,0,2,0
LT51,Li12,1,0,1,0,2,0,2,0
LT51,LTe27,1,0,1,0,2,0,2,0
LLPC3,Li28,1,0,1,0,2,0,2,0
cLLP02,cL22b,1,0,1,0,2,0,2,0
cLLP02,Li18,1,0,1,0,2,0,2,0
cLLP02,LTe42b,1,0,1,0,2,0,2,0
cLLP02,Tm5b,1,0,1,0,2,0,2,0
cLLP02,LTe68,1,0,1,0,2,0,2,0
cLLP02,LTe74,1,0,1,0,2,0,2,0
cLLP02,Tm4,1,0,1,0,2,0,2,0
cLLP02,TmY4,1,0,1,0,2,0,2,0
cLLP02,LTe38c,1,0,1,0,2,0,2,0
cLLP02,Tm5f,1,0,1,0,2,0,2,0
cLLP02,LT59,1,0,1,0,2,0,2,0
cLLP02,Tlp4,1,0,1,0,2,0,2,0
cLLP02,LC10f,1,0,1,0,2,0,2,0
cLLP02,Tm5a,1,0,1,0,2,0,2,0
cLLP02,LPi01,1,0,1,0,2,0,2,0
cLLP02,TmY11,1,0,1,0,2,0,2,0
cLLP02,Li03,1,0,1,0,2,0,2,0
cLLP02,cL05,1,0,1,0,2,0,2,0
cLLP02,Tm8b,1,0,1,0,2,0,2,0
cLLP02,LTe15,1,0,1,0,2,0,2,0
cLLP02,LTe76,1,0,1,0,2,0,2,0
LC25,LT61b,1,0,1,0,2,0,2,0
LC20a,Li08,1,0,1,0,2,0,2,0
LT63,LT37,1,0,1,0,2,0,2,0
LT63,LTe37,1,0,1,0,2,0,2,0
LT63,LMTe01,1,0,1,0,2,0,2,0
LT63,LC10a,1,0,1,0,2,0,2,0
LT63,LC25,1,0,1,0,2,0,2,0
LT63,LC13,1,0,1,0,2,0,2,0
LT63,aMe17c,1,0,1,0,2,0,2,0
LT63,LTe30,1,0,1,0,2,0,2,0
LT63,LC15,1,0,1,0,2,0,2,0
LT63,LTe13,1,0,1,0,2,0,2,0
LT63,LC24,1,0,1,0,2,0,2,0
LT63,Tm5c,1,0,1,0,2,0,2,0
LT63,LC27,1,0,1,0,2,0,2,0
LT63,Li29,1,0,1,0,2,0,2,0
LT63,LTe45,1,0,1,0,2,0,2,0
LT63,cL11,1,0,1,0,2,0,2,0
LT63,TmY11,1,0,1,0,2,0,2,0
LTe26,LC14a1,1,0,1,0,2,0,2,0
LTe26,Li29,1,0,1,0,2,0,2,0
LTe26,Li32,1,0,1,0,2,0,2,0
LTe26,LT65,1,0,1,0,2,0,2,0
LTe26,LT67,1,0,1,0,2,0,2,0
LTe26,TmY9q,1,0,1,0,2,0,2,0
LTe26,LC24,1,0,1,0,2,0,2,0
LTe26,Li06,1,0,1,0,2,0,2,0
LTe26,LTe03,1,0,1,0,2,0,2,0
LTe26,LPLC4,1,0,1,0,2,0,2,0
LTe26,cLLP02,1,0,1,0,2,0,2,0
LC10a,LTe47,1,0,1,0,2,0,2,0
CB3833,Tm9,1,0,1,0,2,0,2,0
CB3833,Pm07,1,0,1,0,2,0,2,0
CB3833,Tm4,1,0,1,0,2,0,2,0
CB3833,MeMe_e08,1,0,1,0,2,0,2,0
CB3833,MLt4,1,0,1,0,2,0,2,0
CB3833,Sm24,1,0,1,0,2,0,2,0
CB3833,Tm20,1,0,1,0,2,0,2,0
CB3833,T2a,1,0,1,0,2,0,2,0
MeMe_e06,MeTu3b,1,0,1,0,2,0,2,0
MeMe_e06,Sm10,1,0,1,0,2,0,2,0
MeMe_e06,MTe23,1,0,1,0,2,0,2,0
MeMe_e06,MTe03,1,0,1,0,2,0,2,0
MeMe_e06,Sm15,1,0,1,0,2,0,2,0
MeMe_e06,cM12,1,0,1,0,2,0,2,0
MeMe_e06,Pm07,1,0,1,0,2,0,2,0
MeMe_e06,Sm04,1,0,1,0,2,0,2,0
MTe51,MeTu3a,1,0,1,0,2,0,2,0
MTe51,APDN3,1,0,1,0,2,0,2,0
MTe51,Sm25,1,0,1,0,2,0,2,0
MTe51,Lawf1,1,0,1,0,2,0,2,0
MTe51,LTe22,1,0,1,0,2,0,2,0
MeTu4a,MTe50,1,0,1,0,2,0,2,0
LT1a,Li19,1,0,1,0,2,0,2,0
LT1a,LT87,1,0,1,0,2,0,2,0
LT1a,Y12,1,0,1,0,2,0,2,0
LT1a,Li20,1,0,1,0,2,0,2,0
LT1a,LC15,1,0,1,0,2,0,2,0
LT1a,Tlp1,1,0,1,0,2,0,2,0
LT1a,LC21,1,0,1,0,2,0,2,0
DNp11,TmY16,1,0,1,0,2,0,2,0
DNp11,LC31a,1,0,1,0,2,0,2,0
DNp11,Li06,1,0,1,0,2,0,2,0
DNp11,cL18,1,0,1,0,2,0,2,0
DNp11,Li24,1,0,1,0,2,0,2,0
LPC2,T4b,1,0,1,0,2,0,2,0
LC27,LTe38b,1,0,1,0,2,0,2,0
LCe07,LC19,1,0,1,0,2,0,2,0
LCe07,Li15,1,0,1,0,2,0,2,0
DNp30,Tm1,1,0,1,0,2,0,2,0
DNp30,Tm9,1,1,0,0,2,2,0,0
DNp30,Pm06,1,0,1,0,2,0,2,0
DNp30,T4c,1,0,1,0,2,0,2,0
DNp30,Pm05,1,0,1,0,2,0,2,0
DNp30,Li22,1,0,1,0,2,0,2,0
DNp30,Pm10,1,1,0,0,2,2,0,0
DNp30,TmY16,1,0,1,0,2,0,2,0
DNp30,LC11,1,1,0,0,2,2,0,0
DNp30,CB0592,1,0,0,1,2,0,0,2
DNp30,CT1,1,1,0,0,2,2,0,0
DNp30,T4b,1,1,0,0,2,2,0,0
DNp30,Am1,1,0,1,0,2,0,2,0
DNp30,Mi2,1,0,1,0,2,0,2,0
DNp30,C2,1,1,0,0,2,2,0,0
LC27,LTe49b,1,0,1,0,2,0,2,0
LC27,LTe68,1,0,1,0,2,0,2,0
LC22,H1,1,0,1,0,2,0,2,0
LC22,LC26,1,0,1,0,2,0,2,0
LC10c,Tm37,1,0,1,0,2,0,2,0
LTe41,Li08,1,0,1,0,2,0,2,0
LTe41,Li03,1,0,1,0,2,0,2,0
LTe41,LTe49f,1,0,1,0,2,0,2,0
LTe41,Li12,1,0,1,0,2,0,2,0
LTe41,LCe01a,1,0,1,0,2,0,2,0
LTe41,TmY4,1,0,1,0,2,0,2,0
LTe41,LT64,1,0,1,0,2,0,2,0
MTe01b,aMe10,1,0,1,0,2,0,2,0
LTe54,LT77,1,0,1,0,2,0,2,0
aMe5,Sm28,1,0,1,0,2,0,2,0
MeMe_e07,MTe46,1,0,0,1,2,0,0,2
MeMe_e07,Pm05,1,1,0,0,2,2,0,0
MeMe_e07,Sm12,1,1,0,0,2,2,0,0
MeMe_e07,Sm08,1,0,1,0,2,0,2,0
MeMe_e07,MTe47,1,0,0,1,2,0,0,2
LPLC4,LPi01,1,0,1,0,2,0,2,0
MTe03,Tm20,1,0,1,0,2,0,2,0
MeTu1,Tm25,1,0,1,0,2,0,2,0
MTe05,Sm10,1,0,1,0,2,0,2,0
LTe04,Tm35,1,0,1,0,2,0,2,0
LTe04,5-HTPMPV03,1,0,1,0,2,0,2,0
LTe04,LT55,1,0,1,0,2,0,2,0
LTe04,MC65,1,0,1,0,2,0,2,0
LTe04,LLPt,1,0,1,0,2,0,2,0
LTe04,LC28a,1,0,1,0,2,0,2,0
LTe04,LTe27,1,0,1,0,2,0,2,0
LC18,Tm31,1,0,1,0,2,0,2,0
LC18,DNp11,1,0,1,0,2,0,2,0
LC14b,LPT31,1,0,1,0,2,0,2,0
LC14a1,LTe09,1,1,0,0,2,2,0,0
LT52,PLP068,1,0,1,0,2,0,2,0
LT52,OA-AL2b1,1,0,1,0,2,0,2,0
LC22,LTe23,1,0,1,0,2,0,2,0
MeMe_e02,Mi14,1,1,0,0,2,2,0,0
MeMe_e02,Lawf1,1,1,0,0,2,2,0,0
LT51,Li03,1,0,1,0,2,0,2,0
LT38,cL04,1,0,1,0,2,0,2,0
LT38,Li11,1,0,1,0,2,0,2,0
LT38,LTe14,1,0,1,0,2,0,2,0
LT38,LC27,1,0,1,0,2,0,2,0
LT38,MLt2,1,0,1,0,2,0,2,0
LT38,Y12,1,0,1,0,2,0,2,0
LT38,cL02b,1,0,1,0,2,0,2,0
cL17,LT64,1,1,0,0,2,2,0,0
cL17,LMa1,1,1,0,0,2,2,0,0
cL17,TmY10,1,1,0,0,2,2,0,0
cL17,cL14,1,0,1,0,2,0,2,0
cL17,TmY9q,1,0,1,0,2,0,2,0
cL17,LTe56,1,0,1,0,2,0,2,0
cL17,LTe68,1,0,1,0,2,0,2,0
cL17,LTe38a,1,1,0,0,2,2,0,0
cL17,LTe18,1,1,0,0,2,2,0,0
cL17,LC41,1,1,0,0,2,2,0,0
MeTu3a,Dm20,1,0,1,0,2,0,2,0
MeTu3a,cM03,1,0,1,0,2,0,2,0
LC6,Li16,1,0,1,0,2,0,2,0
LT1c,LC29,1,0,1,0,2,0,2,0
LT1c,Tm3,1,0,1,0,2,0,2,0
LT1c,TmY5a,1,0,1,0,2,0,2,0
LT1c,LC6,1,0,1,0,2,0,2,0
LT1c,LPLC2,1,0,1,0,2,0,2,0
LT1c,LC15,1,0,1,0,2,0,2,0
LT1c,LT1a,1,0,1,0,2,0,2,0
LT1c,LT1d,1,0,1,0,2,0,2,0
LT1c,LC31c,1,0,1,0,2,0,2,0
cLLPM01,T5a,1,0,1,0,2,0,2,0
cLLPM01,Li28,1,0,1,0,2,0,2,0
cLLPM01,Mi2,1,0,1,0,2,0,2,0
cLLPM01,Sm32,1,0,1,0,2,0,2,0
aMe1,MTe28,1,0,1,0,2,0,2,0
aMe1,CB0816,1,0,1,0,2,0,2,0
aMe1,aMe5,1,0,1,0,2,0,2,0
aMe1,Sm18,1,0,1,0,2,0,2,0
aMe1,Mi10,1,0,1,0,2,0,2,0
aMe1,MTe43,1,0,1,0,2,0,2,0
aMe1,MTe21,1,0,1,0,2,0,2,0
aMe1,Sm15,1,0,1,0,2,0,2,0
aMe1,LMa5,1,0,1,0,2,0,2,0
aMe1,cM08c,1,0,1,0,2,0,2,0
aMe1,Li12,1,0,1,0,2,0,2,0
MeMe_e07,Tm32,1,0,1,0,2,0,2,0
LT59,Li30,1,0,1,0,2,0,2,0
LT59,LTe42b,1,0,1,0,2,0,2,0
LT59,OA-AL2b1,1,0,1,0,2,0,2,0
LT59,LC10f,1,0,1,0,2,0,2,0
LT59,TmY31,1,0,1,0,2,0,2,0
LT59,Li08,1,0,1,0,2,0,2,0
LT59,LC6,1,0,1,0,2,0,2,0
LTe20,LT78,1,0,1,0,2,0,2,0
LTe20,TmY3,1,0,1,0,2,0,2,0
LTe20,LC18,1,0,1,0,2,0,2,0
LTe20,cL07,1,0,1,0,2,0,2,0
LTe20,LC14b,1,0,1,0,2,0,2,0
LTe20,LT1c,1,0,1,0,2,0,2,0
LTe20,LMt2,1,0,1,0,2,0,2,0
LTe20,LPLC2,1,0,1,0,2,0,2,0
LTe20,LT1a,1,0,1,0,2,0,2,0
LTe20,LC10a,1,0,1,0,2,0,2,0
LTe20,Li05,1,0,1,0,2,0,2,0
LTe20,LC21,1,0,1,0,2,0,2,0
LTe20,TmY15,1,0,1,0,2,0,2,0
LTe20,Tm4,1,0,1,0,2,0,2,0
cM02a,cLM01,1,0,1,0,2,0,2,0
cM02a,TmY5a,1,0,1,0,2,0,2,0
cM02a,Sm19,1,0,1,0,2,0,2,0
cM02a,Pm14,1,0,1,0,2,0,2,0
cM02a,MeMe_e10,1,0,1,0,2,0,2,0
cM02a,R7,1,0,1,0,2,0,2,0
cM02a,Pm13,1,0,1,0,2,0,2,0
cM02a,MTe04,1,0,1,0,2,0,2,0
cM02a,MTe50,1,0,1,0,2,0,2,0
LC10d,LCe07,1,0,1,0,2,0,2,0
LC10a,Li32,1,0,1,0,2,0,2,0
LC10a,Y11,1,0,1,0,2,0,2,0
LPT28,TmY3,1,0,1,0,2,0,2,0
LPT28,TmY15,1,0,1,0,2,0,2,0
LPT28,LPT54,1,0,1,0,2,0,2,0
LPT28,LLPC3,1,0,1,0,2,0,2,0
LPT28,LPLC1,1,0,1,0,2,0,2,0
LC14a1,TmY3,1,1,0,0,2,2,0,0
LPC2,T5d,1,0,1,0,2,0,2,0
CB0230,LPT50,1,0,1,0,2,0,2,0
MeTu4c,Li09,1,0,1,0,2,0,2,0
MeTu4c,Tm36,1,0,1,0,2,0,2,0
LC9,LTe33,1,0,1,0,2,0,2,0
LT52,Y1,1,0,1,0,2,0,2,0
LT52,LTe47,1,0,1,0,2,0,2,0
MeMe_e02,R7,1,0,1,0,2,0,2,0
LC14b,LC31b,1,1,0,0,2,2,0,0
LT52,LTe74,1,0,1,0,2,0,2,0
LT52,MeTu1,1,0,1,0,2,0,2,0
LLPC4,LC13,1,0,1,0,2,0,2,0
DN1-l,aMe4,1,0,1,0,2,0,2,0
DN1-l,cM04,1,0,1,0,2,0,2,0
LC37a,Y3,1,0,1,0,2,0,2,0
LC37a,LMa1,1,0,1,0,2,0,2,0
LC37a,cMLLP01,1,0,1,0,2,0,2,0
LC37a,TmY20,1,0,1,0,2,0,2,0
LC37a,TmY9q,1,0,1,0,2,0,2,0
LC46,LTe59,1,0,1,0,2,0,2,0
LC29,LC40,1,0,1,0,2,0,2,0
LC29,LC14a2,1,0,1,0,2,0,2,0
MTe02,MTe29,1,0,1,0,2,0,2,0
MTe02,T2a,1,0,1,0,2,0,2,0
LC10d,Li27,1,0,1,0,2,0,2,0
MeTu1,l-LNv,1,0,1,0,2,0,2,0
LLPC1,LT53,1,0,1,0,2,0,2,0
LLPC1,Li27,1,0,1,0,2,0,2,0
LTe63,LC40,1,0,1,0,2,0,2,0
LLPC3,LTe29,1,0,1,0,2,0,2,0
LC13,Li31,1,0,1,0,2,0,2,0
LC13,LT63,1,0,1,0,2,0,2,0
LC13,LMt3,1,0,1,0,2,0,2,0
LC24,Y4,1,0,1,0,2,0,2,0
LT64,LLPC1,1,0,1,0,2,0,2,0
LT64,LC35,1,0,1,0,2,0,2,0
LT64,LMa5,1,0,1,0,2,0,2,0
LT64,LT83,1,0,1,0,2,0,2,0
LT64,LLPC2,1,0,1,0,2,0,2,0
LC28a,cL18,1,0,1,0,2,0,2,0
LC14a1,LT61a,1,1,0,0,2,2,0,0
LC14a1,T5c,1,1,0,0,2,2,0,0
LC17,Y3,1,0,1,0,2,0,2,0
LT57,LCe01a,1,0,1,0,2,0,2,0
LT57,LTe28,1,0,1,0,2,0,2,0
LCe01a,Tm5a,1,0,1,0,2,0,2,0
LT74,LTe20,1,0,1,0,2,0,2,0
LT74,Tlp1,1,0,1,0,2,0,2,0
MeTu2a,Tm5f,1,0,1,0,2,0,2,0
MeTu2a,Sm08,1,0,1,0,2,0,2,0
LC33a,LTe23,1,0,1,0,2,0,2,0
LC33a,LC34,1,0,1,0,2,0,2,0
cM19,MLt4,1,0,1,0,2,0,2,0
LC18,Y3,1,0,1,0,2,0,2,0
LC18,Tm34,1,0,1,0,2,0,2,0
LC18,LC34,1,0,1,0,2,0,2,0
LC10a,Tm36,1,0,1,0,2,0,2,0
LTe35,LTe17,1,0,1,0,2,0,2,0
LTe35,LT69,1,0,1,0,2,0,2,0
LTe35,LMa1,1,0,1,0,2,0,2,0
LTe35,LTe06,1,0,1,0,2,0,2,0
mALD2,cM08c,1,0,1,0,2,0,2,0
mALD2,LTe37,1,0,1,0,2,0,2,0
mALD2,cL04,1,0,1,0,2,0,2,0
mALD2,LT59,1,0,1,0,2,0,2,0
mALD2,LTe75,1,0,1,0,2,0,2,0
mALD2,LLPt,1,0,1,0,2,0,2,0
cL18,Li06,1,0,1,0,2,0,2,0
cL18,Li05,1,0,1,0,2,0,2,0
cL18,Y12,1,0,1,0,2,0,2,0
cL18,Li15,1,0,1,0,2,0,2,0
cL18,LMa2,1,0,1,0,2,0,2,0
MeMe_e05,Tm36,1,0,1,0,2,0,2,0
MeMe_e05,MLt6,1,0,1,0,2,0,2,0
MeMe_e05,Tm5f,1,0,1,0,2,0,2,0
MeMe_e05,cM12,1,0,1,0,2,0,2,0
MeMe_e05,MTe50,1,0,1,0,2,0,2,0
MeMe_e05,MeTu4a,1,0,1,0,2,0,2,0
MeMe_e05,Sm03,1,1,0,0,2,2,0,0
MeMe_e05,Tm2,1,0,1,0,2,0,2,0
MeMe_e05,TmY4,1,0,1,0,2,0,2,0
MeMe_e05,TmY5a,1,0,1,0,2,0,2,0
MeMe_e05,cM13,1,0,1,0,2,0,2,0
VST1,VS3,1,0,1,0,2,0,2,0
VST1,T5d,1,0,1,0,2,0,2,0
LC9,LC37a,1,0,1,0,2,0,2,0
aMe4,TmY20,1,0,1,0,2,0,2,0
aMe4,Dm19,1,0,1,0,2,0,2,0
aMe4,MeMe_e09,1,0,1,0,2,0,2,0
aMe4,aMe26,1,0,1,0,2,0,2,0
LC33a,LTe33,1,0,1,0,2,0,2,0
LC33a,cL12,1,0,1,0,2,0,2,0
OA-AL2b1,LTe65,1,0,1,0,2,0,2,0
OA-AL2b1,LC25,1,1,0,0,2,2,0,0
OA-AL2b1,TmY20,1,0,1,0,2,0,2,0
OA-AL2b1,LC26,1,0,1,0,2,0,2,0
OA-AL2b1,LTe17,1,0,1,0,2,0,2,0
OA-AL2b1,LT73,1,1,0,0,2,2,0,0
OA-AL2b1,LTe35,1,0,1,0,2,0,2,0
OA-AL2b1,cM08c,1,0,1,0,2,0,2,0
OA-AL2b1,LC20a,1,1,0,0,2,2,0,0
OA-AL2b1,LLPt,1,1,0,0,2,2,0,0
OA-AL2b1,LC10f,1,1,0,0,2,2,0,0
OA-AL2b1,LTe02,1,1,0,0,2,2,0,0
OA-AL2b1,LC27,1,1,0,0,2,2,0,0
OA-AL2b1,LT63,1,1,0,0,2,2,0,0
OA-AL2b1,LTe14,1,1,0,0,2,2,0,0
OA-AL2b1,LTe23,1,0,1,0,2,0,2,0
OA-AL2b1,LC17,1,1,0,0,2,2,0,0
OA-AL2b1,cM07,1,0,1,0,2,0,2,0
OA-AL2b1,LTe63,1,0,1,0,2,0,2,0
OA-AL2b1,LTe52,1,1,0,0,2,2,0,0
OA-AL2b1,PLP068,1,0,1,0,2,0,2,0
OA-AL2b1,LC10a,1,0,1,0,2,0,2,0
OA-AL2b1,Li19,1,0,1,0,2,0,2,0
OA-AL2b1,LC15,1,0,1,0,2,0,2,0
OA-AL2b1,Li21,1,1,0,0,2,2,0,0
OA-AL2b1,Tm32,1,1,0,0,2,2,0,0
OA-AL2b1,LPLC2,1,0,1,0,2,0,2,0
OA-AL2b1,cL06,1,0,1,0,2,0,2,0
OA-AL2b1,LT64,1,1,0,0,2,2,0,0
OA-AL2b1,LTe25,1,0,1,0,2,0,2,0
OA-AL2b1,LC35,1,0,1,0,2,0,2,0
OA-AL2b1,LT59,1,0,1,0,2,0,2,0
OA-AL2b1,TmY10,1,0,1,0,2,0,2,0
OA-AL2b1,LC39,1,0,1,0,2,0,2,0
OA-AL2b1,LTe38c,1,1,0,0,2,2,0,0
OA-AL2b1,LT58,1,0,1,0,2,0,2,0
OA-AL2b1,LC9,1,0,1,0,2,0,2,0
OA-AL2b1,Tm8b,1,0,1,0,2,0,2,0
OA-AL2b1,LMa2,1,0,1,0,2,0,2,0
OA-AL2b1,LC36,1,0,1,0,2,0,2,0
LC10c,LTe47,1,0,1,0,2,0,2,0
LC14a1,cM08a,1,0,1,0,2,0,2,0
LC14a1,Tm16,1,0,1,0,2,0,2,0
LC20b,LTe38c,1,0,1,0,2,0,2,0
LT57,LTe22,1,0,1,0,2,0,2,0
LC11,OA-AL2b1,1,0,1,0,2,0,2,0
LC11,LT58,1,0,1,0,2,0,2,0
cLP01,TmY11,1,0,1,0,2,0,2,0
LPLC4,LTe11,1,0,1,0,2,0,2,0
MTe03,LC10a,1,0,1,0,2,0,2,0
MTe03,OA-AL2b1,1,0,1,0,2,0,2,0
MTe03,LC10c,1,0,1,0,2,0,2,0
LTe07,LCe06,1,0,1,0,2,0,2,0
LTe07,Li10,1,0,1,0,2,0,2,0
MeTu1,MTe50,1,0,1,0,2,0,2,0
MeMe_e08,LPLC4,1,0,1,0,2,0,2,0
MeMe_e08,T5c,1,0,1,0,2,0,2,0
LTe42a,LTe17,1,0,1,0,2,0,2,0
LTe42a,LT64,1,0,1,0,2,0,2,0
LTe42a,Li09,1,0,1,0,2,0,2,0
LTe42a,LC10d,1,0,1,0,2,0,2,0
LTe42a,TmY31,1,0,1,0,2,0,2,0
LTe42a,LC40,1,0,1,0,2,0,2,0
LTe42a,TmY10,1,0,1,0,2,0,2,0
LTe42a,LT58,1,0,1,0,2,0,2,0
LTe42a,Li05,1,0,1,0,2,0,2,0
cLM01,Tm36,1,0,1,0,2,0,2,0
cLM01,Sm15,1,0,1,0,2,0,2,0
cLM01,cL14,1,0,1,0,2,0,2,0
cLM01,LC15,1,0,1,0,2,0,2,0
cLM01,LCe03,1,0,1,0,2,0,2,0
cLM01,LT69,1,0,1,0,2,0,2,0
cLM01,Sm04,1,0,1,0,2,0,2,0
cLM01,Tm7,1,0,1,0,2,0,2,0
cLM01,LPLC1,1,0,1,0,2,0,2,0
cLM01,Tm31,1,0,1,0,2,0,2,0
cLM01,cL10,1,0,1,0,2,0,2,0
cLM01,LTe12,1,0,1,0,2,0,2,0
cLM01,Pm07,1,0,1,0,2,0,2,0
cLM01,Y3,1,0,1,0,2,0,2,0
cLM01,Sm40,1,0,1,0,2,0,2,0
cLM01,MLt2,1,0,1,0,2,0,2,0
cLM01,Li08,1,0,1,0,2,0,2,0
cLM01,Sm11,1,0,1,0,2,0,2,0
cLM01,LT11,1,0,1,0,2,0,2,0
cLM01,cM17,1,0,1,0,2,0,2,0
cLM01,MTe33,1,0,1,0,2,0,2,0
cLM01,MeTu4a,1,0,1,0,2,0,2,0
cLM01,MTe12,1,0,1,0,2,0,2,0
cLM01,cL19,1,0,1,0,2,0,2,0
cLM01,MeTu1,1,0,1,0,2,0,2,0
cLM01,LMt2,1,0,1,0,2,0,2,0
cLM01,cM15,1,0,1,0,2,0,2,0
cLM01,Li28,1,0,1,0,2,0,2,0
cLM01,LT39,1,0,1,0,2,0,2,0
cLM01,LTe36,1,0,1,0,2,0,2,0
cLM01,MTe35,1,0,1,0,2,0,2,0
cLM01,LTe76,1,0,1,0,2,0,2,0
cLM01,LT81,1,0,1,0,2,0,2,0
cLM01,Tm5f,1,0,1,0,2,0,2,0
cLM01,Pm09,1,0,1,0,2,0,2,0
cLM01,MTe25,1,0,1,0,2,0,2,0
cLM01,cM08c,1,0,1,0,2,0,2,0
cLM01,LTe35,1,0,1,0,2,0,2,0
cLM01,LMt1,1,0,1,0,2,0,2,0
cLM01,LT70,1,0,1,0,2,0,2,0
cLM01,TmY4,1,0,1,0,2,0,2,0
cLM01,LC45,1,0,1,0,2,0,2,0
cLM01,cMLLP01,1,0,1,0,2,0,2,0
cLM01,MLt6,1,0,1,0,2,0,2,0
MeTu3c,Pm10,1,0,1,0,2,0,2,0
LC12,Tm21,1,0,1,0,2,0,2,0
MeMe_e01,Sm13,1,0,1,0,2,0,2,0
LC24,LTe06,1,0,1,0,2,0,2,0
cM11,Dm8a,1,0,1,0,2,0,2,0
cM11,LC10d,1,0,1,0,2,0,2,0
cM11,LTe42c,1,0,1,0,2,0,2,0
cM11,TmY4,1,0,1,0,2,0,2,0
cM11,C3,1,0,1,0,2,0,2,0
cM11,LPLC1,1,0,1,0,2,0,2,0
cM11,LMa1,1,0,1,0,2,0,2,0
cM11,LC4,1,0,1,0,2,0,2,0
cM11,LC27,1,0,1,0,2,0,2,0
cM11,LTe52,1,0,1,0,2,0,2,0
cM11,Li13,1,0,1,0,2,0,2,0
cM11,T2,1,0,1,0,2,0,2,0
cM11,LTe51,1,0,1,0,2,0,2,0
cM11,cM07,1,0,1,0,2,0,2,0
cM11,Tm27,1,0,1,0,2,0,2,0
cM11,aMe19a,1,0,1,0,2,0,2,0
cM11,LC12,1,0,1,0,2,0,2,0
cM11,TmY3,1,0,1,0,2,0,2,0
cM11,Tm5e,1,0,1,0,2,0,2,0
cM11,aMe9,1,0,1,0,2,0,2,0
LC31a,LC9,1,0,1,0,2,0,2,0
cM01c,C2,1,0,1,0,2,0,2,0
cM01c,Sm10,1,0,1,0,2,0,2,0
cM01c,Tm27,1,0,1,0,2,0,2,0
cM01c,Sm15,1,0,1,0,2,0,2,0
cM01c,aMe5,1,0,1,0,2,0,2,0
cM01c,aMe17b,1,0,1,0,2,0,2,0
cM01c,cM03,1,0,1,0,2,0,2,0
cM01c,aMe25,1,0,1,0,2,0,2,0
LLPC2,VS7,1,0,1,0,2,0,2,0
MeTu3b,MTe50,1,0,1,0,2,0,2,0
LC29,LMt3,1,0,1,0,2,0,2,0
LPT48_vCal3,LPT28,1,0,1,0,2,0,2,0
LPT48_vCal3,TmY9q,1,0,1,0,2,0,2,0
LPT48_vCal3,LPC1,1,0,1,0,2,0,2,0
LPT48_vCal3,LPLC1,1,0,1,0,2,0,2,0
LPT48_vCal3,cLP05,1,0,1,0,2,0,2,0
LPT48_vCal3,TmY9q⊥,1,0,1,0,2,0,2,0
MeTu3c,Pm14,1,0,1,0,2,0,2,0
cMLLP02,Tm25,1,0,1,0,2,0,2,0
cMLLP02,Tlp5,1,0,1,0,2,0,2,0
cMLLP02,VS3,1,0,1,0,2,0,2,0
cMLLP02,LPT21,1,0,1,0,2,0,2,0
cMLLP02,LPT30,1,0,1,0,2,0,2,0
cMLLP02,Tm4,1,0,1,0,2,0,2,0
LTe18,LT62,1,0,1,0,2,0,2,0
LTe18,LT66,1,0,1,0,2,0,2,0
LTe18,LC21,1,0,1,0,2,0,2,0
LTe18,LT61b,1,0,1,0,2,0,2,0
LTe18,LC15,1,0,1,0,2,0,2,0
LTe18,LMt1,1,0,1,0,2,0,2,0
LTe18,LC22,1,0,1,0,2,0,2,0
LTe18,LCe06,1,0,1,0,2,0,2,0
LTe18,Li10,1,0,1,0,2,0,2,0
LTe18,Tlp1,1,0,1,0,2,0,2,0
LTe18,LC4,1,0,1,0,2,0,2,0
MTe04,TmY31,1,0,1,0,2,0,2,0
MTe04,cM08b,1,0,1,0,2,0,2,0
MTe04,MeMe_e02,1,0,1,0,2,0,2,0
MTe04,TmY5a,1,0,1,0,2,0,2,0
MTe04,TmY9q,1,0,1,0,2,0,2,0
LC14b,Sm20,1,0,1,0,2,0,2,0
LC16,Tlp5,1,0,1,0,2,0,2,0
LC16,OA-AL2b1,1,0,1,0,2,0,2,0
LC16,cLLP02,1,0,1,0,2,0,2,0
LC16,TmY31,1,0,1,0,2,0,2,0
LC16,Li08,1,0,1,0,2,0,2,0
LC16,LC10f,1,0,1,0,2,0,2,0
LC14b,5-HTPMPV01,1,0,1,0,2,0,2,0
LC14b,aMe20,1,0,1,0,2,0,2,0
MeTu3b,MTe48,1,0,1,0,2,0,2,0
MeMe_e01,Sm26,1,1,0,0,2,2,0,0
LC20a,LTe38c,1,0,1,0,2,0,2,0
LC20a,LC31a,1,0,1,0,2,0,2,0
LLPC1,LC28a,1,0,1,0,2,0,2,0
LC39,cL16,1,0,1,0,2,0,2,0
LC39,LT87,1,0,1,0,2,0,2,0
LC39,LTe66,1,0,1,0,2,0,2,0
LC39,MLt5,1,0,1,0,2,0,2,0
LC39,Tm5d,1,0,1,0,2,0,2,0
LC17,LC26,1,0,1,0,2,0,2,0
HSS,LPi10,1,0,1,0,2,0,2,0
OA-AL2i2,Tm9,1,0,1,0,2,0,2,0
OA-AL2i2,Li18,1,0,1,0,2,0,2,0
OA-AL2i2,Li25,1,0,1,0,2,0,2,0
OA-AL2i2,Tm36,1,0,1,0,2,0,2,0
OA-AL2i2,LC28a,1,0,1,0,2,0,2,0
OA-AL2i2,LC31c,1,0,1,0,2,0,2,0
OA-AL2i2,Tm7,1,0,1,0,2,0,2,0
LC18,LLPC3,1,0,1,0,2,0,2,0
LC9,TmY4,1,0,1,0,2,0,2,0
cLP01,Tm8a,1,0,1,0,2,0,2,0
cLP01,TmY9q,1,0,1,0,2,0,2,0
l-LNv,Tm16,1,1,0,0,2,2,0,0
LC14a1,Li29,1,1,0,0,2,2,0,0
LC14a1,LTe55,1,0,1,0,2,0,2,0
cLP02,LPT54,1,0,1,0,2,0,2,0
MeTu4a,LC12,1,0,1,0,2,0,2,0
aMe17c,LC14b,1,0,1,0,2,0,2,0
LTe50,Li02,1,0,1,0,2,0,2,0
LTe50,Li04,1,0,1,0,2,0,2,0
LTe50,LTe43,1,0,1,0,2,0,2,0
LTe50,cM09,1,0,1,0,2,0,2,0
LC15,cL22c,1,0,1,0,2,0,2,0
MTe03,Dm2,1,0,1,0,2,0,2,0
aMe12,PDt,1,0,1,0,2,0,2,0
aMe12,cM11,1,0,1,0,2,0,2,0
aMe12,Sm16,1,0,1,0,2,0,2,0
aMe12,Sm27,1,0,1,0,2,0,2,0
aMe12,MTe24,1,0,1,0,2,0,2,0
aMe12,MeTu1,1,0,1,0,2,0,2,0
LC20b,LT39,1,0,1,0,2,0,2,0
LC15,cL08,1,0,1,0,2,0,2,0
LC15,Tm7,1,0,1,0,2,0,2,0
cL01,LTe24,1,0,1,0,2,0,2,0
MTe19,Mi15,1,0,1,0,2,0,2,0
MTe19,aMe19b,1,0,1,0,2,0,2,0
MTe19,Sm32,1,0,1,0,2,0,2,0
MTe19,MeTu3b,1,0,1,0,2,0,2,0
MTe19,aMe9,1,0,1,0,2,0,2,0
MTe19,MeMe_e05,1,0,1,0,2,0,2,0
MTe19,Sm06,1,0,1,0,2,0,2,0
MTe19,Sm15,1,0,1,0,2,0,2,0
LC41,LTe44,1,0,1,0,2,0,2,0
LC41,LCe03,1,0,1,0,2,0,2,0
cLP02,LPT22,1,0,1,0,2,0,2,0
LTe33,LT65,1,0,1,0,2,0,2,0
LTe33,LTe10,1,0,1,0,2,0,2,0
LPLC2,Li19,1,0,1,0,2,0,2,0
cM11,Dm8b,1,0,1,0,2,0,2,0
cM11,cM08b,1,0,1,0,2,0,2,0
cM11,Tm21,1,0,1,0,2,0,2,0
cM11,Sm13,1,0,1,0,2,0,2,0
cM11,MTe01b,1,0,1,0,2,0,2,0
cM11,LTe13,1,0,1,0,2,0,2,0
cM11,aMe17c,1,0,1,0,2,0,2,0
cM11,Sm21,1,0,1,0,2,0,2,0
cM11,CB0802,1,0,1,0,2,0,2,0
cM11,CB0566,1,0,1,0,2,0,2,0
cM11,mALC5,1,0,1,0,2,0,2,0
cM11,MeTu4a,1,0,1,0,2,0,2,0
cM11,DmDRA1,1,0,1,0,2,0,2,0
cM11,Sm20,1,0,1,0,2,0,2,0
cM11,MTe33,1,0,1,0,2,0,2,0
cL12,LTe74,1,0,1,0,2,0,2,0
cL12,cL04,1,0,1,0,2,0,2,0
cL12,LTe06,1,0,1,0,2,0,2,0
cL12,aMe8,1,0,1,0,2,0,2,0
cL12,LTe49c,1,0,1,0,2,0,2,0
cL12,LT68,1,0,1,0,2,0,2,0
cL12,LTe51,1,0,1,0,2,0,2,0
cL12,MeTu4c,1,0,1,0,2,0,2,0
MeLp1,TmY4,1,0,1,0,2,0,2,0
MeLp1,Pm02,1,1,0,0,2,2,0,0
MeLp1,TmY5a,1,1,0,0,2,2,0,0
MeLp1,T4c,1,1,0,0,2,2,0,0
MeLp1,MeLp1,1,0,0,1,2,0,0,2
MeLp1,aMe5,1,1,0,0,2,2,0,0
MeLp1,cLLPM02,1,1,0,0,2,2,0,0
MeLp1,LPi02,1,0,1,0,2,0,2,0
MeLp1,Tm5e,1,1,0,0,2,2,0,0
LLPC2,LTe03,1,0,1,0,2,0,2,0
MeMe_e03,MTe29,1,0,1,0,2,0,2,0
MeMe_e03,Mi2,1,1,0,0,2,2,0,0
MeMe_e03,MTe19,1,0,1,0,2,0,2,0
MeMe_e03,MeMe_e02,1,0,0,1,2,0,0,2
MeMe_e03,Sm34,1,0,1,0,2,0,2,0
MeMe_e08,T5b,1,1,0,0,2,2,0,0
MeMe_e08,DCH,1,1,0,0,2,2,0,0
MeMe_e08,Pm01,1,0,1,0,2,0,2,0
MeMe_e08,TmY31,1,1,0,0,2,2,0,0
LC14a2,LatB,1,0,1,0,2,0,2,0
LC14a2,LTe57,1,0,1,0,2,0,2,0
LC14a2,LTe09,1,0,1,0,2,0,2,0
LC14a2,cLM01,1,0,1,0,2,0,2,0
LC10f,LTe32,1,0,1,0,2,0,2,0
LC10f,LTe27,1,0,1,0,2,0,2,0
cL01,aMe17a2,1,0,1,0,2,0,2,0
LLPC3,Li20,1,0,1,0,2,0,2,0
VS3,TmY3,1,0,1,0,2,0,2,0
VS3,LPT27,1,0,1,0,2,0,2,0
VS3,TmY5a,1,0,1,0,2,0,2,0
VS3,Tlp5,1,0,1,0,2,0,2,0
VS3,LPi04,1,0,1,0,2,0,2,0
VS3,VS4,1,0,1,0,2,0,2,0
LC14b,Pm02,1,0,1,0,2,0,2,0
LC14b,Am1,1,0,1,0,2,0,2,0
LC14b,Pm12,1,0,1,0,2,0,2,0
LC10b,LT34,1,0,1,0,2,0,2,0
LC10b,LTe47,1,0,1,0,2,0,2,0
LPLC1,T5a,1,0,1,0,2,0,2,0
LC10b,LT39,1,0,1,0,2,0,2,0
LC10d,mALB5,1,0,1,0,2,0,2,0
cLP05,TmY15,1,0,1,0,2,0,2,0
cLP05,Tlp5,1,0,1,0,2,0,2,0
cLP05,Tm36,1,0,1,0,2,0,2,0
cLP05,LPT30,1,0,1,0,2,0,2,0
cLP05,Li07,1,0,1,0,2,0,2,0
MeTu4d,Tm32,1,0,1,0,2,0,2,0
LTe24,LTe06,1,0,1,0,2,0,2,0
LTe24,LC22,1,0,1,0,2,0,2,0
LTe24,LTe36,1,0,1,0,2,0,2,0
LTe24,LTe07,1,0,1,0,2,0,2,0
LTe24,LCe06,1,0,1,0,2,0,2,0
LTe24,LTe65,1,0,1,0,2,0,2,0
LC9,Tlp14,1,0,1,0,2,0,2,0
MTe47,Tm5f,1,1,0,0,2,2,0,0
MTe47,cLLP02,1,0,1,0,2,0,2,0
MTe47,Pm08,1,1,0,0,2,2,0,0
MTe47,MTe46,1,0,0,1,2,0,0,2
MTe47,MTe18,1,1,0,0,2,2,0,0
MTe47,MTe08,1,1,0,0,2,2,0,0
MTe47,LT61a,1,1,0,0,2,2,0,0
MTe47,Tm21,1,0,1,0,2,0,2,0
MTe47,cM19,1,0,0,1,2,0,0,2
MTe47,Tm5d,1,0,1,0,2,0,2,0
MTe47,Tm16,1,1,0,0,2,2,0,0
MeMe_e03,MTe03,1,0,1,0,2,0,2,0
MeMe_e03,Sm21,1,0,1,0,2,0,2,0
MeMe_e03,Sm38,1,0,1,0,2,0,2,0
MeMe_e03,MeTu3b,1,0,1,0,2,0,2,0
MeMe_e03,TmY14,1,0,1,0,2,0,2,0
MeMe_e03,Tm5d,1,0,1,0,2,0,2,0
MeMe_e03,MeTu4a,1,0,1,0,2,0,2,0
MeMe_e03,Sm30,1,0,1,0,2,0,2,0
MeMe_e03,Tm3,1,0,1,0,2,0,2,0
MeMe_e03,Sm40,1,0,1,0,2,0,2,0
MeMe_e03,MTe51,1,0,1,0,2,0,2,0
MeMe_e03,Pm07,1,0,1,0,2,0,2,0
MeMe_e03,Mi4,1,0,1,0,2,0,2,0
MeMe_e03,Sm20,1,0,1,0,2,0,2,0
MeMe_e03,Sm23,1,0,1,0,2,0,2,0
MeMe_e03,Sm01,1,0,1,0,2,0,2,0
MeMe_e03,MTe31,1,0,1,0,2,0,2,0
MeMe_e03,MTe35,1,0,1,0,2,0,2,0
MeMe_e03,Tm37,1,0,1,0,2,0,2,0
MeMe_e03,Sm32,1,0,1,0,2,0,2,0
LC13,LT73,1,0,1,0,2,0,2,0
MTe33,Tm8a,1,0,1,0,2,0,2,0
MTe33,Tm5d,1,0,1,0,2,0,2,0
MTe33,Tm20,1,0,1,0,2,0,2,0
MTe33,MTe31,1,0,1,0,2,0,2,0
MTe33,Sm08,1,0,1,0,2,0,2,0
MTe33,Tm5a,1,0,1,0,2,0,2,0
MTe33,MTe07,1,0,1,0,2,0,2,0
MTe33,MLt2,1,0,1,0,2,0,2,0
MeMe_e08,T5a,1,1,0,0,2,2,0,0
MeMe_e08,AN_multi_124,1,0,0,1,2,0,0,2
MeMe_e08,MeTu4a,1,0,1,0,2,0,2,0
LC20b,MeTu4a,1,0,1,0,2,0,2,0
LC20b,LC4,1,0,1,0,2,0,2,0
MeMe_e07,MeTu3c,1,1,0,0,2,2,0,0
MeMe_e07,TmY31,1,1,0,0,2,2,0,0
MeMe_e07,Tm36,1,1,0,0,2,2,0,0
MeMe_e02,CB0816,1,0,0,1,2,0,0,2
cM03,MeTu4b,1,0,1,0,2,0,2,0
cM03,Tm8b,1,0,1,0,2,0,2,0
LC19,LCe06,1,0,1,0,2,0,2,0
cML02,TmY14,1,0,1,0,2,0,2,0
cML02,TmY4,1,0,1,0,2,0,2,0
cML02,Tm5c,1,0,1,0,2,0,2,0
MTe06,MeTu3b,1,0,1,0,2,0,2,0
LC29,LC28a,1,0,1,0,2,0,2,0
LC29,Tm34,1,0,1,0,2,0,2,0
LC29,Li24,1,0,1,0,2,0,2,0
LC20b,LTe58,1,0,1,0,2,0,2,0
LC20b,Tlp1,1,0,1,0,2,0,2,0
LTe47,TmY4,1,0,1,0,2,0,2,0
LC16,OA-ASM1,1,0,1,0,2,0,2,0
Nod3,Y3,1,0,1,0,2,0,2,0
LC40,Y4,1,0,1,0,2,0,2,0
LPT26,HSE,1,0,1,0,2,0,2,0
LPT26,LC28a,1,0,1,0,2,0,2,0
LPT26,TmY11,1,0,1,0,2,0,2,0
LPT26,T4c,1,0,1,0,2,0,2,0
LPT26,VS7,1,0,1,0,2,0,2,0
LPT26,TmY31,1,0,1,0,2,0,2,0
LC29,LT77,1,0,1,0,2,0,2,0
LC22,LT83,1,0,1,0,2,0,2,0
LC12,OA-AL2i2,1,0,1,0,2,0,2,0
LC10b,LTe43,1,0,1,0,2,0,2,0
LC10b,CB2848,1,0,1,0,2,0,2,0
aMe19b,Sm20,1,1,0,0,2,2,0,0
aMe19b,Tm36,1,1,0,0,2,2,0,0
aMe19b,cM01b,1,1,0,0,2,2,0,0
aMe19b,Tm35,1,1,0,0,2,2,0,0
aMe19b,Sm38,1,1,0,0,2,2,0,0
aMe19b,MTe32,1,1,0,0,2,2,0,0
aMe19b,aMe4,1,1,0,0,2,2,0,0
aMe19b,cM01a,1,1,0,0,2,2,0,0
aMe19b,MTe38,1,1,0,0,2,2,0,0
aMe19b,Sm03,1,1,0,0,2,2,0,0
aMe19b,aMe17a2,1,1,0,0,2,2,0,0
aMe19b,cLM01,1,1,0,0,2,2,0,0
aMe19b,Sm31,1,1,0,0,2,2,0,0
aMe19b,aMe22,1,1,0,0,2,2,0,0
aMe19b,MTe05,1,1,0,0,2,2,0,0
aMe19b,MTe11,1,1,0,0,2,2,0,0
aMe19b,MTe10,1,1,0,0,2,2,0,0
aMe19b,aMe12,1,0,0,1,2,0,0,2
aMe19b,aMe17c,1,1,0,0,2,2,0,0
LLPC2,Tm27,1,0,1,0,2,0,2,0
MTe08,Pm09,1,0,1,0,2,0,2,0
MTe08,Sm22,1,0,1,0,2,0,2,0
LT40,LT1d,1,0,1,0,2,0,2,0
LT40,cLP02,1,0,1,0,2,0,2,0
LT40,MeTu1,1,0,1,0,2,0,2,0
LT40,cL02d,1,0,1,0,2,0,2,0
LT40,LC26,1,0,1,0,2,0,2,0
LT40,cLLP02,1,0,1,0,2,0,2,0
LT40,OA-ASM1,1,0,1,0,2,0,2,0
LT40,MLt4,1,0,1,0,2,0,2,0
LT40,LTe12,1,0,1,0,2,0,2,0
LT40,Tm21,1,0,1,0,2,0,2,0
LT40,LT74,1,0,1,0,2,0,2,0
LT40,Li06,1,0,1,0,2,0,2,0
LT40,Li01,1,0,1,0,2,0,2,0
LC21,Tm2,1,0,1,0,2,0,2,0
LTe63,cL02b,1,0,1,0,2,0,2,0
MeMe_e04,cM03,1,1,0,0,2,2,0,0
MeMe_e04,MTe37,1,0,1,0,2,0,2,0
MeMe_e04,Sm31,1,0,1,0,2,0,2,0
MeMe_e04,Y11,1,1,0,0,2,2,0,0
MTe07,aMe25,1,0,1,0,2,0,2,0
LLPC2,Am1,1,0,1,0,2,0,2,0
MeMe_e10,MTe46,1,0,0,1,2,0,0,2
MeMe_e10,MeMe_e06,1,0,0,1,2,0,0,2
MeMe_e10,MTe48,1,0,1,0,2,0,2,0
LC6,LLPC3,1,0,1,0,2,0,2,0
LTe66,LC27,1,0,1,0,2,0,2,0
LTe66,LTe53,1,0,1,0,2,0,2,0
LTe66,LTe10,1,0,1,0,2,0,2,0
LTe66,LC19,1,0,1,0,2,0,2,0
LTe66,LTe23,1,0,1,0,2,0,2,0
LC10a,LTe63,1,0,1,0,2,0,2,0
LC12,LTe36,1,0,1,0,2,0,2,0
LC12,LTe17,1,0,1,0,2,0,2,0
LC12,LC9,1,0,1,0,2,0,2,0
AN_multi_125,L5,1,0,1,0,2,0,2,0
AN_multi_125,TmY15,1,0,1,0,2,0,2,0
AN_multi_125,Tm5b,1,1,0,0,2,2,0,0
AN_multi_125,Tm3,1,1,0,0,2,2,0,0
aMe17a2,cM13,1,0,1,0,2,0,2,0
aMe17a2,MTe17,1,0,1,0,2,0,2,0
aMe17a2,TmY9q,1,0,1,0,2,0,2,0
aMe17a2,aMe26,1,0,1,0,2,0,2,0
aMe17a2,MeMe_e10,1,0,1,0,2,0,2,0
aMe17a2,DNc02,1,0,1,0,2,0,2,0
aMe17a2,MTe54,1,0,1,0,2,0,2,0
aMe17a2,5-HTPMPV03,1,0,1,0,2,0,2,0
aMe17a2,cM11,1,0,1,0,2,0,2,0
aMe17a2,MeTu4c,1,0,1,0,2,0,2,0
aMe17a2,MTe18,1,0,1,0,2,0,2,0
aMe17a2,MLt4,1,0,1,0,2,0,2,0
aMe17a2,MTe07,1,0,1,0,2,0,2,0
aMe17a2,OA-AL2b2,1,0,1,0,2,0,2,0
aMe17a2,Dm12,1,0,1,0,2,0,2,0
aMe17a2,cM18,1,0,1,0,2,0,2,0
aMe17a2,Tm16,1,0,1,0,2,0,2,0
aMe17a2,cM15,1,0,1,0,2,0,2,0
LTe44,LC28a,1,0,1,0,2,0,2,0
LTe44,LC10d,1,0,1,0,2,0,2,0
LLPC1,LT79,1,0,1,0,2,0,2,0
LTe38a,LTe04,1,0,1,0,2,0,2,0
LLPC1,Tm32,1,0,1,0,2,0,2,0
LPLC4,Tm34,1,0,1,0,2,0,2,0
LPLC4,Tm20,1,0,1,0,2,0,2,0
LC10e,Li04,1,0,1,0,2,0,2,0
LC10e,LT70,1,0,1,0,2,0,2,0
LC22,LT70,1,0,1,0,2,0,2,0
mALC3,Pm01,1,0,1,0,2,0,2,0
mALC3,cM15,1,0,1,0,2,0,2,0
mALC3,LPLC4,1,0,1,0,2,0,2,0
mALC3,LPLC2,1,0,1,0,2,0,2,0
mALC3,LC17,1,0,1,0,2,0,2,0
mALC3,cML01,1,0,1,0,2,0,2,0
mALC3,Li21,1,0,1,0,2,0,2,0
LPLC4,cM10,1,0,1,0,2,0,2,0
MTe54,Tm9,1,0,1,0,2,0,2,0
MeTu2a,Tm5a,1,0,1,0,2,0,2,0
MeTu2a,Tm25,1,0,1,0,2,0,2,0
SIP017,LTe49e,1,0,1,0,2,0,2,0
SIP017,LC10e,1,0,1,0,2,0,2,0
SIP017,5-HTPMPV01,1,0,1,0,2,0,2,0
SIP017,LC34,1,0,1,0,2,0,2,0
SIP017,LTe66,1,0,1,0,2,0,2,0
SIP017,LPLC4,1,0,1,0,2,0,2,0
SIP017,MLt4,1,0,1,0,2,0,2,0
SIP017,LCe09,1,0,1,0,2,0,2,0
SIP017,Li01,1,0,1,0,2,0,2,0
SIP017,Li02,1,0,1,0,2,0,2,0
LC14b,LT83,1,0,1,0,2,0,2,0
LC14b,aMe19a,1,0,0,1,2,0,0,2
LC14b,LC10f,1,0,1,0,2,0,2,0
LC14b,LT38,1,0,1,0,2,0,2,0
LTe75,Li27,1,0,1,0,2,0,2,0
LTe75,LTe58,1,0,1,0,2,0,2,0
LTe75,LC36,1,0,1,0,2,0,2,0
MTe50,MTe46,1,0,1,0,2,0,2,0
LC10c,Tm31,1,0,1,0,2,0,2,0
cLLPM01,LPT31,1,0,1,0,2,0,2,0
cLLPM01,LC35,1,0,1,0,2,0,2,0
cLLPM01,T4a,1,0,1,0,2,0,2,0
cLLPM01,LC16,1,0,1,0,2,0,2,0
cLLPM01,Li19,1,0,1,0,2,0,2,0
LCe09,aMe13,1,0,1,0,2,0,2,0
LC10b,LTe25,1,0,1,0,2,0,2,0
MeTu3b,Tm1,1,0,1,0,2,0,2,0
MeTu3b,5-HTPMPV03,1,0,1,0,2,0,2,0
LC16,LMt2,1,0,1,0,2,0,2,0
AVLP151,LPLC1,1,0,1,0,2,0,2,0
AVLP151,LC10d,1,0,1,0,2,0,2,0
AVLP151,LT51,1,0,1,0,2,0,2,0
AVLP151,LPLC2,1,0,1,0,2,0,2,0
AVLP151,LC16,1,0,1,0,2,0,2,0
AVLP151,LT80,1,0,1,0,2,0,2,0
AVLP151,T4a,1,0,1,0,2,0,2,0
AVLP151,LPT22,1,0,1,0,2,0,2,0
AVLP151,T5c,1,0,1,0,2,0,2,0
AVLP151,OA-AL2i1,1,0,1,0,2,0,2,0
LC39,Li17,1,0,1,0,2,0,2,0
LC39,Tm20,1,0,1,0,2,0,2,0
LC39,Li18,1,0,1,0,2,0,2,0
mALC5,MTe17,1,0,1,0,2,0,2,0
mALC5,Sm08,1,0,1,0,2,0,2,0
mALC5,L4,1,0,1,0,2,0,2,0
mALC5,cM11,1,0,1,0,2,0,2,0
mALC5,MTe54,1,0,1,0,2,0,2,0
mALC5,Sm20,1,0,1,0,2,0,2,0
mALC5,DmDRA2,1,0,1,0,2,0,2,0
mALC5,Tlp1,1,0,1,0,2,0,2,0
mALC5,LC36,1,0,1,0,2,0,2,0
mALC5,Sm09,1,0,1,0,2,0,2,0
mALC5,LCe01a,1,0,1,0,2,0,2,0
mALC5,Tm4,1,0,1,0,2,0,2,0
mALC5,LMa3,1,0,1,0,2,0,2,0
mALC5,Dm13,1,0,1,0,2,0,2,0
mALC5,AN_multi_124,1,0,1,0,2,0,2,0
cM13,MTe02,1,0,1,0,2,0,2,0
cM13,MeMe_e05,1,0,1,0,2,0,2,0
cM13,MeMe_e02,1,0,1,0,2,0,2,0
cM13,Sm33,1,0,1,0,2,0,2,0
cM13,C3,1,0,1,0,2,0,2,0
cM13,Tm34,1,0,1,0,2,0,2,0
cM13,MeTu1,1,0,1,0,2,0,2,0
cM13,MLt1,1,0,1,0,2,0,2,0
cM13,MTe05,1,0,1,0,2,0,2,0
cM13,aMe19b,1,0,1,0,2,0,2,0
cM13,MTe29,1,0,1,0,2,0,2,0
cM13,MeMe_e09,1,0,1,0,2,0,2,0
cM13,cM02b,1,0,1,0,2,0,2,0
cM13,MeMe_e01,1,0,1,0,2,0,2,0
cM13,CB0816,1,0,1,0,2,0,2,0
LPT22,CB0592,1,0,1,0,2,0,2,0
LPT22,T4b,1,0,1,0,2,0,2,0
LPT22,T5c,1,0,1,0,2,0,2,0
LPT22,cLP01,1,0,1,0,2,0,2,0
CB0816,Tm1,1,1,0,0,2,2,0,0
CB0816,T1,1,0,1,0,2,0,2,0
CB0816,s-LNva,1,1,0,0,2,2,0,0
CB0816,Tm5b,1,1,0,0,2,2,0,0
LCe01b,LT77,1,0,1,0,2,0,2,0
LCe01b,Li11,1,0,1,0,2,0,2,0
MTe09,cM08a,1,0,1,0,2,0,2,0
MTe09,Pm14,1,0,1,0,2,0,2,0
LLPC4,Y3,1,0,1,0,2,0,2,0
LTe38c,Li31,1,0,1,0,2,0,2,0
LTe38c,Li27,1,0,1,0,2,0,2,0
LTe38c,Tm5e,1,0,1,0,2,0,2,0
MeMe_e07,Tm31,1,0,1,0,2,0,2,0
MeMe_e07,Tm20,1,1,0,0,2,2,0,0
MTe03,cM11,1,0,1,0,2,0,2,0
LPLC2,Li02,1,0,1,0,2,0,2,0
OA-ASM1,Li17,1,1,0,0,2,2,0,0
OA-ASM1,LTe15,1,1,0,0,2,2,0,0
OA-ASM1,LTe76,1,0,1,0,2,0,2,0
OA-ASM1,TmY20,1,0,1,0,2,0,2,0
OA-ASM1,Sm34,1,0,1,0,2,0,2,0
OA-ASM1,LT61a,1,1,0,0,2,2,0,0
OA-ASM1,LT87,1,1,0,0,2,2,0,0
OA-ASM1,LT57,1,1,0,0,2,2,0,0
OA-ASM1,LC12,1,0,1,0,2,0,2,0
OA-ASM1,LMt1,1,1,0,0,2,2,0,0
OA-ASM1,MTe01a,1,1,0,0,2,2,0,0
OA-ASM1,LC18,1,0,1,0,2,0,2,0
OA-ASM1,Tm5a,1,0,1,0,2,0,2,0
LT81,LTe65,1,0,1,0,2,0,2,0
LTe05,Tm7,1,0,1,0,2,0,2,0
MTe06,Sm25,1,0,1,0,2,0,2,0
LC14b,LTe42a,1,1,0,0,2,2,0,0
LC39,LT43,1,0,1,0,2,0,2,0
LC39,LC10c,1,0,1,0,2,0,2,0
LC39,MeTu4_unknown,1,0,1,0,2,0,2,0
LPLC2,LPT21,1,0,1,0,2,0,2,0
LCe05,LLPC4,1,0,1,0,2,0,2,0
LC6,LC10c,1,0,1,0,2,0,2,0
LC10b,Y4,1,0,1,0,2,0,2,0
MTe51,MTe37,1,0,1,0,2,0,2,0
LC37a,LT43,1,0,1,0,2,0,2,0
LC37a,Li28,1,0,1,0,2,0,2,0
LC37a,LC6,1,0,1,0,2,0,2,0
LTe71,aMe4,1,0,1,0,2,0,2,0
VS7,VS6,1,0,1,0,2,0,2,0
VS7,LLPC3,1,0,1,0,2,0,2,0
LT1b,LPLC2,1,0,1,0,2,0,2,0
LC41,LC10f,1,0,1,0,2,0,2,0
LC41,LT52,1,0,1,0,2,0,2,0
LC41,LT53,1,0,1,0,2,0,2,0
LC41,LTe71,1,0,1,0,2,0,2,0
LC11,LCe03,1,0,1,0,2,0,2,0
LT86,Li29,1,0,1,0,2,0,2,0
LT86,LTe14,1,0,1,0,2,0,2,0
LT86,LC10e,1,0,1,0,2,0,2,0
LT86,LC24,1,0,1,0,2,0,2,0
LT86,LTe45,1,0,1,0,2,0,2,0
LT86,cLLP02,1,0,1,0,2,0,2,0
LT86,LTe36,1,0,1,0,2,0,2,0
LT86,Li33,1,0,1,0,2,0,2,0
cM08c,LTe48,1,0,1,0,2,0,2,0
cM08c,PDt,1,0,1,0,2,0,2,0
cM08c,Lawf1,1,0,1,0,2,0,2,0
cM08c,LC37a,1,0,1,0,2,0,2,0
cM08c,LTe43,1,0,1,0,2,0,2,0
cM08c,Li27,1,0,1,0,2,0,2,0
cM08c,Tm5d,1,0,1,0,2,0,2,0
cM08c,LC12,1,0,1,0,2,0,2,0
cM08c,LPT54,1,0,1,0,2,0,2,0
MTe01b,Tm32,1,0,1,0,2,0,2,0
MeMe_e04,Sm42,1,0,1,0,2,0,2,0
MeMe_e04,Tm3,1,1,0,0,2,2,0,0
MeMe_e04,Pm13,1,0,1,0,2,0,2,0
LLPC3,LC21,1,0,1,0,2,0,2,0
cL19,5-HTPMPV03,1,0,0,1,2,0,0,2
cL19,cM10,1,0,1,0,2,0,2,0
cL19,LC45,1,1,0,0,2,2,0,0
cL19,LC10c,1,1,0,0,2,2,0,0
cL19,LTe58,1,0,1,0,2,0,2,0
cL19,LTe16,1,1,0,0,2,2,0,0
cL19,cL10,1,0,1,0,2,0,2,0
cL19,Li01,1,1,0,0,2,2,0,0
cL19,TmY16,1,0,1,0,2,0,2,0
cL19,Y4,1,0,1,0,2,0,2,0
LC4,Am1,1,0,1,0,2,0,2,0
LC10c,LPLC1,1,0,1,0,2,0,2,0
LC9,Tm37,1,0,1,0,2,0,2,0
cL21,DNp27,1,0,1,0,2,0,2,0
cL21,Tm5e,1,0,1,0,2,0,2,0
cL21,Tm7,1,0,1,0,2,0,2,0
LC40,Li27,1,0,1,0,2,0,2,0
MTe31,MTe38,1,0,1,0,2,0,2,0
LTe45,LTe22,1,0,1,0,2,0,2,0
LTe45,LC27,1,0,1,0,2,0,2,0
LTe45,LT78,1,0,1,0,2,0,2,0
LTe45,LTe74,1,0,1,0,2,0,2,0
LTe38a,LPLC4,1,0,1,0,2,0,2,0
LTe38a,Tm32,1,0,1,0,2,0,2,0
MTe01b,MTe46,1,0,1,0,2,0,2,0
MTe01b,Sm22,1,0,1,0,2,0,2,0
LT68,LTe75,1,0,1,0,2,0,2,0
LT68,Tm20,1,0,1,0,2,0,2,0
LT68,Tm35,1,0,1,0,2,0,2,0
LT68,MeTu4_unknown,1,0,1,0,2,0,2,0
LC10d,LTe35,1,0,1,0,2,0,2,0
MeTu3c,LC10c,1,0,1,0,2,0,2,0
LC13,5-HTPMPV03,1,0,1,0,2,0,2,0
MTe36,MC65,1,0,1,0,2,0,2,0
MTe36,Sm18,1,0,1,0,2,0,2,0
MeTu3c,TmY14,1,0,1,0,2,0,2,0
LC16,Li11,1,0,1,0,2,0,2,0
MTe04,MeTu3a,1,0,1,0,2,0,2,0
cM08a,Li01,1,0,1,0,2,0,2,0
cM08a,LTe24,1,0,1,0,2,0,2,0
cM08a,Li12,1,0,1,0,2,0,2,0
cM08a,MeTu4a,1,0,1,0,2,0,2,0
cM08a,LC19,1,0,1,0,2,0,2,0
cM08a,Li04,1,0,1,0,2,0,2,0
cM08a,Tm7,1,0,1,0,2,0,2,0
cM08a,LC37a,1,0,1,0,2,0,2,0
cM08a,cM09,1,0,1,0,2,0,2,0
cM08a,cM07,1,0,1,0,2,0,2,0
cM08a,Tm32,1,0,1,0,2,0,2,0
cM08a,Tm31,1,0,1,0,2,0,2,0
LT56,TmY11,1,0,1,0,2,0,2,0
LT56,AN_multi_124,1,0,1,0,2,0,2,0
LT56,Li01,1,0,1,0,2,0,2,0
LT56,Tm8b,1,0,1,0,2,0,2,0
LT56,Tm3,1,0,1,0,2,0,2,0
LT56,Tm5a,1,0,1,0,2,0,2,0
LT56,DNp27,1,0,1,0,2,0,2,0
LT56,LLPC3,1,0,1,0,2,0,2,0
LT56,Tm25,1,0,1,0,2,0,2,0
LT56,TmY20,1,0,1,0,2,0,2,0
LT56,LT74,1,0,1,0,2,0,2,0
MTe52,MLt5,1,0,1,0,2,0,2,0
LC10b,Tm20,1,0,1,0,2,0,2,0
LC10b,LPLC2,1,0,1,0,2,0,2,0
LC10b,LC45,1,0,1,0,2,0,2,0
LC10b,LPLC1,1,0,1,0,2,0,2,0
LTe58,Li04,1,0,1,0,2,0,2,0
LTe58,TmY20,1,0,1,0,2,0,2,0
LC9,MLt3,1,0,1,0,2,0,2,0
LAL047,cM08a,1,0,1,0,2,0,2,0
LAL047,LT43,1,0,1,0,2,0,2,0
LLPC1,TmY3,1,0,1,0,2,0,2,0
LLPC1,LPi09,1,0,1,0,2,0,2,0
LC14b,MTe28,1,0,1,0,2,0,2,0
LC14b,T1,1,0,1,0,2,0,2,0
MTe37,MTe15,1,0,1,0,2,0,2,0
MTe37,MTe05,1,0,1,0,2,0,2,0
MTe37,MTe29,1,0,1,0,2,0,2,0
MTe37,MTe10,1,0,1,0,2,0,2,0
MTe37,Mi15,1,0,1,0,2,0,2,0
MTe37,aMe19a,1,0,1,0,2,0,2,0
MTe37,cM01a,1,0,1,0,2,0,2,0
OA-AL2b2,Sm15,1,0,1,0,2,0,2,0
OA-AL2b2,Sm31,1,1,0,0,2,2,0,0
OA-AL2b2,TmY15,1,1,0,0,2,2,0,0
MTe04,Sm02,1,0,1,0,2,0,2,0
Nod1,TmY9q⊥,1,0,1,0,2,0,2,0
Nod1,LPLC4,1,0,1,0,2,0,2,0
Nod1,TmY5a,1,0,1,0,2,0,2,0
Nod1,Y4,1,0,1,0,2,0,2,0
Nod1,LPi07,1,0,1,0,2,0,2,0
LC6,LCe03,1,0,1,0,2,0,2,0
cLP02,VST1,1,0,1,0,2,0,2,0
LLPC1,LT61a,1,0,1,0,2,0,2,0
LPT58,TmY9q,1,0,1,0,2,0,2,0
LPT58,Y3,1,0,1,0,2,0,2,0
LPT58,LMa4,1,0,1,0,2,0,2,0
LPT58,T4d,1,0,1,0,2,0,2,0
LPT58,cLP05,1,0,1,0,2,0,2,0
LC37a,cL14,1,0,1,0,2,0,2,0
LTe38b,LC16,1,0,1,0,2,0,2,0
LTe38b,LTe38b,1,0,1,0,2,0,2,0
LTe38b,LT52,1,0,1,0,2,0,2,0
LTe38b,LTe59,1,0,1,0,2,0,2,0
MeTu4a,aMe5,1,0,1,0,2,0,2,0
MeTu4a,LC29,1,0,1,0,2,0,2,0
LC21,LTe11,1,0,1,0,2,0,2,0
LC21,LTe40,1,0,1,0,2,0,2,0
MeMe_e09,Tm32,1,1,0,0,2,2,0,0
MeMe_e09,Dm2,1,1,0,0,2,2,0,0
MeMe_e09,MTe26,1,0,1,0,2,0,2,0
MeMe_e09,MTe04,1,1,0,0,2,2,0,0
MeMe_e09,Dm8b,1,1,0,0,2,2,0,0
MeMe_e09,Tm5b,1,1,0,0,2,2,0,0
MeMe_e09,Sm03,1,1,0,0,2,2,0,0
MeMe_e09,MTe25,1,0,1,0,2,0,2,0
MeMe_e09,Sm37,1,1,0,0,2,2,0,0
MeMe_e09,MLt7,1,1,0,0,2,2,0,0
MeMe_e09,Tm4,1,1,0,0,2,2,0,0
MeMe_e09,Tm31,1,0,1,0,2,0,2,0
MeMe_e09,MTe37,1,0,1,0,2,0,2,0
MeMe_e09,MTe12,1,1,0,0,2,2,0,0
MeMe_e09,Tm8b,1,0,1,0,2,0,2,0
LC10d,Li29,1,0,1,0,2,0,2,0
DNc02,aMe3,1,0,1,0,2,0,2,0
DNc02,Sm41,1,0,1,0,2,0,2,0
DNc02,T4b,1,0,1,0,2,0,2,0
DNc02,Dm17,1,0,1,0,2,0,2,0
DNc02,Tm3,1,0,1,0,2,0,2,0
aMe10,MTe37,1,0,1,0,2,0,2,0
aMe10,Mi15,1,0,1,0,2,0,2,0
LC14a2,Tm33,1,0,1,0,2,0,2,0
LC18,LTe12,1,0,1,0,2,0,2,0
LC18,TmY10,1,0,1,0,2,0,2,0
LTe33,LTe49c,1,0,1,0,2,0,2,0
LTe60,LMa2,1,0,1,0,2,0,2,0
LTe60,LC36,1,0,1,0,2,0,2,0
LTe60,LTe38b,1,0,1,0,2,0,2,0
LTe60,LT59,1,0,1,0,2,0,2,0
LTe60,LTe58,1,0,1,0,2,0,2,0
LTe60,LTe38a,1,0,1,0,2,0,2,0
LTe60,LTe62,1,0,1,0,2,0,2,0
MeTu3b,Tm5e,1,0,1,0,2,0,2,0
LCe03,Li12,1,0,1,0,2,0,2,0
CB0472,LT76,1,0,1,0,2,0,2,0
CB0472,LC10d,1,0,1,0,2,0,2,0
CB0472,cLLP02,1,0,1,0,2,0,2,0
CB0472,LT72,1,0,1,0,2,0,2,0
CB0472,LPT51,1,0,1,0,2,0,2,0
CB0472,cL04,1,0,1,0,2,0,2,0
CB0472,cL11,1,0,1,0,2,0,2,0
CB0472,LLPt,1,0,1,0,2,0,2,0
CB0472,LC10a,1,0,1,0,2,0,2,0
CB0472,cL06,1,0,1,0,2,0,2,0
CB0472,MeTu4c,1,0,1,0,2,0,2,0
CB0472,LC34,1,0,1,0,2,0,2,0
CB0472,LT53,1,1,0,0,2,2,0,0
CB0472,LT39,1,0,1,0,2,0,2,0
LPLC4,LT36,1,0,1,0,2,0,2,0
LPLC4,LTe58,1,0,1,0,2,0,2,0
MeTu3b,Sm25,1,0,1,0,2,0,2,0
MTe47,TmY9q⊥,1,0,1,0,2,0,2,0
MTe47,Tlp1,1,0,1,0,2,0,2,0
MTe47,PLP155,1,0,1,0,2,0,2,0
MTe47,LC14b,1,0,0,1,2,0,0,2
MTe47,LTe18,1,0,1,0,2,0,2,0
MTe47,Tm34,1,0,1,0,2,0,2,0
MTe47,Tlp4,1,1,0,0,2,2,0,0
MTe47,Mi10,1,0,1,0,2,0,2,0
MTe47,OA-AL2i1,1,1,0,0,2,2,0,0
MTe47,LPC1,1,1,0,0,2,2,0,0
MTe47,Tm5e,1,0,1,0,2,0,2,0
MTe47,LPi07,1,1,0,0,2,2,0,0
MTe47,LPi05,1,1,0,0,2,2,0,0
MTe47,LC21,1,1,0,0,2,2,0,0
MTe47,cL03,1,0,1,0,2,0,2,0
MTe47,Y11,1,0,1,0,2,0,2,0
LC46,LLPt,1,0,1,0,2,0,2,0
LC46,Tm5e,1,0,1,0,2,0,2,0
LPT42_Nod4,Nod2,1,0,1,0,2,0,2,0
MeTu4a,MTe29,1,0,1,0,2,0,2,0
LT73,TmY5a,1,0,1,0,2,0,2,0
LT73,LC13,1,0,1,0,2,0,2,0
LT73,Tm37,1,0,1,0,2,0,2,0
LT73,LTe10,1,0,1,0,2,0,2,0
LT73,LC17,1,0,1,0,2,0,2,0
LT73,Tm5e,1,0,1,0,2,0,2,0
LT73,LC16,1,0,1,0,2,0,2,0
LT73,LC18,1,0,1,0,2,0,2,0
LT65,Tm36,1,0,1,0,2,0,2,0
LT65,MeTu4c,1,0,1,0,2,0,2,0
LT65,LT85,1,0,1,0,2,0,2,0
LT65,LTe16,1,0,1,0,2,0,2,0
LT65,TmY10,1,0,1,0,2,0,2,0
LT65,LTe30,1,0,1,0,2,0,2,0
LT65,LTe22,1,0,1,0,2,0,2,0
LT65,LMt1,1,0,1,0,2,0,2,0
LT65,LTe28,1,0,1,0,2,0,2,0
LT65,LTe38a,1,0,1,0,2,0,2,0
LT65,LTe02,1,0,1,0,2,0,2,0
LT65,LC22,1,0,1,0,2,0,2,0
LT65,LTe25,1,0,1,0,2,0,2,0
LT65,TmY20,1,0,1,0,2,0,2,0
LT65,LC12,1,0,1,0,2,0,2,0
LT65,LTe29,1,0,1,0,2,0,2,0
LT65,LC10a,1,0,1,0,2,0,2,0
OA-AL2b2,Dm8b,1,1,0,0,2,2,0,0
OA-AL2b2,aMe17a2,1,1,0,0,2,2,0,0
OA-AL2b2,LMa4,1,1,0,0,2,2,0,0
MTe07,Tm5a,1,1,0,0,2,2,0,0
LT70,LTe69,1,0,1,0,2,0,2,0
LT70,Tlp1,1,0,1,0,2,0,2,0
LT70,Li08,1,0,1,0,2,0,2,0
LT70,LC41,1,0,1,0,2,0,2,0
LT70,TmY4,1,0,1,0,2,0,2,0
LT70,LTe52,1,0,1,0,2,0,2,0
LC18,Li05,1,0,1,0,2,0,2,0
MTe06,Sm28,1,0,1,0,2,0,2,0
LLPC3,LC36,1,0,1,0,2,0,2,0
LC10e,LTe02,1,0,1,0,2,0,2,0
LC10e,LTe40,1,0,1,0,2,0,2,0
LC10e,cL04,1,0,1,0,2,0,2,0
LC14a2,cML01,1,1,0,0,2,2,0,0
LC14a2,Tm9,1,1,0,0,2,2,0,0
LC14a2,Tm5d,1,1,0,0,2,2,0,0
MTe02,MTe53,1,0,1,0,2,0,2,0
LLPC1,Li17,1,0,1,0,2,0,2,0
cL01,LT53,1,0,1,0,2,0,2,0
LC13,Tm5e,1,0,1,0,2,0,2,0
LC14a2,LC14b,1,0,0,1,2,0,0,2
MTe02,Y3,1,0,1,0,2,0,2,0
LC24,Li16,1,0,1,0,2,0,2,0
MC65,MeTu4b,1,0,1,0,2,0,2,0
MC65,LTe49f,1,0,1,0,2,0,2,0
MC65,LC10a,1,0,1,0,2,0,2,0
MC65,C2,1,0,1,0,2,0,2,0
cLP03,mALC5,1,0,1,0,2,0,2,0
LC24,cMLLP01,1,0,1,0,2,0,2,0
LT61b,cLLP02,1,0,1,0,2,0,2,0
LT61b,Tm27,1,0,1,0,2,0,2,0
LT61b,LC31b,1,0,1,0,2,0,2,0
LT61b,LC28a,1,0,1,0,2,0,2,0
LT61b,OA-AL2i2,1,0,1,0,2,0,2,0
LT61b,LC18,1,0,1,0,2,0,2,0
LT61b,LTe24,1,0,1,0,2,0,2,0
LT61b,LC12,1,0,1,0,2,0,2,0
LT61b,LC17,1,0,1,0,2,0,2,0
LT61b,Li33,1,0,1,0,2,0,2,0
LT61b,Tm5e,1,0,1,0,2,0,2,0
LT61b,LTe18,1,0,1,0,2,0,2,0
MeTu3b,MTe02,1,0,1,0,2,0,2,0
LLPC3,LT56,1,0,1,0,2,0,2,0
LC15,T2,1,0,1,0,2,0,2,0
LC15,LTe30,1,0,1,0,2,0,2,0
LC16,Tm5a,1,0,1,0,2,0,2,0
LC16,LC26,1,0,1,0,2,0,2,0
MeTu4c,Sm18,1,0,1,0,2,0,2,0
MeMe_e10,cM03,1,1,0,0,2,2,0,0
MeMe_e10,Pm05,1,1,0,0,2,2,0,0
CB0592,Tm5c,1,0,1,0,2,0,2,0
CB0592,LPT57,1,1,0,0,2,2,0,0
CB0592,LT61a,1,1,0,0,2,2,0,0
CB0592,MTe27,1,0,1,0,2,0,2,0
CB0592,TmY3,1,0,1,0,2,0,2,0
CB0592,Sm07,1,0,1,0,2,0,2,0
CB0592,Sm41,1,0,1,0,2,0,2,0
CB0592,Sm09,1,0,1,0,2,0,2,0
CB0592,LC29,1,1,0,0,2,2,0,0
CB0592,MeTu1,1,0,1,0,2,0,2,0
CB0592,LPLC2,1,1,0,0,2,2,0,0
CB0592,LTe11,1,1,0,0,2,2,0,0
CB0592,Mi15,1,0,1,0,2,0,2,0
CB0592,cLLPM01,1,1,0,0,2,2,0,0
CB0592,MTe18,1,1,0,0,2,2,0,0
CB0592,Sm19,1,0,1,0,2,0,2,0
CB0592,HSN,1,1,0,0,2,2,0,0
CB0592,MTe13,1,1,0,0,2,2,0,0
CB0592,Sm12,1,1,0,0,2,2,0,0
CB0592,Tm5e,1,0,1,0,2,0,2,0
CB0592,LC22,1,1,0,0,2,2,0,0
MTe54,Tm5c,1,0,1,0,2,0,2,0
MeTu4c,Sm32,1,0,1,0,2,0,2,0
MTe01b,MTe32,1,0,1,0,2,0,2,0
MTe01b,MeMe_e10,1,0,1,0,2,0,2,0
LPLC4,LPT30,1,0,1,0,2,0,2,0
LPLC4,Li19,1,0,1,0,2,0,2,0
LC24,Y1,1,0,1,0,2,0,2,0
LC22,TmY10,1,0,1,0,2,0,2,0
LMTe01,Li05,1,0,1,0,2,0,2,0
LMTe01,MTe40,1,0,1,0,2,0,2,0
cL01,Tlp5,1,0,1,0,2,0,2,0
cL01,LTe19,1,0,1,0,2,0,2,0
cL01,cL22a,1,0,1,0,2,0,2,0
LC16,LT52,1,0,1,0,2,0,2,0
LC16,LTe42a,1,0,1,0,2,0,2,0
LC16,LC10e,1,0,1,0,2,0,2,0
LC16,LC37a,1,0,1,0,2,0,2,0
LC34,LTe49b,1,0,1,0,2,0,2,0
LC34,LTe19,1,0,1,0,2,0,2,0
LC34,Tm5e,1,0,1,0,2,0,2,0
LC34,CB3790,1,0,1,0,2,0,2,0
LC34,Li01,1,0,1,0,2,0,2,0
LC26,Li12,1,0,1,0,2,0,2,0
LC26,Li05,1,0,1,0,2,0,2,0
LC26,LC13,1,0,1,0,2,0,2,0
MeTu3c,cM12,1,0,1,0,2,0,2,0
LC9,LTe47,1,0,1,0,2,0,2,0
LCe09,T4a,1,0,1,0,2,0,2,0
LC4,TmY5a,1,0,1,0,2,0,2,0
LCe04,LC10a,1,0,1,0,2,0,2,0
LPLC1,DCH,1,0,1,0,2,0,2,0
cLLPM01,Pm05,1,0,1,0,2,0,2,0
cLLPM01,OA-AL2i2,1,0,1,0,2,0,2,0
cLLPM01,MLt2,1,0,1,0,2,0,2,0
cLLPM01,T5b,1,0,1,0,2,0,2,0
cLLPM01,LT66,1,0,1,0,2,0,2,0
LC10a,LT67,1,0,1,0,2,0,2,0
LC44,LC36,1,0,1,0,2,0,2,0
LC44,LTe10,1,0,1,0,2,0,2,0
LC44,LT86,1,0,1,0,2,0,2,0
LC44,LTe42a,1,0,1,0,2,0,2,0
LC14b,LPi05,1,1,0,0,2,2,0,0
LTe13,LMa2,1,0,1,0,2,0,2,0
LTe13,Tm5e,1,0,1,0,2,0,2,0
LT78,PLP051,1,0,1,0,2,0,2,0
LT78,Tm21,1,0,1,0,2,0,2,0
LT78,TmY10,1,0,1,0,2,0,2,0
LT78,Li26,1,0,1,0,2,0,2,0
LCe02,LTe47,1,0,1,0,2,0,2,0
LCe02,LC11,1,0,1,0,2,0,2,0
MTe54,Pm08,1,0,1,0,2,0,2,0
MTe54,LMa3,1,0,1,0,2,0,2,0
l-LNv,Dm19,1,0,1,0,2,0,2,0
LCe09,LC19,1,0,1,0,2,0,2,0
LCe09,Li10,1,0,1,0,2,0,2,0
LCe09,Tm5e,1,0,1,0,2,0,2,0
MTe03,Sm35,1,0,1,0,2,0,2,0
MTe03,Sm02,1,0,1,0,2,0,2,0
LC44,LTe48,1,0,1,0,2,0,2,0
LC44,Tm5c,1,0,1,0,2,0,2,0
MTe52,T1,1,0,1,0,2,0,2,0
MTe01b,Mi1,1,0,1,0,2,0,2,0
LT78,LTe36,1,0,1,0,2,0,2,0
LT78,LC24,1,0,1,0,2,0,2,0
LT78,LC14b,1,0,1,0,2,0,2,0
LT78,LT63,1,0,1,0,2,0,2,0
LT78,MLt2,1,0,1,0,2,0,2,0
LT78,LC17,1,0,1,0,2,0,2,0
LC15,LC14a2,1,0,1,0,2,0,2,0
LC6,LMt4,1,0,1,0,2,0,2,0
cL06,LC14b,1,0,1,0,2,0,2,0
cL06,cL22b,1,0,1,0,2,0,2,0
cL06,LTe42a,1,0,1,0,2,0,2,0
cL06,OA-AL2b1,1,0,1,0,2,0,2,0
cL06,Li23,1,0,1,0,2,0,2,0
cL06,LT84,1,0,1,0,2,0,2,0
cL06,Tm5e,1,0,1,0,2,0,2,0
cL06,LC10b,1,0,1,0,2,0,2,0
cL06,PLP032,1,0,1,0,2,0,2,0
cL06,LT37,1,0,1,0,2,0,2,0
cL06,cL05,1,0,1,0,2,0,2,0
cL06,LT73,1,0,1,0,2,0,2,0
LTe52,LTe47,1,0,1,0,2,0,2,0
LTe52,LT76,1,0,1,0,2,0,2,0
LTe52,Li07,1,0,1,0,2,0,2,0
LTe52,LC36,1,0,1,0,2,0,2,0
LTe52,LPLC4,1,0,1,0,2,0,2,0
LT53,LTe36,1,0,1,0,2,0,2,0
LC10a,LTe49b,1,0,1,0,2,0,2,0
MTe05,Tm5c,1,0,1,0,2,0,2,0
LC10d,Tlp4,1,0,1,0,2,0,2,0
MeTu4c,Tm20,1,0,1,0,2,0,2,0
LPLC4,Tm21,1,0,1,0,2,0,2,0
LPLC4,PLP251,1,0,1,0,2,0,2,0
LPLC4,VS5,1,0,1,0,2,0,2,0
LPLC4,LPi09,1,0,1,0,2,0,2,0
LC14a1,cL02b,1,1,0,0,2,2,0,0
MeTu3c,cM08b,1,0,1,0,2,0,2,0
cM12,MTe14,1,0,1,0,2,0,2,0
cM12,Mi4,1,0,1,0,2,0,2,0
cM12,MeMe_e05,1,0,1,0,2,0,2,0
cM12,aMe19b,1,0,1,0,2,0,2,0
cM12,cM13,1,0,1,0,2,0,2,0
cM12,Sm37,1,0,1,0,2,0,2,0
cM12,MTe22,1,0,1,0,2,0,2,0
cM12,R8,1,0,1,0,2,0,2,0
cM12,aMe17a2,1,0,1,0,2,0,2,0
cM12,Li10,1,0,1,0,2,0,2,0
cM12,MTe24,1,0,1,0,2,0,2,0
cM12,Sm35,1,0,1,0,2,0,2,0
cM12,TmY5a,1,0,1,0,2,0,2,0
MTe16,Sm24,1,0,1,0,2,0,2,0
MTe16,aMe26,1,0,1,0,2,0,2,0
MTe16,Sm22,1,0,1,0,2,0,2,0
LC18,Tm5c,1,0,1,0,2,0,2,0
LT52,OA-ASM1,1,0,1,0,2,0,2,0
LT52,cMLLP01,1,0,1,0,2,0,2,0
5-HTPMPV03,TmY15,1,0,1,0,2,0,2,0
5-HTPMPV03,MeTu1,1,0,1,0,2,0,2,0
5-HTPMPV03,MTe54,1,0,1,0,2,0,2,0
5-HTPMPV03,LC28a,1,0,1,0,2,0,2,0
5-HTPMPV03,LTe64,1,0,1,0,2,0,2,0
5-HTPMPV03,aMe9,1,0,0,1,2,0,0,2
5-HTPMPV03,TmY9q,1,0,1,0,2,0,2,0
5-HTPMPV03,Sm15,1,0,1,0,2,0,2,0
5-HTPMPV03,LC40,1,0,1,0,2,0,2,0
5-HTPMPV03,LT39,1,1,0,0,2,2,0,0
5-HTPMPV03,Tm27,1,1,0,0,2,2,0,0
5-HTPMPV03,Pm05,1,0,1,0,2,0,2,0
5-HTPMPV03,Sm14,1,0,1,0,2,0,2,0
5-HTPMPV03,MTe22,1,0,1,0,2,0,2,0
5-HTPMPV03,LTe15,1,0,1,0,2,0,2,0
5-HTPMPV03,MTe37,1,0,1,0,2,0,2,0
5-HTPMPV03,TmY5a,1,0,1,0,2,0,2,0
5-HTPMPV03,Li29,1,1,0,0,2,2,0,0
5-HTPMPV03,cL10,1,0,1,0,2,0,2,0
5-HTPMPV03,Sm08,1,0,1,0,2,0,2,0
5-HTPMPV03,MLt3,1,0,1,0,2,0,2,0
5-HTPMPV03,LC37a,1,0,1,0,2,0,2,0
5-HTPMPV03,Dm8b,1,0,1,0,2,0,2,0
5-HTPMPV03,Sm31,1,0,1,0,2,0,2,0
5-HTPMPV03,MTe44,1,1,0,0,2,2,0,0
5-HTPMPV03,MeTu4b,1,0,1,0,2,0,2,0
5-HTPMPV03,LTe29,1,0,1,0,2,0,2,0
5-HTPMPV03,cM17,1,0,1,0,2,0,2,0
5-HTPMPV03,Tm31,1,1,0,0,2,2,0,0
5-HTPMPV03,LPi14,1,1,0,0,2,2,0,0
5-HTPMPV03,MTe08,1,0,1,0,2,0,2,0
5-HTPMPV03,LC45,1,0,1,0,2,0,2,0
5-HTPMPV03,Dm11,1,0,1,0,2,0,2,0
MeMe_e08,Nod2,1,0,1,0,2,0,2,0
CB0566,Sm16,1,1,0,0,2,2,0,0
CB0566,T2a,1,0,1,0,2,0,2,0
CB0566,MLt5,1,1,0,0,2,2,0,0
CB0566,Mi2,1,1,0,0,2,2,0,0
CB0566,MeMe_e03,1,0,0,1,2,0,0,2
CB0566,TmY9q,1,1,0,0,2,2,0,0
CB0566,Tm36,1,1,0,0,2,2,0,0
CB0566,Sm09,1,0,1,0,2,0,2,0
CB0566,MTe01a,1,1,0,0,2,2,0,0
CB0566,MTe30,1,0,1,0,2,0,2,0
CB0566,CB0816,1,0,0,1,2,0,0,2
LC19,LC34,1,0,1,0,2,0,2,0
LC19,cL12,1,0,1,0,2,0,2,0
MeMe_e05,MTe54,1,1,0,0,2,2,0,0
MeMe_e05,Sm40,1,0,1,0,2,0,2,0
MeMe_e05,mALC5,1,1,0,0,2,2,0,0
MeMe_e05,Tm34,1,0,1,0,2,0,2,0
MeMe_e05,Sm30,1,1,0,0,2,2,0,0
MeMe_e05,Sm36,1,1,0,0,2,2,0,0
MeMe_e05,Tm8a,1,1,0,0,2,2,0,0
MeMe_e05,Pm13,1,1,0,0,2,2,0,0
MeMe_e05,Sm29,1,1,0,0,2,2,0,0
MeMe_e05,MTe31,1,1,0,0,2,2,0,0
MeMe_e05,Tm16,1,1,0,0,2,2,0,0
MeMe_e05,MTe26,1,1,0,0,2,2,0,0
LC24,CB2685,1,0,1,0,2,0,2,0
LC6,LTe31,1,0,1,0,2,0,2,0
H1,LC9,1,0,1,0,2,0,2,0
H1,LPLC1,1,0,1,0,2,0,2,0
H1,Nod2,1,0,1,0,2,0,2,0
H1,LTe18,1,0,1,0,2,0,2,0
LPT29,LPT49,1,0,1,0,2,0,2,0
LPT29,LC10b,1,0,1,0,2,0,2,0
LPT29,LPT28,1,0,1,0,2,0,2,0
LPT29,VS2,1,0,1,0,2,0,2,0
LPT29,TmY9q,1,0,1,0,2,0,2,0
LPT29,Tm5e,1,0,1,0,2,0,2,0
MTe05,C2,1,0,1,0,2,0,2,0
LC37a,Li08,1,0,1,0,2,0,2,0
LC37a,LT55,1,0,1,0,2,0,2,0
LC37a,LTe70,1,0,1,0,2,0,2,0
LC37a,LPLC2,1,0,1,0,2,0,2,0
LC37a,MLt4,1,0,1,0,2,0,2,0
LC37a,Y4,1,0,1,0,2,0,2,0
LC28a,PLP004,1,0,1,0,2,0,2,0
LC10a,Tm5a,1,0,1,0,2,0,2,0
CB3089,LC4,1,0,1,0,2,0,2,0
cLP03,T5a,1,0,1,0,2,0,2,0
cLP03,Li06,1,0,1,0,2,0,2,0
LPLC4,LC17,1,0,1,0,2,0,2,0
LT78,LLPC4,1,0,1,0,2,0,2,0
LT78,Li09,1,0,1,0,2,0,2,0
LT78,LTe49a,1,0,1,0,2,0,2,0
LTe62,cL19,1,0,1,0,2,0,2,0
LTe62,LT52,1,0,1,0,2,0,2,0
LT74,LC9,1,0,1,0,2,0,2,0
LT74,Tm21,1,0,1,0,2,0,2,0
LT74,Li19,1,0,1,0,2,0,2,0
LT74,LMt3,1,0,1,0,2,0,2,0
LT74,mALC4,1,0,1,0,2,0,2,0
LT74,LC31c,1,0,1,0,2,0,2,0
LT74,Tm5e,1,0,1,0,2,0,2,0
LC28a,VS1,1,0,1,0,2,0,2,0
LC28a,VS3,1,0,1,0,2,0,2,0
LC28a,DCH,1,0,1,0,2,0,2,0
LC28a,T4a,1,0,1,0,2,0,2,0
LC28a,LMa4,1,0,1,0,2,0,2,0
LC28a,TmY3,1,0,1,0,2,0,2,0
LC28a,LPi10,1,0,1,0,2,0,2,0
LC28a,LPC1,1,0,1,0,2,0,2,0
VCH,LPT42_Nod4,1,0,1,0,2,0,2,0
VCH,LPT51,1,0,1,0,2,0,2,0
VCH,TmY11,1,0,1,0,2,0,2,0
VCH,LPi08,1,0,1,0,2,0,2,0
VCH,T3,1,0,1,0,2,0,2,0
VCH,LLPt,1,0,1,0,2,0,2,0
LC4,LC36,1,0,1,0,2,0,2,0
MeTu4a,OA-AL2b1,1,0,1,0,2,0,2,0
LTe64,LT77,1,0,1,0,2,0,2,0
LTe64,Tm20,1,0,1,0,2,0,2,0
LT84,cM08c,1,0,1,0,2,0,2,0
LT84,cMLLP01,1,0,1,0,2,0,2,0
LT84,T2a,1,0,1,0,2,0,2,0
LT84,OA-ASM1,1,0,1,0,2,0,2,0
LT84,LT36,1,0,1,0,2,0,2,0
LT84,LT87,1,0,1,0,2,0,2,0
LT84,Li23,1,0,1,0,2,0,2,0
LT84,Tm5a,1,0,1,0,2,0,2,0
LT84,Li08,1,0,1,0,2,0,2,0
LT84,cL16,1,0,1,0,2,0,2,0
LT84,LC43,1,0,1,0,2,0,2,0
LT84,LTe49b,1,0,1,0,2,0,2,0
LT84,mALD1,1,0,1,0,2,0,2,0
LT84,TmY20,1,0,1,0,2,0,2,0
LT84,Li29,1,0,1,0,2,0,2,0
LT84,MeTu4c,1,0,1,0,2,0,2,0
LT84,LTe38a,1,0,1,0,2,0,2,0
LT84,LTe17,1,0,1,0,2,0,2,0
LT84,LTe11,1,0,1,0,2,0,2,0
LT84,Y1,1,0,1,0,2,0,2,0
LT84,cL17,1,0,1,0,2,0,2,0
LT84,LT65,1,0,1,0,2,0,2,0
LT84,LT64,1,0,1,0,2,0,2,0
LT84,LPLC1,1,0,1,0,2,0,2,0
LC13,T2,1,0,1,0,2,0,2,0
MeTu3c,MTe24,1,0,1,0,2,0,2,0
LTe31,LC6,1,0,1,0,2,0,2,0
LTe31,LT58,1,0,1,0,2,0,2,0
LTe31,LC15,1,0,1,0,2,0,2,0
LTe31,LTe42c,1,0,1,0,2,0,2,0
LTe31,Tm8a,1,0,1,0,2,0,2,0
LTe31,LTe14,1,0,1,0,2,0,2,0
LTe31,TmY5a,1,0,1,0,2,0,2,0
LC39,LTe18,1,0,1,0,2,0,2,0
LC39,LCe06,1,0,1,0,2,0,2,0
LC39,Tm5a,1,0,1,0,2,0,2,0
LC14a1,Tm2,1,0,1,0,2,0,2,0
LC20b,TmY4,1,0,1,0,2,0,2,0
LC20b,LTe16,1,0,1,0,2,0,2,0
LC31a,Tm16,1,0,1,0,2,0,2,0
LC12,Tm3,1,0,1,0,2,0,2,0
LPC1,VS8,1,0,1,0,2,0,2,0
LPC1,VS6,1,0,1,0,2,0,2,0
LC14a1,LCe02,1,1,0,0,2,2,0,0
LLPC2,VSm,1,0,1,0,2,0,2,0
LLPC3,T3,1,0,1,0,2,0,2,0
OA-AL2b2,TmY31,1,0,1,0,2,0,2,0
OA-AL2b2,Sm01,1,0,1,0,2,0,2,0
OA-AL2b2,Sm08,1,1,0,0,2,2,0,0
MTe51,Tm25,1,0,1,0,2,0,2,0
MTe51,MLt6,1,0,1,0,2,0,2,0
MTe51,cM10,1,0,1,0,2,0,2,0
MTe51,MTe32,1,0,1,0,2,0,2,0
MTe51,Sm32,1,0,1,0,2,0,2,0
MTe51,Tm27,1,0,1,0,2,0,2,0
HSN,TmY15,1,0,1,0,2,0,2,0
HSN,TmY3,1,0,1,0,2,0,2,0
MTe05,PLP231,1,0,1,0,2,0,2,0
aMe22,Sm16,1,0,1,0,2,0,2,0
aMe22,T2a,1,0,1,0,2,0,2,0
MeTu4c,Sm24,1,0,1,0,2,0,2,0
MeTu4c,LTe41,1,0,1,0,2,0,2,0
MeTu4c,5-HTPMPV01,1,0,1,0,2,0,2,0
cL22b,cL22a,1,0,1,0,2,0,2,0
cL22b,CB2848,1,0,1,0,2,0,2,0
cL22b,Tm8a,1,0,1,0,2,0,2,0
cL22b,cL01,1,0,1,0,2,0,2,0
cL22b,LT58,1,0,1,0,2,0,2,0
cL22b,LCe01a,1,0,1,0,2,0,2,0
cL22b,TmY10,1,0,1,0,2,0,2,0
cL22b,LTe49b,1,0,1,0,2,0,2,0
cL22b,5-HTPMPV03,1,0,1,0,2,0,2,0
LC33a,Li32,1,0,1,0,2,0,2,0
LT85,LT72,1,0,1,0,2,0,2,0
LT85,aMe8,1,0,1,0,2,0,2,0
LT85,LTe08,1,0,1,0,2,0,2,0
LT85,Y3,1,0,1,0,2,0,2,0
LT85,Li13,1,0,1,0,2,0,2,0
LT85,Li30,1,0,1,0,2,0,2,0
LT85,LT58,1,0,1,0,2,0,2,0
LT85,LTe32,1,0,1,0,2,0,2,0
LT85,LC14b,1,0,1,0,2,0,2,0
LT85,LC10b,1,0,1,0,2,0,2,0
LT85,LTe74,1,0,1,0,2,0,2,0
LT85,Tm32,1,0,1,0,2,0,2,0
LT85,LTe33,1,0,1,0,2,0,2,0
LT85,LTe49c,1,0,1,0,2,0,2,0
cM01b,MTe10,1,0,1,0,2,0,2,0
LC13,LCe01a,1,0,1,0,2,0,2,0
AN_multi_124,Dm12,1,1,0,0,2,2,0,0
cM08b,MeMe_e09,1,0,1,0,2,0,2,0
cM08b,MeTu1,1,0,1,0,2,0,2,0
cM08b,MeTu3c,1,0,1,0,2,0,2,0
cM08b,MTe12,1,0,1,0,2,0,2,0
cM08b,aMe17b,1,0,1,0,2,0,2,0
MeMe_e04,Sm18,1,1,0,0,2,2,0,0
MeMe_e04,Sm09,1,1,0,0,2,2,0,0
LC22,Li29,1,0,1,0,2,0,2,0
LC29,Li13,1,0,1,0,2,0,2,0
LC29,LT65,1,0,1,0,2,0,2,0
LC29,cLLP02,1,0,1,0,2,0,2,0
LC10e,LC10e,1,0,1,0,2,0,2,0
LC10e,TmY20,1,0,1,0,2,0,2,0
LC10b,MeTu4c,1,0,1,0,2,0,2,0
cL02a,Li02,1,0,1,0,2,0,2,0
cL02a,LPLC1,1,0,1,0,2,0,2,0
cL02a,Tm5c,1,0,1,0,2,0,2,0
cL02a,Tm5f,1,0,1,0,2,0,2,0
cL02a,LC14a1,1,0,1,0,2,0,2,0
MTe53,cM04,1,0,1,0,2,0,2,0
MTe53,Pm09,1,0,1,0,2,0,2,0
MTe53,Tm5c,1,0,1,0,2,0,2,0
LPC2,LMa3,1,0,1,0,2,0,2,0
LPLC1,LTe52,1,0,1,0,2,0,2,0
cM14,MeTu3b,1,0,1,0,2,0,2,0
cM14,aMe9,1,0,1,0,2,0,2,0
cM14,Mi2,1,0,1,0,2,0,2,0
cM14,MeTu2a,1,0,1,0,2,0,2,0
cM14,Pm10,1,0,1,0,2,0,2,0
cM14,MTe49,1,0,1,0,2,0,2,0
cM14,Li10,1,0,1,0,2,0,2,0
cM14,aMe17a2,1,0,1,0,2,0,2,0
cM14,LPT54,1,0,1,0,2,0,2,0
cM14,cM10,1,0,1,0,2,0,2,0
cM14,Sm27,1,0,1,0,2,0,2,0
LT53,LMt2,1,0,1,0,2,0,2,0
LT53,Li15,1,0,1,0,2,0,2,0
LT53,LTe12,1,0,1,0,2,0,2,0
LT53,LMa2,1,0,1,0,2,0,2,0
LT53,DNp27,1,0,1,0,2,0,2,0
LT53,Tm8a,1,0,1,0,2,0,2,0
LT53,Li29,1,0,1,0,2,0,2,0
LT53,Y12,1,0,1,0,2,0,2,0
LT53,MeTu3b,1,0,1,0,2,0,2,0
LT53,cL11,1,0,1,0,2,0,2,0
LT53,LT1b,1,0,1,0,2,0,2,0
cLP04,LPi07,1,0,1,0,2,0,2,0
MeTu4b,MTe37,1,0,1,0,2,0,2,0
LC31a,LC14a2,1,0,1,0,2,0,2,0
LC31a,TmY15,1,0,1,0,2,0,2,0
MeTu4c,aMe26,1,0,1,0,2,0,2,0
Nod1,LPi02,1,0,1,0,2,0,2,0
LC14b,PDt,1,1,0,0,2,2,0,0
OA-ASM1,MTe38,1,0,1,0,2,0,2,0
OA-ASM1,MTe28,1,1,0,0,2,2,0,0
OA-ASM1,LLPC3,1,1,0,0,2,2,0,0
OA-ASM1,Y4,1,0,1,0,2,0,2,0
OA-ASM1,LPT29,1,1,0,0,2,2,0,0
OA-ASM1,cML01,1,1,0,0,2,2,0,0
OA-ASM1,LTe55,1,0,1,0,2,0,2,0
OA-ASM1,Tlp14,1,1,0,0,2,2,0,0
OA-ASM1,MTe13,1,1,0,0,2,2,0,0
OA-ASM1,LT69,1,0,1,0,2,0,2,0
OA-ASM1,MTe01b,1,0,1,0,2,0,2,0
MTe06,TmY5a,1,0,1,0,2,0,2,0
LC6,Li15,1,0,1,0,2,0,2,0
LC6,Li19,1,0,1,0,2,0,2,0
MeMe_e01,Li06,1,0,1,0,2,0,2,0
MeMe_e01,Tm5c,1,0,1,0,2,0,2,0
MeMe_e01,MLt2,1,1,0,0,2,2,0,0
MeMe_e01,MTe03,1,0,1,0,2,0,2,0
MeMe_e01,Mi10,1,0,1,0,2,0,2,0
MTe01a,aMe19b,1,0,1,0,2,0,2,0
LPLC4,LPT57,1,0,1,0,2,0,2,0
LPLC4,MLt3,1,0,1,0,2,0,2,0
LC20a,LTe03,1,0,1,0,2,0,2,0
LC20a,LTe65,1,0,1,0,2,0,2,0
LT63,Li24,1,0,1,0,2,0,2,0
LT63,Tm7,1,0,1,0,2,0,2,0
LT63,LTe49c,1,0,1,0,2,0,2,0
LT63,Li11,1,0,1,0,2,0,2,0
LT63,TmY20,1,0,1,0,2,0,2,0
LT63,LC44,1,0,1,0,2,0,2,0
LT63,Tm20,1,0,1,0,2,0,2,0
VST2,LPi01,1,0,1,0,2,0,2,0
LC10d,cL14,1,0,1,0,2,0,2,0
LC33a,Tm35,1,0,1,0,2,0,2,0
LPC2,cLLPM01,1,0,1,0,2,0,2,0
MTe51,Pm07,1,0,1,0,2,0,2,0
DNp27,Tlp14,1,1,0,0,2,2,0,0
DNp27,LPi05,1,1,0,0,2,2,0,0
DNp27,Tm5e,1,1,0,0,2,2,0,0
DNp27,LC10a,1,1,0,0,2,2,0,0
DNp27,LTe20,1,1,0,0,2,2,0,0
DNp27,LT61b,1,0,1,0,2,0,2,0
DNp27,Tm4,1,0,1,0,2,0,2,0
DNp27,LT78,1,1,0,0,2,2,0,0
DNp27,T5a,1,1,0,0,2,2,0,0
DNp27,Li19,1,0,1,0,2,0,2,0
DNp27,VCH,1,1,0,0,2,2,0,0
DNp27,Tm27,1,1,0,0,2,2,0,0
DNp27,Li04,1,0,1,0,2,0,2,0
DNp27,MTe05,1,0,1,0,2,0,2,0
DNp27,PLP251,1,0,1,0,2,0,2,0
LC25,LC37a,1,0,1,0,2,0,2,0
MTe17,MTe40,1,0,1,0,2,0,2,0
MTe17,MLt6,1,0,1,0,2,0,2,0
MTe17,Tm5a,1,0,1,0,2,0,2,0
MTe17,Tm32,1,0,1,0,2,0,2,0
LCe01a,Tm8b,1,0,1,0,2,0,2,0
LCe01a,LTe74,1,0,1,0,2,0,2,0
LC26,Li33,1,0,1,0,2,0,2,0
MTe47,Lawf2,1,1,0,0,2,2,0,0
MTe47,MTe52,1,1,0,0,2,2,0,0
MTe47,Sm07,1,1,0,0,2,2,0,0
MTe54,aMe25,1,0,1,0,2,0,2,0
MeTu4c,Tm37,1,0,1,0,2,0,2,0
LC10d,LC17,1,0,1,0,2,0,2,0
LT51,Tm32,1,0,1,0,2,0,2,0
LT51,Li08,1,0,1,0,2,0,2,0
LC9,LT1b,1,0,1,0,2,0,2,0
MeMe_e07,Tm5f,1,1,0,0,2,2,0,0
MeMe_e07,Sm10,1,1,0,0,2,2,0,0
MeMe_e07,Dm8a,1,1,0,0,2,2,0,0
MTe22,5-HTPMPV03,1,0,1,0,2,0,2,0
MTe22,Tm34,1,0,1,0,2,0,2,0
MTe22,Sm36,1,0,1,0,2,0,2,0
MTe22,TmY31,1,0,1,0,2,0,2,0
MTe22,Sm20,1,0,1,0,2,0,2,0
MTe22,Tm7,1,0,1,0,2,0,2,0
MTe22,MeMe_e09,1,0,1,0,2,0,2,0
MTe22,Sm18,1,0,1,0,2,0,2,0
MTe22,Tm27,1,0,1,0,2,0,2,0
LC10d,LTe16,1,0,1,0,2,0,2,0
LC35,Tm27,1,0,1,0,2,0,2,0
LC35,LCe07,1,0,1,0,2,0,2,0
LC35,LT87,1,0,1,0,2,0,2,0
LC35,LMa1,1,0,1,0,2,0,2,0
LC35,Tm5e,1,0,1,0,2,0,2,0
LT53,LT11,1,0,1,0,2,0,2,0
LT53,LLPC3,1,0,1,0,2,0,2,0
LT53,Li28,1,0,1,0,2,0,2,0
MTe12,Lat,1,0,1,0,2,0,2,0
MTe12,MTe31,1,0,1,0,2,0,2,0
MTe12,Tm32,1,0,1,0,2,0,2,0
aMe4,HBeyelet,1,0,1,0,2,0,2,0
LPC1,LPi13,1,0,1,0,2,0,2,0
LC14a1,LC45,1,1,0,0,2,2,0,0
aMe5,Pm10,1,0,1,0,2,0,2,0
aMe5,MTe02,1,0,1,0,2,0,2,0
PLP021,LC10b,1,0,1,0,2,0,2,0
PLP021,LC46,1,0,1,0,2,0,2,0
LC13,TmY9q,1,0,1,0,2,0,2,0
LC13,Tm31,1,0,1,0,2,0,2,0
LC6,LTe64,1,0,1,0,2,0,2,0
MTe04,Sm38,1,0,1,0,2,0,2,0
LC24,Tm4,1,0,1,0,2,0,2,0
MTe01b,Sm11,1,0,1,0,2,0,2,0
LC10d,LC24,1,0,1,0,2,0,2,0
LLPC1,LMt1,1,0,1,0,2,0,2,0
MTe52,T4b,1,0,1,0,2,0,2,0
LTe32,LTe01,1,0,1,0,2,0,2,0
LTe32,Tm31,1,0,1,0,2,0,2,0
LTe32,LC10c,1,0,1,0,2,0,2,0
LTe32,LTe49a,1,0,1,0,2,0,2,0
LC10b,LTe22,1,0,1,0,2,0,2,0
MeTu4b,Sm12,1,0,1,0,2,0,2,0
DNp27,Y1,1,0,1,0,2,0,2,0
DNp27,LT73,1,1,0,0,2,2,0,0
DNp27,LPi04,1,0,1,0,2,0,2,0
DNp27,LPLC4,1,1,0,0,2,2,0,0
DNp27,TmY10,1,1,0,0,2,2,0,0
DNp27,T4c,1,0,1,0,2,0,2,0
DNp27,LT1b,1,0,1,0,2,0,2,0
DNp27,LT62,1,0,1,0,2,0,2,0
DNp27,LT61a,1,0,1,0,2,0,2,0
DNp27,LPi13,1,0,1,0,2,0,2,0
DNp27,Tlp5,1,0,1,0,2,0,2,0
DNp27,LTe12,1,1,0,0,2,2,0,0
DNp27,LMt2,1,0,1,0,2,0,2,0
DNp27,LLPt,1,1,0,0,2,2,0,0
DNp27,LC14a1,1,0,0,1,2,0,0,2
DNp27,Li21,1,1,0,0,2,2,0,0
DNp27,LTe14,1,1,0,0,2,2,0,0
DNp27,Tm8b,1,0,1,0,2,0,2,0
DNp27,Tm21,1,0,1,0,2,0,2,0
LC11,LLPC3,1,0,1,0,2,0,2,0
LC14b,LPi01,1,1,0,0,2,2,0,0
LC14b,Dm8a,1,1,0,0,2,2,0,0
LTe52,LLPt,1,0,1,0,2,0,2,0
LTe52,LTe42c,1,0,1,0,2,0,2,0
LTe52,Tm8a,1,0,1,0,2,0,2,0
LTe52,TmY11,1,0,1,0,2,0,2,0
MTe23,Sm42,1,0,1,0,2,0,2,0
MTe23,MTe33,1,0,1,0,2,0,2,0
MTe23,MTe37,1,0,1,0,2,0,2,0
MeMe_e02,Tm37,1,0,1,0,2,0,2,0
LC14a1,LT1a,1,0,1,0,2,0,2,0
OA-AL2i3,L2,1,0,1,0,2,0,2,0
OA-AL2i3,MeTu4a,1,0,1,0,2,0,2,0
OA-AL2i3,HBeyelet,1,0,1,0,2,0,2,0
OA-AL2i3,Sm41,1,0,1,0,2,0,2,0
OA-AL2i3,Sm09,1,0,1,0,2,0,2,0
OA-AL2i3,TmY9q⊥,1,0,1,0,2,0,2,0
LLPC1,Li29,1,0,1,0,2,0,2,0
OA-ASM1,LC40,1,1,0,0,2,2,0,0
OA-ASM1,5-HTPMPV03,1,0,0,1,2,0,0,2
OA-ASM1,LC14b,1,0,0,1,2,0,0,2
OA-ASM1,LTe30,1,0,1,0,2,0,2,0
OA-ASM1,LC28a,1,1,0,0,2,2,0,0
OA-ASM1,LT62,1,1,0,0,2,2,0,0
OA-ASM1,MTe46,1,0,0,1,2,0,0,2
LT77,LT75,1,0,1,0,2,0,2,0
LT77,CB3089,1,0,1,0,2,0,2,0
LT77,LTe36,1,0,1,0,2,0,2,0
LT77,LPLC2,1,0,1,0,2,0,2,0
LT77,LMa1,1,0,1,0,2,0,2,0
LT77,LT43,1,0,1,0,2,0,2,0
LT77,LTe04,1,0,1,0,2,0,2,0
LT77,LT51,1,0,1,0,2,0,2,0
LCe01b,LTe42b,1,0,1,0,2,0,2,0
LC21,LT85,1,0,1,0,2,0,2,0
AN_multi_125,Tm2,1,0,1,0,2,0,2,0
AN_multi_125,TmY5a,1,0,1,0,2,0,2,0
LC41,LTe27,1,0,1,0,2,0,2,0
MTe06,aMe17a2,1,0,1,0,2,0,2,0
MTe06,Sm19,1,0,1,0,2,0,2,0
MTe06,CB0566,1,0,1,0,2,0,2,0
LTe27,Li33,1,0,1,0,2,0,2,0
LTe27,LC10a,1,0,1,0,2,0,2,0
LTe27,LMTe01,1,0,1,0,2,0,2,0
LTe27,PLP251,1,0,1,0,2,0,2,0
MTe03,Sm19,1,0,1,0,2,0,2,0
cM19,OA-ASM1,1,0,1,0,2,0,2,0
MeTu4c,Sm25,1,0,1,0,2,0,2,0
LC17,Tm3,1,0,1,0,2,0,2,0
LCe01a,TmY9q,1,0,1,0,2,0,2,0
LC21,LT70,1,0,1,0,2,0,2,0
LC21,LCe04,1,0,1,0,2,0,2,0
LC21,LT63,1,0,1,0,2,0,2,0
LPLC1,Li13,1,0,1,0,2,0,2,0
LPLC1,LC25,1,0,1,0,2,0,2,0
LPTe02,Am1,1,0,1,0,2,0,2,0
MTe04,cM09,1,0,1,0,2,0,2,0
LTe38a,LTe70,1,0,1,0,2,0,2,0
LC10e,LC41,1,0,1,0,2,0,2,0
MeTu4a,LT86,1,0,1,0,2,0,2,0
LT80,Li06,1,0,1,0,2,0,2,0
LCe09,Li01,1,0,1,0,2,0,2,0
LC16,LT61a,1,0,1,0,2,0,2,0
LC6,LC25,1,0,1,0,2,0,2,0
LC6,LCe05,1,0,1,0,2,0,2,0
LC6,LLPt,1,0,1,0,2,0,2,0
LPT49,TmY15,1,0,1,0,2,0,2,0
LPT49,LC28a,1,0,1,0,2,0,2,0
MeTu4a,Tm3,1,0,1,0,2,0,2,0
LC9,cL18,1,0,1,0,2,0,2,0
LC9,LTe10,1,0,1,0,2,0,2,0
cM03,Tm35,1,0,1,0,2,0,2,0
cM03,Tm5b,1,0,1,0,2,0,2,0
cM03,cM01b,1,0,1,0,2,0,2,0
LCe01b,LTe23,1,0,1,0,2,0,2,0
LCe01b,Li33,1,0,1,0,2,0,2,0
LCe01b,LTe17,1,0,1,0,2,0,2,0
LCe01b,LTe24,1,0,1,0,2,0,2,0
LC33a,LT78,1,0,1,0,2,0,2,0
LLPC2,LC28a,1,0,1,0,2,0,2,0
LC40,LC20a,1,0,1,0,2,0,2,0
LTe65,cL04,1,0,1,0,2,0,2,0
LTe65,Li12,1,0,1,0,2,0,2,0
LC11,Tm4,1,0,1,0,2,0,2,0
LTe58,LC10a,1,0,1,0,2,0,2,0
LTe58,LTe14,1,0,1,0,2,0,2,0
aMe4,Tm1,1,0,1,0,2,0,2,0
aMe4,MLt4,1,0,1,0,2,0,2,0
aMe4,L2,1,0,1,0,2,0,2,0
aMe4,aMe17a2,1,0,1,0,2,0,2,0
aMe4,PLP069,1,0,1,0,2,0,2,0
aMe4,Dm8b,1,0,1,0,2,0,2,0
aMe4,Tm5f,1,0,1,0,2,0,2,0
MTe16,MTe09,1,0,1,0,2,0,2,0
MTe16,Sm06,1,0,1,0,2,0,2,0
MTe16,MTe11,1,0,1,0,2,0,2,0
LLPC3,LT61b,1,0,1,0,2,0,2,0
LC10e,cMLLP01,1,0,1,0,2,0,2,0
LC10e,cL05,1,0,1,0,2,0,2,0
LC34,LTe46,1,0,1,0,2,0,2,0
LT76,Tlp5,1,0,1,0,2,0,2,0
LT76,LC10d,1,0,1,0,2,0,2,0
MeMe_e07,LT80,1,0,1,0,2,0,2,0
MeMe_e07,Tlp4,1,0,1,0,2,0,2,0
MeMe_e07,Sm21,1,1,0,0,2,2,0,0
MeMe_e07,T4c,1,0,1,0,2,0,2,0
MeMe_e07,LC29,1,0,1,0,2,0,2,0
MeMe_e07,Y1,1,0,1,0,2,0,2,0
MeMe_e07,T4a,1,0,1,0,2,0,2,0
MeMe_e07,T4b,1,0,1,0,2,0,2,0
MeMe_e07,Pm09,1,0,1,0,2,0,2,0
MeMe_e07,T5b,1,0,1,0,2,0,2,0
MeMe_e07,mALC5,1,0,1,0,2,0,2,0
MeMe_e07,LPi05,1,0,1,0,2,0,2,0
MeMe_e07,T5c,1,0,1,0,2,0,2,0
LLPC1,T5d,1,0,1,0,2,0,2,0
cM19,Tm5e,1,1,0,0,2,2,0,0
cM19,MLt2,1,1,0,0,2,2,0,0
CB3238,LT63,1,0,1,0,2,0,2,0
MTe17,Sm08,1,0,1,0,2,0,2,0
MTe17,Mi15,1,0,1,0,2,0,2,0
MTe17,MeTu3c,1,0,1,0,2,0,2,0
LC10a,LT40,1,0,1,0,2,0,2,0
LTe02,LTe11,1,0,1,0,2,0,2,0
LTe02,Tm5e,1,0,1,0,2,0,2,0
LTe02,LTe65,1,0,1,0,2,0,2,0
LTe02,LTe49a,1,0,1,0,2,0,2,0
LTe02,MLt8,1,0,1,0,2,0,2,0
cLP03,H1,1,0,1,0,2,0,2,0
MTe49,Tm31,1,0,1,0,2,0,2,0
MTe49,Tm5e,1,0,1,0,2,0,2,0
MTe49,Sm41,1,0,1,0,2,0,2,0
MTe49,MLt6,1,0,1,0,2,0,2,0
MTe49,Sm36,1,0,1,0,2,0,2,0
MTe49,Tm8b,1,0,1,0,2,0,2,0
LC13,Tm20,1,0,1,0,2,0,2,0
l-LNv,Sm34,1,1,0,0,2,2,0,0
l-LNv,aMe1,1,0,1,0,2,0,2,0
l-LNv,Sm18,1,1,0,0,2,2,0,0
l-LNv,cM08b,1,1,0,0,2,2,0,0
l-LNv,MTe51,1,1,0,0,2,2,0,0
l-LNv,TmY10,1,1,0,0,2,2,0,0
MeMe_e02,C3,1,1,0,0,2,2,0,0
MTe03,LMa4,1,0,1,0,2,0,2,0
MTe03,Sm32,1,0,1,0,2,0,2,0
MTe03,Dm8b,1,0,1,0,2,0,2,0
MTe03,T2a,1,0,1,0,2,0,2,0
MTe03,Pm13,1,0,1,0,2,0,2,0
MeTu3c,MTe30,1,0,1,0,2,0,2,0
mALC4,Tm5f,1,0,1,0,2,0,2,0
mALC4,LLPt,1,0,1,0,2,0,2,0
mALC4,Tm25,1,0,1,0,2,0,2,0
mALC4,LT36,1,0,1,0,2,0,2,0
mALC4,Dm10,1,0,1,0,2,0,2,0
mALC4,LT83,1,0,1,0,2,0,2,0
mALC4,TmY11,1,0,1,0,2,0,2,0
mALC4,Tm8a,1,0,1,0,2,0,2,0
LC18,LCe06,1,0,1,0,2,0,2,0
LC10a,LC12,1,0,1,0,2,0,2,0
MTe40,MLt2,1,0,1,0,2,0,2,0
MTe40,MTe44,1,0,1,0,2,0,2,0
MTe40,Tm7,1,0,1,0,2,0,2,0
MTe40,MeMe_e07,1,0,1,0,2,0,2,0
MTe40,TmY5a,1,0,1,0,2,0,2,0
MTe40,aMe12,1,0,1,0,2,0,2,0
MTe40,cM08b,1,0,1,0,2,0,2,0
MTe40,Sm36,1,0,1,0,2,0,2,0
MeTu4c,PLP068,1,0,1,0,2,0,2,0
LPTe01,LPi15,1,0,1,0,2,0,2,0
LPTe01,LPT48_vCal3,1,0,1,0,2,0,2,0
LTe59,Li18,1,0,1,0,2,0,2,0
LCe01,Li33,1,0,1,0,2,0,2,0
LCe01,LC10a,1,0,1,0,2,0,2,0
LCe01,LC25,1,0,1,0,2,0,2,0
LCe01,LC40,1,0,1,0,2,0,2,0
LCe01,LC37a,1,0,1,0,2,0,2,0
LCe01,LC13,1,0,1,0,2,0,2,0
LCe01,Li06,1,0,1,0,2,0,2,0
MTe01a,Dm16,1,0,1,0,2,0,2,0
MTe01a,C3,1,0,1,0,2,0,2,0
MTe01a,TmY5a,1,0,1,0,2,0,2,0
LPLC2,LCe01b,1,0,1,0,2,0,2,0
LC21,LTe58,1,0,1,0,2,0,2,0
cLP02,LPT50,1,0,1,0,2,0,2,0
cLP01,LPC2,1,0,1,0,2,0,2,0
LC14a1,Tlp4,1,0,1,0,2,0,2,0
LC14a1,LT64,1,1,0,0,2,2,0,0
cL11,LT70,1,0,1,0,2,0,2,0
cL11,LT42,1,0,1,0,2,0,2,0
cL11,LTe47,1,0,1,0,2,0,2,0
cL11,LC13,1,0,1,0,2,0,2,0
cL11,LTe42c,1,0,1,0,2,0,2,0
cL11,PLP051,1,0,1,0,2,0,2,0
cL11,cL06,1,0,1,0,2,0,2,0
cL11,MLt4,1,0,1,0,2,0,2,0
cL11,mALC5,1,0,1,0,2,0,2,0
LC14b,cLLPM01,1,1,0,0,2,2,0,0
MTe52,MTe18,1,0,1,0,2,0,2,0
l-LNv,CB0566,1,0,0,1,2,0,0,2
l-LNv,Tm9,1,1,0,0,2,2,0,0
LC10c,LT63,1,0,1,0,2,0,2,0
MTe07,cL10,1,0,1,0,2,0,2,0
LC25,LCe01a,1,0,1,0,2,0,2,0
LC19,cL16,1,0,1,0,2,0,2,0
LC46,LC21,1,0,1,0,2,0,2,0
LC46,LT53,1,0,1,0,2,0,2,0
LC18,TmY4,1,0,1,0,2,0,2,0
cL03,TmY4,1,0,1,0,2,0,2,0
cL03,Li16,1,0,1,0,2,0,2,0
cL03,Li26,1,0,1,0,2,0,2,0
LC4,Tm20,1,0,1,0,2,0,2,0
LC20b,LTe02,1,0,1,0,2,0,2,0
LC20b,LT40,1,0,1,0,2,0,2,0
LC20b,LTe53,1,0,1,0,2,0,2,0
LT74,LT47,1,0,1,0,2,0,2,0
LT74,Tm16,1,0,1,0,2,0,2,0
LT74,LC17,1,0,1,0,2,0,2,0
LT74,LTe10,1,0,1,0,2,0,2,0
LT74,MLt4,1,0,1,0,2,0,2,0
LT74,Tm4,1,0,1,0,2,0,2,0
LT74,Tm27,1,0,1,0,2,0,2,0
LT74,LC24,1,0,1,0,2,0,2,0
LT74,Tm37,1,0,1,0,2,0,2,0
LT74,TmY20,1,0,1,0,2,0,2,0
aMe9,OA-AL2i3,1,1,0,0,2,2,0,0
aMe9,Sm21,1,0,1,0,2,0,2,0
aMe9,TmY5a,1,0,1,0,2,0,2,0
aMe9,cM08a,1,1,0,0,2,2,0,0
aMe9,Tm34,1,0,1,0,2,0,2,0
aMe9,Sm14,1,0,1,0,2,0,2,0
aMe9,MeTu4c,1,0,1,0,2,0,2,0
LT55,AOTU065,1,1,0,0,2,2,0,0
LT55,LC13,1,1,0,0,2,2,0,0
LT55,cL05,1,0,1,0,2,0,2,0
LT55,Li23,1,0,1,0,2,0,2,0
LT55,LT34,1,1,0,0,2,2,0,0
LT55,MeTu2a,1,1,0,0,2,2,0,0
LT55,LTe71,1,1,0,0,2,2,0,0
LT55,Li04,1,0,1,0,2,0,2,0
LT55,LTe17,1,0,1,0,2,0,2,0
LT55,MeTu4b,1,1,0,0,2,2,0,0
LT55,LTe48,1,1,0,0,2,2,0,0
LT55,Li29,1,1,0,0,2,2,0,0
LT38,Tm8b,1,0,1,0,2,0,2,0
LT38,LMt1,1,0,1,0,2,0,2,0
LT38,LPLC1,1,0,1,0,2,0,2,0
LT38,LC21,1,0,1,0,2,0,2,0
LT38,OA-AL2i1,1,0,1,0,2,0,2,0
LT38,LMa2,1,0,1,0,2,0,2,0
LT38,LTe11,1,0,1,0,2,0,2,0
LT38,LCe07,1,0,1,0,2,0,2,0
LT38,LTe18,1,0,1,0,2,0,2,0
LC10b,MeTu4a,1,0,1,0,2,0,2,0
LC10b,LT73,1,0,1,0,2,0,2,0
DCH,CT1,1,0,1,0,2,0,2,0
DCH,Nod2,1,0,1,0,2,0,2,0
DCH,LC28a,1,0,1,0,2,0,2,0
DCH,Tm4,1,0,1,0,2,0,2,0
DCH,H2,1,0,1,0,2,0,2,0
DCH,CB0592,1,0,1,0,2,0,2,0
OA-AL2i1,DNc02,1,0,1,0,2,0,2,0
OA-AL2i1,MTe39,1,0,1,0,2,0,2,0
OA-AL2i1,MTe07,1,0,1,0,2,0,2,0
OA-AL2i1,Nod3,1,0,1,0,2,0,2,0
OA-AL2i1,LC16,1,0,1,0,2,0,2,0
OA-AL2i1,LC28a,1,0,1,0,2,0,2,0
OA-AL2i1,Mi13,1,0,1,0,2,0,2,0
OA-AL2i1,Sm15,1,0,1,0,2,0,2,0
OA-AL2i1,LC21,1,0,1,0,2,0,2,0
OA-AL2i1,Tm21,1,0,1,0,2,0,2,0
OA-AL2i1,Mi2,1,0,1,0,2,0,2,0
OA-AL2i1,LC15,1,0,1,0,2,0,2,0
OA-AL2i1,Sm03,1,0,1,0,2,0,2,0
cM15,cM14,1,0,1,0,2,0,2,0
cM15,DNc01,1,0,1,0,2,0,2,0
cM15,MTe49,1,0,1,0,2,0,2,0
cM15,MTe36,1,0,1,0,2,0,2,0
cM15,Tm1,1,0,1,0,2,0,2,0
cM15,OA-AL2i3,1,0,1,0,2,0,2,0
cM15,Dm3p,1,0,1,0,2,0,2,0
cM15,cMLLP01,1,0,1,0,2,0,2,0
cM15,Dm15,1,0,1,0,2,0,2,0
cM15,T2,1,0,1,0,2,0,2,0
cM15,cM17,1,0,1,0,2,0,2,0
cM15,Pm11,1,0,1,0,2,0,2,0
cM15,cLM01,1,0,1,0,2,0,2,0
cM15,MTe09,1,0,1,0,2,0,2,0
cM15,mALC5,1,0,1,0,2,0,2,0
cM15,Sm10,1,0,1,0,2,0,2,0
cM15,Sm22,1,0,1,0,2,0,2,0
LLPC1,LC21,1,0,1,0,2,0,2,0
LC10d,LTe49b,1,0,1,0,2,0,2,0
LTe17,cL04,1,0,1,0,2,0,2,0
LTe17,LTe04,1,0,1,0,2,0,2,0
LTe17,LT65,1,0,1,0,2,0,2,0
LTe17,LC43,1,0,1,0,2,0,2,0
LTe17,CB0472,1,0,1,0,2,0,2,0
LTe17,LT36,1,0,1,0,2,0,2,0
LTe17,Li09,1,0,1,0,2,0,2,0
LTe17,cL01,1,0,1,0,2,0,2,0
LTe17,LT84,1,0,1,0,2,0,2,0
LTe17,LTe21,1,0,1,0,2,0,2,0
LTe17,PLP051,1,0,1,0,2,0,2,0
LTe17,Tm32,1,0,1,0,2,0,2,0
LTe17,LC10a,1,0,1,0,2,0,2,0
LTe17,LT59,1,0,1,0,2,0,2,0
LTe17,LT70,1,0,1,0,2,0,2,0
LTe17,cL19,1,0,1,0,2,0,2,0
LT47,LC6,1,0,1,0,2,0,2,0
LT47,LT78,1,0,1,0,2,0,2,0
LT47,LC25,1,0,1,0,2,0,2,0
LT47,LC10a,1,0,1,0,2,0,2,0
LT47,Tm20,1,0,1,0,2,0,2,0
LT47,LTe64,1,0,1,0,2,0,2,0
LT47,Tm5f,1,0,1,0,2,0,2,0
LT47,TmY4,1,0,1,0,2,0,2,0
aMe26,aMe17a1,1,0,1,0,2,0,2,0
aMe26,aMe17a2,1,0,1,0,2,0,2,0
LT33,LPi07,1,0,1,0,2,0,2,0
LT33,CB0592,1,0,1,0,2,0,2,0
LT33,Li20,1,0,1,0,2,0,2,0
LT33,Tm5b,1,0,1,0,2,0,2,0
LT33,TmY9q,1,0,1,0,2,0,2,0
LT33,Tm36,1,0,1,0,2,0,2,0
LT33,Tm5c,1,0,1,0,2,0,2,0
LT33,LC21,1,0,1,0,2,0,2,0
LT33,LMa3,1,0,1,0,2,0,2,0
LT33,Tm16,1,0,1,0,2,0,2,0
LT33,Y4,1,0,1,0,2,0,2,0
LC28a,LTe50,1,0,1,0,2,0,2,0
LT64,Li13,1,0,1,0,2,0,2,0
LT64,LT36,1,0,1,0,2,0,2,0
MC65,TmY3,1,0,1,0,2,0,2,0
MC65,Pm05,1,0,1,0,2,0,2,0
MC65,TmY16,1,0,1,0,2,0,2,0
MC65,Sm15,1,0,1,0,2,0,2,0
LC29,LTe15,1,0,1,0,2,0,2,0
LCe02,LTe21,1,0,1,0,2,0,2,0
LCe02,Li06,1,0,1,0,2,0,2,0
LC45,LCe01,1,0,1,0,2,0,2,0
LC45,LCe02,1,0,1,0,2,0,2,0
LC45,Tm20,1,0,1,0,2,0,2,0
LC45,LPLC1,1,0,1,0,2,0,2,0
MeMe_e02,MTe47,1,0,0,1,2,0,0,2
MTe02,Y1,1,0,1,0,2,0,2,0
aMe6a,OA-AL2i3,1,0,1,0,2,0,2,0
OA-AL2i4,MTe35,1,0,1,0,2,0,2,0
OA-AL2i4,MTe04,1,0,1,0,2,0,2,0
OA-AL2i4,TmY20,1,0,1,0,2,0,2,0
OA-AL2i4,MTe54,1,0,1,0,2,0,2,0
OA-AL2i4,MTe30,1,0,1,0,2,0,2,0
OA-AL2i4,Tm31,1,0,1,0,2,0,2,0
OA-AL2i4,cM13,1,0,1,0,2,0,2,0
OA-AL2i4,MTe45,1,0,1,0,2,0,2,0
OA-AL2i4,TmY11,1,0,1,0,2,0,2,0
OA-AL2i4,Sm18,1,0,1,0,2,0,2,0
OA-AL2i4,Sm35,1,0,1,0,2,0,2,0
OA-AL2i4,Tm5f,1,0,1,0,2,0,2,0
OA-AL2i4,PDt,1,0,1,0,2,0,2,0
OA-AL2i4,MTe46,1,0,1,0,2,0,2,0
OA-AL2i4,MeMe_e07,1,0,1,0,2,0,2,0
OA-AL2i4,TmY4,1,0,1,0,2,0,2,0
OA-AL2i4,TmY16,1,0,1,0,2,0,2,0
OA-AL2i4,cM01c,1,0,1,0,2,0,2,0
OA-AL2i4,CB0566,1,0,1,0,2,0,2,0
OA-AL2i4,Sm32,1,0,1,0,2,0,2,0
OA-AL2i4,MeTu4a,1,0,1,0,2,0,2,0
OA-AL2i4,Tm20,1,0,1,0,2,0,2,0
OA-AL2i4,MTe18,1,0,1,0,2,0,2,0
LCe07,LT52,1,0,1,0,2,0,2,0
LCe07,T2a,1,0,1,0,2,0,2,0
LCe07,LC4,1,0,1,0,2,0,2,0
LCe07,Li17,1,0,1,0,2,0,2,0
OA-AL2i2,MTe54,1,0,1,0,2,0,2,0
OA-AL2i2,LLPC3,1,0,1,0,2,0,2,0
OA-AL2i2,Tm16,1,0,1,0,2,0,2,0
OA-AL2i2,TmY10,1,0,1,0,2,0,2,0
OA-AL2i2,LC22,1,0,1,0,2,0,2,0
OA-AL2i2,LLPt,1,0,1,0,2,0,2,0
LPT27,Am1,1,0,1,0,2,0,2,0
LPT27,MTe02,1,0,1,0,2,0,2,0
LPT27,LPi15,1,0,1,0,2,0,2,0
LPT27,Mi9,1,0,1,0,2,0,2,0
LPT27,Lawf2,1,0,1,0,2,0,2,0
LPT27,LPLC2,1,0,1,0,2,0,2,0
LPT27,Y11,1,0,1,0,2,0,2,0
LPT27,TmY14,1,0,1,0,2,0,2,0
LCe01a,LCe08,1,0,1,0,2,0,2,0
LCe01a,TmY20,1,0,1,0,2,0,2,0
cL17,LTe42a,1,0,1,0,2,0,2,0
cL17,LC18,1,1,0,0,2,2,0,0
cL17,TmY11,1,0,1,0,2,0,2,0
cL17,Li03,1,0,1,0,2,0,2,0
cL17,LT53,1,0,1,0,2,0,2,0
cL17,Tlp4,1,0,1,0,2,0,2,0
cL17,LT77,1,0,1,0,2,0,2,0
cL17,LC46,1,0,1,0,2,0,2,0
cL17,Tlp5,1,0,1,0,2,0,2,0
cL17,LC45,1,0,1,0,2,0,2,0
cL17,cL02a,1,0,1,0,2,0,2,0
cL17,LAL047,1,1,0,0,2,2,0,0
cL17,LTe15,1,1,0,0,2,2,0,0
cL17,MeTu4c,1,0,1,0,2,0,2,0
cL17,LTe24,1,1,0,0,2,2,0,0
cL17,LC37a,1,0,1,0,2,0,2,0
cL17,LTe09,1,0,1,0,2,0,2,0
cL17,LC24,1,0,1,0,2,0,2,0
cL17,LTe01,1,0,1,0,2,0,2,0
cL17,LTe74,1,1,0,0,2,2,0,0
cL17,cM08a,1,0,1,0,2,0,2,0
cL17,Tm3,1,0,1,0,2,0,2,0
cL17,LCe06,1,1,0,0,2,2,0,0
cL17,LT65,1,0,1,0,2,0,2,0
cL17,LTe02,1,1,0,0,2,2,0,0
cL17,cL16,1,1,0,0,2,2,0,0
cL17,Li28,1,1,0,0,2,2,0,0
LC14a2,LTe53,1,0,1,0,2,0,2,0
LC14a2,LTe49c,1,0,1,0,2,0,2,0
LTe46,Tm5e,1,0,1,0,2,0,2,0
LTe46,LC45,1,0,1,0,2,0,2,0
LTe46,LT77,1,0,1,0,2,0,2,0
LLPC3,cL08,1,0,1,0,2,0,2,0
MTe32,TmY31,1,0,1,0,2,0,2,0
MTe32,Sm12,1,0,1,0,2,0,2,0
MTe32,Tm5e,1,0,1,0,2,0,2,0
MTe32,MTe54,1,0,1,0,2,0,2,0
aMe3,LTe27,1,0,1,0,2,0,2,0
aMe3,LTe13,1,0,1,0,2,0,2,0
MeTu1,Lawf2,1,0,1,0,2,0,2,0
MeTu1,aMe17c,1,0,1,0,2,0,2,0
LC40,LC15,1,0,1,0,2,0,2,0
LC40,cL16,1,0,1,0,2,0,2,0
LC40,LC25,1,0,1,0,2,0,2,0
LC40,Tm5e,1,0,1,0,2,0,2,0
LC40,LC46,1,0,1,0,2,0,2,0
LTe74,LT52,1,0,1,0,2,0,2,0
LTe74,Li24,1,0,1,0,2,0,2,0
LTe74,LTe17,1,0,1,0,2,0,2,0
LTe74,MeTu4c,1,0,1,0,2,0,2,0
LTe23,LC33a,1,0,1,0,2,0,2,0
LTe23,LTe25,1,0,1,0,2,0,2,0
LT52,LT43,1,0,1,0,2,0,2,0
LatB,R8,1,0,1,0,2,0,2,0
cM04,aMe19a,1,0,1,0,2,0,2,0
cM04,DNpe053,1,0,1,0,2,0,2,0
cM04,TmY31,1,0,1,0,2,0,2,0
cM04,MTe50,1,0,1,0,2,0,2,0
cM04,Sm01,1,0,1,0,2,0,2,0
cM04,MTe02,1,0,1,0,2,0,2,0
cM04,Sm08,1,0,1,0,2,0,2,0
cM04,cM08c,1,0,1,0,2,0,2,0
cM04,T2,1,0,1,0,2,0,2,0
LC10e,LTe45,1,0,1,0,2,0,2,0
aMe5,LMTe01,1,0,1,0,2,0,2,0
LT61a,mALC4,1,0,1,0,2,0,2,0
LT61a,Li24,1,0,1,0,2,0,2,0
LT61a,LC28a,1,0,1,0,2,0,2,0
LT61a,LLPC1,1,0,1,0,2,0,2,0
LT61a,LC14a1,1,0,1,0,2,0,2,0
LT61a,LC15,1,0,1,0,2,0,2,0
LC13,LTe76,1,0,1,0,2,0,2,0
cM05,MTe28,1,0,1,0,2,0,2,0
cM05,Tm37,1,0,1,0,2,0,2,0
cM05,5-HTPMPV03,1,0,1,0,2,0,2,0
cM05,TmY15,1,0,1,0,2,0,2,0
cM05,Sm23,1,0,1,0,2,0,2,0
cM05,T2a,1,0,1,0,2,0,2,0
cM05,LMt2,1,0,1,0,2,0,2,0
cM05,T3,1,0,1,0,2,0,2,0
cM05,aMe4,1,0,1,0,2,0,2,0
cM05,Sm08,1,0,1,0,2,0,2,0
cM05,Y12,1,0,1,0,2,0,2,0
cM05,AN_multi_125,1,0,1,0,2,0,2,0
cM05,cM06,1,0,1,0,2,0,2,0
MeTu4a,Mi9,1,0,1,0,2,0,2,0
LPT57,MeLp2,1,0,0,1,2,0,0,2
LPT57,TmY9q,1,0,1,0,2,0,2,0
LPT57,LPLC1,1,0,1,0,2,0,2,0
LPT57,cLP05,1,0,1,0,2,0,2,0
H2,T4c,1,0,1,0,2,0,2,0
H2,T5c,1,0,1,0,2,0,2,0
H2,T5a,1,0,1,0,2,0,2,0
H2,TmY4,1,0,1,0,2,0,2,0
H2,LPi09,1,0,1,0,2,0,2,0
H2,T4d,1,0,1,0,2,0,2,0
LC24,LC46,1,0,1,0,2,0,2,0
LC18,LTe05,1,0,1,0,2,0,2,0
LC43,LTe54,1,0,1,0,2,0,2,0
LC43,LC13,1,0,1,0,2,0,2,0
LC43,LC36,1,0,1,0,2,0,2,0
LC43,LTe48,1,0,1,0,2,0,2,0
MeTu4c,TmY11,1,0,1,0,2,0,2,0
MeTu4c,Dm4,1,0,1,0,2,0,2,0
MeTu4c,Dm12,1,0,1,0,2,0,2,0
MeMe_e04,TmY10,1,0,1,0,2,0,2,0
MeMe_e04,MTe01a,1,0,1,0,2,0,2,0
MeMe_e04,aMe9,1,0,0,1,2,0,0,2
MeTu4a,LC16,1,0,1,0,2,0,2,0
MeTu4a,LT53,1,0,1,0,2,0,2,0
MeTu4a,LTe17,1,0,1,0,2,0,2,0
cL03,T4b,1,0,1,0,2,0,2,0
LC19,Li13,1,0,1,0,2,0,2,0
LC19,LTe51,1,0,1,0,2,0,2,0
LC19,LTe42c,1,0,1,0,2,0,2,0
LC19,cM08a,1,0,1,0,2,0,2,0
LC19,LTe14,1,0,1,0,2,0,2,0
LC19,LT58,1,0,1,0,2,0,2,0
LC19,LT57,1,0,1,0,2,0,2,0
LC19,LTe22,1,0,1,0,2,0,2,0
LC19,MLt2,1,0,1,0,2,0,2,0
LC19,LC22,1,0,1,0,2,0,2,0
LC19,LT81,1,0,1,0,2,0,2,0
LC19,LC37a,1,0,1,0,2,0,2,0
LC19,cL17,1,0,1,0,2,0,2,0
LC19,PLP051,1,0,1,0,2,0,2,0
LC10e,MLt6,1,0,1,0,2,0,2,0
LC11,LC14b,1,0,1,0,2,0,2,0
cM03,Sm39,1,0,1,0,2,0,2,0
cM03,PDt,1,0,1,0,2,0,2,0
cM03,Sm05,1,0,1,0,2,0,2,0
LTe43,Li01,1,0,1,0,2,0,2,0
MTe35,Sm13,1,0,1,0,2,0,2,0
MTe35,Sm11,1,0,1,0,2,0,2,0
MTe35,aMe20,1,0,1,0,2,0,2,0
MTe35,Dm8b,1,0,1,0,2,0,2,0
MTe35,Tm37,1,0,1,0,2,0,2,0
MTe35,MeTu1,1,0,1,0,2,0,2,0
MTe35,MeTu3b,1,0,1,0,2,0,2,0
LC10c,LC37a,1,0,1,0,2,0,2,0
LT77,cL05,1,0,1,0,2,0,2,0
LT77,LCe01b,1,0,1,0,2,0,2,0
LT77,LPLC1,1,0,1,0,2,0,2,0
LT77,Li21,1,0,1,0,2,0,2,0
LT77,cL22b,1,0,1,0,2,0,2,0
LT77,LT77,1,0,1,0,2,0,2,0
LT77,LT57,1,0,1,0,2,0,2,0
LT77,LTe26,1,0,1,0,2,0,2,0
MeTu4c,Y4,1,0,1,0,2,0,2,0
cLP02,TmY11,1,0,1,0,2,0,2,0
LC10f,LTe49f,1,0,1,0,2,0,2,0
LC10f,LT68,1,0,1,0,2,0,2,0
LC10f,Li10,1,0,1,0,2,0,2,0
LC10f,Tm32,1,0,1,0,2,0,2,0
LLPC2,LC12,1,0,1,0,2,0,2,0
MTe47,TmY3,1,0,1,0,2,0,2,0
MTe47,MeTu4a,1,0,1,0,2,0,2,0
MTe47,MTe53,1,0,1,0,2,0,2,0
MTe47,MTe27,1,0,1,0,2,0,2,0
MTe47,MC65,1,0,1,0,2,0,2,0
MTe47,PDt,1,0,1,0,2,0,2,0
MTe47,MTe39,1,0,1,0,2,0,2,0
MTe47,Li33,1,0,1,0,2,0,2,0
MTe47,LC11,1,0,1,0,2,0,2,0
MTe47,Mi2,1,0,1,0,2,0,2,0
LT36,LC6,1,0,1,0,2,0,2,0
LT36,cL16,1,0,1,0,2,0,2,0
LT36,MeTu3c,1,0,1,0,2,0,2,0
LT36,LTe54,1,0,1,0,2,0,2,0
LT36,LTe12,1,0,1,0,2,0,2,0
LT36,LTe45,1,0,1,0,2,0,2,0
LT36,LT40,1,0,1,0,2,0,2,0
LT36,MeTu4a,1,0,1,0,2,0,2,0
LT36,LTe04,1,0,1,0,2,0,2,0
LT36,LC31a,1,0,1,0,2,0,2,0
LT36,LC14a2,1,0,1,0,2,0,2,0
LT36,LTe57,1,0,1,0,2,0,2,0
LT36,MeTu1,1,0,1,0,2,0,2,0
LT36,LC33a,1,0,1,0,2,0,2,0
LT36,LC10a,1,0,1,0,2,0,2,0
LT36,LC9,1,0,1,0,2,0,2,0
LT36,MLt4,1,0,1,0,2,0,2,0
LT36,LT75,1,0,1,0,2,0,2,0
LT36,LC22,1,0,1,0,2,0,2,0
LT36,LCe03,1,0,1,0,2,0,2,0
MTe28,Tm7,1,0,1,0,2,0,2,0
MTe28,Mi2,1,0,1,0,2,0,2,0
MTe28,Sm41,1,0,1,0,2,0,2,0
MTe28,Sm14,1,0,1,0,2,0,2,0
MTe28,MLt4,1,0,1,0,2,0,2,0
MTe28,LNda,1,0,1,0,2,0,2,0
MTe28,Tm34,1,0,1,0,2,0,2,0
MTe28,Tm8a,1,0,1,0,2,0,2,0
MTe28,MLt8,1,0,1,0,2,0,2,0
LC4,Li28,1,0,1,0,2,0,2,0
LC4,Tm32,1,0,1,0,2,0,2,0
LPLC2,LT61a,1,0,1,0,2,0,2,0
OA-AL2b2,TmY16,1,1,0,0,2,2,0,0
OA-AL2b2,TmY9q,1,0,1,0,2,0,2,0
LPLC2,Tm5a,1,0,1,0,2,0,2,0
MC65,Pm13,1,0,1,0,2,0,2,0
MeTu4a,MTe23,1,0,1,0,2,0,2,0
cLP01,cMLLP02,1,0,1,0,2,0,2,0
MeMe_e07,R8,1,0,1,0,2,0,2,0
mALC6,cM08a,1,0,1,0,2,0,2,0
mALC6,aMe20,1,0,1,0,2,0,2,0
cL04,cM08c,1,0,1,0,2,0,2,0
cL04,LT78,1,0,1,0,2,0,2,0
cL04,LC29,1,0,1,0,2,0,2,0
cL04,LTe57,1,0,1,0,2,0,2,0
cL04,DNp27,1,0,1,0,2,0,2,0
cL04,Li07,1,0,1,0,2,0,2,0
cL04,LatB,1,0,1,0,2,0,2,0
cL04,Tm5a,1,0,1,0,2,0,2,0
cLP02,Am1,1,0,1,0,2,0,2,0
LPLC1,LC37a,1,0,1,0,2,0,2,0
MeTu4c,LCe01a,1,0,1,0,2,0,2,0
MTe43,Tm8a,1,0,1,0,2,0,2,0
MTe43,MTe53,1,0,1,0,2,0,2,0
MTe43,TmY10,1,0,1,0,2,0,2,0
MeTu4b,OA-AL2b1,1,0,1,0,2,0,2,0
MeTu4b,Pm05,1,0,1,0,2,0,2,0
cLP02,VS4,1,0,1,0,2,0,2,0
LT58,LTe24,1,0,1,0,2,0,2,0
LT58,MTe54,1,0,1,0,2,0,2,0
LT58,LC14b,1,0,1,0,2,0,2,0
LT58,cM10,1,0,1,0,2,0,2,0
LT58,MTe52,1,0,1,0,2,0,2,0
LT58,LT72,1,0,1,0,2,0,2,0
LT58,MTe26,1,0,1,0,2,0,2,0
LT58,Pm13,1,0,1,0,2,0,2,0
LT58,LTe07,1,0,1,0,2,0,2,0
LT58,MTe30,1,0,1,0,2,0,2,0
LT58,MTe46,1,0,1,0,2,0,2,0
LT58,MLt4,1,0,1,0,2,0,2,0
LT58,Sm15,1,0,1,0,2,0,2,0
LT58,TmY15,1,0,1,0,2,0,2,0
LT58,LMa1,1,0,1,0,2,0,2,0
LT58,LTe54,1,0,1,0,2,0,2,0
LT58,LC34,1,0,1,0,2,0,2,0
LT58,Pm10,1,0,1,0,2,0,2,0
LT58,C2,1,0,1,0,2,0,2,0
LC26,LPLC2,1,0,1,0,2,0,2,0
LC26,LC35,1,0,1,0,2,0,2,0
LT57,LT36,1,0,1,0,2,0,2,0
LC10a,OA-AL2i2,1,0,1,0,2,0,2,0
LC10a,LCe07,1,0,1,0,2,0,2,0
LC14a1,OA-AL2i1,1,1,0,0,2,2,0,0
DNp30,cML02,1,1,0,0,2,2,0,0
DNp30,LMa1,1,1,0,0,2,2,0,0
DNp30,TmY9q,1,0,1,0,2,0,2,0
DNp30,Pm08,1,0,1,0,2,0,2,0
DNp30,LMt4,1,0,1,0,2,0,2,0
DNp30,MeMe_e08,1,0,0,1,2,0,0,2
DNp30,Y3,1,1,0,0,2,2,0,0
DNp30,Pm03,1,0,1,0,2,0,2,0
DNp30,TmY9q⊥,1,1,0,0,2,2,0,0
LC24,TmY16,1,0,1,0,2,0,2,0
LC34,Tm32,1,0,1,0,2,0,2,0
LC34,LTe27,1,0,1,0,2,0,2,0
LC28a,LT70,1,0,1,0,2,0,2,0
MTe07,MTe04,1,0,1,0,2,0,2,0
LTe12,LT1b,1,0,1,0,2,0,2,0
LTe12,LC24,1,0,1,0,2,0,2,0
LTe12,LC10c,1,0,1,0,2,0,2,0
LTe12,LC21,1,0,1,0,2,0,2,0
LTe12,Li12,1,0,1,0,2,0,2,0
LTe12,Tm5f,1,0,1,0,2,0,2,0
LTe12,LC31b,1,0,1,0,2,0,2,0
LTe12,LT1a,1,0,1,0,2,0,2,0
LTe12,LMt4,1,0,1,0,2,0,2,0
LTe12,LC10a,1,0,1,0,2,0,2,0
LTe12,Tm4,1,0,1,0,2,0,2,0
LTe12,LC15,1,0,1,0,2,0,2,0
LTe12,cL07,1,0,1,0,2,0,2,0
LTe12,Li19,1,0,1,0,2,0,2,0
LC14a2,LT77,1,1,0,0,2,2,0,0
LC14a2,aMe8,1,0,1,0,2,0,2,0
MeMe_e08,MTe27,1,1,0,0,2,2,0,0
LTe54,LT47,1,0,1,0,2,0,2,0
LTe54,LC19,1,0,1,0,2,0,2,0
LTe54,Li28,1,0,1,0,2,0,2,0
LC14a2,LTe26,1,0,1,0,2,0,2,0
LC14a2,Tm31,1,0,1,0,2,0,2,0
LC14a2,Y11,1,0,1,0,2,0,2,0
LT57,Tm20,1,0,1,0,2,0,2,0
LPT50,Y4,1,0,1,0,2,0,2,0
LPT50,LPi10,1,1,0,0,2,2,0,0
LPT50,LLPC4,1,0,1,0,2,0,2,0
LPT50,TmY4,1,1,0,0,2,2,0,0
LPT50,Nod5,1,1,0,0,2,2,0,0
LPT50,TmY20,1,0,1,0,2,0,2,0
LPT50,VS2,1,0,1,0,2,0,2,0
MeTu4a,MTe15,1,0,1,0,2,0,2,0
LTe38b,LC14b,1,0,1,0,2,0,2,0
MTe39,Sm22,1,0,1,0,2,0,2,0
LTe14,LPLC2,1,0,1,0,2,0,2,0
LTe14,Li27,1,0,1,0,2,0,2,0
LTe14,LC10b,1,0,1,0,2,0,2,0
LTe14,LC39,1,0,1,0,2,0,2,0
LTe14,LC19,1,0,1,0,2,0,2,0
LTe14,Li10,1,0,1,0,2,0,2,0
LTe14,Tm5f,1,0,1,0,2,0,2,0
LTe14,LTe58,1,0,1,0,2,0,2,0
Nod5,LPT42_Nod4,1,0,1,0,2,0,2,0
Nod5,cLLP02,1,0,1,0,2,0,2,0
Nod5,TmY11,1,0,1,0,2,0,2,0
MTe01a,cM10,1,0,1,0,2,0,2,0
MTe01a,Y11,1,0,1,0,2,0,2,0
MTe01a,aMe17a2,1,0,1,0,2,0,2,0
MeTu4d,MLt2,1,0,1,0,2,0,2,0
LC18,TmY11,1,0,1,0,2,0,2,0
MeTu3b,Tm7,1,0,1,0,2,0,2,0
MeMe_e02,Sm35,1,1,0,0,2,2,0,0
VS8,Y11,1,0,1,0,2,0,2,0
VS8,TmY14,1,0,1,0,2,0,2,0
VS8,LPi01,1,0,1,0,2,0,2,0
LC20a,Tm5b,1,0,1,0,2,0,2,0
LC20a,TmY15,1,0,1,0,2,0,2,0
aMe5,LTe71,1,0,1,0,2,0,2,0
LC26,LTe26,1,0,1,0,2,0,2,0
LC10b,cMLLP01,1,0,1,0,2,0,2,0
LPT21,VS2,1,0,1,0,2,0,2,0
LPT21,LPT48_vCal3,1,0,1,0,2,0,2,0
LPT21,LPi09,1,0,1,0,2,0,2,0
LTe42c,cLLP02,1,0,1,0,2,0,2,0
LTe42c,LC40,1,0,1,0,2,0,2,0
LT51,LT63,1,0,1,0,2,0,2,0
LT51,LC25,1,0,1,0,2,0,2,0
MeTu3c,MTe40,1,0,1,0,2,0,2,0
MTe01b,Tm5b,1,0,1,0,2,0,2,0
MTe07,LTe35,1,0,1,0,2,0,2,0
MTe07,MTe40,1,0,1,0,2,0,2,0
MTe07,MTe02,1,0,1,0,2,0,2,0
LTe56,LatB,1,0,1,0,2,0,2,0
MTe03,MTe23,1,0,1,0,2,0,2,0
LPT31,LPT50,1,0,1,0,2,0,2,0
LPT31,Y11,1,0,1,0,2,0,2,0
MeTu4a,MTe51,1,0,1,0,2,0,2,0
LC27,LTe43,1,0,1,0,2,0,2,0
LC27,Tm16,1,0,1,0,2,0,2,0
MTe09,LT58,1,0,1,0,2,0,2,0
MTe09,cM08c,1,0,1,0,2,0,2,0
cL09,Li32,1,0,1,0,2,0,2,0
cL09,T5d,1,0,1,0,2,0,2,0
MTe50,Tm5a,1,0,1,0,2,0,2,0
MTe50,Tm5f,1,0,1,0,2,0,2,0
CB3235,LC36,1,0,1,0,2,0,2,0
CB3235,LT63,1,0,1,0,2,0,2,0
CB3235,LC10d,1,0,1,0,2,0,2,0
CB3235,LC10b,1,0,1,0,2,0,2,0
CB3235,LPLC4,1,0,1,0,2,0,2,0
LLPC3,VS2,1,0,1,0,2,0,2,0
LC21,LT47,1,0,1,0,2,0,2,0
LTe32,LTe30,1,0,1,0,2,0,2,0
cLP03,LPT50,1,0,1,0,2,0,2,0
LTe38b,MeTu4a,1,0,1,0,2,0,2,0
LTe38b,LTe46,1,0,1,0,2,0,2,0
MTe18,TmY14,1,0,1,0,2,0,2,0
aMe10,cM09,1,0,1,0,2,0,2,0
aMe10,Tm35,1,1,0,0,2,2,0,0
aMe10,MTe01b,1,1,0,0,2,2,0,0
aMe10,MTe29,1,1,0,0,2,2,0,0
aMe10,MTe51,1,0,1,0,2,0,2,0
aMe10,Sm37,1,0,1,0,2,0,2,0
LC36,LC28a,1,0,1,0,2,0,2,0
LC36,LTe69,1,0,1,0,2,0,2,0
LC15,LCe03,1,0,1,0,2,0,2,0
LC15,Tm16,1,0,1,0,2,0,2,0
LC15,Li08,1,0,1,0,2,0,2,0
LC15,LT1a,1,0,1,0,2,0,2,0
LC20b,LT74,1,0,1,0,2,0,2,0
MeTu3c,Sm35,1,0,1,0,2,0,2,0
MeTu3c,Sm36,1,0,1,0,2,0,2,0
MeTu3c,T2a,1,0,1,0,2,0,2,0
LC12,LTe29,1,0,1,0,2,0,2,0
LC12,LT51,1,0,1,0,2,0,2,0
LC12,LC22,1,0,1,0,2,0,2,0
LC20a,Tm8a,1,0,1,0,2,0,2,0
LC11,mALC4,1,0,1,0,2,0,2,0
LCe07,LMt4,1,0,1,0,2,0,2,0
LCe07,Li12,1,0,1,0,2,0,2,0
LC10d,Tm8b,1,0,1,0,2,0,2,0
LC46,Li27,1,0,1,0,2,0,2,0
LCe06,Li01,1,0,1,0,2,0,2,0
LCe06,Li08,1,0,1,0,2,0,2,0
LCe06,LT73,1,0,1,0,2,0,2,0
LCe06,LTe40,1,0,1,0,2,0,2,0
LCe06,LC16,1,0,1,0,2,0,2,0
LCe06,LC25,1,0,1,0,2,0,2,0
LCe06,LTe41,1,0,1,0,2,0,2,0
LCe06,LC21,1,0,1,0,2,0,2,0
LCe06,LC22,1,0,1,0,2,0,2,0
MTe04,MTe06,1,0,1,0,2,0,2,0
aMe25,TmY11,1,0,1,0,2,0,2,0
aMe25,Tm7,1,0,1,0,2,0,2,0
aMe25,Sm19,1,0,1,0,2,0,2,0
aMe25,MeMe_e10,1,0,1,0,2,0,2,0
LNda,aMe4,1,0,1,0,2,0,2,0
LC14a1,LC19,1,0,1,0,2,0,2,0
cML01,Tlp1,1,0,1,0,2,0,2,0
cML01,Tm32,1,0,1,0,2,0,2,0
cML01,MLt1,1,0,1,0,2,0,2,0
cML01,cL08,1,0,1,0,2,0,2,0
cML01,LC13,1,0,1,0,2,0,2,0
cML01,Sm24,1,0,1,0,2,0,2,0
cML01,L5,1,0,1,0,2,0,2,0
cML01,LTe15,1,0,1,0,2,0,2,0
cML01,LT53,1,0,1,0,2,0,2,0
cML01,aMe17c,1,0,1,0,2,0,2,0
cML01,LC14a2,1,0,1,0,2,0,2,0
LTe48,LT64,1,0,1,0,2,0,2,0
MeTu4a,Sm05,1,0,1,0,2,0,2,0
MeTu4a,MeLp1,1,0,1,0,2,0,2,0
LPLC4,LTe12,1,0,1,0,2,0,2,0
LPLC4,LT60,1,0,1,0,2,0,2,0
LT67,Li30,1,0,1,0,2,0,2,0
LC11,LC43,1,0,1,0,2,0,2,0
LTe33,LTe45,1,0,1,0,2,0,2,0
LTe33,LC12,1,0,1,0,2,0,2,0
LTe33,LTe43,1,0,1,0,2,0,2,0
LTe33,LTe68,1,0,1,0,2,0,2,0
LT53,LC41,1,0,1,0,2,0,2,0
LT53,LTe43,1,0,1,0,2,0,2,0
LT53,LC17,1,0,1,0,2,0,2,0
LT53,Tlp4,1,0,1,0,2,0,2,0
LT53,LT63,1,0,1,0,2,0,2,0
LT53,Y11,1,0,1,0,2,0,2,0
LT53,PLP241,1,0,1,0,2,0,2,0
LT53,TmY9q,1,0,1,0,2,0,2,0
LT53,LTe07,1,0,1,0,2,0,2,0
LPLC2,VS3,1,0,1,0,2,0,2,0
LTe53,LTe38b,1,0,1,0,2,0,2,0
LTe53,LTe42a,1,0,1,0,2,0,2,0
LTe53,aMe17a2,1,0,1,0,2,0,2,0
LTe53,DNp27,1,0,1,0,2,0,2,0
LTe53,LC10e,1,0,1,0,2,0,2,0
LTe53,LTe69,1,0,1,0,2,0,2,0
LTe53,LT68,1,0,1,0,2,0,2,0
LTe53,LMa2,1,0,1,0,2,0,2,0
LTe53,LT53,1,0,1,0,2,0,2,0
LC14a2,MeTu2a,1,1,0,0,2,2,0,0
LC22,LT1c,1,0,1,0,2,0,2,0
LC11,Y3,1,0,1,0,2,0,2,0
cM10,Tm8b,1,0,1,0,2,0,2,0
cM10,Tm5b,1,0,1,0,2,0,2,0
cM10,Tm21,1,0,1,0,2,0,2,0
cM10,MTe28,1,0,1,0,2,0,2,0
cM10,Li01,1,0,1,0,2,0,2,0
cM10,aMe5,1,0,1,0,2,0,2,0
cM10,MTe03,1,0,1,0,2,0,2,0
cM10,MTe18,1,0,1,0,2,0,2,0
cM10,Tm5c,1,0,1,0,2,0,2,0
cM10,MLt2,1,0,1,0,2,0,2,0
cM10,MTe50,1,0,1,0,2,0,2,0
cM10,PLP174,1,0,1,0,2,0,2,0
cM10,MeTu4c,1,0,1,0,2,0,2,0
cM10,TmY14,1,0,1,0,2,0,2,0
cM10,Li02,1,0,1,0,2,0,2,0
cM10,LT11,1,0,1,0,2,0,2,0
LC13,Tm27,1,0,1,0,2,0,2,0
LC21,LCe05,1,0,1,0,2,0,2,0
LC21,cM07,1,0,1,0,2,0,2,0
LTe16,LC6,1,0,1,0,2,0,2,0
LTe16,LT53,1,0,1,0,2,0,2,0
LTe16,Li09,1,0,1,0,2,0,2,0
LTe16,LC28a,1,0,1,0,2,0,2,0
LTe16,LT52,1,0,1,0,2,0,2,0
LTe16,LCe04,1,0,1,0,2,0,2,0
LTe16,LC13,1,0,1,0,2,0,2,0
LTe16,LTe25,1,0,1,0,2,0,2,0
LTe16,LPT29,1,0,1,0,2,0,2,0
LTe16,LC10e,1,0,1,0,2,0,2,0
LTe16,LC34,1,0,1,0,2,0,2,0
LPLC4,Tm4,1,0,1,0,2,0,2,0
LPLC4,LT87,1,0,1,0,2,0,2,0
LPLC2,LT1c,1,0,1,0,2,0,2,0
MTe30,Tm36,1,0,1,0,2,0,2,0
MTe30,Sm09,1,0,1,0,2,0,2,0
MTe30,CB0566,1,0,1,0,2,0,2,0
MTe30,Sm38,1,0,1,0,2,0,2,0
MeTu4d,Sm09,1,0,1,0,2,0,2,0
MeTu4d,Sm41,1,0,1,0,2,0,2,0
aMe4,Tm36,1,0,1,0,2,0,2,0
aMe4,cL10,1,0,1,0,2,0,2,0
aMe4,OA-AL2i4,1,0,1,0,2,0,2,0
aMe4,TmY31,1,0,1,0,2,0,2,0
LLPC3,LTe76,1,0,1,0,2,0,2,0
LC10e,LTe68,1,0,1,0,2,0,2,0
LC10e,LTe22,1,0,1,0,2,0,2,0
MTe04,Tm8b,1,0,1,0,2,0,2,0
LC28a,LTe74,1,0,1,0,2,0,2,0
LC28a,LTe04,1,0,1,0,2,0,2,0
MeMe_e01,cM02b,1,1,0,0,2,2,0,0
MeTu3a,aMe9,1,0,1,0,2,0,2,0
LLPC3,VCH,1,0,1,0,2,0,2,0
MTe34,Sm12,1,0,1,0,2,0,2,0
MTe34,Sm22,1,0,1,0,2,0,2,0
MTe34,MTe54,1,0,1,0,2,0,2,0
MTe34,Tm5b,1,0,1,0,2,0,2,0
MTe34,Dm8a,1,0,1,0,2,0,2,0
MeLp2,T2a,1,0,1,0,2,0,2,0
MeLp2,Mi4,1,0,1,0,2,0,2,0
MeLp2,Pm12,1,0,1,0,2,0,2,0
MeLp2,T3,1,0,1,0,2,0,2,0
MeLp2,Tm27,1,0,1,0,2,0,2,0
MeLp2,LPT26,1,1,0,0,2,2,0,0
MeLp2,LPT45_dCal1,1,0,0,1,2,0,0,2
MeLp2,LPi01,1,1,0,0,2,2,0,0
MeLp2,CB0592,1,0,0,1,2,0,0,2
MeLp2,TmY15,1,0,1,0,2,0,2,0
cL02a,LC29,1,0,1,0,2,0,2,0
LTe42b,LT84,1,0,1,0,2,0,2,0
LTe42b,TmY31,1,0,1,0,2,0,2,0
LTe42b,LC22,1,0,1,0,2,0,2,0
LTe42b,LT52,1,0,1,0,2,0,2,0
cL01,Tm8a,1,0,1,0,2,0,2,0
cL01,LTe35,1,0,1,0,2,0,2,0
MeTu4c,MeTu4d,1,0,1,0,2,0,2,0
LCe07,LC14a1,1,0,1,0,2,0,2,0
MTe10,Sm06,1,0,1,0,2,0,2,0
LC45,LC21,1,0,1,0,2,0,2,0
LPLC4,Tm5b,1,0,1,0,2,0,2,0
CB0592,TmY10,1,1,0,0,2,2,0,0
CB0592,Tm8a,1,1,0,0,2,2,0,0
CB0592,Y1,1,1,0,0,2,2,0,0
CB0592,LT74,1,0,1,0,2,0,2,0
CB0592,cM08a,1,1,0,0,2,2,0,0
CB0592,LPi04,1,0,1,0,2,0,2,0
CB0592,LC15,1,0,1,0,2,0,2,0
CB0592,MTe03,1,0,1,0,2,0,2,0
CB0592,MLt3,1,1,0,0,2,2,0,0
CB0592,TmY9q,1,0,1,0,2,0,2,0
CB0592,MeTu4c,1,0,1,0,2,0,2,0
CB0592,MTe43,1,1,0,0,2,2,0,0
CB0592,L5,1,1,0,0,2,2,0,0
CB0592,Dm8b,1,1,0,0,2,2,0,0
CB0592,Li33,1,0,1,0,2,0,2,0
CB0592,H1,1,0,0,1,2,0,0,2
CB0592,Sm11,1,0,1,0,2,0,2,0
CB0592,LT80,1,0,1,0,2,0,2,0
CB0592,TmY9q⊥,1,1,0,0,2,2,0,0
CB0592,LT33,1,0,1,0,2,0,2,0
CB0592,LT53,1,0,1,0,2,0,2,0
CB0592,T4d,1,0,1,0,2,0,2,0
CB0592,MTe46,1,0,0,1,2,0,0,2
CB0592,TmY31,1,0,1,0,2,0,2,0
CB0592,LLPC2,1,0,1,0,2,0,2,0
CB0592,MTe44,1,1,0,0,2,2,0,0
LC10b,LTe30,1,0,1,0,2,0,2,0
PLP174,LTe58,1,0,1,0,2,0,2,0
PLP174,LT64,1,0,1,0,2,0,2,0
PLP174,cM09,1,0,1,0,2,0,2,0
LC29,TmY20,1,0,1,0,2,0,2,0
LT70,LC31a,1,0,1,0,2,0,2,0
LT70,LC31b,1,0,1,0,2,0,2,0
LT70,MLt2,1,0,1,0,2,0,2,0
LT70,OA-AL2b1,1,0,1,0,2,0,2,0
cLP02,LPT27,1,0,1,0,2,0,2,0
LC22,cL10,1,0,1,0,2,0,2,0
MTe05,LTe09,1,0,1,0,2,0,2,0
LLPC2,TmY9q⊥,1,0,1,0,2,0,2,0
MeMe_e02,MTe46,1,0,0,1,2,0,0,2
MeMe_e02,Mi9,1,0,1,0,2,0,2,0
LC6,Li32,1,0,1,0,2,0,2,0
LT51,Li27,1,0,1,0,2,0,2,0
LT81,LC22,1,0,1,0,2,0,2,0
LPT45_dCal1,T4b,1,0,1,0,2,0,2,0
LPT45_dCal1,HSE,1,1,0,0,2,2,0,0
LPT45_dCal1,VS3,1,1,0,0,2,2,0,0
LPT45_dCal1,LPi02,1,1,0,0,2,2,0,0
LPT45_dCal1,LPC1,1,1,0,0,2,2,0,0
LPT45_dCal1,Tm27,1,1,0,0,2,2,0,0
LPT45_dCal1,TmY4,1,0,1,0,2,0,2,0
LPT45_dCal1,VSm,1,0,1,0,2,0,2,0
LPT45_dCal1,LPi03,1,0,1,0,2,0,2,0
LPT45_dCal1,LPT58,1,1,0,0,2,2,0,0
cL05,LC10e,1,0,1,0,2,0,2,0
cL05,LC9,1,0,1,0,2,0,2,0
cL05,LPLC4,1,0,1,0,2,0,2,0
cL05,LC43,1,0,1,0,2,0,2,0
cL05,LPi05,1,0,1,0,2,0,2,0
cL05,LCe05,1,0,1,0,2,0,2,0
cL05,LTe27,1,0,1,0,2,0,2,0
cL05,LT84,1,0,1,0,2,0,2,0
cL05,LMa1,1,0,1,0,2,0,2,0
aMe5,Li06,1,0,1,0,2,0,2,0
aMe5,Mi1,1,0,1,0,2,0,2,0
aMe5,MTe33,1,0,1,0,2,0,2,0
aMe5,Sm16,1,0,1,0,2,0,2,0
aMe5,Sm19,1,0,1,0,2,0,2,0
aMe5,Sm01,1,0,1,0,2,0,2,0
aMe5,Sm03,1,0,1,0,2,0,2,0
LT70,Li33,1,0,1,0,2,0,2,0
LT70,LTe65,1,0,1,0,2,0,2,0
MTe50,Dm3q,1,0,1,0,2,0,2,0
MTe50,cM08b,1,0,1,0,2,0,2,0
MTe50,C3,1,0,1,0,2,0,2,0
MTe50,APDN3,1,0,1,0,2,0,2,0
MTe50,MLt4,1,0,1,0,2,0,2,0
LC11,Tm16,1,0,1,0,2,0,2,0
LC25,cL07,1,0,1,0,2,0,2,0
LC25,Li30,1,0,1,0,2,0,2,0
LC25,LTe05,1,0,1,0,2,0,2,0
aMe5,cM08c,1,0,1,0,2,0,2,0
MTe26,MTe46,1,0,1,0,2,0,2,0
MTe26,MTe31,1,0,1,0,2,0,2,0
MTe26,Sm22,1,0,1,0,2,0,2,0
MTe26,MTe02,1,0,1,0,2,0,2,0
MTe26,aMe17b,1,0,1,0,2,0,2,0
MTe02,MeTu3b,1,0,1,0,2,0,2,0
cM08b,Sm16,1,0,1,0,2,0,2,0
cM08b,Tm8b,1,0,1,0,2,0,2,0
cM08b,MTe01a,1,0,1,0,2,0,2,0
cM08b,Tm5d,1,0,1,0,2,0,2,0
cM08b,Sm03,1,0,1,0,2,0,2,0
cM08b,Tm37,1,0,1,0,2,0,2,0
cM08b,Tm5f,1,0,1,0,2,0,2,0
cM08b,Sm11,1,0,1,0,2,0,2,0
cM08b,MTe49,1,0,1,0,2,0,2,0
cM08b,Sm25,1,0,1,0,2,0,2,0
LC31a,LC31c,1,0,1,0,2,0,2,0
LC16,LC35,1,0,1,0,2,0,2,0
LC16,cM07,1,0,1,0,2,0,2,0
LC16,Y12,1,0,1,0,2,0,2,0
LC16,Tm37,1,0,1,0,2,0,2,0
CB0472,LC10c,1,1,0,0,2,2,0,0
CB0472,cL10,1,1,0,0,2,2,0,0
CB0472,LC9,1,1,0,0,2,2,0,0
CB0472,LTe25,1,1,0,0,2,2,0,0
CB0472,LC36,1,1,0,0,2,2,0,0
CB0472,LTe51,1,1,0,0,2,2,0,0
CB0472,LT51,1,1,0,0,2,2,0,0
CB0472,mALD2,1,1,0,0,2,2,0,0
CB0472,LCe01a,1,1,0,0,2,2,0,0
CB0472,Lat,1,1,0,0,2,2,0,0
CB0472,LTe55,1,1,0,0,2,2,0,0
LTe36,LTe40,1,0,1,0,2,0,2,0
LTe36,LLPt,1,0,1,0,2,0,2,0
LTe36,Li02,1,0,1,0,2,0,2,0
LTe36,LC27,1,0,1,0,2,0,2,0
LTe36,LC34,1,0,1,0,2,0,2,0
LTe36,LT51,1,0,1,0,2,0,2,0
LC14b,LTe03,1,0,1,0,2,0,2,0
cL02c,Tm8a,1,0,1,0,2,0,2,0
cL02c,LC45,1,0,1,0,2,0,2,0
cL02c,LC20b,1,0,1,0,2,0,2,0
cL02c,Li01,1,0,1,0,2,0,2,0
cL02c,LC31a,1,0,1,0,2,0,2,0
cL02c,Li27,1,0,1,0,2,0,2,0
cL02c,LC13,1,0,1,0,2,0,2,0
cL02c,Li30,1,0,1,0,2,0,2,0
cL02c,Li08,1,0,1,0,2,0,2,0
LC36,TmY31,1,0,1,0,2,0,2,0
LC36,LT77,1,0,1,0,2,0,2,0
MTe01a,Mi13,1,0,1,0,2,0,2,0
LC6,Y4,1,0,1,0,2,0,2,0
MTe04,Sm24,1,0,1,0,2,0,2,0
LTe09,LTe10,1,0,1,0,2,0,2,0
LTe09,TmY4,1,0,1,0,2,0,2,0
LTe09,Tm20,1,0,1,0,2,0,2,0
LC29,LTe61,1,0,1,0,2,0,2,0
LCe01a,LC11,1,0,1,0,2,0,2,0
LCe01a,Li11,1,0,1,0,2,0,2,0
LCe01a,LTe05,1,0,1,0,2,0,2,0
LTe43,LC27,1,0,1,0,2,0,2,0
MTe50,MLt3,1,0,1,0,2,0,2,0
cL02d,Li06,1,0,1,0,2,0,2,0
cL02d,Y12,1,0,1,0,2,0,2,0
cL02d,Tm5d,1,0,1,0,2,0,2,0
cL02d,LPLC2,1,0,1,0,2,0,2,0
cL02d,MLt4,1,0,1,0,2,0,2,0
cL02d,LPLC4,1,0,1,0,2,0,2,0
cL02d,Li01,1,0,1,0,2,0,2,0
LC11,Tlp14,1,0,1,0,2,0,2,0
VST2,LPT48_vCal3,1,0,1,0,2,0,2,0
LTe28,cL05,1,0,1,0,2,0,2,0
LTe28,LC37a,1,0,1,0,2,0,2,0
LTe28,LC14b,1,0,1,0,2,0,2,0
MTe53,cL18,1,0,1,0,2,0,2,0
MTe53,LCe04,1,0,1,0,2,0,2,0
MTe53,Li13,1,0,1,0,2,0,2,0
MTe53,Li33,1,0,1,0,2,0,2,0
MTe53,MLt2,1,0,1,0,2,0,2,0
MTe53,LPLC4,1,0,1,0,2,0,2,0
MTe53,LTe58,1,0,1,0,2,0,2,0
LC14a1,LT81,1,0,1,0,2,0,2,0
LTe49c,LPLC4,1,0,1,0,2,0,2,0
LC35,LTe21,1,0,1,0,2,0,2,0
LC35,Tm21,1,0,1,0,2,0,2,0
LC35,TmY20,1,0,1,0,2,0,2,0
LC35,Tlp5,1,0,1,0,2,0,2,0
LC35,LT77,1,0,1,0,2,0,2,0
LC35,LMt2,1,0,1,0,2,0,2,0
LC35,cLLP02,1,0,1,0,2,0,2,0
LC35,Tm4,1,0,1,0,2,0,2,0
cL18,LTe24,1,0,1,0,2,0,2,0
cL18,LT1d,1,0,1,0,2,0,2,0
cL18,LT40,1,0,1,0,2,0,2,0
cL18,LC39,1,0,1,0,2,0,2,0
cL18,LLPC3,1,0,1,0,2,0,2,0
cL18,LTe21,1,0,1,0,2,0,2,0
cL18,Li30,1,0,1,0,2,0,2,0
cL18,LT47,1,0,1,0,2,0,2,0
cLP01,LPi13,1,0,1,0,2,0,2,0
cLLP02,Nod2,1,0,1,0,2,0,2,0
cLLP02,LMt3,1,0,1,0,2,0,2,0
cLLP02,LTe46,1,0,1,0,2,0,2,0
cLLP02,MLt6,1,0,1,0,2,0,2,0
cLLP02,Tm5c,1,0,1,0,2,0,2,0
cLLP02,Tm35,1,0,1,0,2,0,2,0
cLLP02,Y1,1,0,1,0,2,0,2,0
cLLP02,LTe47,1,0,1,0,2,0,2,0
cLLP02,Tm36,1,0,1,0,2,0,2,0
cLLP02,LPi05,1,0,1,0,2,0,2,0
cLLP02,LPLC2,1,0,1,0,2,0,2,0
cLLP02,cLPL01,1,0,1,0,2,0,2,0
cLLP02,LT75,1,0,1,0,2,0,2,0
cLLP02,Tm21,1,0,1,0,2,0,2,0
cLLP02,LT84,1,0,1,0,2,0,2,0
cLLP02,TmY16,1,0,1,0,2,0,2,0
cLLP02,LC45,1,0,1,0,2,0,2,0
LC31a,LMt4,1,0,1,0,2,0,2,0
LC31a,T5b,1,0,1,0,2,0,2,0
aMe19b,Tm27,1,0,1,0,2,0,2,0
aMe19b,MTe02,1,0,1,0,2,0,2,0
aMe19b,MLt6,1,0,1,0,2,0,2,0
aMe19b,Sm14,1,0,1,0,2,0,2,0
aMe19b,Sm19,1,1,0,0,2,2,0,0
aMe19b,Mi9,1,0,1,0,2,0,2,0
aMe19b,MTe30,1,0,1,0,2,0,2,0
aMe19b,Pm13,1,0,1,0,2,0,2,0
aMe19b,MTe04,1,0,1,0,2,0,2,0
aMe19b,Sm27,1,0,1,0,2,0,2,0
aMe19b,cM14,1,0,1,0,2,0,2,0
cLLPM02,Pm06,1,0,1,0,2,0,2,0
cLLPM02,LT40,1,0,1,0,2,0,2,0
cLLPM02,cLLP02,1,0,1,0,2,0,2,0
cLLPM02,Mi2,1,0,1,0,2,0,2,0
cLLPM02,Tm7,1,0,1,0,2,0,2,0
cLLPM02,LPi07,1,0,1,0,2,0,2,0
cLLPM02,Tm35,1,0,1,0,2,0,2,0
cLLPM02,cMLLP02,1,0,1,0,2,0,2,0
cLLPM02,LLPC1,1,0,1,0,2,0,2,0
cLLPM02,Sm08,1,0,1,0,2,0,2,0
cLLPM02,Tm20,1,0,1,0,2,0,2,0
cLLPM02,Tm27,1,0,1,0,2,0,2,0
cLLPM02,TmY5a,1,0,1,0,2,0,2,0
l-LNv,aMe10,1,0,0,1,2,0,0,2
l-LNv,Tm27,1,0,1,0,2,0,2,0
l-LNv,cM08c,1,0,1,0,2,0,2,0
l-LNv,TmY31,1,0,1,0,2,0,2,0
l-LNv,Mi4,1,0,1,0,2,0,2,0
l-LNv,TmY5a,1,0,1,0,2,0,2,0
cM09,LTe09,1,0,1,0,2,0,2,0
cM09,MeTu4d,1,0,1,0,2,0,2,0
cM09,LCe06,1,0,1,0,2,0,2,0
cM09,LTe38b,1,0,1,0,2,0,2,0
cM09,MTe28,1,0,1,0,2,0,2,0
cM09,LTe42a,1,0,1,0,2,0,2,0
cM09,cM08b,1,0,1,0,2,0,2,0
cM09,Dm2,1,0,1,0,2,0,2,0
cM09,Sm07,1,0,1,0,2,0,2,0
cM09,LTe42b,1,0,1,0,2,0,2,0
cM09,LTe33,1,0,1,0,2,0,2,0
cM09,Tm5a,1,0,1,0,2,0,2,0
cM09,cM07,1,0,1,0,2,0,2,0
cM09,MeTu3c,1,0,1,0,2,0,2,0
cM09,LC14b,1,0,1,0,2,0,2,0
cM09,LTe36,1,0,1,0,2,0,2,0
cM09,Li07,1,0,1,0,2,0,2,0
cM09,Tm5d,1,0,1,0,2,0,2,0
cM09,C2,1,0,1,0,2,0,2,0
cM09,MTe50,1,0,1,0,2,0,2,0
cM09,LT86,1,0,1,0,2,0,2,0
cM09,LC34,1,0,1,0,2,0,2,0
cM09,Tm5f,1,0,1,0,2,0,2,0
LC18,LT80,1,0,1,0,2,0,2,0
LC18,TmY14,1,0,1,0,2,0,2,0
LC15,LT67,1,0,1,0,2,0,2,0
LC15,LTe26,1,0,1,0,2,0,2,0
LC15,LC4,1,0,1,0,2,0,2,0
LC15,Tm4,1,0,1,0,2,0,2,0
LT51,cLLP02,1,0,1,0,2,0,2,0
cLP02,LPT28,1,0,1,0,2,0,2,0
LC12,TmY9q⊥,1,0,1,0,2,0,2,0
cMLLP01,Pm08,1,0,1,0,2,0,2,0
cMLLP01,aMe20,1,0,1,0,2,0,2,0
cMLLP01,LT78,1,0,1,0,2,0,2,0
cMLLP01,Tm31,1,0,1,0,2,0,2,0
cMLLP01,LT81,1,0,1,0,2,0,2,0
cMLLP01,cLM01,1,0,1,0,2,0,2,0
cMLLP01,LC39,1,0,1,0,2,0,2,0
cMLLP01,LTe55,1,0,1,0,2,0,2,0
cMLLP01,Tm5a,1,0,1,0,2,0,2,0
cMLLP01,MLt7,1,0,1,0,2,0,2,0
cMLLP01,Li31,1,0,1,0,2,0,2,0
cMLLP01,LTe49b,1,0,1,0,2,0,2,0
cMLLP01,LC34,1,0,1,0,2,0,2,0
cMLLP01,LT76,1,0,1,0,2,0,2,0
cMLLP01,LC33a,1,0,1,0,2,0,2,0
cMLLP01,LC46,1,0,1,0,2,0,2,0
cMLLP01,LTe27,1,0,1,0,2,0,2,0
cMLLP01,cL15,1,0,1,0,2,0,2,0
cMLLP01,Tm8a,1,0,1,0,2,0,2,0
cMLLP01,Tlp5,1,0,1,0,2,0,2,0
cMLLP01,LT61b,1,0,1,0,2,0,2,0
cMLLP01,LT37,1,0,1,0,2,0,2,0
cMLLP01,Sm24,1,0,1,0,2,0,2,0
cMLLP01,LT77,1,0,1,0,2,0,2,0
cMLLP01,LTe36,1,0,1,0,2,0,2,0
cMLLP01,Tm5f,1,0,1,0,2,0,2,0
LC20a,Li28,1,0,1,0,2,0,2,0
MeTu4a,LC10d,1,0,1,0,2,0,2,0
DNpe053,MTe09,1,0,1,0,2,0,2,0
LC36,Y4,1,0,1,0,2,0,2,0
LC41,LC12,1,0,1,0,2,0,2,0
LC41,LTe42c,1,0,1,0,2,0,2,0
LC41,LC41,1,0,1,0,2,0,2,0
LC41,Tm5e,1,0,1,0,2,0,2,0
LC12,LC10a,1,0,1,0,2,0,2,0
LTe38c,LC37a,1,0,1,0,2,0,2,0
LTe38c,LC24,1,0,1,0,2,0,2,0
LTe38c,LC40,1,0,1,0,2,0,2,0
LTe38c,LPLC1,1,0,1,0,2,0,2,0
LTe38c,Y4,1,0,1,0,2,0,2,0
LTe38c,Li30,1,0,1,0,2,0,2,0
LPLC2,Tm37,1,0,1,0,2,0,2,0
LC35,LT65,1,0,1,0,2,0,2,0
LC35,LC14b,1,0,1,0,2,0,2,0
LC35,LC14a2,1,0,1,0,2,0,2,0
LC35,LT82a,1,0,1,0,2,0,2,0
OA-ASM1,Y1,1,0,1,0,2,0,2,0
OA-ASM1,Sm18,1,0,1,0,2,0,2,0
OA-ASM1,MTe03,1,1,0,0,2,2,0,0
OA-ASM1,Tm4,1,1,0,0,2,2,0,0
OA-ASM1,TmY3,1,1,0,0,2,2,0,0
OA-ASM1,Sm30,1,1,0,0,2,2,0,0
OA-ASM1,LT41,1,0,1,0,2,0,2,0
OA-ASM1,LCe05,1,1,0,0,2,2,0,0
OA-ASM1,LTe36,1,0,1,0,2,0,2,0
OA-ASM1,MLt7,1,1,0,0,2,2,0,0
OA-ASM1,Mi9,1,0,1,0,2,0,2,0
OA-ASM1,Sm24,1,1,0,0,2,2,0,0
OA-ASM1,Tm3,1,1,0,0,2,2,0,0
OA-ASM1,Sm10,1,1,0,0,2,2,0,0
LC14a1,LPT31,1,0,1,0,2,0,2,0
cL13,cL04,1,0,1,0,2,0,2,0
cL13,LTe11,1,0,1,0,2,0,2,0
cL13,OA-AL2b1,1,0,1,0,2,0,2,0
cL13,PLP241,1,0,1,0,2,0,2,0
cL13,LC15,1,0,1,0,2,0,2,0
cL13,LC21,1,0,1,0,2,0,2,0
cL13,5-HTPMPV03,1,0,1,0,2,0,2,0
cL13,LT38,1,0,1,0,2,0,2,0
cL13,LTe49b,1,0,1,0,2,0,2,0
cL13,Tm16,1,0,1,0,2,0,2,0
cL13,Li29,1,0,1,0,2,0,2,0
cL13,LTe49d,1,0,1,0,2,0,2,0
cL13,LCe07,1,0,1,0,2,0,2,0
cL13,LC20b,1,0,1,0,2,0,2,0
cL13,LTe30,1,0,1,0,2,0,2,0
CB0566,MeMe_e05,1,0,0,1,2,0,0,2
CB0566,TmY14,1,0,1,0,2,0,2,0
CB0566,MeMe_e07,1,0,0,1,2,0,0,2
CB0566,Sm12,1,0,1,0,2,0,2,0
CB0566,MLt1,1,0,1,0,2,0,2,0
CB0566,aMe4,1,1,0,0,2,2,0,0
aMe4,Mi13,1,0,1,0,2,0,2,0
aMe4,Sm01,1,0,1,0,2,0,2,0
CB0816,Sm12,1,0,1,0,2,0,2,0
CB0816,s-LNvb,1,1,0,0,2,2,0,0
CB0816,Sm03,1,0,1,0,2,0,2,0
LCe01b,LTe25,1,0,1,0,2,0,2,0
LCe01b,LMa1,1,0,1,0,2,0,2,0
LC16,Tm27,1,0,1,0,2,0,2,0
MeTu3b,MTe17,1,0,1,0,2,0,2,0
MeMe_e10,MTe51,1,0,1,0,2,0,2,0
MeMe_e10,Dm8a,1,0,1,0,2,0,2,0
MeMe_e10,CB0816,1,0,0,1,2,0,0,2
MeMe_e10,Tm5e,1,0,1,0,2,0,2,0
MeMe_e10,aMe9,1,0,0,1,2,0,0,2
MeMe_e10,MLt1,1,0,1,0,2,0,2,0
LC37a,LCe05,1,0,1,0,2,0,2,0
MTe12,Sm29,1,0,1,0,2,0,2,0
MTe12,Sm26,1,0,1,0,2,0,2,0
MTe12,Tm7,1,0,1,0,2,0,2,0
MeTu1,Li09,1,0,1,0,2,0,2,0
MeTu1,LC10c,1,0,1,0,2,0,2,0
MeTu1,LTe53,1,0,1,0,2,0,2,0
aMe5,MeTu4d,1,0,1,0,2,0,2,0
LPLC1,LT80,1,0,1,0,2,0,2,0
MTe54,TmY3,1,0,1,0,2,0,2,0
LTe49a,cL14,1,0,1,0,2,0,2,0
LTe49a,LPLC1,1,0,1,0,2,0,2,0
aMe12,Dm8b,1,0,1,0,2,0,2,0
aMe12,cL10,1,0,1,0,2,0,2,0
aMe12,aMe17a2,1,0,1,0,2,0,2,0
aMe12,Tm8b,1,0,1,0,2,0,2,0
aMe12,Sm30,1,0,1,0,2,0,2,0
LPT52,LLPC3,1,0,1,0,2,0,2,0
LPT52,Nod3,1,0,1,0,2,0,2,0
LPT52,LPT49,1,0,1,0,2,0,2,0
LPT52,TmY20,1,0,1,0,2,0,2,0
LPT52,TmY14,1,0,1,0,2,0,2,0
LPT52,LPi15,1,0,1,0,2,0,2,0
LPT52,LPT47_vCal2,1,0,1,0,2,0,2,0
VS2,TmY4,1,0,1,0,2,0,2,0
VS2,LPT29,1,0,1,0,2,0,2,0
VS2,Tlp14,1,0,1,0,2,0,2,0
LPT47_vCal2,LPT27,1,0,1,0,2,0,2,0
LPT47_vCal2,Tlp1,1,0,1,0,2,0,2,0
LPT47_vCal2,LPLC2,1,0,1,0,2,0,2,0
MeTu4a,5-HTPMPV01,1,0,1,0,2,0,2,0
MeTu4a,TmY9q,1,0,1,0,2,0,2,0
LPC1,LMt3,1,0,1,0,2,0,2,0
aMe17a1,T2a,1,0,1,0,2,0,2,0
aMe17a1,MeTu2a,1,0,1,0,2,0,2,0
aMe17a1,cM13,1,0,1,0,2,0,2,0
aMe17a1,MTe15,1,0,1,0,2,0,2,0
aMe17a1,Tm16,1,0,1,0,2,0,2,0
aMe17a1,MTe07,1,0,1,0,2,0,2,0
aMe17a1,Tm3,1,0,1,0,2,0,2,0
aMe17a1,Dm8a,1,0,1,0,2,0,2,0
aMe17a1,cM01a,1,0,1,0,2,0,2,0
aMe17a1,MeTu2b,1,0,1,0,2,0,2,0
aMe17a1,MTe14,1,0,1,0,2,0,2,0
aMe17a1,MTe46,1,0,1,0,2,0,2,0
aMe17a1,Pm09,1,0,1,0,2,0,2,0
aMe17a1,cM01b,1,0,1,0,2,0,2,0
aMe17a1,LT58,1,0,1,0,2,0,2,0
aMe17a1,MeTu3a,1,0,1,0,2,0,2,0
aMe17a1,Sm11,1,0,1,0,2,0,2,0
aMe17a1,MTe35,1,0,1,0,2,0,2,0
aMe17a1,Sm01,1,0,1,0,2,0,2,0
aMe17a1,Li12,1,0,1,0,2,0,2,0
aMe17a1,Dm8b,1,0,1,0,2,0,2,0
LPLC1,cL07,1,0,1,0,2,0,2,0
aMe12,Tm35,1,1,0,0,2,2,0,0
MeMe_e01,TmY15,1,1,0,0,2,2,0,0
MeMe_e01,Sm28,1,1,0,0,2,2,0,0
MeMe_e01,Sm17,1,1,0,0,2,2,0,0
LC10a,LMt2,1,0,1,0,2,0,2,0
LC10a,T2a,1,0,1,0,2,0,2,0
MeMe_e08,cLLPM02,1,0,1,0,2,0,2,0
aMe19a,aMe17c,1,0,1,0,2,0,2,0
aMe19a,Dm2,1,0,1,0,2,0,2,0
aMe19a,MTe26,1,0,1,0,2,0,2,0
aMe19a,Sm27,1,0,1,0,2,0,2,0
aMe19a,aMe4,1,0,1,0,2,0,2,0
aMe19a,MTe53,1,0,1,0,2,0,2,0
aMe19a,Sm39,1,0,1,0,2,0,2,0
aMe19a,MTe51,1,0,1,0,2,0,2,0
LC31c,LC17,1,0,1,0,2,0,2,0
LC31c,LC31b,1,0,1,0,2,0,2,0
LC31c,Tm5f,1,0,1,0,2,0,2,0
LC31c,LT83,1,0,1,0,2,0,2,0
LC31c,LT53,1,0,1,0,2,0,2,0
LC31c,LTe20,1,0,1,0,2,0,2,0
LC31c,Li25,1,0,1,0,2,0,2,0
vCal1,LPi11,1,0,1,0,2,0,2,0
vCal1,Tlp4,1,0,1,0,2,0,2,0
vCal1,T4b,1,0,1,0,2,0,2,0
vCal1,Tlp1,1,0,1,0,2,0,2,0
MTe01b,Mi2,1,0,1,0,2,0,2,0
MTe01b,aMe17a2,1,0,1,0,2,0,2,0
MTe01b,aMe19a,1,0,1,0,2,0,2,0
MTe01b,cM08b,1,0,1,0,2,0,2,0
LPLC2,LMt1,1,0,1,0,2,0,2,0
cM19,Mi15,1,1,0,0,2,2,0,0
aMe5,MTe12,1,0,1,0,2,0,2,0
LC22,LT53,1,0,1,0,2,0,2,0
LC22,TmY15,1,0,1,0,2,0,2,0
aMe9,Mi9,1,1,0,0,2,2,0,0
aMe9,MeMe_e09,1,0,0,1,2,0,0,2
aMe9,MTe37,1,1,0,0,2,2,0,0
aMe9,DNpe053,1,0,1,0,2,0,2,0
aMe9,MeMe_e03,1,0,0,1,2,0,0,2
LTe49b,Li02,1,0,1,0,2,0,2,0
LTe49b,LTe08,1,0,1,0,2,0,2,0
LTe49b,LT73,1,0,1,0,2,0,2,0
LTe49b,LC22,1,0,1,0,2,0,2,0
LTe49b,LTe59,1,0,1,0,2,0,2,0
LTe49b,LTe32,1,0,1,0,2,0,2,0
LTe49b,LT69,1,0,1,0,2,0,2,0
LTe49b,Li12,1,0,1,0,2,0,2,0
LTe49b,LC10d,1,0,1,0,2,0,2,0
LTe49b,LTe35,1,0,1,0,2,0,2,0
LTe49b,LTe69,1,0,1,0,2,0,2,0
LTe49b,LTe02,1,0,1,0,2,0,2,0
LTe49b,LTe14,1,0,1,0,2,0,2,0
LTe49b,LTe13,1,0,1,0,2,0,2,0
LTe49b,LC10f,1,0,1,0,2,0,2,0
LTe49b,LC14b,1,0,1,0,2,0,2,0
LTe49b,Li05,1,0,1,0,2,0,2,0
LLPC3,TmY3,1,0,1,0,2,0,2,0
LC20b,Li21,1,0,1,0,2,0,2,0
LC18,TmY3,1,0,1,0,2,0,2,0
LC18,LLPC1,1,0,1,0,2,0,2,0
MeTu3a,Sm26,1,0,1,0,2,0,2,0
LPLC4,LTe38a,1,0,1,0,2,0,2,0
LPLC4,LCe02,1,0,1,0,2,0,2,0
LPLC4,LC37a,1,0,1,0,2,0,2,0
cL02b,LTe54,1,0,1,0,2,0,2,0
cL02b,Tlp5,1,0,1,0,2,0,2,0
LPLC2,Li14,1,0,1,0,2,0,2,0
aMe9,MTe35,1,1,0,0,2,2,0,0
aMe9,MeTu4a,1,1,0,0,2,2,0,0
aMe9,MTe17,1,1,0,0,2,2,0,0
aMe9,Sm22,1,1,0,0,2,2,0,0
aMe9,MTe06,1,1,0,0,2,2,0,0
aMe9,aMe3,1,0,1,0,2,0,2,0
MTe38,Dm2,1,0,1,0,2,0,2,0
MTe38,Sm19,1,0,1,0,2,0,2,0
MTe38,Sm08,1,0,1,0,2,0,2,0
MTe38,MeTu1,1,0,1,0,2,0,2,0
MTe38,Tm25,1,0,1,0,2,0,2,0
LC18,cL16,1,0,1,0,2,0,2,0
MeTu4b,MTe09,1,0,1,0,2,0,2,0
LT51,Y4,1,0,1,0,2,0,2,0
LT80,T2,1,0,1,0,2,0,2,0
LT80,LT70,1,0,1,0,2,0,2,0
LT80,Li31,1,0,1,0,2,0,2,0
LT80,LT66,1,0,1,0,2,0,2,0
cL22c,Tm20,1,0,1,0,2,0,2,0
cL22c,LC37a,1,0,1,0,2,0,2,0
cL22c,LC21,1,0,1,0,2,0,2,0
cL22c,LLPt,1,0,1,0,2,0,2,0
cL22c,Li27,1,0,1,0,2,0,2,0
cL22c,LC41,1,0,1,0,2,0,2,0
cL22c,cM09,1,0,1,0,2,0,2,0
cL22c,TmY9q,1,0,1,0,2,0,2,0
cL22c,cL11,1,0,1,0,2,0,2,0
cL22c,LTe19,1,0,1,0,2,0,2,0
cL22c,Tm8b,1,0,1,0,2,0,2,0
cL22c,LTe32,1,0,1,0,2,0,2,0
cL22c,Li01,1,0,1,0,2,0,2,0
LPT23,T5c,1,0,1,0,2,0,2,0
LPT23,Dm10,1,0,1,0,2,0,2,0
LPT23,Tm3,1,0,1,0,2,0,2,0
LPT23,cLP05,1,0,1,0,2,0,2,0
LPT23,LPT27,1,0,1,0,2,0,2,0
LC14a2,PLP251,1,1,0,0,2,2,0,0
LT73,LC20a,1,0,1,0,2,0,2,0
LT73,LC14a1,1,0,1,0,2,0,2,0
LTe32,cM09,1,0,1,0,2,0,2,0
LTe32,LTe33,1,0,1,0,2,0,2,0
LTe32,LC14b,1,0,1,0,2,0,2,0
LTe32,MeTu4a,1,0,1,0,2,0,2,0
LTe32,Li09,1,0,1,0,2,0,2,0
LTe32,LT64,1,0,1,0,2,0,2,0
LTe38a,LTe46,1,0,1,0,2,0,2,0
LTe38a,LTe01,1,0,1,0,2,0,2,0
LCe03,Tm5e,1,0,1,0,2,0,2,0
cL15,Tm5c,1,0,1,0,2,0,2,0
cL15,Li31,1,0,1,0,2,0,2,0
cL15,LT79,1,0,1,0,2,0,2,0
cL15,Tm16,1,0,1,0,2,0,2,0
cL15,TmY16,1,0,1,0,2,0,2,0
cL15,Y4,1,0,1,0,2,0,2,0
cL15,LT40,1,0,1,0,2,0,2,0
cL15,TmY20,1,0,1,0,2,0,2,0
cL15,LLPt,1,0,1,0,2,0,2,0
cL15,LC35,1,0,1,0,2,0,2,0
LC17,LTe49f,1,0,1,0,2,0,2,0
LC17,Li01,1,0,1,0,2,0,2,0
AN_multi_124,Tm2,1,1,0,0,2,2,0,0
AN_multi_124,T4a,1,0,1,0,2,0,2,0
MeTu3c,MTe10,1,0,1,0,2,0,2,0
MeTu3c,CB0816,1,0,1,0,2,0,2,0
LTe21,PLP155,1,0,1,0,2,0,2,0
LTe21,LC20b,1,0,1,0,2,0,2,0
LTe21,LC13,1,0,1,0,2,0,2,0
LTe21,TmY10,1,0,1,0,2,0,2,0
LTe21,LC10e,1,0,1,0,2,0,2,0
LTe21,TmY9q,1,0,1,0,2,0,2,0
LLPC3,LTe47,1,0,1,0,2,0,2,0
MeMe_e02,aMe17a2,1,0,1,0,2,0,2,0
MeMe_e02,aMe25,1,0,1,0,2,0,2,0
MTe27,MTe51,1,0,1,0,2,0,2,0
MTe27,MTe52,1,0,1,0,2,0,2,0
MTe27,Sm05,1,0,1,0,2,0,2,0
MTe27,Tm21,1,0,1,0,2,0,2,0
MTe27,Mi13,1,0,1,0,2,0,2,0
LT39,LPi05,1,0,1,0,2,0,2,0
LT39,LC19,1,0,1,0,2,0,2,0
LT39,LTe16,1,0,1,0,2,0,2,0
LT39,Li24,1,0,1,0,2,0,2,0
LT39,LC33a,1,0,1,0,2,0,2,0
LT39,Tm20,1,0,1,0,2,0,2,0
LT39,Li17,1,0,1,0,2,0,2,0
LT39,Tm21,1,0,1,0,2,0,2,0
LT39,LTe30,1,0,1,0,2,0,2,0
LT39,LT77,1,0,1,0,2,0,2,0
LT39,Tm5a,1,0,1,0,2,0,2,0
LT39,Li09,1,0,1,0,2,0,2,0
LT39,LT69,1,0,1,0,2,0,2,0
LT39,LTe41,1,0,1,0,2,0,2,0
LT39,LT11,1,0,1,0,2,0,2,0
LC10b,Y1,1,0,1,0,2,0,2,0
LPLC1,LT65,1,0,1,0,2,0,2,0
LT43,TmY5a,1,0,1,0,2,0,2,0
LT43,LTe11,1,0,1,0,2,0,2,0
LT43,aMe13,1,0,1,0,2,0,2,0
LT43,LTe19,1,0,1,0,2,0,2,0
LT43,LTe27,1,0,1,0,2,0,2,0
LC10e,LMa1,1,0,1,0,2,0,2,0
LC6,Li28,1,0,1,0,2,0,2,0
VST1,LPT27,1,0,1,0,2,0,2,0
LLPC2,Tm3,1,0,1,0,2,0,2,0
MTe51,MeMe_e09,1,0,1,0,2,0,2,0
MTe09,Tm8b,1,0,1,0,2,0,2,0
MTe09,cM03,1,0,1,0,2,0,2,0
MTe09,Sm24,1,0,1,0,2,0,2,0
MTe09,Tm16,1,0,1,0,2,0,2,0
MTe44,Pm09,1,0,1,0,2,0,2,0
MTe44,Tm27,1,0,1,0,2,0,2,0
MTe44,TmY11,1,0,1,0,2,0,2,0
MTe44,Pm14,1,0,1,0,2,0,2,0
MTe44,Pm13,1,0,1,0,2,0,2,0
MTe44,Tm2,1,0,1,0,2,0,2,0
MTe05,Tm16,1,0,1,0,2,0,2,0
MTe05,MeMe_e06,1,0,1,0,2,0,2,0
MTe05,LCe09,1,0,1,0,2,0,2,0
LC24,LC36,1,0,1,0,2,0,2,0
MTe51,MLt2,1,0,1,0,2,0,2,0
LC10d,Li04,1,0,1,0,2,0,2,0
LPLC1,VS3,1,0,1,0,2,0,2,0
MTe50,L4,1,0,1,0,2,0,2,0
LLPC2,LPi15,1,0,1,0,2,0,2,0
LC28a,Tm5b,1,0,1,0,2,0,2,0
LTe25,Li09,1,0,1,0,2,0,2,0
LTe25,TmY10,1,0,1,0,2,0,2,0
LTe25,Sm03,1,0,1,0,2,0,2,0
LTe25,LTe23,1,0,1,0,2,0,2,0
LTe25,LC28a,1,0,1,0,2,0,2,0
LTe25,Sm30,1,0,1,0,2,0,2,0
LTe25,Sm40,1,0,1,0,2,0,2,0
LTe25,LPLC2,1,0,1,0,2,0,2,0
LTe25,LT63,1,0,1,0,2,0,2,0
LTe25,Tm8b,1,0,1,0,2,0,2,0
LTe25,Tm31,1,0,1,0,2,0,2,0
LTe25,Li28,1,0,1,0,2,0,2,0
LTe25,TmY20,1,0,1,0,2,0,2,0
LTe25,LC20b,1,0,1,0,2,0,2,0
LTe25,LTe16,1,0,1,0,2,0,2,0
LTe25,Tm5c,1,0,1,0,2,0,2,0
mALB5,LTe23,1,0,1,0,2,0,2,0
mALB5,LTe17,1,0,1,0,2,0,2,0
mALB5,Li05,1,0,1,0,2,0,2,0
mALB5,LC35,1,0,1,0,2,0,2,0
mALB5,Li10,1,0,1,0,2,0,2,0
mALB5,aMe20,1,0,1,0,2,0,2,0
mALB5,LC36,1,0,1,0,2,0,2,0
mALB5,MTe06,1,0,1,0,2,0,2,0
mALB5,Li04,1,0,1,0,2,0,2,0
mALB5,LPLC1,1,0,1,0,2,0,2,0
mALB5,LTe49c,1,0,1,0,2,0,2,0
mALB5,LTe43,1,0,1,0,2,0,2,0
mALB5,LTe69,1,0,1,0,2,0,2,0
MeTu3c,MTe25,1,0,1,0,2,0,2,0
LTe59,Li16,1,0,1,0,2,0,2,0
LTe59,LT51,1,0,1,0,2,0,2,0
LTe59,LLPt,1,0,1,0,2,0,2,0
MTe05,Tm31,1,0,1,0,2,0,2,0
MTe05,Tm5d,1,0,1,0,2,0,2,0
MTe05,Tm36,1,0,1,0,2,0,2,0
MTe05,Tm5b,1,0,1,0,2,0,2,0
LC10d,LMa5,1,0,1,0,2,0,2,0
LC36,Li23,1,0,1,0,2,0,2,0
cM04,MTe48,1,0,1,0,2,0,2,0
cM04,Lat,1,0,1,0,2,0,2,0
cM04,cM04,1,0,1,0,2,0,2,0
cM04,Tm5f,1,0,1,0,2,0,2,0
MTe54,aMe26,1,0,1,0,2,0,2,0
MTe18,Mi13,1,0,1,0,2,0,2,0
MTe18,T1,1,0,1,0,2,0,2,0
MTe18,Lawf2,1,0,1,0,2,0,2,0
MeTu2a,Pm05,1,0,1,0,2,0,2,0
MeTu2a,TmY31,1,0,1,0,2,0,2,0
LC28a,Tlp14,1,0,1,0,2,0,2,0
LC28a,Tm3,1,0,1,0,2,0,2,0
LCe01a,cL05,1,0,1,0,2,0,2,0
MTe51,LTe71,1,0,1,0,2,0,2,0
MeMe_e07,Pm02,1,1,0,0,2,2,0,0
LTe10,TmY5a,1,0,1,0,2,0,2,0
LTe10,LC20b,1,0,1,0,2,0,2,0
LTe10,OA-AL2b1,1,0,1,0,2,0,2,0
LTe10,LTe31,1,0,1,0,2,0,2,0
MeMe_e02,MTe40,1,1,0,0,2,2,0,0
VS6,Y12,1,0,1,0,2,0,2,0
VS6,Y3,1,0,1,0,2,0,2,0
VSm,T4d,1,0,1,0,2,0,2,0
VSm,LPi10,1,0,1,0,2,0,2,0
LT41,LTe33,1,0,1,0,2,0,2,0
LT41,Tm33,1,0,1,0,2,0,2,0
LT41,Li18,1,0,1,0,2,0,2,0
LT41,OA-AL2i1,1,0,1,0,2,0,2,0
LT41,LT40,1,0,1,0,2,0,2,0
LT41,Tm27,1,0,1,0,2,0,2,0
LT41,LCe07,1,0,1,0,2,0,2,0
LT41,LC14b,1,0,1,0,2,0,2,0
LT41,Li25,1,0,1,0,2,0,2,0
LT41,cLLPM01,1,0,1,0,2,0,2,0
LT41,LMt4,1,0,1,0,2,0,2,0
aMe5,Sm18,1,0,1,0,2,0,2,0
MeTu3b,Tm5f,1,0,1,0,2,0,2,0
MeTu3b,Tm5d,1,0,1,0,2,0,2,0
LT66,MLt4,1,0,1,0,2,0,2,0
LT66,LC14b,1,0,0,1,2,0,0,2
LT66,LT80,1,1,0,0,2,2,0,0
LT66,LPi15,1,0,1,0,2,0,2,0
LT66,Y4,1,0,1,0,2,0,2,0
LT66,Tm20,1,0,1,0,2,0,2,0
LT66,Li24,1,0,1,0,2,0,2,0
LT66,LLPt,1,0,1,0,2,0,2,0
LT66,LT83,1,0,1,0,2,0,2,0
LT66,LPT42_Nod4,1,0,1,0,2,0,2,0
LT66,T5c,1,0,1,0,2,0,2,0
LT66,LPLC2,1,0,1,0,2,0,2,0
LT66,LC17,1,0,1,0,2,0,2,0
LT66,T2a,1,1,0,0,2,2,0,0
LT66,LC12,1,0,1,0,2,0,2,0
LTe64,Li03,1,0,1,0,2,0,2,0
LTe64,TmY15,1,0,1,0,2,0,2,0
LTe64,LC35,1,0,1,0,2,0,2,0
LTe64,LPLC4,1,0,1,0,2,0,2,0
cM04,cM08a,1,0,1,0,2,0,2,0
cM04,Sm07,1,0,1,0,2,0,2,0
cL01,Li29,1,0,1,0,2,0,2,0
cL01,MLt4,1,0,1,0,2,0,2,0
LC14a1,LPi09,1,0,1,0,2,0,2,0
MTe01a,OA-ASM1,1,0,1,0,2,0,2,0
MeMe_e01,Tm32,1,1,0,0,2,2,0,0
LPLC2,LTe14,1,0,1,0,2,0,2,0
LPLC2,OA-ASM1,1,0,1,0,2,0,2,0
cM16,MTe22,1,0,1,0,2,0,2,0
cM16,Tm2,1,0,1,0,2,0,2,0
cM16,TmY15,1,0,1,0,2,0,2,0
cM16,OA-AL2i4,1,0,1,0,2,0,2,0
cM16,cLM01,1,0,1,0,2,0,2,0
cM16,Sm10,1,0,1,0,2,0,2,0
cM16,Y1,1,0,1,0,2,0,2,0
cM16,Sm27,1,0,1,0,2,0,2,0
cM16,cLLPM02,1,0,1,0,2,0,2,0
cM16,MTe52,1,0,1,0,2,0,2,0
cM16,cM05,1,0,1,0,2,0,2,0
cM16,C2,1,0,1,0,2,0,2,0
LC10a,Li19,1,0,1,0,2,0,2,0
cL04,LTe13,1,0,1,0,2,0,2,0
cL04,cL13,1,0,1,0,2,0,2,0
cL04,LTe60,1,0,1,0,2,0,2,0
cL04,TmY9q⊥,1,0,1,0,2,0,2,0
cL04,MLt6,1,0,1,0,2,0,2,0
cL04,cMLLP01,1,0,1,0,2,0,2,0
cL04,Tm7,1,0,1,0,2,0,2,0
cL04,cM08a,1,0,1,0,2,0,2,0
cL04,LTe42c,1,0,1,0,2,0,2,0
cL04,LTe30,1,0,1,0,2,0,2,0
cL04,LC10d,1,0,1,0,2,0,2,0
cL04,Li19,1,0,1,0,2,0,2,0
MeMe_e10,Tm16,1,0,1,0,2,0,2,0
MeMe_e10,Tm8b,1,0,1,0,2,0,2,0
MeMe_e10,Tm7,1,0,1,0,2,0,2,0
MeMe_e10,MTe03,1,0,1,0,2,0,2,0
MeMe_e10,MTe12,1,0,1,0,2,0,2,0
MeMe_e10,Sm09,1,0,1,0,2,0,2,0
LC25,LTe18,1,0,1,0,2,0,2,0
MTe54,Tm8b,1,0,1,0,2,0,2,0
LPT53,LPi13,1,0,1,0,2,0,2,0
LPT53,Y11,1,0,1,0,2,0,2,0
APDN3,aMe1,1,0,1,0,2,0,2,0
PLP215,MeTu3c,1,0,1,0,2,0,2,0
PLP215,LT72,1,0,1,0,2,0,2,0
PLP215,LC33a,1,0,1,0,2,0,2,0
PLP215,LC10b,1,0,1,0,2,0,2,0
LPLC4,LPi06,1,0,1,0,2,0,2,0
LPLC4,Li08,1,0,1,0,2,0,2,0
LC17,LT11,1,0,1,0,2,0,2,0
Nod2,LPi10,1,0,1,0,2,0,2,0
Nod2,LPT52,1,0,1,0,2,0,2,0
Nod2,Tlp5,1,0,1,0,2,0,2,0
Nod2,TmY14,1,0,1,0,2,0,2,0
LCe01b,TmY20,1,0,1,0,2,0,2,0
LCe01b,Y3,1,0,1,0,2,0,2,0
LT52,Li26,1,0,1,0,2,0,2,0
aMe19a,CL104,1,1,0,0,2,2,0,0
aMe19a,MeTu1,1,1,0,0,2,2,0,0
aMe19a,MTe33,1,1,0,0,2,2,0,0
aMe19a,LMa1,1,1,0,0,2,2,0,0
aMe19a,MTe50,1,1,0,0,2,2,0,0
aMe19a,aMe17b,1,1,0,0,2,2,0,0
aMe19a,LNda,1,1,0,0,2,2,0,0
MeMe_e07,Tm1,1,0,1,0,2,0,2,0
MeMe_e07,Dm8b,1,0,1,0,2,0,2,0
MeMe_e07,aMe5,1,0,1,0,2,0,2,0
MTe01a,Sm30,1,0,1,0,2,0,2,0
LPTe01,cLP01,1,0,1,0,2,0,2,0
MeTu1,MTe28,1,0,1,0,2,0,2,0
cM19,T2,1,0,1,0,2,0,2,0
aMe15,Sm29,1,0,1,0,2,0,2,0
LC9,LT41,1,0,1,0,2,0,2,0
VST2,T5d,1,0,1,0,2,0,2,0
VST2,T5c,1,0,1,0,2,0,2,0
VST2,LPTe01,1,0,1,0,2,0,2,0
LT77,LTe21,1,0,1,0,2,0,2,0
LT77,LTe58,1,0,1,0,2,0,2,0
LT77,LTe42a,1,0,1,0,2,0,2,0
LT77,Tm5a,1,0,1,0,2,0,2,0
MTe07,Dm12,1,0,1,0,2,0,2,0
MTe07,Tm5d,1,0,1,0,2,0,2,0
Tm16,T5c,1,1,0,0,2,2,0,0
T4b,DNc02,1,1,0,0,2,2,0,0
Li22,Tm1,1,1,0,0,2,2,0,0
Tm8a,CB0566,1,1,0,0,2,2,0,0
Mi13,MTe52,1,1,0,0,2,2,0,0
Mi13,Tm36,1,1,0,0,2,2,0,0
T5b,LPi06,1,1,0,0,2,2,0,0
Tm5c,l-LNv,1,1,0,0,2,2,0,0
Dm18,Dm2,1,1,0,0,2,2,0,0
Mi15,Sm43,1,1,0,0,2,2,0,0
Tlp1,Tm8a,1,1,0,0,2,2,0,0
Tlp1,LMt2,1,1,0,0,2,2,0,0
Sm13,aMe9,1,1,0,0,2,2,0,0
Sm13,cM12,1,1,0,0,2,2,0,0
Y3,LCe08,1,1,0,0,2,2,0,0
TmY4,LTe42a,1,1,0,0,2,2,0,0
Mi15,Dm17,1,1,0,0,2,2,0,0
Tm5b,PDt,1,1,0,0,2,2,0,0
Dm3p,Tm27,1,1,0,0,2,2,0,0
TmY4,LTe62,1,1,0,0,2,2,0,0
Sm02,T2,1,1,0,0,2,2,0,0
Tm5f,cM08a,1,1,0,0,2,2,0,0
Tm34,Li23,1,1,0,0,2,2,0,0
Tm34,MTe02,1,1,0,0,2,2,0,0
Tm5c,OA-AL2i2,1,1,0,0,2,2,0,0
Li21,LC20a,1,1,0,0,2,2,0,0
Li21,TmY31,1,1,0,0,2,2,0,0
Tm31,LC14a2,1,1,0,0,2,2,0,0
Tm31,LC36,1,1,0,0,2,2,0,0
Mi10,cM10,1,1,0,0,2,2,0,0
Sm08,cLLPM01,1,1,0,0,2,2,0,0
Sm13,TmY31,1,1,0,0,2,2,0,0
Tm5b,MeMe_e05,1,1,0,0,2,2,0,0
Sm14,MTe29,1,1,0,0,2,2,0,0
Tm7,cM08b,1,1,0,0,2,2,0,0
TmY14,H1,1,1,0,0,2,2,0,0
TmY14,DNp27,1,1,0,0,2,2,0,0
Tlp1,cMLLP02,1,1,0,0,2,2,0,0
Tm27,Pm11,1,1,0,0,2,2,0,0
MLt3,LT47,1,1,0,0,2,2,0,0
Tm37,LTe57,1,1,0,0,2,2,0,0
Li09,Tm8b,1,1,0,0,2,2,0,0
Li09,LT68,1,1,0,0,2,2,0,0
Tm5f,Dm9,1,1,0,0,2,2,0,0
Mi14,Sm09,1,1,0,0,2,2,0,0
T4b,LPT52,1,1,0,0,2,2,0,0
TmY10,Lat,1,1,0,0,2,2,0,0
T5d,LPT54,1,1,0,0,2,2,0,0
Tm5c,Li25,1,1,0,0,2,2,0,0
Tm36,Tlp1,1,1,0,0,2,2,0,0
TmY4,MTe08,1,1,0,0,2,2,0,0
Dm10,MTe02,1,1,0,0,2,2,0,0
Li13,AOTU065,1,1,0,0,2,2,0,0
TmY20,LPi11,1,1,0,0,2,2,0,0
TmY20,VS6,1,1,0,0,2,2,0,0
TmY31,Lat,1,1,0,0,2,2,0,0
Sm09,MeMe_e05,1,1,0,0,2,2,0,0
MLt1,Li18,1,1,0,0,2,2,0,0
MLt3,LTe24,1,1,0,0,2,2,0,0
Tm7,LT38,1,1,0,0,2,2,0,0
LMa2,H1,1,1,0,0,2,2,0,0
Tm36,LTe57,1,1,0,0,2,2,0,0
Tm36,LTe25,1,1,0,0,2,2,0,0
Sm22,TmY16,1,1,0,0,2,2,0,0
Sm22,Tm8b,1,1,0,0,2,2,0,0
Sm22,LC14b,1,1,0,0,2,2,0,0
Lat,MeTu4b,1,1,0,0,2,2,0,0
Lat,Tm5c,1,1,0,0,2,2,0,0
Lat,MTe01b,1,1,0,0,2,2,0,0
LMa3,CT1,1,1,0,0,2,2,0,0
Li24,MLt6,1,1,0,0,2,2,0,0
Li24,LC40,1,1,0,0,2,2,0,0
Li24,LCe03,1,1,0,0,2,2,0,0
Pm09,DNp30,1,1,0,0,2,2,0,0
LMt1,LCe01b,1,1,0,0,2,2,0,0
C3,MTe50,1,1,0,0,2,2,0,0
Y3,Sm29,1,1,0,0,2,2,0,0
Li19,LC9,1,1,0,0,2,2,0,0
Li19,Y12,1,1,0,0,2,2,0,0
Li19,LLPC3,1,1,0,0,2,2,0,0
Y3,Sm13,1,1,0,0,2,2,0,0
Pm13,MTe27,1,1,0,0,2,2,0,0
Pm13,Li06,1,1,0,0,2,2,0,0
Pm13,MTe31,1,1,0,0,2,2,0,0
Pm13,cMLLP01,1,1,0,0,2,2,0,0
Pm13,cLM01,1,1,0,0,2,2,0,0
Pm13,TmY15,1,1,0,0,2,2,0,0
Pm13,TmY9q,1,1,0,0,2,2,0,0
Pm13,MTe30,1,1,0,0,2,2,0,0
Pm13,LMa3,1,1,0,0,2,2,0,0
Pm13,MTe40,1,1,0,0,2,2,0,0
Pm13,MTe42,1,1,0,0,2,2,0,0
Pm13,MTe41,1,1,0,0,2,2,0,0
Dm19,Tm5a,1,1,0,0,2,2,0,0
Dm19,TmY16,1,1,0,0,2,2,0,0
MLt2,Pm09,1,1,0,0,2,2,0,0
TmY9q⊥,DNp27,1,1,0,0,2,2,0,0
Tm27,cLLP02,1,1,0,0,2,2,0,0
Tm33,cLLP02,1,1,0,0,2,2,0,0
TmY3,CB0816,1,1,0,0,2,2,0,0
Tm37,LTe60,1,1,0,0,2,2,0,0
Tm8a,LMt1,1,1,0,0,2,2,0,0
Tm3,Sm31,1,1,0,0,2,2,0,0
Sm09,MTe38,1,1,0,0,2,2,0,0
MLt4,cM10,1,1,0,0,2,2,0,0
MLt4,Sm29,1,1,0,0,2,2,0,0
TmY31,LPT54,1,1,0,0,2,2,0,0
MLt4,LC26,1,1,0,0,2,2,0,0
MLt4,Dm20,1,1,0,0,2,2,0,0
TmY9q,LPT30,1,1,0,0,2,2,0,0
Li05,LTe16,1,1,0,0,2,2,0,0
Sm14,Sm33,1,1,0,0,2,2,0,0
Sm14,LMa5,1,1,0,0,2,2,0,0
Dm15,TmY11,1,1,0,0,2,2,0,0
Sm14,MLt5,1,1,0,0,2,2,0,0
Sm14,Tm5e,1,1,0,0,2,2,0,0
TmY5a,LTe38b,1,1,0,0,2,2,0,0
Tlp1,Tm5b,1,1,0,0,2,2,0,0
Tlp1,LC14b,1,1,0,0,2,2,0,0
Tlp14,Li01,1,1,0,0,2,2,0,0
Tlp14,Y4,1,1,0,0,2,2,0,0
C3,LPLC2,1,1,0,0,2,2,0,0
Tlp4,LT11,1,1,0,0,2,2,0,0
Tm7,cML01,1,1,0,0,2,2,0,0
Sm31,cM10,1,1,0,0,2,2,0,0
Sm31,MeTu3b,1,1,0,0,2,2,0,0
Sm05,OA-AL2i1,1,1,0,0,2,2,0,0
L2,Tm36,1,1,0,0,2,2,0,0
Li02,Tm21,1,1,0,0,2,2,0,0
Li02,LT37,1,1,0,0,2,2,0,0
Dm11,L5,1,1,0,0,2,2,0,0
Sm15,MeTu3a,1,1,0,0,2,2,0,0
Sm15,Sm43,1,1,0,0,2,2,0,0
TmY16,LPT52,1,1,0,0,2,2,0,0
Tm5a,cM08a,1,1,0,0,2,2,0,0
T4a,LPTe02,1,1,0,0,2,2,0,0
Mi1,MTe06,1,1,0,0,2,2,0,0
Tm5e,CB0566,1,1,0,0,2,2,0,0
Dm10,Dm3q,1,1,0,0,2,2,0,0
Sm15,MTe35,1,1,0,0,2,2,0,0
Li05,cM10,1,1,0,0,2,2,0,0
Y1,Li12,1,1,0,0,2,2,0,0
TmY11,LT72,1,1,0,0,2,2,0,0
T2,Tlp4,1,1,0,0,2,2,0,0
Li11,LT61b,1,1,0,0,2,2,0,0
Sm14,Sm13,1,1,0,0,2,2,0,0
Sm14,MLt4,1,1,0,0,2,2,0,0
Sm14,Sm22,1,1,0,0,2,2,0,0
Sm16,MeMe_e10,1,1,0,0,2,2,0,0
Sm16,aMe4,1,1,0,0,2,2,0,0
Y3,LTe60,1,1,0,0,2,2,0,0
Mi15,aMe17b,1,1,0,0,2,2,0,0
Tm8a,CB3866,1,1,0,0,2,2,0,0
Y4,MTe51,1,1,0,0,2,2,0,0
Y4,LT57,1,1,0,0,2,2,0,0
Y4,MTe27,1,1,0,0,2,2,0,0
Y4,LC43,1,1,0,0,2,2,0,0
Dm15,Sm03,1,1,0,0,2,2,0,0
R8,MeMe_e05,1,1,0,0,2,2,0,0
Tm4,DNc02,1,1,0,0,2,2,0,0
Tm5d,MeMe_e03,1,1,0,0,2,2,0,0
Dm11,aMe17b,1,1,0,0,2,2,0,0
T5a,LT61a,1,1,0,0,2,2,0,0
Dm2,AVLP534,1,1,0,0,2,2,0,0
MLt5,Sm38,1,1,0,0,2,2,0,0
Mi10,LMa1,1,1,0,0,2,2,0,0
Mi10,Y4,1,1,0,0,2,2,0,0
Y4,cL18,1,1,0,0,2,2,0,0
R7,TmY5a,1,1,0,0,2,2,0,0
T2a,MeMe_e07,1,1,0,0,2,2,0,0
Sm22,Y4,1,1,0,0,2,2,0,0
Sm22,cM17,1,1,0,0,2,2,0,0
MLt5,Tm20,1,1,0,0,2,2,0,0
Dm3v,MTe50,1,1,0,0,2,2,0,0
Dm3v,Lawf2,1,1,0,0,2,2,0,0
Lawf1,MTe44,1,1,0,0,2,2,0,0
TmY15,MTe53,1,1,0,0,2,2,0,0
LMt1,Mi9,1,1,0,0,2,2,0,0
Tm35,Sm37,1,1,0,0,2,2,0,0
Tm35,LTe05,1,1,0,0,2,2,0,0
Tm25,MeLp2,1,1,0,0,2,2,0,0
Sm08,LMa1,1,1,0,0,2,2,0,0
MLt3,cLLP02,1,1,0,0,2,2,0,0
Li25,LC43,1,1,0,0,2,2,0,0
Li25,CB3089,1,1,0,0,2,2,0,0
Li25,TmY15,1,1,0,0,2,2,0,0
Li25,LTe10,1,1,0,0,2,2,0,0
Li25,LTe13,1,1,0,0,2,2,0,0
Li25,Mi2,1,1,0,0,2,2,0,0
Y1,cM16,1,1,0,0,2,2,0,0
Li11,LC14b,1,1,0,0,2,2,0,0
Li11,cL14,1,1,0,0,2,2,0,0
Sm12,aMe17a1,1,1,0,0,2,2,0,0
Tm5f,MeMe_e07,1,1,0,0,2,2,0,0
Sm10,aMe26,1,1,0,0,2,2,0,0
Li05,LCe01a,1,1,0,0,2,2,0,0
Tm1,Li01,1,1,0,0,2,2,0,0
Tm1,LTe58,1,1,0,0,2,2,0,0
Tm1,LC22,1,1,0,0,2,2,0,0
Pm08,Tm33,1,1,0,0,2,2,0,0
Sm04,Dm12,1,1,0,0,2,2,0,0
Tlp5,LC14a1,1,1,0,0,2,2,0,0
Y3,Dm9,1,1,0,0,2,2,0,0
LMt2,Sm22,1,1,0,0,2,2,0,0
MLt2,LC12,1,1,0,0,2,2,0,0
L1,MLt5,1,1,0,0,2,2,0,0
Tm5a,Mi13,1,1,0,0,2,2,0,0
Pm09,DNc01,1,1,0,0,2,2,0,0
Dm2,aMe19a,1,1,0,0,2,2,0,0
LPi02,LPi06,1,1,0,0,2,2,0,0
Lawf2,Tm16,1,1,0,0,2,2,0,0
Tm5d,aMe12,1,1,0,0,2,2,0,0
Mi2,MLt8,1,1,0,0,2,2,0,0
Tm5c,MeMe_e04,1,1,0,0,2,2,0,0
LMt2,C3,1,1,0,0,2,2,0,0
TmY10,LT34,1,1,0,0,2,2,0,0
Tlp1,cL15,1,1,0,0,2,2,0,0
Tlp1,LC10b,1,1,0,0,2,2,0,0
TmY31,MeMe_e01,1,1,0,0,2,2,0,0
Tm5b,AVLP534,1,1,0,0,2,2,0,0
Sm34,Mi2,1,1,0,0,2,2,0,0
Sm16,MTe09,1,1,0,0,2,2,0,0
Sm16,MTe26,1,1,0,0,2,2,0,0
Li11,LC33a,1,1,0,0,2,2,0,0
Tlp4,MTe47,1,1,0,0,2,2,0,0
Sm34,TmY9q,1,1,0,0,2,2,0,0
Sm34,Tm35,1,1,0,0,2,2,0,0
Sm34,aMe19a,1,1,0,0,2,2,0,0
Sm34,Dm9,1,1,0,0,2,2,0,0
Sm34,MTe25,1,1,0,0,2,2,0,0
Sm34,MLt6,1,1,0,0,2,2,0,0
L1,MTe07,1,1,0,0,2,2,0,0
Tm9,T4b,1,1,0,0,2,2,0,0
Tm9,Pm12,1,1,0,0,2,2,0,0
Li07,LTe04,1,1,0,0,2,2,0,0
Li07,LT75,1,1,0,0,2,2,0,0
Li07,Tm32,1,1,0,0,2,2,0,0
Sm08,cM03,1,1,0,0,2,2,0,0
Y1,LC14b,1,1,0,0,2,2,0,0
Pm02,Am1,1,1,0,0,2,2,0,0
Li03,TmY11,1,1,0,0,2,2,0,0
Li03,LT75,1,1,0,0,2,2,0,0
Tm25,T4d,1,1,0,0,2,2,0,0
C2,Dm16,1,1,0,0,2,2,0,0
Li05,MLt6,1,1,0,0,2,2,0,0
Tm27,LPT23,1,1,0,0,2,2,0,0
Tm27,DNp30,1,1,0,0,2,2,0,0
TmY9q,LPT29,1,1,0,0,2,2,0,0
Tm3,DmDRA1,1,1,0,0,2,2,0,0
LPi10,TmY10,1,1,0,0,2,2,0,0
TmY15,Sm07,1,1,0,0,2,2,0,0
Sm01,MTe54,1,1,0,0,2,2,0,0
Tm5f,aMe19a,1,1,0,0,2,2,0,0
Sm14,MTe45,1,1,0,0,2,2,0,0
Tm31,LC4,1,1,0,0,2,2,0,0
Tm35,MeTu3c,1,1,0,0,2,2,0,0
Tm35,MLt1,1,1,0,0,2,2,0,0
Mi13,MeTu1,1,1,0,0,2,2,0,0
Y4,mALC3,1,1,0,0,2,2,0,0
Sm22,TmY9q,1,1,0,0,2,2,0,0
Sm22,Sm40,1,1,0,0,2,2,0,0
Tm37,Li17,1,1,0,0,2,2,0,0
Y4,LC26,1,1,0,0,2,2,0,0
Dm14,Dm3v,1,1,0,0,2,2,0,0
Dm14,Tm5e,1,1,0,0,2,2,0,0
Li26,LT56,1,1,0,0,2,2,0,0
Li26,cM07,1,1,0,0,2,2,0,0
Tm4,MTe42,1,1,0,0,2,2,0,0
Tm1,Li16,1,1,0,0,2,2,0,0
Dm8b,Sm24,1,1,0,0,2,2,0,0
Tm7,Sm25,1,1,0,0,2,2,0,0
Mi4,MeTu2b,1,1,0,0,2,2,0,0
T5b,LPTe01,1,1,0,0,2,2,0,0
Sm42,aMe26,1,1,0,0,2,2,0,0
Sm42,MeMe_e09,1,1,0,0,2,2,0,0
Sm42,Sm39,1,1,0,0,2,2,0,0
Sm42,Dm8b,1,1,0,0,2,2,0,0
Sm42,Pm08,1,1,0,0,2,2,0,0
Sm42,MeTu3a,1,1,0,0,2,2,0,0
Sm42,MeMe_e10,1,1,0,0,2,2,0,0
Sm42,TmY20,1,1,0,0,2,2,0,0
Sm30,LMa4,1,1,0,0,2,2,0,0
Sm30,aMe17b,1,1,0,0,2,2,0,0
Sm30,MTe24,1,1,0,0,2,2,0,0
Sm30,Tm8a,1,1,0,0,2,2,0,0
MLt4,T4b,1,1,0,0,2,2,0,0
T2a,Sm12,1,1,0,0,2,2,0,0
Sm10,LPLC4,1,1,0,0,2,2,0,0
TmY9q⊥,Sm12,1,1,0,0,2,2,0,0
Dm20,aMe17c,1,1,0,0,2,2,0,0
Y3,DNc02,1,1,0,0,2,2,0,0
Y11,Li12,1,1,0,0,2,2,0,0
Tm5d,MeMe_e09,1,1,0,0,2,2,0,0
C3,Tm5d,1,1,0,0,2,2,0,0
Dm3q,MeTu4c,1,1,0,0,2,2,0,0
Li17,LTe10,1,1,0,0,2,2,0,0
Tm35,LTe46,1,1,0,0,2,2,0,0
MLt4,Sm40,1,1,0,0,2,2,0,0
MLt4,MTe04,1,1,0,0,2,2,0,0
MLt4,LT84,1,1,0,0,2,2,0,0
MLt4,LC27,1,1,0,0,2,2,0,0
Sm05,R7,1,1,0,0,2,2,0,0
TmY20,LPT26,1,1,0,0,2,2,0,0
Sm19,MTe05,1,1,0,0,2,2,0,0
Tm35,Pm09,1,1,0,0,2,2,0,0
TmY4,LT61b,1,1,0,0,2,2,0,0
T3,T1,1,1,0,0,2,2,0,0
R7,Sm25,1,1,0,0,2,2,0,0
Tm37,LC14b,1,1,0,0,2,2,0,0
Tm7,Tlp5,1,1,0,0,2,2,0,0
Dm20,Tm36,1,1,0,0,2,2,0,0
Mi2,Sm02,1,1,0,0,2,2,0,0
Sm16,Tm3,1,1,0,0,2,2,0,0
Sm16,MTe10,1,1,0,0,2,2,0,0
MLt6,cM08b,1,1,0,0,2,2,0,0
MLt6,MeMe_e01,1,1,0,0,2,2,0,0
MLt6,Mi4,1,1,0,0,2,2,0,0
MLt6,MTe23,1,1,0,0,2,2,0,0
Sm34,MeTu4c,1,1,0,0,2,2,0,0
Sm34,Pm13,1,1,0,0,2,2,0,0
Dm12,TmY31,1,1,0,0,2,2,0,0
TmY31,cL19,1,1,0,0,2,2,0,0
MLt7,LC11,1,1,0,0,2,2,0,0
T5c,mALC5,1,1,0,0,2,2,0,0
Tlp4,TmY10,1,1,0,0,2,2,0,0
Tlp4,LC14b,1,1,0,0,2,2,0,0
LMa4,LT56,1,1,0,0,2,2,0,0
Pm09,5-HTPMPV03,1,1,0,0,2,2,0,0
Dm13,cM15,1,1,0,0,2,2,0,0
T2a,Pm12,1,1,0,0,2,2,0,0
L2,Tm7,1,1,0,0,2,2,0,0
Pm06,T4c,1,1,0,0,2,2,0,0
Sm18,MLt5,1,1,0,0,2,2,0,0
Tm37,LTe27,1,1,0,0,2,2,0,0
LMt2,TmY10,1,1,0,0,2,2,0,0
TmY10,cM17,1,1,0,0,2,2,0,0
LMa1,LC29,1,1,0,0,2,2,0,0
LMt3,Tm20,1,1,0,0,2,2,0,0
TmY5a,PLP251,1,1,0,0,2,2,0,0
LPi01,T5c,1,1,0,0,2,2,0,0
Tm21,LT1a,1,1,0,0,2,2,0,0
Sm08,LMa5,1,1,0,0,2,2,0,0
Tm20,OA-AL2i1,1,1,0,0,2,2,0,0
Sm02,Dm12,1,1,0,0,2,2,0,0
Sm02,MeTu3a,1,1,0,0,2,2,0,0
LPi09,Sm06,1,1,0,0,2,2,0,0
LPi09,TmY10,1,1,0,0,2,2,0,0
C3,OA-AL2i1,1,1,0,0,2,2,0,0
TmY11,OA-AL2b1,1,1,0,0,2,2,0,0
LMt3,Tm5d,1,1,0,0,2,2,0,0
TmY31,cL22c,1,1,0,0,2,2,0,0
Sm12,MeMe_e04,1,1,0,0,2,2,0,0
Tm20,MeTu3b,1,1,0,0,2,2,0,0
Sm02,aMe12,1,1,0,0,2,2,0,0
TmY5a,cL14,1,1,0,0,2,2,0,0
Tlp5,LT73,1,1,0,0,2,2,0,0
Tlp5,cL15,1,1,0,0,2,2,0,0
Tlp5,Nod2,1,1,0,0,2,2,0,0
TmY20,LPi01,1,1,0,0,2,2,0,0
Tm5e,cM03,1,1,0,0,2,2,0,0
Sm12,TmY9q,1,1,0,0,2,2,0,0
Tm5d,Mi1,1,1,0,0,2,2,0,0
Dm1,LC14b,1,1,0,0,2,2,0,0
Tm27,Sm03,1,1,0,0,2,2,0,0
LMa4,Li12,1,1,0,0,2,2,0,0
Tm5b,cM08c,1,1,0,0,2,2,0,0
Tm5b,Sm10,1,1,0,0,2,2,0,0
TmY15,Li13,1,1,0,0,2,2,0,0
Dm11,Sm34,1,1,0,0,2,2,0,0
Li17,LC29,1,1,0,0,2,2,0,0
LPi07,MeMe_e08,1,1,0,0,2,2,0,0
TmY9q,LTe48,1,1,0,0,2,2,0,0
LMa4,Nod1,1,1,0,0,2,2,0,0
LMa4,aMe5,1,1,0,0,2,2,0,0
Pm08,LPi10,1,1,0,0,2,2,0,0
Dm8b,MTe05,1,1,0,0,2,2,0,0
T2a,R7,1,1,0,0,2,2,0,0
Sm26,C2,1,1,0,0,2,2,0,0
Sm26,Mi4,1,1,0,0,2,2,0,0
Li10,mALC4,1,1,0,0,2,2,0,0
Li10,LTe61,1,1,0,0,2,2,0,0
Pm04,LPLC4,1,1,0,0,2,2,0,0
Li08,LT36,1,1,0,0,2,2,0,0
Mi2,Dm11,1,1,0,0,2,2,0,0
T2a,T5a,1,1,0,0,2,2,0,0
LMt3,LT56,1,1,0,0,2,2,0,0
LMt3,Tm32,1,1,0,0,2,2,0,0
Sm32,Dm13,1,1,0,0,2,2,0,0
Sm08,MTe22,1,1,0,0,2,2,0,0
Tm27,cLP01,1,1,0,0,2,2,0,0
Sm12,cM18,1,1,0,0,2,2,0,0
Sm12,MTe13,1,1,0,0,2,2,0,0
TmY9q⊥,Pm13,1,1,0,0,2,2,0,0
Sm14,MTe25,1,1,0,0,2,2,0,0
Sm14,MTe21,1,1,0,0,2,2,0,0
Sm14,MTe04,1,1,0,0,2,2,0,0
Sm14,MTe19,1,1,0,0,2,2,0,0
TmY9q⊥,MTe52,1,1,0,0,2,2,0,0
TmY9q⊥,MeMe_e07,1,1,0,0,2,2,0,0
Li04,PLP215,1,1,0,0,2,2,0,0
Li04,LC46,1,1,0,0,2,2,0,0
Dm12,Sm08,1,1,0,0,2,2,0,0
Li03,LTe52,1,1,0,0,2,2,0,0
Mi10,cLM01,1,1,0,0,2,2,0,0
TmY9q⊥,LCe06,1,1,0,0,2,2,0,0
Pm10,MTe01a,1,1,0,0,2,2,0,0
Pm10,Sm24,1,1,0,0,2,2,0,0
Pm07,TmY9q⊥,1,1,0,0,2,2,0,0
Pm07,OA-ASM1,1,1,0,0,2,2,0,0
Li06,LTe31,1,1,0,0,2,2,0,0
LMa4,Li02,1,1,0,0,2,2,0,0
Li03,cL06,1,1,0,0,2,2,0,0
TmY16,VST1,1,1,0,0,2,2,0,0
Dm9,MTe51,1,1,0,0,2,2,0,0
LMa4,Tm5e,1,1,0,0,2,2,0,0
TmY10,T4a,1,1,0,0,2,2,0,0
Tm4,Dm11,1,1,0,0,2,2,0,0
Tm36,Sm24,1,1,0,0,2,2,0,0
TmY9q,LTe59,1,1,0,0,2,2,0,0
LMa1,LTe59,1,1,0,0,2,2,0,0
Tm31,OA-AL2b1,1,1,0,0,2,2,0,0
Sm08,Y4,1,1,0,0,2,2,0,0
LPi06,LPT51,1,1,0,0,2,2,0,0
Sm12,cM15,1,1,0,0,2,2,0,0
Tm8a,LTe33,1,1,0,0,2,2,0,0
T5d,LC10a,1,1,0,0,2,2,0,0
T5d,VCH,1,1,0,0,2,2,0,0
Li22,MTe47,1,1,0,0,2,2,0,0
Dm15,MeTu1,1,1,0,0,2,2,0,0
Tm35,MLt5,1,1,0,0,2,2,0,0
Li02,LMa5,1,1,0,0,2,2,0,0
Tm5e,LPi07,1,1,0,0,2,2,0,0
Tm5e,Nod2,1,1,0,0,2,2,0,0
Tm5e,LPC1,1,1,0,0,2,2,0,0
Sm16,Dm8a,1,1,0,0,2,2,0,0
Sm16,Tm8a,1,1,0,0,2,2,0,0
Sm16,MeTu4c,1,1,0,0,2,2,0,0
T2a,LPT54,1,1,0,0,2,2,0,0
Tm34,MLt5,1,1,0,0,2,2,0,0
Tm34,5-HTPMPV03,1,1,0,0,2,2,0,0
Tm34,Sm13,1,1,0,0,2,2,0,0
Pm09,MTe47,1,1,0,0,2,2,0,0
Mi1,AN_multi_125,1,1,0,0,2,2,0,0
T2,MTe47,1,1,0,0,2,2,0,0
Y11,cL16,1,1,0,0,2,2,0,0
Tm4,Pm11,1,1,0,0,2,2,0,0
Tm34,LCe04,1,1,0,0,2,2,0,0
Tm34,LC14a2,1,1,0,0,2,2,0,0
Tm34,LT33,1,1,0,0,2,2,0,0
Tm34,T5c,1,1,0,0,2,2,0,0
T4c,mALC5,1,1,0,0,2,2,0,0
Tm8b,MeMe_e04,1,1,0,0,2,2,0,0
Tm8b,MeTu1,1,1,0,0,2,2,0,0
Tm8b,Sm38,1,1,0,0,2,2,0,0
Y3,cM08b,1,1,0,0,2,2,0,0
Tm31,LT39,1,1,0,0,2,2,0,0
Dm18,Sm03,1,1,0,0,2,2,0,0
Li01,TmY15,1,1,0,0,2,2,0,0
T5a,TmY10,1,1,0,0,2,2,0,0
Tlp4,LTe20,1,1,0,0,2,2,0,0
Y3,MeTu3c,1,1,0,0,2,2,0,0
T5a,Tm5d,1,1,0,0,2,2,0,0
TmY20,H1,1,1,0,0,2,2,0,0
C2,Pm12,1,1,0,0,2,2,0,0
Li08,LC14a1,1,1,0,0,2,2,0,0
Tm9,LC12,1,1,0,0,2,2,0,0
Tm9,cML01,1,1,0,0,2,2,0,0
Tm8a,Mi14,1,1,0,0,2,2,0,0
Tm5f,Tlp5,1,1,0,0,2,2,0,0
Tm35,LT43,1,1,0,0,2,2,0,0
Tm5b,LC35,1,1,0,0,2,2,0,0
Tm25,MTe13,1,1,0,0,2,2,0,0
LLPt,Li17,1,1,0,0,2,2,0,0
Y12,Tm5b,1,1,0,0,2,2,0,0
Tm32,MTe11,1,1,0,0,2,2,0,0
Pm02,TmY31,1,1,0,0,2,2,0,0
TmY9q⊥,VS5,1,1,0,0,2,2,0,0
Tlp14,Li26,1,1,0,0,2,2,0,0
MLt2,LC9,1,1,0,0,2,2,0,0
MLt2,Tm9,1,1,0,0,2,2,0,0
Li12,LMt3,1,1,0,0,2,2,0,0
TmY4,AOTU026,1,1,0,0,2,2,0,0
Li22,LT66,1,1,0,0,2,2,0,0
MLt2,Sm35,1,1,0,0,2,2,0,0
MLt2,LC46,1,1,0,0,2,2,0,0
MLt2,cL14,1,1,0,0,2,2,0,0
Li13,LMt1,1,1,0,0,2,2,0,0
Li13,LCe05,1,1,0,0,2,2,0,0
Li13,LPT30,1,1,0,0,2,2,0,0
Li23,Li27,1,1,0,0,2,2,0,0
Li23,PLP036,1,1,0,0,2,2,0,0
Li23,Tm8b,1,1,0,0,2,2,0,0
Li23,Tm32,1,1,0,0,2,2,0,0
Li23,LTe62,1,1,0,0,2,2,0,0
Li23,LT36,1,1,0,0,2,2,0,0
Li23,LTe19,1,1,0,0,2,2,0,0
Li23,LTe55,1,1,0,0,2,2,0,0
Li23,Li31,1,1,0,0,2,2,0,0
Li23,cL11,1,1,0,0,2,2,0,0
Li23,LTe56,1,1,0,0,2,2,0,0
Li23,MLt6,1,1,0,0,2,2,0,0
Li23,Li16,1,1,0,0,2,2,0,0
Li23,LTe15,1,1,0,0,2,2,0,0
Li23,Li02,1,1,0,0,2,2,0,0
Li23,Li05,1,1,0,0,2,2,0,0
Li23,LTe17,1,1,0,0,2,2,0,0
Li23,Tm35,1,1,0,0,2,2,0,0
Li23,Tm5e,1,1,0,0,2,2,0,0
Tm35,aMe8,1,1,0,0,2,2,0,0
Tm35,Lawf2,1,1,0,0,2,2,0,0
Sm01,T2,1,1,0,0,2,2,0,0
LMt2,Tm16,1,1,0,0,2,2,0,0
Sm10,MTe13,1,1,0,0,2,2,0,0
LMt1,TmY16,1,1,0,0,2,2,0,0
TmY31,Tm2,1,1,0,0,2,2,0,0
Tm31,aMe17b,1,1,0,0,2,2,0,0
Sm37,Mi15,1,1,0,0,2,2,0,0
Sm37,Sm23,1,1,0,0,2,2,0,0
Sm37,MeMe_e06,1,1,0,0,2,2,0,0
Sm37,MTe04,1,1,0,0,2,2,0,0
Sm37,Sm29,1,1,0,0,2,2,0,0
Sm37,MLt2,1,1,0,0,2,2,0,0
Sm37,MeTu3c,1,1,0,0,2,2,0,0
Sm37,MLt6,1,1,0,0,2,2,0,0
Sm37,MLt7,1,1,0,0,2,2,0,0
Sm37,MTe03,1,1,0,0,2,2,0,0
Sm37,Tm20,1,1,0,0,2,2,0,0
Sm37,MTe23,1,1,0,0,2,2,0,0
Sm37,MTe29,1,1,0,0,2,2,0,0
Sm37,MTe32,1,1,0,0,2,2,0,0
Mi10,s-LNva,1,1,0,0,2,2,0,0
Mi10,APDN3,1,1,0,0,2,2,0,0
Mi10,Sm23,1,1,0,0,2,2,0,0
Sm18,aMe17a1,1,1,0,0,2,2,0,0
Sm25,Lawf1,1,1,0,0,2,2,0,0
Sm25,Tm31,1,1,0,0,2,2,0,0
Sm25,aMe17a2,1,1,0,0,2,2,0,0
Sm25,l-LNv,1,1,0,0,2,2,0,0
Li05,Li25,1,1,0,0,2,2,0,0
Li05,PLP215,1,1,0,0,2,2,0,0
Sm16,Sm04,1,1,0,0,2,2,0,0
Tm9,MeTu4a,1,1,0,0,2,2,0,0
DmDRA1,Sm40,1,1,0,0,2,2,0,0
Sm03,cM04,1,1,0,0,2,2,0,0
Y12,LT84,1,1,0,0,2,2,0,0
TmY15,Nod1,1,1,0,0,2,2,0,0
LMa4,Sm05,1,1,0,0,2,2,0,0
LMa4,Tm34,1,1,0,0,2,2,0,0
MLt2,MTe13,1,1,0,0,2,2,0,0
PDt,MeMe_e08,1,1,0,0,2,2,0,0
PDt,Y1,1,1,0,0,2,2,0,0
PDt,Y11,1,1,0,0,2,2,0,0
T3,LTe05,1,1,0,0,2,2,0,0
Li24,LTe55,1,1,0,0,2,2,0,0
Y11,LPT52,1,1,0,0,2,2,0,0
Tm1,Sm27,1,1,0,0,2,2,0,0
Li07,LT59,1,1,0,0,2,2,0,0
Li07,LC10d,1,1,0,0,2,2,0,0
Li07,Li18,1,1,0,0,2,2,0,0
Li07,LC27,1,1,0,0,2,2,0,0
Y4,LTe55,1,1,0,0,2,2,0,0
Pm11,OA-AL2i2,1,1,0,0,2,2,0,0
MLt3,LC20b,1,1,0,0,2,2,0,0
Sm10,TmY15,1,1,0,0,2,2,0,0
Li21,Y1,1,1,0,0,2,2,0,0
Li21,Tm34,1,1,0,0,2,2,0,0
Sm01,MLt5,1,1,0,0,2,2,0,0
Y12,Li27,1,1,0,0,2,2,0,0
Li10,Lat,1,1,0,0,2,2,0,0
Pm05,MTe05,1,1,0,0,2,2,0,0
Li16,MTe47,1,1,0,0,2,2,0,0
Li16,Mi2,1,1,0,0,2,2,0,0
Li16,Tm16,1,1,0,0,2,2,0,0
TmY31,MTe48,1,1,0,0,2,2,0,0
MLt4,LC10d,1,1,0,0,2,2,0,0
MLt4,cL10,1,1,0,0,2,2,0,0
Li05,LC18,1,1,0,0,2,2,0,0
Sm03,Sm38,1,1,0,0,2,2,0,0
Sm03,Tm16,1,1,0,0,2,2,0,0
Sm26,MTe04,1,1,0,0,2,2,0,0
Sm26,Sm43,1,1,0,0,2,2,0,0
Sm26,Sm30,1,1,0,0,2,2,0,0
Dm8b,MLt4,1,1,0,0,2,2,0,0
LMt4,LT1d,1,1,0,0,2,2,0,0
LMt4,mALC4,1,1,0,0,2,2,0,0
LMt4,TmY11,1,1,0,0,2,2,0,0
TmY9q,Sm19,1,1,0,0,2,2,0,0
LPi05,Tm5e,1,1,0,0,2,2,0,0
Sm06,cM18,1,1,0,0,2,2,0,0
Y1,LTe05,1,1,0,0,2,2,0,0
Tm8b,cL08,1,1,0,0,2,2,0,0
Dm8b,aMe17a2,1,1,0,0,2,2,0,0
Tm5b,Li21,1,1,0,0,2,2,0,0
Sm03,MTe24,1,1,0,0,2,2,0,0
Dm6,PDt,1,1,0,0,2,2,0,0
LPi07,MeLp2,1,1,0,0,2,2,0,0
Mi14,aMe5,1,1,0,0,2,2,0,0
TmY11,MTe43,1,1,0,0,2,2,0,0
DmDRA1,aMe26,1,1,0,0,2,2,0,0
DmDRA1,CB0566,1,1,0,0,2,2,0,0
DmDRA1,MTe37,1,1,0,0,2,2,0,0
MLt8,MTe51,1,1,0,0,2,2,0,0
MLt8,Sm38,1,1,0,0,2,2,0,0
Li12,MeTu2a,1,1,0,0,2,2,0,0
Dm1,cM07,1,1,0,0,2,2,0,0
Tm34,LT67,1,1,0,0,2,2,0,0
Tlp4,LPT27,1,1,0,0,2,2,0,0
Li05,Li23,1,1,0,0,2,2,0,0
PDt,Tm5b,1,1,0,0,2,2,0,0
PDt,Y4,1,1,0,0,2,2,0,0
PDt,LMt2,1,1,0,0,2,2,0,0
Li15,MLt2,1,1,0,0,2,2,0,0
R8,Dm16,1,1,0,0,2,2,0,0
MLt7,aMe19b,1,1,0,0,2,2,0,0
Tm27,MTe50,1,1,0,0,2,2,0,0
TmY14,PDt,1,1,0,0,2,2,0,0
Tm20,cM15,1,1,0,0,2,2,0,0
MLt7,aMe17c,1,1,0,0,2,2,0,0
MLt7,cM16,1,1,0,0,2,2,0,0
Tm21,Dm19,1,1,0,0,2,2,0,0
LMt3,cMLLP01,1,1,0,0,2,2,0,0
LPi08,T5a,1,1,0,0,2,2,0,0
MLt6,LC20a,1,1,0,0,2,2,0,0
Tm33,CT1,1,1,0,0,2,2,0,0
LMa2,LT34,1,1,0,0,2,2,0,0
Li09,LPT31,1,1,0,0,2,2,0,0
Sm04,Sm24,1,1,0,0,2,2,0,0
Tm20,LC43,1,1,0,0,2,2,0,0
LPi10,LPT04_HST,1,1,0,0,2,2,0,0
C3,Dm8b,1,1,0,0,2,2,0,0
TmY11,MTe41,1,1,0,0,2,2,0,0
Tm36,LCe02,1,1,0,0,2,2,0,0
LPi08,Y4,1,1,0,0,2,2,0,0
R7,Tm5f,1,1,0,0,2,2,0,0
LPi05,MeMe_e08,1,1,0,0,2,2,0,0
Tm5a,MTe07,1,1,0,0,2,2,0,0
Sm09,MTe14,1,1,0,0,2,2,0,0
Tm5c,MTe13,1,1,0,0,2,2,0,0
Tm5c,aMe6a,1,1,0,0,2,2,0,0
Tm8b,MTe28,1,1,0,0,2,2,0,0
Li14,DNc02,1,1,0,0,2,2,0,0
LLPt,cL04,1,1,0,0,2,2,0,0
TmY11,MeTu2b,1,1,0,0,2,2,0,0
C3,Sm05,1,1,0,0,2,2,0,0
Dm9,MeTu3a,1,1,0,0,2,2,0,0
Dm6,OA-AL2i3,1,1,0,0,2,2,0,0
T5c,vCal1,1,1,0,0,2,2,0,0
Pm06,LMt1,1,1,0,0,2,2,0,0
Tm7,LC12,1,1,0,0,2,2,0,0
T2,LPi10,1,1,0,0,2,2,0,0
LMt3,LPi14,1,1,0,0,2,2,0,0
T4d,H1,1,1,0,0,2,2,0,0
TmY31,LPT51,1,1,0,0,2,2,0,0
TmY31,LT59,1,1,0,0,2,2,0,0
Y11,Tm5d,1,1,0,0,2,2,0,0
Sm15,MTe32,1,1,0,0,2,2,0,0
T2,LC25,1,1,0,0,2,2,0,0
T4c,Tm5f,1,1,0,0,2,2,0,0
Y1,Tm5b,1,1,0,0,2,2,0,0
TmY20,MTe15,1,1,0,0,2,2,0,0
Sm27,MTe09,1,1,0,0,2,2,0,0
Sm27,CB0592,1,1,0,0,2,2,0,0
Sm27,Tm1,1,1,0,0,2,2,0,0
Sm27,MLt7,1,1,0,0,2,2,0,0
Sm27,Sm34,1,1,0,0,2,2,0,0
Sm27,Li06,1,1,0,0,2,2,0,0
LPi05,VST2,1,1,0,0,2,2,0,0
Tm5f,MeTu2a,1,1,0,0,2,2,0,0
MLt1,LTe56,1,1,0,0,2,2,0,0
Sm17,Sm26,1,1,0,0,2,2,0,0
Tm32,LT43,1,1,0,0,2,2,0,0
Tm32,cM09,1,1,0,0,2,2,0,0
Tm21,Dm2,1,1,0,0,2,2,0,0
Tm5f,LTe20,1,1,0,0,2,2,0,0
LMt4,Mi1,1,1,0,0,2,2,0,0
LPi06,VSm,1,1,0,0,2,2,0,0
TmY3,LTe20,1,1,0,0,2,2,0,0
Li24,LTe09,1,1,0,0,2,2,0,0
Li24,T5a,1,1,0,0,2,2,0,0
Li24,LT69,1,1,0,0,2,2,0,0
Li24,LTe49f,1,1,0,0,2,2,0,0
Tm8b,LTe44,1,1,0,0,2,2,0,0
Sm19,TmY10,1,1,0,0,2,2,0,0
TmY4,Sm31,1,1,0,0,2,2,0,0
TmY31,Sm20,1,1,0,0,2,2,0,0
T4c,LPi06,1,1,0,0,2,2,0,0
Tm4,LCe03,1,1,0,0,2,2,0,0
LMa1,CB0592,1,1,0,0,2,2,0,0
LMa1,LTe61,1,1,0,0,2,2,0,0
LMa1,LCe09,1,1,0,0,2,2,0,0
TmY31,Sm16,1,1,0,0,2,2,0,0
TmY31,LPT47_vCal2,1,1,0,0,2,2,0,0
R7,Dm3q,1,1,0,0,2,2,0,0
Mi2,Tm35,1,1,0,0,2,2,0,0
Sm01,Mi9,1,1,0,0,2,2,0,0
Dm9,Tm16,1,1,0,0,2,2,0,0
Sm06,MeMe_e07,1,1,0,0,2,2,0,0
T4c,cM06,1,1,0,0,2,2,0,0
Tm5f,Sm13,1,1,0,0,2,2,0,0
TmY9q,HSE,1,1,0,0,2,2,0,0
Tm36,Li21,1,1,0,0,2,2,0,0
LMt4,MTe53,1,1,0,0,2,2,0,0
LMt4,MeMe_e08,1,1,0,0,2,2,0,0
Li18,LTe29,1,1,0,0,2,2,0,0
Tm31,LC29,1,1,0,0,2,2,0,0
T2a,OA-AL2i4,1,1,0,0,2,2,0,0
MLt6,LMt1,1,1,0,0,2,2,0,0
Tm2,DCH,1,1,0,0,2,2,0,0
Sm02,L5,1,1,0,0,2,2,0,0
Dm3q,L2,1,1,0,0,2,2,0,0
Tm25,MeTu4b,1,1,0,0,2,2,0,0
Tm5f,cM15,1,1,0,0,2,2,0,0
T5d,H2,1,1,0,0,2,2,0,0
Li16,Li28,1,1,0,0,2,2,0,0
Pm07,Tm36,1,1,0,0,2,2,0,0
Sm05,Tm1,1,1,0,0,2,2,0,0
Tm37,Li32,1,1,0,0,2,2,0,0
LMa3,Li07,1,1,0,0,2,2,0,0
LMt3,cM10,1,1,0,0,2,2,0,0
TmY14,LCe07,1,1,0,0,2,2,0,0
Tm36,MTe50,1,1,0,0,2,2,0,0
Tlp5,T2a,1,1,0,0,2,2,0,0
Tlp5,MeLp2,1,1,0,0,2,2,0,0
MLt2,LTe14,1,1,0,0,2,2,0,0
T4d,LPT54,1,1,0,0,2,2,0,0
Sm31,Tm9,1,1,0,0,2,2,0,0
Sm31,MTe01b,1,1,0,0,2,2,0,0
Tlp4,LT84,1,1,0,0,2,2,0,0
Tlp4,Tm21,1,1,0,0,2,2,0,0
Tlp4,MTe54,1,1,0,0,2,2,0,0
Tlp4,MTe41,1,1,0,0,2,2,0,0
Tm5e,Li15,1,1,0,0,2,2,0,0
T2,LPi02,1,1,0,0,2,2,0,0
Tm35,cL04,1,1,0,0,2,2,0,0
Dm8a,MTe31,1,1,0,0,2,2,0,0
Tm5f,R8,1,1,0,0,2,2,0,0
Lawf1,CB0592,1,1,0,0,2,2,0,0
Tm21,Y11,1,1,0,0,2,2,0,0
Tm21,Tm8b,1,1,0,0,2,2,0,0
Y11,MTe13,1,1,0,0,2,2,0,0
Y11,CB2848,1,1,0,0,2,2,0,0
TmY9q⊥,Sm07,1,1,0,0,2,2,0,0
C2,LMa2,1,1,0,0,2,2,0,0
Li01,LTe62,1,1,0,0,2,2,0,0
MLt5,Li32,1,1,0,0,2,2,0,0
MLt1,MTe03,1,1,0,0,2,2,0,0
MLt1,Li08,1,1,0,0,2,2,0,0
L5,Sm41,1,1,0,0,2,2,0,0
TmY3,MTe01a,1,1,0,0,2,2,0,0
L5,Pm04,1,1,0,0,2,2,0,0
Mi9,Sm06,1,1,0,0,2,2,0,0
TmY11,LTe20,1,1,0,0,2,2,0,0
T4c,LPT47_vCal2,1,1,0,0,2,2,0,0
Tm8a,MTe52,1,1,0,0,2,2,0,0
T4c,cML01,1,1,0,0,2,2,0,0
Tm16,CB0816,1,1,0,0,2,2,0,0
Tm16,MTe43,1,1,0,0,2,2,0,0
Tm21,LTe59,1,1,0,0,2,2,0,0
Sm32,Pm13,1,1,0,0,2,2,0,0
Tm1,MTe44,1,1,0,0,2,2,0,0
Dm3q,Mi14,1,1,0,0,2,2,0,0
Tm5b,R7,1,1,0,0,2,2,0,0
Li10,OA-AL2i2,1,1,0,0,2,2,0,0
Tm37,LT75,1,1,0,0,2,2,0,0
Tm8b,Sm03,1,1,0,0,2,2,0,0
Tm35,MTe35,1,1,0,0,2,2,0,0
Tm35,LMa5,1,1,0,0,2,2,0,0
Tm35,MTe14,1,1,0,0,2,2,0,0
Dm15,Pm05,1,1,0,0,2,2,0,0
LMt1,T5a,1,1,0,0,2,2,0,0
Y12,cLP01,1,1,0,0,2,2,0,0
Y12,LTe64,1,1,0,0,2,2,0,0
Li10,Tm1,1,1,0,0,2,2,0,0
Sm04,MeTu3a,1,1,0,0,2,2,0,0
TmY9q⊥,MLt2,1,1,0,0,2,2,0,0
Tm5e,LT33,1,1,0,0,2,2,0,0
Tm5f,LC45,1,1,0,0,2,2,0,0
R8,PDt,1,1,0,0,2,2,0,0
Y1,VSm,1,1,0,0,2,2,0,0
Y1,LPTe01,1,1,0,0,2,2,0,0
Sm08,MTe53,1,1,0,0,2,2,0,0
LMt3,Tm5e,1,1,0,0,2,2,0,0
Pm09,LC10a,1,1,0,0,2,2,0,0
Tm8a,AVLP593,1,1,0,0,2,2,0,0
LLPt,mALC5,1,1,0,0,2,2,0,0
Tm5f,OA-AL2i2,1,1,0,0,2,2,0,0
Pm07,MeTu4b,1,1,0,0,2,2,0,0
Li13,LPTe02,1,1,0,0,2,2,0,0
Dm3p,Y3,1,1,0,0,2,2,0,0
Li20,LT62,1,1,0,0,2,2,0,0
Dm12,aMe19a,1,1,0,0,2,2,0,0
Tm5d,CB0816,1,1,0,0,2,2,0,0
Tm1,MTe47,1,1,0,0,2,2,0,0
Li12,LTe42c,1,1,0,0,2,2,0,0
Li12,LC46,1,1,0,0,2,2,0,0
DmDRA2,Dm13,1,1,0,0,2,2,0,0
DmDRA2,Sm23,1,1,0,0,2,2,0,0
Mi2,MTe39,1,1,0,0,2,2,0,0
MLt1,LC24,1,1,0,0,2,2,0,0
Tm8b,cM08c,1,1,0,0,2,2,0,0
MLt4,Li11,1,1,0,0,2,2,0,0
MLt4,LPLC2,1,1,0,0,2,2,0,0
LPi06,Li06,1,1,0,0,2,2,0,0
Sm27,MTe54,1,1,0,0,2,2,0,0
Sm27,aMe17a2,1,1,0,0,2,2,0,0
Sm27,MTe34,1,1,0,0,2,2,0,0
Sm32,Sm11,1,1,0,0,2,2,0,0
LMt1,LC10d,1,1,0,0,2,2,0,0
Li11,cL20,1,1,0,0,2,2,0,0
MLt8,Sm23,1,1,0,0,2,2,0,0
T2a,cLM01,1,1,0,0,2,2,0,0
Sm41,R7,1,1,0,0,2,2,0,0
Sm41,Sm29,1,1,0,0,2,2,0,0
Sm41,Tm1,1,1,0,0,2,2,0,0
Sm41,Pm09,1,1,0,0,2,2,0,0
Sm41,MLt8,1,1,0,0,2,2,0,0
Sm41,Sm33,1,1,0,0,2,2,0,0
Sm41,Tm3,1,1,0,0,2,2,0,0
Sm41,LMa5,1,1,0,0,2,2,0,0
Sm41,MTe53,1,1,0,0,2,2,0,0
Sm41,MeTu2b,1,1,0,0,2,2,0,0
Sm41,MeMe_e08,1,1,0,0,2,2,0,0
MLt6,LT86,1,1,0,0,2,2,0,0
MLt6,LC34,1,1,0,0,2,2,0,0
Pm09,MeTu3c,1,1,0,0,2,2,0,0
Pm09,Tm32,1,1,0,0,2,2,0,0
TmY11,cL08,1,1,0,0,2,2,0,0
Dm8a,aMe10,1,1,0,0,2,2,0,0
Li16,Tlp1,1,1,0,0,2,2,0,0
Li16,LTe12,1,1,0,0,2,2,0,0
Tlp4,LPT54,1,1,0,0,2,2,0,0
Tlp4,LT77,1,1,0,0,2,2,0,0
Mi13,cM07,1,1,0,0,2,2,0,0
Dm11,Sm39,1,1,0,0,2,2,0,0
Li05,LT87,1,1,0,0,2,2,0,0
Mi9,MTe35,1,1,0,0,2,2,0,0
Dm1,Tm16,1,1,0,0,2,2,0,0
Dm1,MTe43,1,1,0,0,2,2,0,0
Li11,LCe07,1,1,0,0,2,2,0,0
Li11,LTe29,1,1,0,0,2,2,0,0
Tm1,LPT04_HST,1,1,0,0,2,2,0,0
Tm5a,Sm14,1,1,0,0,2,2,0,0
Sm05,Dm13,1,1,0,0,2,2,0,0
LPi08,LPT45_dCal1,1,1,0,0,2,2,0,0
Sm32,Tm5b,1,1,0,0,2,2,0,0
Sm32,aMe17a2,1,1,0,0,2,2,0,0
Sm32,MTe47,1,1,0,0,2,2,0,0
Li09,LT38,1,1,0,0,2,2,0,0
Li10,cL02d,1,1,0,0,2,2,0,0
Tm5e,PLP068,1,1,0,0,2,2,0,0
TmY9q,Sm31,1,1,0,0,2,2,0,0
TmY9q,Sm01,1,1,0,0,2,2,0,0
Sm04,Tm5b,1,1,0,0,2,2,0,0
Sm02,aMe17a2,1,1,0,0,2,2,0,0
Y1,LT86,1,1,0,0,2,2,0,0
LMt4,TmY16,1,1,0,0,2,2,0,0
MLt2,LC15,1,1,0,0,2,2,0,0
Pm08,LMt3,1,1,0,0,2,2,0,0
Sm18,Tm20,1,1,0,0,2,2,0,0
LMt1,LC6,1,1,0,0,2,2,0,0
Tm36,LT72,1,1,0,0,2,2,0,0
Tm25,MTe01b,1,1,0,0,2,2,0,0
Dm9,Sm08,1,1,0,0,2,2,0,0
Li27,LT39,1,1,0,0,2,2,0,0
Li27,LT64,1,1,0,0,2,2,0,0
Li27,MeTu4d,1,1,0,0,2,2,0,0
Li27,LTe16,1,1,0,0,2,2,0,0
Li27,LTe21,1,1,0,0,2,2,0,0
Li27,Tm8b,1,1,0,0,2,2,0,0
Li27,TmY16,1,1,0,0,2,2,0,0
Li27,LTe23,1,1,0,0,2,2,0,0
Li27,LTe29,1,1,0,0,2,2,0,0
Li27,LTe47,1,1,0,0,2,2,0,0
Li27,LTe25,1,1,0,0,2,2,0,0
Li27,LC20a,1,1,0,0,2,2,0,0
Li27,MLt6,1,1,0,0,2,2,0,0
Li27,LTe30,1,1,0,0,2,2,0,0
Li27,cM10,1,1,0,0,2,2,0,0
Tm5d,L3,1,1,0,0,2,2,0,0
L3,MTe40,1,1,0,0,2,2,0,0
Sm25,TmY5a,1,1,0,0,2,2,0,0
Dm2,MTe09,1,1,0,0,2,2,0,0
Dm2,MTe45,1,1,0,0,2,2,0,0
Tm3,Dm9,1,1,0,0,2,2,0,0
Tm37,MTe28,1,1,0,0,2,2,0,0
Tm3,CB2848,1,1,0,0,2,2,0,0
T2,DNg33,1,1,0,0,2,2,0,0
Tm34,LT37,1,1,0,0,2,2,0,0
Dm2,MC65,1,1,0,0,2,2,0,0
LMa3,Lawf1,1,1,0,0,2,2,0,0
TmY9q,LT11,1,1,0,0,2,2,0,0
TmY20,LTe20,1,1,0,0,2,2,0,0
Mi14,aMe12,1,1,0,0,2,2,0,0
LMa1,TmY3,1,1,0,0,2,2,0,0
Sm08,Dm3p,1,1,0,0,2,2,0,0
Mi15,Pm10,1,1,0,0,2,2,0,0
Dm8b,aMe6a,1,1,0,0,2,2,0,0
Tm5e,cLM01,1,1,0,0,2,2,0,0
TmY4,VCH,1,1,0,0,2,2,0,0
TmY4,VS5,1,1,0,0,2,2,0,0
Dm14,Sm02,1,1,0,0,2,2,0,0
Dm14,TmY20,1,1,0,0,2,2,0,0
TmY16,LT65,1,1,0,0,2,2,0,0
Li01,cLM01,1,1,0,0,2,2,0,0
Mi2,MTe53,1,1,0,0,2,2,0,0
Tm16,L5,1,1,0,0,2,2,0,0
Sm13,cM16,1,1,0,0,2,2,0,0
LPi06,TmY10,1,1,0,0,2,2,0,0
Y1,LPT21,1,1,0,0,2,2,0,0
Sm23,aMe26,1,1,0,0,2,2,0,0
Sm23,Dm2,1,1,0,0,2,2,0,0
Sm23,Sm11,1,1,0,0,2,2,0,0
Mi13,Mi10,1,1,0,0,2,2,0,0
Sm05,Tm7,1,1,0,0,2,2,0,0
Sm03,TmY16,1,1,0,0,2,2,0,0
Dm9,Sm09,1,1,0,0,2,2,0,0
Tm25,Dm17,1,1,0,0,2,2,0,0
Tm36,LT66,1,1,0,0,2,2,0,0
Sm02,MTe53,1,1,0,0,2,2,0,0
LPi02,LLPt,1,1,0,0,2,2,0,0
T5d,cLP01,1,1,0,0,2,2,0,0
LMt4,Sm42,1,1,0,0,2,2,0,0
LMt4,LLPt,1,1,0,0,2,2,0,0
Lawf2,Tm5d,1,1,0,0,2,2,0,0
Tm5f,T4d,1,1,0,0,2,2,0,0
Tm5b,MTe25,1,1,0,0,2,2,0,0
Tm35,LTe12,1,1,0,0,2,2,0,0
T4c,Tm25,1,1,0,0,2,2,0,0
Sm12,MeLp1,1,1,0,0,2,2,0,0
Sm06,Dm8a,1,1,0,0,2,2,0,0
Sm12,T2a,1,1,0,0,2,2,0,0
Pm11,Tm5f,1,1,0,0,2,2,0,0
Dm12,Dm8a,1,1,0,0,2,2,0,0
Tm8a,MTe29,1,1,0,0,2,2,0,0
Tm8a,aMe10,1,1,0,0,2,2,0,0
Tm8a,LTe49d,1,1,0,0,2,2,0,0
Mi13,L3,1,1,0,0,2,2,0,0
Li11,Y1,1,1,0,0,2,2,0,0
Li11,LCe03,1,1,0,0,2,2,0,0
Li11,cM08b,1,1,0,0,2,2,0,0
Tlp4,LT87,1,1,0,0,2,2,0,0
LMa2,Li29,1,1,0,0,2,2,0,0
Tm2,VCH,1,1,0,0,2,2,0,0
Tm1,Sm11,1,1,0,0,2,2,0,0
T4a,LPT51,1,1,0,0,2,2,0,0
LPi13,H2,1,1,0,0,2,2,0,0
LPi13,Sm05,1,1,0,0,2,2,0,0
LPi13,Y4,1,1,0,0,2,2,0,0
LPi13,MLt4,1,1,0,0,2,2,0,0
LPi13,Tm36,1,1,0,0,2,2,0,0
Tm20,LT39,1,1,0,0,2,2,0,0
Tm25,Pm06,1,1,0,0,2,2,0,0
Sm30,aMe17a1,1,1,0,0,2,2,0,0
Sm30,aMe25,1,1,0,0,2,2,0,0
Sm30,TmY16,1,1,0,0,2,2,0,0
Sm30,Tm36,1,1,0,0,2,2,0,0
Sm30,Tm34,1,1,0,0,2,2,0,0
Li22,LC9,1,1,0,0,2,2,0,0
Tm20,cL21,1,1,0,0,2,2,0,0
Y12,TmY10,1,1,0,0,2,2,0,0
TmY9q⊥,LT43,1,1,0,0,2,2,0,0
Sm20,Sm36,1,1,0,0,2,2,0,0
Sm20,Sm31,1,1,0,0,2,2,0,0
TmY20,L5,1,1,0,0,2,2,0,0
Tm8b,LT69,1,1,0,0,2,2,0,0
Sm05,cM16,1,1,0,0,2,2,0,0
R7,aMe6a,1,1,0,0,2,2,0,0
Tm32,LPLC2,1,1,0,0,2,2,0,0
Li13,cM10,1,1,0,0,2,2,0,0
Tm5a,mALC5,1,1,0,0,2,2,0,0
Tm5d,LTe38a,1,1,0,0,2,2,0,0
Sm15,aMe17a1,1,1,0,0,2,2,0,0
Tm5a,Tlp5,1,1,0,0,2,2,0,0
LPi06,cLP05,1,1,0,0,2,2,0,0
Pm07,MLt8,1,1,0,0,2,2,0,0
Pm07,Y1,1,1,0,0,2,2,0,0
T5c,Tm5b,1,1,0,0,2,2,0,0
Dm3q,Sm09,1,1,0,0,2,2,0,0
Mi9,MTe33,1,1,0,0,2,2,0,0
Tm7,LPC2,1,1,0,0,2,2,0,0
T5b,CB0592,1,1,0,0,2,2,0,0
Tm5f,LCe01,1,1,0,0,2,2,0,0
MLt6,cL14,1,1,0,0,2,2,0,0
T4c,Pm07,1,1,0,0,2,2,0,0
Sm38,MLt2,1,1,0,0,2,2,0,0
Sm38,MTe05,1,1,0,0,2,2,0,0
Sm38,Sm02,1,1,0,0,2,2,0,0
Sm38,Tm34,1,1,0,0,2,2,0,0
Sm38,CB0816,1,1,0,0,2,2,0,0
L3,TmY31,1,1,0,0,2,2,0,0
Tm25,DNp11,1,1,0,0,2,2,0,0
TmY31,CB0816,1,1,0,0,2,2,0,0
Mi4,LPi09,1,1,0,0,2,2,0,0
Tm31,MLt4,1,1,0,0,2,2,0,0
Tm31,MTe54,1,1,0,0,2,2,0,0
Tm31,LT73,1,1,0,0,2,2,0,0
TmY31,LTe70,1,1,0,0,2,2,0,0
T2a,T4c,1,1,0,0,2,2,0,0
LPi07,VS2,1,1,0,0,2,2,0,0
Dm20,MTe04,1,1,0,0,2,2,0,0
Sm31,Sm34,1,1,0,0,2,2,0,0
Sm31,OA-ASM1,1,1,0,0,2,2,0,0
Sm31,AVLP534,1,1,0,0,2,2,0,0
Sm31,TmY9q⊥,1,1,0,0,2,2,0,0
Sm31,Y1,1,1,0,0,2,2,0,0
Tm34,Li17,1,1,0,0,2,2,0,0
MLt1,cL01,1,1,0,0,2,2,0,0
LPi10,Tm21,1,1,0,0,2,2,0,0
Tm8b,Lawf2,1,1,0,0,2,2,0,0
Tm8b,Sm02,1,1,0,0,2,2,0,0
Li15,LT62,1,1,0,0,2,2,0,0
T5d,TmY10,1,1,0,0,2,2,0,0
Li17,TmY3,1,1,0,0,2,2,0,0
Tm8b,Dm2,1,1,0,0,2,2,0,0
Mi15,Sm36,1,1,0,0,2,2,0,0
Tm16,Li22,1,1,0,0,2,2,0,0
Li08,cL22a,1,1,0,0,2,2,0,0
LMt2,Y11,1,1,0,0,2,2,0,0
LMt2,LT53,1,1,0,0,2,2,0,0
LMt2,LT74,1,1,0,0,2,2,0,0
T5b,Tm16,1,1,0,0,2,2,0,0
Tm5b,LT61a,1,1,0,0,2,2,0,0
MLt5,cLLP02,1,1,0,0,2,2,0,0
MLt5,TmY14,1,1,0,0,2,2,0,0
MLt5,MTe08,1,1,0,0,2,2,0,0
Tm36,Dm20,1,1,0,0,2,2,0,0
TmY20,T2a,1,1,0,0,2,2,0,0
L3,aMe17c,1,1,0,0,2,2,0,0
Li13,cLLPM02,1,1,0,0,2,2,0,0
Dm11,MeLp1,1,1,0,0,2,2,0,0
Sm06,MTe16,1,1,0,0,2,2,0,0
TmY10,aMe17a1,1,1,0,0,2,2,0,0
Mi9,MTe11,1,1,0,0,2,2,0,0
T5a,LPi03,1,1,0,0,2,2,0,0
T5a,LPi13,1,1,0,0,2,2,0,0
LMt4,LT1b,1,1,0,0,2,2,0,0
Sm12,aMe12,1,1,0,0,2,2,0,0
Sm33,MTe11,1,1,0,0,2,2,0,0
Sm33,MeTu3c,1,1,0,0,2,2,0,0
LPi06,T5a,1,1,0,0,2,2,0,0
Sm05,MTe13,1,1,0,0,2,2,0,0
Y11,VS5,1,1,0,0,2,2,0,0
Sm12,T1,1,1,0,0,2,2,0,0
Tm25,LT56,1,1,0,0,2,2,0,0
Tm25,LT64,1,1,0,0,2,2,0,0
Dm3v,Mi10,1,1,0,0,2,2,0,0
Mi10,MeMe_e01,1,1,0,0,2,2,0,0
TmY3,LC29,1,1,0,0,2,2,0,0
LMt2,MTe51,1,1,0,0,2,2,0,0
Sm06,TmY15,1,1,0,0,2,2,0,0
Sm06,CB0816,1,1,0,0,2,2,0,0
TmY20,cL14,1,1,0,0,2,2,0,0
MLt7,cM08b,1,1,0,0,2,2,0,0
Sm07,cM05,1,1,0,0,2,2,0,0
TmY5a,Dm9,1,1,0,0,2,2,0,0
T5a,Tm33,1,1,0,0,2,2,0,0
LMa5,Tm5d,1,1,0,0,2,2,0,0
Sm10,MLt8,1,1,0,0,2,2,0,0
Tm27,LTe12,1,1,0,0,2,2,0,0
L4,Pm08,1,1,0,0,2,2,0,0
Tm32,cL06,1,1,0,0,2,2,0,0
Tm33,LTe64,1,1,0,0,2,2,0,0
Tm33,LC43,1,1,0,0,2,2,0,0
TmY14,LT78,1,1,0,0,2,2,0,0
Li03,LTe17,1,1,0,0,2,2,0,0
TmY4,Sm19,1,1,0,0,2,2,0,0
TmY16,Sm42,1,1,0,0,2,2,0,0
Tm34,MLt8,1,1,0,0,2,2,0,0
Tm34,aMe26,1,1,0,0,2,2,0,0
TmY14,LC10a,1,1,0,0,2,2,0,0
Tm37,cL02d,1,1,0,0,2,2,0,0
TmY20,Sm27,1,1,0,0,2,2,0,0
Li10,LTe49c,1,1,0,0,2,2,0,0
Sm27,cM07,1,1,0,0,2,2,0,0
Sm27,MTe18,1,1,0,0,2,2,0,0
LPi07,Tm3,1,1,0,0,2,2,0,0
Sm12,cLLPM01,1,1,0,0,2,2,0,0
Sm28,Mi1,1,1,0,0,2,2,0,0
Sm28,CB0816,1,1,0,0,2,2,0,0
Sm28,aMe19b,1,1,0,0,2,2,0,0
Sm28,Sm20,1,1,0,0,2,2,0,0
Sm28,Sm28,1,1,0,0,2,2,0,0
Sm28,Sm14,1,1,0,0,2,2,0,0
Sm30,aMe26,1,1,0,0,2,2,0,0
Sm30,Sm24,1,1,0,0,2,2,0,0
Sm30,Sm33,1,1,0,0,2,2,0,0
Sm30,MTe21,1,1,0,0,2,2,0,0
L5,cM07,1,1,0,0,2,2,0,0
Sm17,Sm34,1,1,0,0,2,2,0,0
Sm12,MeTu4d,1,1,0,0,2,2,0,0
Tm5f,LTe54,1,1,0,0,2,2,0,0
TmY11,Sm37,1,1,0,0,2,2,0,0
TmY11,Sm11,1,1,0,0,2,2,0,0
Sm08,DNc02,1,1,0,0,2,2,0,0
Sm16,T2,1,1,0,0,2,2,0,0
Tm9,mALC3,1,1,0,0,2,2,0,0
Tm20,MTe53,1,1,0,0,2,2,0,0
TmY20,Sm41,1,1,0,0,2,2,0,0
Dm11,cML01,1,1,0,0,2,2,0,0
MLt2,MLt4,1,1,0,0,2,2,0,0
TmY3,Sm30,1,1,0,0,2,2,0,0
TmY3,AVLP534,1,1,0,0,2,2,0,0
MLt4,Tm5c,1,1,0,0,2,2,0,0
L4,TmY20,1,1,0,0,2,2,0,0
Sm06,Mi15,1,1,0,0,2,2,0,0
LMt2,Sm05,1,1,0,0,2,2,0,0
MLt7,Li33,1,1,0,0,2,2,0,0
TmY15,LT78,1,1,0,0,2,2,0,0
TmY15,Li09,1,1,0,0,2,2,0,0
Sm27,Mi10,1,1,0,0,2,2,0,0
Tm5e,PLP032,1,1,0,0,2,2,0,0
TmY14,Sm04,1,1,0,0,2,2,0,0
Tm5b,cM08b,1,1,0,0,2,2,0,0
Tm5d,LMt2,1,1,0,0,2,2,0,0
TmY16,T1,1,1,0,0,2,2,0,0
Li09,MLt4,1,1,0,0,2,2,0,0
Tlp14,LMt2,1,1,0,0,2,2,0,0
PDt,CT1,1,1,0,0,2,2,0,0
PDt,Tm8a,1,1,0,0,2,2,0,0
PDt,T1,1,1,0,0,2,2,0,0
Sm12,MLt1,1,1,0,0,2,2,0,0
Sm12,L3,1,1,0,0,2,2,0,0
Li07,cM07,1,1,0,0,2,2,0,0
T5d,Tm34,1,1,0,0,2,2,0,0
Sm04,Tm5a,1,1,0,0,2,2,0,0
Mi14,cML01,1,1,0,0,2,2,0,0
Y3,LTe28,1,1,0,0,2,2,0,0
Pm01,TmY9q⊥,1,1,0,0,2,2,0,0
TmY31,MeTu3a,1,1,0,0,2,2,0,0
Li27,LT70,1,1,0,0,2,2,0,0
Li27,LT41,1,1,0,0,2,2,0,0
Li27,LTe03,1,1,0,0,2,2,0,0
Li27,LTe15,1,1,0,0,2,2,0,0
Li27,LTe36,1,1,0,0,2,2,0,0
Li27,LT66,1,1,0,0,2,2,0,0
Li27,Y11,1,1,0,0,2,2,0,0
Tm5d,MTe05,1,1,0,0,2,2,0,0
LMa2,LTe60,1,1,0,0,2,2,0,0
LMa2,LTe37,1,1,0,0,2,2,0,0
T2a,LC45,1,1,0,0,2,2,0,0
Tm27,MeTu3c,1,1,0,0,2,2,0,0
Tm37,LC12,1,1,0,0,2,2,0,0
Pm01,LMt2,1,1,0,0,2,2,0,0
LMa1,cL07,1,1,0,0,2,2,0,0
T4d,Tm5e,1,1,0,0,2,2,0,0
Dm8a,CB0816,1,1,0,0,2,2,0,0
Li12,cL04,1,1,0,0,2,2,0,0
Li12,Sm29,1,1,0,0,2,2,0,0
Li12,LTe18,1,1,0,0,2,2,0,0
Sm02,cLM01,1,1,0,0,2,2,0,0
Tm16,LTe71,1,1,0,0,2,2,0,0
LMa1,Pm12,1,1,0,0,2,2,0,0
L3,Dm16,1,1,0,0,2,2,0,0
Dm13,OA-AL2i1,1,1,0,0,2,2,0,0
TmY4,LPT45_dCal1,1,1,0,0,2,2,0,0
Lawf1,Sm39,1,1,0,0,2,2,0,0
Lawf1,MeMe_e07,1,1,0,0,2,2,0,0
LMa4,MLt1,1,1,0,0,2,2,0,0
LMa4,Li11,1,1,0,0,2,2,0,0
Tm31,Li07,1,1,0,0,2,2,0,0
LLPt,LTe44,1,1,0,0,2,2,0,0
Tlp5,LT83,1,1,0,0,2,2,0,0
Tlp5,LTe21,1,1,0,0,2,2,0,0
Tlp5,LC36,1,1,0,0,2,2,0,0
LMt4,Tm7,1,1,0,0,2,2,0,0
Li15,Tm5e,1,1,0,0,2,2,0,0
Li15,Y3,1,1,0,0,2,2,0,0
Li15,LCe06,1,1,0,0,2,2,0,0
T2,LPC1,1,1,0,0,2,2,0,0
Tm5a,MeTu3c,1,1,0,0,2,2,0,0
Pm12,Mi2,1,1,0,0,2,2,0,0
Tm5c,Sm14,1,1,0,0,2,2,0,0
C3,MTe13,1,1,0,0,2,2,0,0
LMa2,Sm04,1,1,0,0,2,2,0,0
Sm18,Tm36,1,1,0,0,2,2,0,0
T4d,VCH,1,1,0,0,2,2,0,0
T4d,mALC3,1,1,0,0,2,2,0,0
Tm4,LLPC4,1,1,0,0,2,2,0,0
T1,Mi2,1,1,0,0,2,2,0,0
Mi9,Sm22,1,1,0,0,2,2,0,0
Tlp1,LC36,1,1,0,0,2,2,0,0
Tlp1,cML01,1,1,0,0,2,2,0,0
Dm15,PDt,1,1,0,0,2,2,0,0
Mi10,LMt2,1,1,0,0,2,2,0,0
Sm10,TmY11,1,1,0,0,2,2,0,0
Sm10,MTe46,1,1,0,0,2,2,0,0
Sm26,cM08b,1,1,0,0,2,2,0,0
Dm19,MLt1,1,1,0,0,2,2,0,0
Li14,Li10,1,1,0,0,2,2,0,0
Sm16,MeMe_e06,1,1,0,0,2,2,0,0
Tm9,MTe07,1,1,0,0,2,2,0,0
Li08,cL18,1,1,0,0,2,2,0,0
Li15,LLPC2,1,1,0,0,2,2,0,0
Tm16,MTe42,1,1,0,0,2,2,0,0
Sm09,MTe17,1,1,0,0,2,2,0,0
MLt2,LCe07,1,1,0,0,2,2,0,0
Sm13,cM17,1,1,0,0,2,2,0,0
Sm13,Y3,1,1,0,0,2,2,0,0
Sm04,MLt2,1,1,0,0,2,2,0,0
Dm3p,Sm08,1,1,0,0,2,2,0,0
TmY4,LC27,1,1,0,0,2,2,0,0
Sm31,MeTu4b,1,1,0,0,2,2,0,0
Sm31,MTe46,1,1,0,0,2,2,0,0
LMt2,TmY20,1,1,0,0,2,2,0,0
Sm22,Sm25,1,1,0,0,2,2,0,0
Sm22,MTe47,1,1,0,0,2,2,0,0
Li09,Li21,1,1,0,0,2,2,0,0
MLt5,PLP251,1,1,0,0,2,2,0,0
LMa5,cL03,1,1,0,0,2,2,0,0
Tlp4,LT41,1,1,0,0,2,2,0,0
Tlp4,LMa1,1,1,0,0,2,2,0,0
LLPt,LC44,1,1,0,0,2,2,0,0
Tm5f,LTe15,1,1,0,0,2,2,0,0
LMt4,MTe47,1,1,0,0,2,2,0,0
LMt4,LCe07,1,1,0,0,2,2,0,0
LMt4,T4a,1,1,0,0,2,2,0,0
Tm32,Tm5c,1,1,0,0,2,2,0,0
LMt3,Tm8b,1,1,0,0,2,2,0,0
LMt3,Tm33,1,1,0,0,2,2,0,0
MLt2,Sm08,1,1,0,0,2,2,0,0
MLt2,LTe05,1,1,0,0,2,2,0,0
Tm8b,CB0143,1,1,0,0,2,2,0,0
T4a,Tm1,1,1,0,0,2,2,0,0
Sm38,Sm19,1,1,0,0,2,2,0,0
Sm38,MTe36,1,1,0,0,2,2,0,0
Sm38,Sm33,1,1,0,0,2,2,0,0
Sm38,aMe25,1,1,0,0,2,2,0,0
Tm25,Dm4,1,1,0,0,2,2,0,0
Dm2,LMa4,1,1,0,0,2,2,0,0
Li13,LLPC2,1,1,0,0,2,2,0,0
Li13,LT61a,1,1,0,0,2,2,0,0
Li13,LTe45,1,1,0,0,2,2,0,0
Sm15,Tm21,1,1,0,0,2,2,0,0
Y1,MTe53,1,1,0,0,2,2,0,0
Sm34,Sm38,1,1,0,0,2,2,0,0
Sm34,MLt5,1,1,0,0,2,2,0,0
Sm34,MTe49,1,1,0,0,2,2,0,0
Tm31,T5b,1,1,0,0,2,2,0,0
LLPt,cLP05,1,1,0,0,2,2,0,0
LLPt,MeMe_e08,1,1,0,0,2,2,0,0
Li04,CB0734,1,1,0,0,2,2,0,0
Li04,LTe68,1,1,0,0,2,2,0,0
Li10,LTe60,1,1,0,0,2,2,0,0
MLt5,LTe33,1,1,0,0,2,2,0,0
Li12,cL20,1,1,0,0,2,2,0,0
Mi1,MTe13,1,1,0,0,2,2,0,0
L1,Tm31,1,1,0,0,2,2,0,0
Y12,LT82a,1,1,0,0,2,2,0,0
T2,Dm12,1,1,0,0,2,2,0,0
Sm05,Sm26,1,1,0,0,2,2,0,0
Tm8a,LCe01a,1,1,0,0,2,2,0,0
Sm03,Sm02,1,1,0,0,2,2,0,0
TmY10,MTe13,1,1,0,0,2,2,0,0
Tm5a,Pm03,1,1,0,0,2,2,0,0
Mi4,DNc01,1,1,0,0,2,2,0,0
Li13,LTe46,1,1,0,0,2,2,0,0
Sm40,Sm18,1,1,0,0,2,2,0,0
Sm40,Mi13,1,1,0,0,2,2,0,0
Sm40,MTe53,1,1,0,0,2,2,0,0
Sm40,MTe08,1,1,0,0,2,2,0,0
Li05,OA-ASM1,1,1,0,0,2,2,0,0
Sm17,Pm14,1,1,0,0,2,2,0,0
Tm5c,LTe65,1,1,0,0,2,2,0,0
Dm10,MTe41,1,1,0,0,2,2,0,0
Tm37,TmY9q,1,1,0,0,2,2,0,0
TmY9q,LTe38c,1,1,0,0,2,2,0,0
TmY10,LC35,1,1,0,0,2,2,0,0
T5a,LC12,1,1,0,0,2,2,0,0
T5a,LC21,1,1,0,0,2,2,0,0
Dm8a,aMe4,1,1,0,0,2,2,0,0
Li14,LCe07,1,1,0,0,2,2,0,0
TmY16,LTe12,1,1,0,0,2,2,0,0
Pm02,CB0592,1,1,0,0,2,2,0,0
Tm5a,Mi14,1,1,0,0,2,2,0,0
Sm07,cM14,1,1,0,0,2,2,0,0
MLt2,Sm31,1,1,0,0,2,2,0,0
MLt2,Sm10,1,1,0,0,2,2,0,0
L3,MLt7,1,1,0,0,2,2,0,0
Tm25,LC19,1,1,0,0,2,2,0,0
Mi15,Dm6,1,1,0,0,2,2,0,0
Li11,LPT04_HST,1,1,0,0,2,2,0,0
Tm32,MTe19,1,1,0,0,2,2,0,0
Tm5d,MTe53,1,1,0,0,2,2,0,0
Dm3p,Tm35,1,1,0,0,2,2,0,0
Tm21,MTe43,1,1,0,0,2,2,0,0
Tm2,cL21,1,1,0,0,2,2,0,0
Tm5c,aMe3,1,1,0,0,2,2,0,0
Tm16,LT62,1,1,0,0,2,2,0,0
Tm16,aMe24,1,1,0,0,2,2,0,0
Tm9,Sm02,1,1,0,0,2,2,0,0
Tm5f,MeTu4c,1,1,0,0,2,2,0,0
Mi4,cLLPM01,1,1,0,0,2,2,0,0
Sm31,MTe14,1,1,0,0,2,2,0,0
TmY9q,LTe38a,1,1,0,0,2,2,0,0
Y12,MTe52,1,1,0,0,2,2,0,0
Tm4,MC65,1,1,0,0,2,2,0,0
Li21,LT64,1,1,0,0,2,2,0,0
Li21,OA-AL2i1,1,1,0,0,2,2,0,0
Sm11,MTe30,1,1,0,0,2,2,0,0
Sm11,Tm35,1,1,0,0,2,2,0,0
Sm11,aMe5,1,1,0,0,2,2,0,0
Sm11,Tm5d,1,1,0,0,2,2,0,0
Dm16,MeTu3c,1,1,0,0,2,2,0,0
LMa3,LC22,1,1,0,0,2,2,0,0
TmY11,T4c,1,1,0,0,2,2,0,0
TmY11,MTe50,1,1,0,0,2,2,0,0
LMa3,LC36,1,1,0,0,2,2,0,0
LMa3,MTe03,1,1,0,0,2,2,0,0
LMa3,LC25,1,1,0,0,2,2,0,0
Sm18,LMa5,1,1,0,0,2,2,0,0
Tm35,LC10f,1,1,0,0,2,2,0,0
Li02,LT67,1,1,0,0,2,2,0,0
LMt1,Pm01,1,1,0,0,2,2,0,0
Sm05,Sm36,1,1,0,0,2,2,0,0
TmY15,Sm04,1,1,0,0,2,2,0,0
LMa2,Sm13,1,1,0,0,2,2,0,0
T4d,LPi03,1,1,0,0,2,2,0,0
MLt5,LC33a,1,1,0,0,2,2,0,0
LMa1,Pm13,1,1,0,0,2,2,0,0
Tlp1,LC20a,1,1,0,0,2,2,0,0
Sm07,TmY9q⊥,1,1,0,0,2,2,0,0
Tm32,LTe65,1,1,0,0,2,2,0,0
Tm32,Pm10,1,1,0,0,2,2,0,0
Tm32,Sm34,1,1,0,0,2,2,0,0
Tm34,LC33a,1,1,0,0,2,2,0,0
Li06,LTe42a,1,1,0,0,2,2,0,0
Y1,LC9,1,1,0,0,2,2,0,0
Li08,LMa3,1,1,0,0,2,2,0,0
Sm31,MTe25,1,1,0,0,2,2,0,0
MLt7,PDt,1,1,0,0,2,2,0,0
MLt7,Li32,1,1,0,0,2,2,0,0
Tm9,Li05,1,1,0,0,2,2,0,0
Y12,cLP05,1,1,0,0,2,2,0,0
Li14,MeTu4a,1,1,0,0,2,2,0,0
TmY15,aMe4,1,1,0,0,2,2,0,0
Sm10,MTe40,1,1,0,0,2,2,0,0
TmY4,MTe33,1,1,0,0,2,2,0,0
Li16,Tm5a,1,1,0,0,2,2,0,0
Sm20,Sm12,1,1,0,0,2,2,0,0
Tm32,mALD1,1,1,0,0,2,2,0,0
Dm9,TmY4,1,1,0,0,2,2,0,0
MLt1,Dm4,1,1,0,0,2,2,0,0
TmY4,cLLPM02,1,1,0,0,2,2,0,0
TmY4,MTe52,1,1,0,0,2,2,0,0
R7,Tm2,1,1,0,0,2,2,0,0
Sm13,cM15,1,1,0,0,2,2,0,0
LMt4,T4d,1,1,0,0,2,2,0,0
LMt4,Li03,1,1,0,0,2,2,0,0
TmY15,cML02,1,1,0,0,2,2,0,0
Tm7,LTe46,1,1,0,0,2,2,0,0
MLt8,Pm14,1,1,0,0,2,2,0,0
Y4,cL02b,1,1,0,0,2,2,0,0
Sm05,L1,1,1,0,0,2,2,0,0
Y4,LT69,1,1,0,0,2,2,0,0
L3,Sm39,1,1,0,0,2,2,0,0
Pm03,5-HTPMPV03,1,1,0,0,2,2,0,0
Tlp1,cMLLP01,1,1,0,0,2,2,0,0
Mi4,MTe01a,1,1,0,0,2,2,0,0
MLt1,PLP155,1,1,0,0,2,2,0,0
Tm36,MeTu4c,1,1,0,0,2,2,0,0
Li11,TmY31,1,1,0,0,2,2,0,0
TmY14,MTe42,1,1,0,0,2,2,0,0
Li14,LMa2,1,1,0,0,2,2,0,0
MLt2,LT37,1,1,0,0,2,2,0,0
Li10,cL18,1,1,0,0,2,2,0,0
Tm5f,cL18,1,1,0,0,2,2,0,0
Tm33,LTe55,1,1,0,0,2,2,0,0
Tm5a,LT53,1,1,0,0,2,2,0,0
TmY9q,Sm02,1,1,0,0,2,2,0,0
MLt8,TmY31,1,1,0,0,2,2,0,0
MLt8,LT63,1,1,0,0,2,2,0,0
MLt8,LC20a,1,1,0,0,2,2,0,0
Mi13,Tm31,1,1,0,0,2,2,0,0
Mi13,MTe03,1,1,0,0,2,2,0,0
Mi13,Sm11,1,1,0,0,2,2,0,0
TmY10,Sm19,1,1,0,0,2,2,0,0
Tm5e,LMTe01,1,1,0,0,2,2,0,0
TmY10,T5b,1,1,0,0,2,2,0,0
TmY10,L3,1,1,0,0,2,2,0,0
Sm33,aMe26,1,1,0,0,2,2,0,0
Sm33,Tm5b,1,1,0,0,2,2,0,0
Sm33,Mi15,1,1,0,0,2,2,0,0
Sm33,cM08b,1,1,0,0,2,2,0,0
Sm10,Mi1,1,1,0,0,2,2,0,0
Pm14,DNp30,1,1,0,0,2,2,0,0
Pm14,MTe10,1,1,0,0,2,2,0,0
Pm14,Sm36,1,1,0,0,2,2,0,0
Pm14,Dm20,1,1,0,0,2,2,0,0
Pm14,OA-AL2i4,1,1,0,0,2,2,0,0
Pm14,MTe02,1,1,0,0,2,2,0,0
Pm14,Sm33,1,1,0,0,2,2,0,0
Sm15,LTe71,1,1,0,0,2,2,0,0
Sm17,MTe04,1,1,0,0,2,2,0,0
TmY15,L1,1,1,0,0,2,2,0,0
Li11,MLt6,1,1,0,0,2,2,0,0
Tlp1,LT40,1,1,0,0,2,2,0,0
Tm25,Dm13,1,1,0,0,2,2,0,0
Tm7,LC31a,1,1,0,0,2,2,0,0
LMa2,LTe53,1,1,0,0,2,2,0,0
LMa2,cM10,1,1,0,0,2,2,0,0
LMa2,MTe50,1,1,0,0,2,2,0,0
Sm43,Pm13,1,1,0,0,2,2,0,0
Sm24,MLt7,1,1,0,0,2,2,0,0
Sm24,Dm9,1,1,0,0,2,2,0,0
Y3,cM16,1,1,0,0,2,2,0,0
T5c,DNc02,1,1,0,0,2,2,0,0
Sm02,C2,1,1,0,0,2,2,0,0
T1,Mi13,1,1,0,0,2,2,0,0
T5a,cMLLP02,1,1,0,0,2,2,0,0
T5a,MTe47,1,1,0,0,2,2,0,0
T2a,MTe11,1,1,0,0,2,2,0,0
LMt1,MeLp2,1,1,0,0,2,2,0,0
LMt1,Tlp4,1,1,0,0,2,2,0,0
Sm05,AVLP534,1,1,0,0,2,2,0,0
Li16,T5b,1,1,0,0,2,2,0,0
Li16,Li19,1,1,0,0,2,2,0,0
TmY4,LMt4,1,1,0,0,2,2,0,0
Li15,LTe05,1,1,0,0,2,2,0,0
TmY15,LT57,1,1,0,0,2,2,0,0
Li09,LCe08,1,1,0,0,2,2,0,0
Li09,LC45,1,1,0,0,2,2,0,0
Li06,cLPL01,1,1,0,0,2,2,0,0
TmY10,Sm23,1,1,0,0,2,2,0,0
Tm3,MLt5,1,1,0,0,2,2,0,0
Li02,Y12,1,1,0,0,2,2,0,0
Li03,Tlp4,1,1,0,0,2,2,0,0
Sm23,aMe6a,1,1,0,0,2,2,0,0
Sm07,TmY9q,1,1,0,0,2,2,0,0
LLPt,LC12,1,1,0,0,2,2,0,0
LLPt,LTe49f,1,1,0,0,2,2,0,0
Pm05,Sm02,1,1,0,0,2,2,0,0
Pm14,LPLC2,1,1,0,0,2,2,0,0
Pm14,MeMe_e02,1,1,0,0,2,2,0,0
Pm14,LPT04_HST,1,1,0,0,2,2,0,0
Pm14,MTe03,1,1,0,0,2,2,0,0
Pm14,Mi1,1,1,0,0,2,2,0,0
Pm14,cM10,1,1,0,0,2,2,0,0
Pm14,MLt8,1,1,0,0,2,2,0,0
Pm14,cM08a,1,1,0,0,2,2,0,0
Pm14,L3,1,1,0,0,2,2,0,0
Pm14,Sm24,1,1,0,0,2,2,0,0
Pm14,Tm5e,1,1,0,0,2,2,0,0
TmY10,LT47,1,1,0,0,2,2,0,0
Pm05,cM07,1,1,0,0,2,2,0,0
LMt3,LCe01a,1,1,0,0,2,2,0,0
LMt3,Tm5c,1,1,0,0,2,2,0,0
Dm8a,Sm11,1,1,0,0,2,2,0,0
Dm12,MeMe_e05,1,1,0,0,2,2,0,0
Sm18,Sm03,1,1,0,0,2,2,0,0
LMt2,MTe53,1,1,0,0,2,2,0,0
Tm8b,LT11,1,1,0,0,2,2,0,0
Tm31,LTe05,1,1,0,0,2,2,0,0
Mi1,Tlp4,1,1,0,0,2,2,0,0
Li01,cL06,1,1,0,0,2,2,0,0
LMt3,Li14,1,1,0,0,2,2,0,0
LMt3,LCe09,1,1,0,0,2,2,0,0
Lawf1,Sm01,1,1,0,0,2,2,0,0
LMa4,LCe06,1,1,0,0,2,2,0,0
Tm5f,cL14,1,1,0,0,2,2,0,0
Tm5b,OA-AL2i1,1,1,0,0,2,2,0,0
Sm27,MTe31,1,1,0,0,2,2,0,0
Sm27,aMe19b,1,1,0,0,2,2,0,0
Lawf2,aMe4,1,1,0,0,2,2,0,0
Tm9,Pm08,1,1,0,0,2,2,0,0
Tm35,MTe26,1,1,0,0,2,2,0,0
Tm8b,LTe28,1,1,0,0,2,2,0,0
Tm27,Li18,1,1,0,0,2,2,0,0
TmY16,cLLPM02,1,1,0,0,2,2,0,0
L2,Tm27,1,1,0,0,2,2,0,0
T5d,cML01,1,1,0,0,2,2,0,0
Li17,Tm37,1,1,0,0,2,2,0,0
Sm10,Sm39,1,1,0,0,2,2,0,0
Pm09,DNc02,1,1,0,0,2,2,0,0
MLt5,Dm13,1,1,0,0,2,2,0,0
T5d,LPi12,1,1,0,0,2,2,0,0
Mi4,MeTu4d,1,1,0,0,2,2,0,0
Tm5e,MTe28,1,1,0,0,2,2,0,0
Tm25,LCe01a,1,1,0,0,2,2,0,0
Sm23,MTe25,1,1,0,0,2,2,0,0
Sm23,Tm7,1,1,0,0,2,2,0,0
Sm23,Sm35,1,1,0,0,2,2,0,0
Li08,LC44,1,1,0,0,2,2,0,0
Li08,LTe53,1,1,0,0,2,2,0,0
Tm3,LPi09,1,1,0,0,2,2,0,0
Li06,LC40,1,1,0,0,2,2,0,0
Li06,Y1,1,1,0,0,2,2,0,0
LPi02,Li26,1,1,0,0,2,2,0,0
MLt6,Sm25,1,1,0,0,2,2,0,0
Sm06,Tm4,1,1,0,0,2,2,0,0
Dm17,Lai,1,1,0,0,2,2,0,0
Tm2,Tlp4,1,1,0,0,2,2,0,0
Tm20,CB3089,1,1,0,0,2,2,0,0
MLt3,Tlp1,1,1,0,0,2,2,0,0
TmY10,MTe53,1,1,0,0,2,2,0,0
Tm27,MTe47,1,1,0,0,2,2,0,0
Tm2,LPT22,1,1,0,0,2,2,0,0
Sm23,Tm35,1,1,0,0,2,2,0,0
Sm23,MTe01a,1,1,0,0,2,2,0,0
T4b,Pm08,1,1,0,0,2,2,0,0
Dm11,Tm2,1,1,0,0,2,2,0,0
Tm5b,MLt3,1,1,0,0,2,2,0,0
Tm1,Tlp1,1,1,0,0,2,2,0,0
Dm9,MTe38,1,1,0,0,2,2,0,0
Li02,LCe08,1,1,0,0,2,2,0,0
Li02,LTe62,1,1,0,0,2,2,0,0
T4a,MeTu1,1,1,0,0,2,2,0,0
Tm5d,aMe17b,1,1,0,0,2,2,0,0
Tm21,Tm37,1,1,0,0,2,2,0,0
Tlp1,Pm14,1,1,0,0,2,2,0,0
Li08,Tm36,1,1,0,0,2,2,0,0
Li08,LT43,1,1,0,0,2,2,0,0
Pm06,MLt2,1,1,0,0,2,2,0,0
R7,Mi10,1,1,0,0,2,2,0,0
TmY14,LT66,1,1,0,0,2,2,0,0
LPi05,LC10a,1,1,0,0,2,2,0,0
LPi05,LPi08,1,1,0,0,2,2,0,0
Lawf2,TmY11,1,1,0,0,2,2,0,0
Mi15,Dm19,1,1,0,0,2,2,0,0
Sm21,MTe35,1,1,0,0,2,2,0,0
Sm21,Tm34,1,1,0,0,2,2,0,0
Sm21,Tm36,1,1,0,0,2,2,0,0
C3,MeTu1,1,1,0,0,2,2,0,0
Sm06,Sm24,1,1,0,0,2,2,0,0
Sm11,MTe50,1,1,0,0,2,2,0,0
Sm11,TmY14,1,1,0,0,2,2,0,0
Dm3v,Dm4,1,1,0,0,2,2,0,0
Sm02,TmY3,1,1,0,0,2,2,0,0
TmY5a,VS6,1,1,0,0,2,2,0,0
MLt7,Sm25,1,1,0,0,2,2,0,0
MLt7,MeTu2a,1,1,0,0,2,2,0,0
TmY11,VST2,1,1,0,0,2,2,0,0
TmY9q,LT67,1,1,0,0,2,2,0,0
Li11,LTe19,1,1,0,0,2,2,0,0
Tm5b,MeTu4c,1,1,0,0,2,2,0,0
Sm36,Mi9,1,1,0,0,2,2,0,0
Sm36,cM14,1,1,0,0,2,2,0,0
Sm36,Y3,1,1,0,0,2,2,0,0
Sm36,MTe54,1,1,0,0,2,2,0,0
Sm36,Mi1,1,1,0,0,2,2,0,0
TmY15,cL09,1,1,0,0,2,2,0,0
Y11,LC6,1,1,0,0,2,2,0,0
T4b,Sm42,1,1,0,0,2,2,0,0
Li01,Y12,1,1,0,0,2,2,0,0
Sm09,MTe34,1,1,0,0,2,2,0,0
TmY9q⊥,Li04,1,1,0,0,2,2,0,0
TmY4,LTe33,1,1,0,0,2,2,0,0
Tm7,MTe27,1,1,0,0,2,2,0,0
Tm21,Dm17,1,1,0,0,2,2,0,0
Tm16,MTe53,1,1,0,0,2,2,0,0
Tm5a,LTe21,1,1,0,0,2,2,0,0
Mi2,Sm42,1,1,0,0,2,2,0,0
Tm5e,Pm08,1,1,0,0,2,2,0,0
Tm5e,MeTu2a,1,1,0,0,2,2,0,0
Tm21,MTe51,1,1,0,0,2,2,0,0
Li12,cL02b,1,1,0,0,2,2,0,0
Li12,MTe01a,1,1,0,0,2,2,0,0
Sm22,Mi10,1,1,0,0,2,2,0,0
MLt1,LT66,1,1,0,0,2,2,0,0
MLt1,LMt4,1,1,0,0,2,2,0,0
MLt1,LT81,1,1,0,0,2,2,0,0
Dm16,CB0816,1,1,0,0,2,2,0,0
Tm20,cL16,1,1,0,0,2,2,0,0
TmY5a,AVLP534,1,1,0,0,2,2,0,0
Tlp14,Li31,1,1,0,0,2,2,0,0
Sm22,cMLLP01,1,1,0,0,2,2,0,0
Sm05,Tm20,1,1,0,0,2,2,0,0
Tm5c,Tm34,1,1,0,0,2,2,0,0
MLt4,MeTu1,1,1,0,0,2,2,0,0
Mi2,cM07,1,1,0,0,2,2,0,0
LMa5,LTe13,1,1,0,0,2,2,0,0
Sm09,MTe16,1,1,0,0,2,2,0,0
Sm09,MeMe_e03,1,1,0,0,2,2,0,0
Tm5a,R7,1,1,0,0,2,2,0,0
TmY10,MTe32,1,1,0,0,2,2,0,0
Tm33,Lawf1,1,1,0,0,2,2,0,0
Tm33,Tm25,1,1,0,0,2,2,0,0
Sm15,Mi14,1,1,0,0,2,2,0,0
T5a,CB0592,1,1,0,0,2,2,0,0
MLt7,MTe29,1,1,0,0,2,2,0,0
TmY5a,Lat,1,1,0,0,2,2,0,0
Lawf2,Dm1,1,1,0,0,2,2,0,0
TmY11,Sm22,1,1,0,0,2,2,0,0
Li18,LC14a1,1,1,0,0,2,2,0,0
Tm36,LT76,1,1,0,0,2,2,0,0
TmY3,mALC5,1,1,0,0,2,2,0,0
Li17,LLPC1,1,1,0,0,2,2,0,0
Tm33,cM07,1,1,0,0,2,2,0,0
Tm33,Mi2,1,1,0,0,2,2,0,0
Y4,LPi06,1,1,0,0,2,2,0,0
Li05,LTe33,1,1,0,0,2,2,0,0
Li05,PLP251,1,1,0,0,2,2,0,0
Li05,LTe40,1,1,0,0,2,2,0,0
Sm01,TmY11,1,1,0,0,2,2,0,0
Lawf2,Sm30,1,1,0,0,2,2,0,0
Tlp4,Tm31,1,1,0,0,2,2,0,0
Tm25,L3,1,1,0,0,2,2,0,0
Dm11,T1,1,1,0,0,2,2,0,0
Dm11,aMe3,1,1,0,0,2,2,0,0
Tm34,Sm04,1,1,0,0,2,2,0,0
Tm34,MTe04,1,1,0,0,2,2,0,0
R7,MeMe_e07,1,1,0,0,2,2,0,0
T2,LPi05,1,1,0,0,2,2,0,0
Y11,PDt,1,1,0,0,2,2,0,0
Tm8b,MTe46,1,1,0,0,2,2,0,0
Pm05,MeTu4b,1,1,0,0,2,2,0,0
T2,Sm12,1,1,0,0,2,2,0,0
L1,Tm5f,1,1,0,0,2,2,0,0
TmY11,Dm8b,1,1,0,0,2,2,0,0
Sm27,Sm28,1,1,0,0,2,2,0,0
Sm27,Mi2,1,1,0,0,2,2,0,0
Tlp5,OA-ASM1,1,1,0,0,2,2,0,0
Tlp5,cL08,1,1,0,0,2,2,0,0
TmY3,vCal1,1,1,0,0,2,2,0,0
Pm11,C2,1,1,0,0,2,2,0,0
Li10,LT1b,1,1,0,0,2,2,0,0
TmY3,HSN,1,1,0,0,2,2,0,0
Tm5b,cL19,1,1,0,0,2,2,0,0
Sm14,MeTu4d,1,1,0,0,2,2,0,0
Dm9,MeMe_e10,1,1,0,0,2,2,0,0
TmY10,LPi08,1,1,0,0,2,2,0,0
Sm06,Sm19,1,1,0,0,2,2,0,0
TmY5a,Dm8b,1,1,0,0,2,2,0,0
TmY5a,aMe17b,1,1,0,0,2,2,0,0
Mi1,aMe12,1,1,0,0,2,2,0,0
Pm02,TmY10,1,1,0,0,2,2,0,0
MLt4,Li09,1,1,0,0,2,2,0,0
LMa1,Tlp14,1,1,0,0,2,2,0,0
Dm20,L1,1,1,0,0,2,2,0,0
Tm16,cLLPM01,1,1,0,0,2,2,0,0
Dm2,MTe24,1,1,0,0,2,2,0,0
Sm02,Sm04,1,1,0,0,2,2,0,0
Sm10,Pm10,1,1,0,0,2,2,0,0
LMa4,LC16,1,1,0,0,2,2,0,0
LMa4,LC6,1,1,0,0,2,2,0,0
Sm11,Sm34,1,1,0,0,2,2,0,0
Pm02,LMt4,1,1,0,0,2,2,0,0
Li13,5-HTPMPV03,1,1,0,0,2,2,0,0
Sm14,Sm34,1,1,0,0,2,2,0,0
Li08,cL16,1,1,0,0,2,2,0,0
C3,aMe17a2,1,1,0,0,2,2,0,0
TmY10,cLM01,1,1,0,0,2,2,0,0
Sm14,Sm26,1,1,0,0,2,2,0,0
Sm14,Tm20,1,1,0,0,2,2,0,0
Tm5b,TmY16,1,1,0,0,2,2,0,0
Sm06,Sm23,1,1,0,0,2,2,0,0
LMa4,MTe39,1,1,0,0,2,2,0,0
LMa4,Y1,1,1,0,0,2,2,0,0
Mi4,TmY20,1,1,0,0,2,2,0,0
Li08,MeTu4c,1,1,0,0,2,2,0,0
Tm32,OA-AL2i4,1,1,0,0,2,2,0,0
MLt3,Mi10,1,1,0,0,2,2,0,0
C3,Tm5b,1,1,0,0,2,2,0,0
TmY3,LT87,1,1,0,0,2,2,0,0
Pm05,Dm9,1,1,0,0,2,2,0,0
Y12,LTe52,1,1,0,0,2,2,0,0
Y12,LMt4,1,1,0,0,2,2,0,0
Li10,aMe24,1,1,0,0,2,2,0,0
Sm20,Tm20,1,1,0,0,2,2,0,0
Li24,Y11,1,1,0,0,2,2,0,0
Li24,LTe38a,1,1,0,0,2,2,0,0
Tm16,cL02a,1,1,0,0,2,2,0,0
Tm20,LCe08,1,1,0,0,2,2,0,0
TmY10,MeTu4d,1,1,0,0,2,2,0,0
Dm11,Tm9,1,1,0,0,2,2,0,0
Sm32,Pm04,1,1,0,0,2,2,0,0
Sm32,cM15,1,1,0,0,2,2,0,0
Tm5e,MTe47,1,1,0,0,2,2,0,0
Sm15,MLt4,1,1,0,0,2,2,0,0
Tm33,TmY9q⊥,1,1,0,0,2,2,0,0
Tm33,Sm24,1,1,0,0,2,2,0,0
Tm33,Sm04,1,1,0,0,2,2,0,0
Dm1,DNc01,1,1,0,0,2,2,0,0
Dm1,TmY9q,1,1,0,0,2,2,0,0
Tm31,MTe40,1,1,0,0,2,2,0,0
TmY15,Dm16,1,1,0,0,2,2,0,0
Tm3,Sm07,1,1,0,0,2,2,0,0
Dm11,MTe33,1,1,0,0,2,2,0,0
Li01,LCe07,1,1,0,0,2,2,0,0
TmY9q,LC43,1,1,0,0,2,2,0,0
Sm04,MLt4,1,1,0,0,2,2,0,0
Tm9,LMt2,1,1,0,0,2,2,0,0
Tm5a,LCe03,1,1,0,0,2,2,0,0
Tm36,Tlp14,1,1,0,0,2,2,0,0
Sm08,MTe18,1,1,0,0,2,2,0,0
TmY15,aMe17c,1,1,0,0,2,2,0,0
Dm2,aMe17a2,1,1,0,0,2,2,0,0
TmY15,mALC5,1,1,0,0,2,2,0,0
LMa4,Lawf1,1,1,0,0,2,2,0,0
Dm8b,Sm04,1,1,0,0,2,2,0,0
MLt7,LTe69,1,1,0,0,2,2,0,0
Sm29,MTe22,1,1,0,0,2,2,0,0
Sm29,LT58,1,1,0,0,2,2,0,0
Sm29,Tm27,1,1,0,0,2,2,0,0
Sm29,MTe46,1,1,0,0,2,2,0,0
Sm29,cM01a,1,1,0,0,2,2,0,0
Dm13,Dm16,1,1,0,0,2,2,0,0
Tm21,MTe13,1,1,0,0,2,2,0,0
Sm07,MTe21,1,1,0,0,2,2,0,0
Sm20,L1,1,1,0,0,2,2,0,0
Tm8a,PLP215,1,1,0,0,2,2,0,0
Tm31,TmY3,1,1,0,0,2,2,0,0
Tm31,MeTu4c,1,1,0,0,2,2,0,0
Pm08,LPLC2,1,1,0,0,2,2,0,0
MLt8,LT55,1,1,0,0,2,2,0,0
MLt8,Li01,1,1,0,0,2,2,0,0
MLt8,Li18,1,1,0,0,2,2,0,0
TmY11,MTe13,1,1,0,0,2,2,0,0
TmY14,TmY9q,1,1,0,0,2,2,0,0
Tm16,LPT54,1,1,0,0,2,2,0,0
Tm16,Sm02,1,1,0,0,2,2,0,0
TmY31,cML01,1,1,0,0,2,2,0,0
TmY31,LTe13,1,1,0,0,2,2,0,0
TmY31,Li25,1,1,0,0,2,2,0,0
TmY31,LT82a,1,1,0,0,2,2,0,0
L5,MTe43,1,1,0,0,2,2,0,0
Tm9,H1,1,1,0,0,2,2,0,0
Tm36,LC27,1,1,0,0,2,2,0,0
Sm08,cML01,1,1,0,0,2,2,0,0
Tm35,TmY14,1,1,0,0,2,2,0,0
Tm27,DCH,1,1,0,0,2,2,0,0
Sm23,Sm36,1,1,0,0,2,2,0,0
Tm8b,Lawf1,1,1,0,0,2,2,0,0
MLt6,Tm25,1,1,0,0,2,2,0,0
MLt6,Li28,1,1,0,0,2,2,0,0
MLt6,OA-ASM1,1,1,0,0,2,2,0,0
Sm05,aMe9,1,1,0,0,2,2,0,0
LPi02,cLP01,1,1,0,0,2,2,0,0
TmY15,MTe08,1,1,0,0,2,2,0,0
MLt4,Li32,1,1,0,0,2,2,0,0
Tlp14,MeMe_e07,1,1,0,0,2,2,0,0
Tm5e,cM04,1,1,0,0,2,2,0,0
Sm04,OA-AL2i4,1,1,0,0,2,2,0,0
LMt2,Tm20,1,1,0,0,2,2,0,0
Y1,LC22,1,1,0,0,2,2,0,0
TmY16,Li25,1,1,0,0,2,2,0,0
Dm3q,Tm27,1,1,0,0,2,2,0,0
Li05,Li20,1,1,0,0,2,2,0,0
Li05,Li15,1,1,0,0,2,2,0,0
Li05,T3,1,1,0,0,2,2,0,0
Li13,Y12,1,1,0,0,2,2,0,0
TmY11,LTe36,1,1,0,0,2,2,0,0
Tm7,LLPC1,1,1,0,0,2,2,0,0
Pm03,Sm11,1,1,0,0,2,2,0,0
MLt3,Li26,1,1,0,0,2,2,0,0
Tm5f,CB2848,1,1,0,0,2,2,0,0
Sm30,Sm25,1,1,0,0,2,2,0,0
Sm30,Sm04,1,1,0,0,2,2,0,0
Sm30,MTe20,1,1,0,0,2,2,0,0
Dm13,Dm18,1,1,0,0,2,2,0,0
Sm04,cM17,1,1,0,0,2,2,0,0
CT1,Li25,1,1,0,0,2,2,0,0
CT1,Li24,1,1,0,0,2,2,0,0
CT1,Li06,1,1,0,0,2,2,0,0
CT1,Pm01,1,1,0,0,2,2,0,0
CT1,5-HTPMPV03,1,1,0,0,2,2,0,0
CT1,Tm37,1,1,0,0,2,2,0,0
CT1,Tm5a,1,1,0,0,2,2,0,0
CT1,LLPC1,1,1,0,0,2,2,0,0
CT1,TmY3,1,1,0,0,2,2,0,0
CT1,mALC3,1,1,0,0,2,2,0,0
CT1,LMa1,1,1,0,0,2,2,0,0
CT1,Pm02,1,1,0,0,2,2,0,0
CT1,Tm5b,1,1,0,0,2,2,0,0
Sm09,cLLPM02,1,1,0,0,2,2,0,0
Li08,LTe06,1,1,0,0,2,2,0,0
Li08,LCe04,1,1,0,0,2,2,0,0
TmY4,cM07,1,1,0,0,2,2,0,0
Pm09,Tm5c,1,1,0,0,2,2,0,0
MLt2,mALC5,1,1,0,0,2,2,0,0
Li17,Li22,1,1,0,0,2,2,0,0
Tm5d,cM14,1,1,0,0,2,2,0,0
TmY3,VST2,1,1,0,0,2,2,0,0
Dm3q,PDt,1,1,0,0,2,2,0,0
Li13,CB0472,1,1,0,0,2,2,0,0
TmY16,Tm8b,1,1,0,0,2,2,0,0
Tm33,cM15,1,1,0,0,2,2,0,0
TmY10,MTe30,1,1,0,0,2,2,0,0
Mi1,MeMe_e05,1,1,0,0,2,2,0,0
MLt3,Li03,1,1,0,0,2,2,0,0
Li17,MeTu2b,1,1,0,0,2,2,0,0
Sm10,5-HTPMPV03,1,1,0,0,2,2,0,0
LPi14,LC4,1,1,0,0,2,2,0,0
LPi14,LMa4,1,1,0,0,2,2,0,0
LPi14,LPTe01,1,1,0,0,2,2,0,0
TmY9q,MeTu3c,1,1,0,0,2,2,0,0
Dm15,cM07,1,1,0,0,2,2,0,0
Tm5e,cL19,1,1,0,0,2,2,0,0
Li09,LCe09,1,1,0,0,2,2,0,0
Li09,cL13,1,1,0,0,2,2,0,0
Tm5a,Y12,1,1,0,0,2,2,0,0
Tm27,cM15,1,1,0,0,2,2,0,0
TmY10,T4b,1,1,0,0,2,2,0,0
TmY10,LPT04_HST,1,1,0,0,2,2,0,0
Mi4,DNc02,1,1,0,0,2,2,0,0
Sm09,LPT54,1,1,0,0,2,2,0,0
Li17,AN_multi_125,1,1,0,0,2,2,0,0
Li28,Tlp4,1,1,0,0,2,2,0,0
Li28,LC34,1,1,0,0,2,2,0,0
Li28,LT85,1,1,0,0,2,2,0,0
Li28,cL15,1,1,0,0,2,2,0,0
Li28,DNp11,1,1,0,0,2,2,0,0
Li28,LT62,1,1,0,0,2,2,0,0
Li28,LTe64,1,1,0,0,2,2,0,0
Li28,LT80,1,1,0,0,2,2,0,0
Li28,LTe58,1,1,0,0,2,2,0,0
T5c,Li20,1,1,0,0,2,2,0,0
T5c,LC18,1,1,0,0,2,2,0,0
Sm04,Mi9,1,1,0,0,2,2,0,0
Dm10,Tm5d,1,1,0,0,2,2,0,0
TmY15,Mi15,1,1,0,0,2,2,0,0
TmY15,MTe07,1,1,0,0,2,2,0,0
Sm03,5-HTPMPV03,1,1,0,0,2,2,0,0
TmY3,cLP05,1,1,0,0,2,2,0,0
Tm33,Lawf2,1,1,0,0,2,2,0,0
Sm20,Mi2,1,1,0,0,2,2,0,0
Sm20,MTe48,1,1,0,0,2,2,0,0
Dm12,Tm36,1,1,0,0,2,2,0,0
Dm12,Sm07,1,1,0,0,2,2,0,0
Dm12,Dm8b,1,1,0,0,2,2,0,0
Dm12,MTe23,1,1,0,0,2,2,0,0
Dm12,MTe02,1,1,0,0,2,2,0,0
MLt3,LTe66,1,1,0,0,2,2,0,0
Dm8b,MeMe_e10,1,1,0,0,2,2,0,0
Y3,DNp30,1,1,0,0,2,2,0,0
LPi01,LPLC1,1,1,0,0,2,2,0,0
T5d,Tm16,1,1,0,0,2,2,0,0
LPi02,LPT04_HST,1,1,0,0,2,2,0,0
LMt1,LLPt,1,1,0,0,2,2,0,0
Tm25,LTe23,1,1,0,0,2,2,0,0
Tm32,LC20a,1,1,0,0,2,2,0,0
Tm32,MTe14,1,1,0,0,2,2,0,0
LLPt,LTe30,1,1,0,0,2,2,0,0
Sm18,MLt8,1,1,0,0,2,2,0,0
Lawf1,CB0816,1,1,0,0,2,2,0,0
T5d,MeLp2,1,1,0,0,2,2,0,0
Sm29,Mi9,1,1,0,0,2,2,0,0
Sm29,cM01b,1,1,0,0,2,2,0,0
Sm29,Tm5b,1,1,0,0,2,2,0,0
Li04,LTe45,1,1,0,0,2,2,0,0
Tm5d,MTe50,1,1,0,0,2,2,0,0
Li33,MTe05,1,1,0,0,2,2,0,0
Li33,MeTu1,1,1,0,0,2,2,0,0
Li33,Lat,1,1,0,0,2,2,0,0
Li33,LT36,1,1,0,0,2,2,0,0
Li33,Tlp1,1,1,0,0,2,2,0,0
Li33,LT42,1,1,0,0,2,2,0,0
Li33,LPT04_HST,1,1,0,0,2,2,0,0
Li33,cL06,1,1,0,0,2,2,0,0
Li33,cL22b,1,1,0,0,2,2,0,0
Li33,Li23,1,1,0,0,2,2,0,0
TmY14,Li32,1,1,0,0,2,2,0,0
Y12,LC14b,1,1,0,0,2,2,0,0
Y12,H1,1,1,0,0,2,2,0,0
Sm25,MTe37,1,1,0,0,2,2,0,0
Sm25,Tm21,1,1,0,0,2,2,0,0
TmY9q⊥,LT11,1,1,0,0,2,2,0,0
TmY9q⊥,TmY3,1,1,0,0,2,2,0,0
TmY10,MTe43,1,1,0,0,2,2,0,0
Sm08,cM01c,1,1,0,0,2,2,0,0
Dm3q,Dm9,1,1,0,0,2,2,0,0
TmY9q,T3,1,1,0,0,2,2,0,0
Sm06,Sm37,1,1,0,0,2,2,0,0
Tm27,Sm02,1,1,0,0,2,2,0,0
T4b,Tm5e,1,1,0,0,2,2,0,0
DmDRA2,Tm5c,1,1,0,0,2,2,0,0
DmDRA2,Tm7,1,1,0,0,2,2,0,0
DmDRA2,Tm8b,1,1,0,0,2,2,0,0
DmDRA2,Sm13,1,1,0,0,2,2,0,0
DmDRA2,Mi9,1,1,0,0,2,2,0,0
DmDRA2,aMe4,1,1,0,0,2,2,0,0
Li08,PLP155,1,1,0,0,2,2,0,0
Dm10,Sm20,1,1,0,0,2,2,0,0
Dm10,Tm33,1,1,0,0,2,2,0,0
Tm8b,LCe09,1,1,0,0,2,2,0,0
Y12,cM16,1,1,0,0,2,2,0,0
Y12,LC20b,1,1,0,0,2,2,0,0
Tm35,aMe17a2,1,1,0,0,2,2,0,0
Tm35,LTe09,1,1,0,0,2,2,0,0
Mi10,MTe11,1,1,0,0,2,2,0,0
T4b,Nod2,1,1,0,0,2,2,0,0
T5c,Tm5c,1,1,0,0,2,2,0,0
Y4,DNp27,1,1,0,0,2,2,0,0
PDt,MeTu4b,1,1,0,0,2,2,0,0
LMa5,TmY9q,1,1,0,0,2,2,0,0
MLt1,LTe33,1,1,0,0,2,2,0,0
Pm04,cML02,1,1,0,0,2,2,0,0
Pm04,Tm5c,1,1,0,0,2,2,0,0
Li05,LTe49e,1,1,0,0,2,2,0,0
LMa3,LTe10,1,1,0,0,2,2,0,0
LMa3,CB0592,1,1,0,0,2,2,0,0
LMa3,LT38,1,1,0,0,2,2,0,0
TmY5a,cLLPM01,1,1,0,0,2,2,0,0
Dm15,Dm2,1,1,0,0,2,2,0,0
TmY3,Li09,1,1,0,0,2,2,0,0
TmY5a,Li04,1,1,0,0,2,2,0,0
TmY15,Li01,1,1,0,0,2,2,0,0
Tm5a,LT85,1,1,0,0,2,2,0,0
LPi06,LPT57,1,1,0,0,2,2,0,0
LPi06,TmY4,1,1,0,0,2,2,0,0
R7,TmY4,1,1,0,0,2,2,0,0
Li17,Y4,1,1,0,0,2,2,0,0
Dm19,Tm3,1,1,0,0,2,2,0,0
Pm05,Sm03,1,1,0,0,2,2,0,0
Sm10,Tm34,1,1,0,0,2,2,0,0
Pm05,cM10,1,1,0,0,2,2,0,0
TmY9q,LTe25,1,1,0,0,2,2,0,0
Tm1,MeTu4a,1,1,0,0,2,2,0,0
TmY16,OA-AL2i2,1,1,0,0,2,2,0,0
Tm5a,Dm4,1,1,0,0,2,2,0,0
Dm12,cM06,1,1,0,0,2,2,0,0
Tm32,Tm4,1,1,0,0,2,2,0,0
Dm6,R7,1,1,0,0,2,2,0,0
Tm20,Dm17,1,1,0,0,2,2,0,0
Sm09,Dm3v,1,1,0,0,2,2,0,0
Sm39,Sm05,1,1,0,0,2,2,0,0
Sm39,Dm4,1,1,0,0,2,2,0,0
Sm39,Sm38,1,1,0,0,2,2,0,0
Sm39,MTe10,1,1,0,0,2,2,0,0
Sm39,aMe17a2,1,1,0,0,2,2,0,0
Sm31,MTe45,1,1,0,0,2,2,0,0
Sm31,Sm04,1,1,0,0,2,2,0,0
Tm8a,LTe13,1,1,0,0,2,2,0,0
Tm8a,Sm18,1,1,0,0,2,2,0,0
Li13,LTe54,1,1,0,0,2,2,0,0
Dm4,aMe3,1,1,0,0,2,2,0,0
Tm3,Li07,1,1,0,0,2,2,0,0
MLt2,Lawf2,1,1,0,0,2,2,0,0
Sm35,Pm10,1,1,0,0,2,2,0,0
Sm35,DNc01,1,1,0,0,2,2,0,0
Sm35,Sm22,1,1,0,0,2,2,0,0
Sm35,Sm09,1,1,0,0,2,2,0,0
Sm35,aMe12,1,1,0,0,2,2,0,0
Tlp5,LT39,1,1,0,0,2,2,0,0
Tlp5,HSE,1,1,0,0,2,2,0,0
Y4,LC20a,1,1,0,0,2,2,0,0
Dm8b,MTe35,1,1,0,0,2,2,0,0
L5,aMe19a,1,1,0,0,2,2,0,0
Tm5c,aMe17c,1,1,0,0,2,2,0,0
TmY9q,LTe33,1,1,0,0,2,2,0,0
Li21,TmY11,1,1,0,0,2,2,0,0
Tm8b,LTe52,1,1,0,0,2,2,0,0
Tm8b,LTe63,1,1,0,0,2,2,0,0
Tm5a,cL13,1,1,0,0,2,2,0,0
LLPt,Tm8b,1,1,0,0,2,2,0,0
Sm07,Li06,1,1,0,0,2,2,0,0
Li01,LTe48,1,1,0,0,2,2,0,0
Li01,LT61b,1,1,0,0,2,2,0,0
TmY31,DNg33,1,1,0,0,2,2,0,0
Y12,MTe42,1,1,0,0,2,2,0,0
MLt1,cM14,1,1,0,0,2,2,0,0
TmY16,MTe28,1,1,0,0,2,2,0,0
Tlp1,LT80,1,1,0,0,2,2,0,0
Tm7,Dm3v,1,1,0,0,2,2,0,0
Sm26,Dm10,1,1,0,0,2,2,0,0
Dm18,Mi15,1,1,0,0,2,2,0,0
Dm18,MTe43,1,1,0,0,2,2,0,0
Li24,cML01,1,1,0,0,2,2,0,0
Li24,TmY9q,1,1,0,0,2,2,0,0
Li24,LTe24,1,1,0,0,2,2,0,0
Li24,mALC4,1,1,0,0,2,2,0,0
Mi1,5-HTPMPV03,1,1,0,0,2,2,0,0
Sm19,T2,1,1,0,0,2,2,0,0
Tm37,MeMe_e02,1,1,0,0,2,2,0,0
Sm08,MTe48,1,1,0,0,2,2,0,0
Pm01,AVLP534,1,1,0,0,2,2,0,0
Dm9,TmY9q,1,1,0,0,2,2,0,0
TmY11,cLP05,1,1,0,0,2,2,0,0
Am1,VS4,1,1,0,0,2,2,0,0
Am1,Tm8b,1,1,0,0,2,2,0,0
Am1,TmY31,1,1,0,0,2,2,0,0
Am1,cMLLP02,1,1,0,0,2,2,0,0
Am1,Tm5c,1,1,0,0,2,2,0,0
Am1,MTe47,1,1,0,0,2,2,0,0
Am1,Tm31,1,1,0,0,2,2,0,0
Am1,LMt4,1,1,0,0,2,2,0,0
Tlp14,LT52,1,1,0,0,2,2,0,0
Tm7,PDt,1,1,0,0,2,2,0,0
Li12,cL10,1,1,0,0,2,2,0,0
Li12,MeTu3b,1,1,0,0,2,2,0,0
TmY16,Dm20,1,1,0,0,2,2,0,0
Y12,cL16,1,1,0,0,2,2,0,0
LMa1,Lawf1,1,1,0,0,2,2,0,0
Dm6,Dm20,1,1,0,0,2,2,0,0
Y11,LT77,1,1,0,0,2,2,0,0
Y11,Tm5b,1,1,0,0,2,2,0,0
Y11,Sm06,1,1,0,0,2,2,0,0
Tm36,MeTu3c,1,1,0,0,2,2,0,0
Tlp5,LC31c,1,1,0,0,2,2,0,0
Mi2,TmY20,1,1,0,0,2,2,0,0
Dm12,Sm02,1,1,0,0,2,2,0,0
Y12,cLP02,1,1,0,0,2,2,0,0
Mi10,cM04,1,1,0,0,2,2,0,0
Tm5f,MTe32,1,1,0,0,2,2,0,0
Tm5f,LPi02,1,1,0,0,2,2,0,0
Sm22,T2,1,1,0,0,2,2,0,0
Sm22,LMt2,1,1,0,0,2,2,0,0
Sm22,MTe09,1,1,0,0,2,2,0,0
Y3,LTe43,1,1,0,0,2,2,0,0
Tm34,LTe48,1,1,0,0,2,2,0,0
Tm5f,T5c,1,1,0,0,2,2,0,0
Sm07,MTe31,1,1,0,0,2,2,0,0
Tm7,LMt1,1,1,0,0,2,2,0,0
Tm7,LTe17,1,1,0,0,2,2,0,0
TmY9q,LCe02,1,1,0,0,2,2,0,0
TmY9q,MeTu4c,1,1,0,0,2,2,0,0
Tlp1,LC31b,1,1,0,0,2,2,0,0
L4,Sm02,1,1,0,0,2,2,0,0
Pm02,LMt2,1,1,0,0,2,2,0,0
Sm12,R8,1,1,0,0,2,2,0,0
LMt1,Tm31,1,1,0,0,2,2,0,0
TmY15,MTe46,1,1,0,0,2,2,0,0
L4,AN_multi_124,1,1,0,0,2,2,0,0
Sm22,MTe02,1,1,0,0,2,2,0,0
Sm22,LMt1,1,1,0,0,2,2,0,0
Sm08,Dm12,1,1,0,0,2,2,0,0
TmY20,Li07,1,1,0,0,2,2,0,0
MLt2,cM08a,1,1,0,0,2,2,0,0
DmDRA2,Tm5f,1,1,0,0,2,2,0,0
Pm07,LC12,1,1,0,0,2,2,0,0
T2a,cM16,1,1,0,0,2,2,0,0
Sm02,Mi14,1,1,0,0,2,2,0,0
Dm11,MTe48,1,1,0,0,2,2,0,0
Sm13,L3,1,1,0,0,2,2,0,0
Sm40,cM05,1,1,0,0,2,2,0,0
Sm40,TmY15,1,1,0,0,2,2,0,0
Sm40,MTe18,1,1,0,0,2,2,0,0
Sm40,LPT54,1,1,0,0,2,2,0,0
Sm40,MeTu4b,1,1,0,0,2,2,0,0
Sm25,Dm9,1,1,0,0,2,2,0,0
Sm25,TmY20,1,1,0,0,2,2,0,0
Sm12,Sm17,1,1,0,0,2,2,0,0
Sm12,DmDRA1,1,1,0,0,2,2,0,0
Li09,LTe58,1,1,0,0,2,2,0,0
Tm36,cLLP02,1,1,0,0,2,2,0,0
Tm36,LTe45,1,1,0,0,2,2,0,0
Dm11,OA-AL2i1,1,1,0,0,2,2,0,0
TmY31,LPi01,1,1,0,0,2,2,0,0
Sm03,Dm20,1,1,0,0,2,2,0,0
Y4,LTe03,1,1,0,0,2,2,0,0
Y4,LTe27,1,1,0,0,2,2,0,0
Tm27,HSS,1,1,0,0,2,2,0,0
Tm16,T4b,1,1,0,0,2,2,0,0
TmY5a,DNc02,1,1,0,0,2,2,0,0
Lawf2,TmY15,1,1,0,0,2,2,0,0
LPi02,MeLp2,1,1,0,0,2,2,0,0
Tm9,aMe5,1,1,0,0,2,2,0,0
Tm32,MeTu2a,1,1,0,0,2,2,0,0
Tm8b,Tm4,1,1,0,0,2,2,0,0
TmY10,LT75,1,1,0,0,2,2,0,0
Sm14,5-HTPMPV03,1,1,0,0,2,2,0,0
Mi14,LMt3,1,1,0,0,2,2,0,0
Dm3p,Lawf2,1,1,0,0,2,2,0,0
Tm9,Tm34,1,1,0,0,2,2,0,0
Tm34,TmY9q⊥,1,1,0,0,2,2,0,0
Tm8a,MTe37,1,1,0,0,2,2,0,0
Y3,LPT57,1,1,0,0,2,2,0,0
TmY9q⊥,Li26,1,1,0,0,2,2,0,0
Tm31,LTe01,1,1,0,0,2,2,0,0
Tm3,MTe07,1,1,0,0,2,2,0,0
TmY11,MTe18,1,1,0,0,2,2,0,0
TmY20,LCe01a,1,1,0,0,2,2,0,0
Dm18,MTe51,1,1,0,0,2,2,0,0
Pm06,LPT54,1,1,0,0,2,2,0,0
Sm06,Sm34,1,1,0,0,2,2,0,0
TmY5a,L3,1,1,0,0,2,2,0,0
Li17,Tm35,1,1,0,0,2,2,0,0
TmY20,LTe49b,1,1,0,0,2,2,0,0
Tm34,LLPC3,1,1,0,0,2,2,0,0
Tm34,LTe23,1,1,0,0,2,2,0,0
Li08,LPLC2,1,1,0,0,2,2,0,0
TmY16,LPT22,1,1,0,0,2,2,0,0
T4d,Tm5f,1,1,0,0,2,2,0,0
Sm31,Dm15,1,1,0,0,2,2,0,0
Sm31,Mi1,1,1,0,0,2,2,0,0
Sm31,TmY20,1,1,0,0,2,2,0,0
Li05,LPT04_HST,1,1,0,0,2,2,0,0
Tm2,Tm32,1,1,0,0,2,2,0,0
Tm5f,LTe35,1,1,0,0,2,2,0,0
TmY16,LT58,1,1,0,0,2,2,0,0
Sm31,MTe50,1,1,0,0,2,2,0,0
Sm16,LT58,1,1,0,0,2,2,0,0
Tm5a,cM15,1,1,0,0,2,2,0,0
Lawf1,Tm7,1,1,0,0,2,2,0,0
Li13,T2a,1,1,0,0,2,2,0,0
Li13,LTe32,1,1,0,0,2,2,0,0
Dm3p,Dm18,1,1,0,0,2,2,0,0
Li18,LTe33,1,1,0,0,2,2,0,0
Li18,LT73,1,1,0,0,2,2,0,0
Tm3,Tm35,1,1,0,0,2,2,0,0
Tm31,LLPC3,1,1,0,0,2,2,0,0
Tm31,DmDRA1,1,1,0,0,2,2,0,0
Dm9,MTe40,1,1,0,0,2,2,0,0
LPi12,LPT49,1,1,0,0,2,2,0,0
LPi12,LPT30,1,1,0,0,2,2,0,0
LPi12,Tm36,1,1,0,0,2,2,0,0
LPi12,TmY9q,1,1,0,0,2,2,0,0
LPi12,LPT47_vCal2,1,1,0,0,2,2,0,0
TmY3,LC35,1,1,0,0,2,2,0,0
Tm31,LT81,1,1,0,0,2,2,0,0
Tm31,Tm2,1,1,0,0,2,2,0,0
TmY16,LC10b,1,1,0,0,2,2,0,0
Y11,LTe08,1,1,0,0,2,2,0,0
Li20,LMt1,1,1,0,0,2,2,0,0
Li20,Li22,1,1,0,0,2,2,0,0
Li20,TmY5a,1,1,0,0,2,2,0,0
Li20,LT1b,1,1,0,0,2,2,0,0
Li06,LT78,1,1,0,0,2,2,0,0
TmY9q,mALC5,1,1,0,0,2,2,0,0
TmY20,LT73,1,1,0,0,2,2,0,0
Mi14,Sm31,1,1,0,0,2,2,0,0
Mi14,LMt4,1,1,0,0,2,2,0,0
LMa5,LPLC2,1,1,0,0,2,2,0,0
PDt,cML01,1,1,0,0,2,2,0,0
PDt,Dm9,1,1,0,0,2,2,0,0
PDt,l-LNv,1,1,0,0,2,2,0,0
PDt,aMe17a2,1,1,0,0,2,2,0,0
PDt,Pm13,1,1,0,0,2,2,0,0
PDt,cM05,1,1,0,0,2,2,0,0
Dm3v,L3,1,1,0,0,2,2,0,0
Tm3,LTe18,1,1,0,0,2,2,0,0
Dm1,Dm2,1,1,0,0,2,2,0,0
Pm05,DNp30,1,1,0,0,2,2,0,0
Sm10,cLLPM01,1,1,0,0,2,2,0,0
Tm5d,Sm10,1,1,0,0,2,2,0,0
Tlp1,LTe49f,1,1,0,0,2,2,0,0
LMa3,cLLPM01,1,1,0,0,2,2,0,0
Tm5c,OA-AL2b1,1,1,0,0,2,2,0,0
Sm33,MTe38,1,1,0,0,2,2,0,0
Sm33,Sm34,1,1,0,0,2,2,0,0
Sm33,Sm04,1,1,0,0,2,2,0,0
Sm33,aMe19b,1,1,0,0,2,2,0,0
Sm33,cM08c,1,1,0,0,2,2,0,0
Sm33,MTe10,1,1,0,0,2,2,0,0
Sm33,MTe03,1,1,0,0,2,2,0,0
Sm33,Tm21,1,1,0,0,2,2,0,0
TmY16,LPTe01,1,1,0,0,2,2,0,0
Li09,LMt1,1,1,0,0,2,2,0,0
Li09,Tm25,1,1,0,0,2,2,0,0
Tm2,LC39,1,1,0,0,2,2,0,0
LMa2,cML01,1,1,0,0,2,2,0,0
Li29,Li04,1,1,0,0,2,2,0,0
Li29,cL13,1,1,0,0,2,2,0,0
Li29,LC18,1,1,0,0,2,2,0,0
Li29,TmY16,1,1,0,0,2,2,0,0
Li29,LPLC2,1,1,0,0,2,2,0,0
Li29,LTe74,1,1,0,0,2,2,0,0
Li29,OA-AL2i1,1,1,0,0,2,2,0,0
Li29,5-HTPMPV03,1,1,0,0,2,2,0,0
Li29,Tm37,1,1,0,0,2,2,0,0
Li29,LT72,1,1,0,0,2,2,0,0
Li29,LTe33,1,1,0,0,2,2,0,0
Li29,Li08,1,1,0,0,2,2,0,0
Li29,LC43,1,1,0,0,2,2,0,0
Li29,LTe14,1,1,0,0,2,2,0,0
Li29,LLPC4,1,1,0,0,2,2,0,0
Li29,LT58,1,1,0,0,2,2,0,0
Li29,LT84,1,1,0,0,2,2,0,0
Li29,LT64,1,1,0,0,2,2,0,0
TmY3,Sm02,1,1,0,0,2,2,0,0
Sm07,DNc01,1,1,0,0,2,2,0,0
TmY4,Sm07,1,1,0,0,2,2,0,0
Tm3,aMe17c,1,1,0,0,2,2,0,0
TmY4,LT56,1,1,0,0,2,2,0,0
Tm34,cM14,1,1,0,0,2,2,0,0
Tm34,MTe29,1,1,0,0,2,2,0,0
Tm34,OA-AL2i4,1,1,0,0,2,2,0,0
Tm34,cLM01,1,1,0,0,2,2,0,0
Tm21,DNp27,1,1,0,0,2,2,0,0
Mi15,MeMe_e04,1,1,0,0,2,2,0,0
LMa2,MTe01a,1,1,0,0,2,2,0,0
LMt3,Li18,1,1,0,0,2,2,0,0
LMt3,LC14a2,1,1,0,0,2,2,0,0
LMt3,MLt1,1,1,0,0,2,2,0,0
Li15,Tm4,1,1,0,0,2,2,0,0
Mi9,cM17,1,1,0,0,2,2,0,0
Sm08,MTe23,1,1,0,0,2,2,0,0
Li22,LMa2,1,1,0,0,2,2,0,0
Sm18,MeMe_e06,1,1,0,0,2,2,0,0
LMa1,LLPt,1,1,0,0,2,2,0,0
LMa1,Li29,1,1,0,0,2,2,0,0
L5,MeTu4a,1,1,0,0,2,2,0,0
LMa5,DNp11,1,1,0,0,2,2,0,0
LMa5,Tm5e,1,1,0,0,2,2,0,0
Pm10,LPLC2,1,1,0,0,2,2,0,0
Pm08,AVLP534,1,1,0,0,2,2,0,0
LMa3,LPi01,1,1,0,0,2,2,0,0
LMa3,LPi07,1,1,0,0,2,2,0,0
LMa3,LCe08,1,1,0,0,2,2,0,0
MLt3,aMe12,1,1,0,0,2,2,0,0
MLt3,Tm5d,1,1,0,0,2,2,0,0
Dm2,OA-AL2i3,1,1,0,0,2,2,0,0
Sm10,Tm2,1,1,0,0,2,2,0,0
T4b,LPT53,1,1,0,0,2,2,0,0
Tm8b,LC9,1,1,0,0,2,2,0,0
Tm8b,Sm29,1,1,0,0,2,2,0,0
Tm8b,Sm24,1,1,0,0,2,2,0,0
Tm8b,LTe03,1,1,0,0,2,2,0,0
Sm29,MLt6,1,1,0,0,2,2,0,0
Sm29,Tm5a,1,1,0,0,2,2,0,0
Sm29,Sm05,1,1,0,0,2,2,0,0
Sm29,Pm13,1,1,0,0,2,2,0,0
Sm29,Tm8a,1,1,0,0,2,2,0,0
Sm29,MTe54,1,1,0,0,2,2,0,0
LMt4,Tlp14,1,1,0,0,2,2,0,0
Mi1,Tm31,1,1,0,0,2,2,0,0
DmDRA1,aMe6a,1,1,0,0,2,2,0,0
Sm04,Y3,1,1,0,0,2,2,0,0
Sm04,Mi14,1,1,0,0,2,2,0,0
Y1,Li14,1,1,0,0,2,2,0,0
T4c,Tm20,1,1,0,0,2,2,0,0
T4a,VSm,1,1,0,0,2,2,0,0
T2,Dm10,1,1,0,0,2,2,0,0
T2a,mALD2,1,1,0,0,2,2,0,0
Tm3,LT70,1,1,0,0,2,2,0,0
Li12,LC14b,1,1,0,0,2,2,0,0
Li12,Li32,1,1,0,0,2,2,0,0
TmY20,LPT49,1,1,0,0,2,2,0,0
T2a,CB0592,1,1,0,0,2,2,0,0
Tm5c,OA-AL2i1,1,1,0,0,2,2,0,0
TmY20,VST2,1,1,0,0,2,2,0,0
MLt2,cL19,1,1,0,0,2,2,0,0
Y12,LPi01,1,1,0,0,2,2,0,0
Tm21,MTe47,1,1,0,0,2,2,0,0
Tm35,LTe66,1,1,0,0,2,2,0,0
Mi10,cML01,1,1,0,0,2,2,0,0
Mi2,TmY16,1,1,0,0,2,2,0,0
TmY4,LTe60,1,1,0,0,2,2,0,0
Mi9,MeTu3b,1,1,0,0,2,2,0,0
Mi9,Sm41,1,1,0,0,2,2,0,0
LPi05,VS6,1,1,0,0,2,2,0,0
MLt1,LTe25,1,1,0,0,2,2,0,0
Sm14,TmY9q,1,1,0,0,2,2,0,0
Lat,MLt2,1,1,0,0,2,2,0,0
Lat,LTe42c,1,1,0,0,2,2,0,0
Lat,LT51,1,1,0,0,2,2,0,0
Lat,R1-6,1,1,0,0,2,2,0,0
Lat,Li03,1,1,0,0,2,2,0,0
Lat,TmY31,1,1,0,0,2,2,0,0
Sm34,Sm34,1,1,0,0,2,2,0,0
Sm34,MeTu4d,1,1,0,0,2,2,0,0
Tm27,vCal1,1,1,0,0,2,2,0,0
Tm36,LT64,1,1,0,0,2,2,0,0
Mi13,Y4,1,1,0,0,2,2,0,0
TmY10,Li18,1,1,0,0,2,2,0,0
LPi03,cLP03,1,1,0,0,2,2,0,0
TmY31,LCe09,1,1,0,0,2,2,0,0
Tm35,T2,1,1,0,0,2,2,0,0
Tm35,LT59,1,1,0,0,2,2,0,0
Tm1,H1,1,1,0,0,2,2,0,0
T5d,MeTu4a,1,1,0,0,2,2,0,0
TmY20,PLP215,1,1,0,0,2,2,0,0
DmDRA2,MeMe_e10,1,1,0,0,2,2,0,0
DmDRA2,Sm37,1,1,0,0,2,2,0,0
TmY4,LTe49f,1,1,0,0,2,2,0,0
Mi2,Tm33,1,1,0,0,2,2,0,0
Sm02,aMe4,1,1,0,0,2,2,0,0
Y4,LTe15,1,1,0,0,2,2,0,0
Y4,LTe64,1,1,0,0,2,2,0,0
Y4,LC45,1,1,0,0,2,2,0,0
Y4,Tm32,1,1,0,0,2,2,0,0
TmY9q⊥,cL18,1,1,0,0,2,2,0,0
Tm27,cL02c,1,1,0,0,2,2,0,0
Y1,LPi11,1,1,0,0,2,2,0,0
Tlp4,LTe11,1,1,0,0,2,2,0,0
TmY10,cM05,1,1,0,0,2,2,0,0
Tm35,Dm8b,1,1,0,0,2,2,0,0
Dm15,Tm37,1,1,0,0,2,2,0,0
Sm05,Pm06,1,1,0,0,2,2,0,0
Sm05,Pm08,1,1,0,0,2,2,0,0
TmY9q⊥,MTe08,1,1,0,0,2,2,0,0
Li05,LLPC4,1,1,0,0,2,2,0,0
Mi1,MTe31,1,1,0,0,2,2,0,0
LPi02,LPTe01,1,1,0,0,2,2,0,0
LPi02,LTe09,1,1,0,0,2,2,0,0
Y12,LPT22,1,1,0,0,2,2,0,0
TmY31,LPi12,1,1,0,0,2,2,0,0
LMa4,LPT31,1,1,0,0,2,2,0,0
LMa4,LPi14,1,1,0,0,2,2,0,0
Dm8a,MTe06,1,1,0,0,2,2,0,0
Dm11,Tm34,1,1,0,0,2,2,0,0
Pm10,MTe44,1,1,0,0,2,2,0,0
Pm10,Lawf1,1,1,0,0,2,2,0,0
Y3,LPi13,1,1,0,0,2,2,0,0
Li12,Li04,1,1,0,0,2,2,0,0
T5b,Tm35,1,1,0,0,2,2,0,0
TmY9q,Sm07,1,1,0,0,2,2,0,0
R7,MTe04,1,1,0,0,2,2,0,0
LMa5,Li10,1,1,0,0,2,2,0,0
TmY4,cL02c,1,1,0,0,2,2,0,0
Tm5c,LC10f,1,1,0,0,2,2,0,0
Y1,MTe13,1,1,0,0,2,2,0,0
TmY11,Sm17,1,1,0,0,2,2,0,0
Tm3,LT76,1,1,0,0,2,2,0,0
Sm32,Sm01,1,1,0,0,2,2,0,0
Sm32,Sm37,1,1,0,0,2,2,0,0
TmY4,cL22b,1,1,0,0,2,2,0,0
Dm20,Tm37,1,1,0,0,2,2,0,0
LPi11,Tm1,1,1,0,0,2,2,0,0
Tm5f,cL05,1,1,0,0,2,2,0,0
Sm21,Tm5e,1,1,0,0,2,2,0,0
Tm16,LT42,1,1,0,0,2,2,0,0
Tm16,cM08a,1,1,0,0,2,2,0,0
Li09,LMt3,1,1,0,0,2,2,0,0
Li09,LC46,1,1,0,0,2,2,0,0
Li01,LTe59,1,1,0,0,2,2,0,0
Sm06,MTe07,1,1,0,0,2,2,0,0
Pm06,MLt1,1,1,0,0,2,2,0,0
TmY3,aMe19a,1,1,0,0,2,2,0,0
Tm8b,MTe04,1,1,0,0,2,2,0,0
Tm8b,Mi2,1,1,0,0,2,2,0,0
Sm20,MeTu1,1,1,0,0,2,2,0,0
Sm20,Sm07,1,1,0,0,2,2,0,0
Tm7,Dm9,1,1,0,0,2,2,0,0
Li26,Tm25,1,1,0,0,2,2,0,0
Pm02,MTe44,1,1,0,0,2,2,0,0
Li02,LLPC2,1,1,0,0,2,2,0,0
TmY20,MTe49,1,1,0,0,2,2,0,0
Dm11,Sm24,1,1,0,0,2,2,0,0
Tm33,aMe4,1,1,0,0,2,2,0,0
Tm33,MTe01b,1,1,0,0,2,2,0,0
Tm5a,Sm18,1,1,0,0,2,2,0,0
MLt3,Li18,1,1,0,0,2,2,0,0
Sm09,Tm9,1,1,0,0,2,2,0,0
Tm33,MLt1,1,1,0,0,2,2,0,0
Tm33,Sm34,1,1,0,0,2,2,0,0
L4,cML01,1,1,0,0,2,2,0,0
Pm06,Mi10,1,1,0,0,2,2,0,0
Tm5a,LT34,1,1,0,0,2,2,0,0
Tm5e,CB2848,1,1,0,0,2,2,0,0
TmY9q,AN_multi_125,1,1,0,0,2,2,0,0
Pm04,MeTu4c,1,1,0,0,2,2,0,0
Tm27,MTe40,1,1,0,0,2,2,0,0
Dm20,LPT54,1,1,0,0,2,2,0,0
Dm20,MTe51,1,1,0,0,2,2,0,0
Dm20,Sm22,1,1,0,0,2,2,0,0
Dm20,Sm38,1,1,0,0,2,2,0,0
Dm20,Lat,1,1,0,0,2,2,0,0
Dm20,cM08c,1,1,0,0,2,2,0,0
Dm20,MTe08,1,1,0,0,2,2,0,0
Dm20,Sm41,1,1,0,0,2,2,0,0
Dm20,OA-AL2i4,1,1,0,0,2,2,0,0
TmY11,cM07,1,1,0,0,2,2,0,0
Tm8b,cL04,1,1,0,0,2,2,0,0
Li03,LLPC2,1,1,0,0,2,2,0,0
LPi09,L1,1,1,0,0,2,2,0,0
TmY20,T5c,1,1,0,0,2,2,0,0
Tm34,MTe06,1,1,0,0,2,2,0,0
Tm34,cLLP02,1,1,0,0,2,2,0,0
Dm3q,Sm01,1,1,0,0,2,2,0,0
T4b,HSS,1,1,0,0,2,2,0,0
TmY20,cL02a,1,1,0,0,2,2,0,0
LMa3,LPT48_vCal3,1,1,0,0,2,2,0,0
LMa3,Li19,1,1,0,0,2,2,0,0
LMa3,Li13,1,1,0,0,2,2,0,0
Y4,LC10c,1,1,0,0,2,2,0,0
TmY15,cLLPM01,1,1,0,0,2,2,0,0
Dm12,Dm14,1,1,0,0,2,2,0,0
Y1,LPT22,1,1,0,0,2,2,0,0
Y1,LT64,1,1,0,0,2,2,0,0
Mi10,aMe17a2,1,1,0,0,2,2,0,0
Sm06,MTe29,1,1,0,0,2,2,0,0
LMa5,cLLPM01,1,1,0,0,2,2,0,0
MLt4,Sm13,1,1,0,0,2,2,0,0
Sm32,MeTu4c,1,1,0,0,2,2,0,0
Sm32,MTe54,1,1,0,0,2,2,0,0
Sm01,C3,1,1,0,0,2,2,0,0
Sm10,MeMe_e07,1,1,0,0,2,2,0,0
LMa2,MTe02,1,1,0,0,2,2,0,0
LMa2,LTe38b,1,1,0,0,2,2,0,0
Tm20,LC33a,1,1,0,0,2,2,0,0
Sm14,Mi2,1,1,0,0,2,2,0,0
Sm14,MTe50,1,1,0,0,2,2,0,0
Sm14,Dm4,1,1,0,0,2,2,0,0
Sm23,MTe01b,1,1,0,0,2,2,0,0
Tm5e,Pm13,1,1,0,0,2,2,0,0
Tm9,LLPC2,1,1,0,0,2,2,0,0
Sm13,cML01,1,1,0,0,2,2,0,0
LPi05,LPT47_vCal2,1,1,0,0,2,2,0,0
Tm5e,PDt,1,1,0,0,2,2,0,0
Mi1,aMe17a2,1,1,0,0,2,2,0,0
Sm19,Lawf2,1,1,0,0,2,2,0,0
Dm9,aMe4,1,1,0,0,2,2,0,0
Dm9,MeMe_e07,1,1,0,0,2,2,0,0
Sm25,Pm08,1,1,0,0,2,2,0,0
Sm25,aMe17a1,1,1,0,0,2,2,0,0
Sm25,cM08b,1,1,0,0,2,2,0,0
Sm25,MTe01a,1,1,0,0,2,2,0,0
MLt3,MTe50,1,1,0,0,2,2,0,0
Tlp4,LC28a,1,1,0,0,2,2,0,0
Y4,LCe04,1,1,0,0,2,2,0,0
T5a,Nod5,1,1,0,0,2,2,0,0
T3,Lawf1,1,1,0,0,2,2,0,0
Sm23,MLt7,1,1,0,0,2,2,0,0
Sm23,MTe12,1,1,0,0,2,2,0,0
LMa4,cLLPM01,1,1,0,0,2,2,0,0
LMa4,Y11,1,1,0,0,2,2,0,0
Sm03,aMe25,1,1,0,0,2,2,0,0
Li11,Sm21,1,1,0,0,2,2,0,0
Tm5e,LTe29,1,1,0,0,2,2,0,0
Sm09,MTe08,1,1,0,0,2,2,0,0
Tm8a,LT75,1,1,0,0,2,2,0,0
LMa1,LT78,1,1,0,0,2,2,0,0
Li01,cM10,1,1,0,0,2,2,0,0
Sm12,MTe32,1,1,0,0,2,2,0,0
Dm8b,MeMe_e03,1,1,0,0,2,2,0,0
Y11,LTe09,1,1,0,0,2,2,0,0
Dm10,Sm02,1,1,0,0,2,2,0,0
Tm32,cMLLP01,1,1,0,0,2,2,0,0
T5c,Sm05,1,1,0,0,2,2,0,0
Sm15,Sm11,1,1,0,0,2,2,0,0
Tm20,LC4,1,1,0,0,2,2,0,0
Tm20,LTe66,1,1,0,0,2,2,0,0
Y11,Li23,1,1,0,0,2,2,0,0
Tm16,LT67,1,1,0,0,2,2,0,0
Tm16,MTe12,1,1,0,0,2,2,0,0
TmY9q,cLP01,1,1,0,0,2,2,0,0
TmY31,cLLPM02,1,1,0,0,2,2,0,0
TmY31,Li15,1,1,0,0,2,2,0,0
TmY4,CB0472,1,1,0,0,2,2,0,0
Mi13,Sm09,1,1,0,0,2,2,0,0
Li01,LCe08,1,1,0,0,2,2,0,0
T4a,LPT52,1,1,0,0,2,2,0,0
Sm06,cM17,1,1,0,0,2,2,0,0
Sm02,aMe10,1,1,0,0,2,2,0,0
Tm5b,MTe42,1,1,0,0,2,2,0,0
Tm5f,LT67,1,1,0,0,2,2,0,0
T2a,5-HTPMPV03,1,1,0,0,2,2,0,0
Dm17,TmY9q,1,1,0,0,2,2,0,0
Dm17,Dm18,1,1,0,0,2,2,0,0
Sm23,MTe19,1,1,0,0,2,2,0,0
Sm23,MeMe_e05,1,1,0,0,2,2,0,0
Li01,LC43,1,1,0,0,2,2,0,0
Li01,LMa5,1,1,0,0,2,2,0,0
Sm09,aMe17a1,1,1,0,0,2,2,0,0
Tm27,cL18,1,1,0,0,2,2,0,0
Tm37,cL05,1,1,0,0,2,2,0,0
Sm03,MeMe_e07,1,1,0,0,2,2,0,0
MLt5,Sm43,1,1,0,0,2,2,0,0
DmDRA1,TmY31,1,1,0,0,2,2,0,0
Li08,Lat,1,1,0,0,2,2,0,0
Sm01,aMe4,1,1,0,0,2,2,0,0
L1,MeTu3a,1,1,0,0,2,2,0,0
Mi13,Tm5a,1,1,0,0,2,2,0,0
TmY10,LTe64,1,1,0,0,2,2,0,0
Y11,Pm06,1,1,0,0,2,2,0,0
Li08,cL04,1,1,0,0,2,2,0,0
Tm32,Sm32,1,1,0,0,2,2,0,0
Tm32,Dm8b,1,1,0,0,2,2,0,0
C2,Sm19,1,1,0,0,2,2,0,0
Tlp14,LC10a,1,1,0,0,2,2,0,0
Tlp14,MLt4,1,1,0,0,2,2,0,0
LMa1,MLt4,1,1,0,0,2,2,0,0
LMa1,Tm2,1,1,0,0,2,2,0,0
TmY9q,LTe27,1,1,0,0,2,2,0,0
TmY20,DNp30,1,1,0,0,2,2,0,0
Sm26,mALC5,1,1,0,0,2,2,0,0
Sm26,Tm20,1,1,0,0,2,2,0,0
Sm26,MTe38,1,1,0,0,2,2,0,0
Tm32,MeTu1,1,1,0,0,2,2,0,0
Mi4,cMLLP01,1,1,0,0,2,2,0,0
Tm34,Sm41,1,1,0,0,2,2,0,0
Tm5e,T4d,1,1,0,0,2,2,0,0
Tm5f,MTe06,1,1,0,0,2,2,0,0
MLt1,Sm36,1,1,0,0,2,2,0,0
Li20,Y4,1,1,0,0,2,2,0,0
Li05,LTe26,1,1,0,0,2,2,0,0
Pm05,Sm01,1,1,0,0,2,2,0,0
LMa1,LC28a,1,1,0,0,2,2,0,0
LMa1,cML01,1,1,0,0,2,2,0,0
Sm43,T2,1,1,0,0,2,2,0,0
LMt2,LCe06,1,1,0,0,2,2,0,0
LMt2,Tm5e,1,1,0,0,2,2,0,0
LMt2,Li26,1,1,0,0,2,2,0,0
Mi15,DNc01,1,1,0,0,2,2,0,0
TmY16,LC6,1,1,0,0,2,2,0,0
LLPt,cL13,1,1,0,0,2,2,0,0
Y3,cL21,1,1,0,0,2,2,0,0
LPi14,LPi08,1,1,0,0,2,2,0,0
Mi10,MTe52,1,1,0,0,2,2,0,0
Tlp14,cL18,1,1,0,0,2,2,0,0
Y1,CT1,1,1,0,0,2,2,0,0
Y1,LT33,1,1,0,0,2,2,0,0
Li22,LC18,1,1,0,0,2,2,0,0
MLt6,Pm10,1,1,0,0,2,2,0,0
MLt8,LT81,1,1,0,0,2,2,0,0
MLt8,aMe5,1,1,0,0,2,2,0,0
MLt8,LLPt,1,1,0,0,2,2,0,0
Mi1,cLLPM01,1,1,0,0,2,2,0,0
Sm20,Mi13,1,1,0,0,2,2,0,0
Tm34,MTe22,1,1,0,0,2,2,0,0
Tm34,Sm24,1,1,0,0,2,2,0,0
Tm37,LT65,1,1,0,0,2,2,0,0
Sm09,Sm14,1,1,0,0,2,2,0,0
Mi1,cM06,1,1,0,0,2,2,0,0
Tm33,LTe09,1,1,0,0,2,2,0,0
Sm04,Tm27,1,1,0,0,2,2,0,0
Tm31,LTe30,1,1,0,0,2,2,0,0
Tm31,Mi13,1,1,0,0,2,2,0,0
L5,DmDRA1,1,1,0,0,2,2,0,0
TmY11,LTe76,1,1,0,0,2,2,0,0
Sm05,Sm22,1,1,0,0,2,2,0,0
Li28,LT69,1,1,0,0,2,2,0,0
Li28,LT63,1,1,0,0,2,2,0,0
Li28,cML01,1,1,0,0,2,2,0,0
Li28,LT64,1,1,0,0,2,2,0,0
Li28,LC36,1,1,0,0,2,2,0,0
Li28,cL05,1,1,0,0,2,2,0,0
Li28,Y12,1,1,0,0,2,2,0,0
Li28,Li15,1,1,0,0,2,2,0,0
Y12,LC9,1,1,0,0,2,2,0,0
Li17,Li29,1,1,0,0,2,2,0,0
Li17,LLPt,1,1,0,0,2,2,0,0
Dm15,R8,1,1,0,0,2,2,0,0
TmY3,cL20,1,1,0,0,2,2,0,0
Li13,LTe20,1,1,0,0,2,2,0,0
Li13,LCe01a,1,1,0,0,2,2,0,0
R7,TmY15,1,1,0,0,2,2,0,0
Sm28,MeTu3c,1,1,0,0,2,2,0,0
Sm28,MeMe_e03,1,1,0,0,2,2,0,0
Sm28,Sm41,1,1,0,0,2,2,0,0
Sm28,aMe5,1,1,0,0,2,2,0,0
Sm28,R7,1,1,0,0,2,2,0,0
Sm28,MTe48,1,1,0,0,2,2,0,0
Sm28,Mi14,1,1,0,0,2,2,0,0
TmY4,MLt4,1,1,0,0,2,2,0,0
MLt7,OA-ASM1,1,1,0,0,2,2,0,0
MLt7,aMe19a,1,1,0,0,2,2,0,0
MLt7,MLt4,1,1,0,0,2,2,0,0
Tm21,Tm31,1,1,0,0,2,2,0,0
Li16,LC39,1,1,0,0,2,2,0,0
Dm9,Dm14,1,1,0,0,2,2,0,0
MLt3,Pm14,1,1,0,0,2,2,0,0
TmY5a,LPT57,1,1,0,0,2,2,0,0
Dm4,cML01,1,1,0,0,2,2,0,0
Dm4,MeMe_e03,1,1,0,0,2,2,0,0
Li04,LTe65,1,1,0,0,2,2,0,0
Li04,Li06,1,1,0,0,2,2,0,0
LMa5,cM15,1,1,0,0,2,2,0,0
LMa5,LT62,1,1,0,0,2,2,0,0
LMa1,Tm7,1,1,0,0,2,2,0,0
LMa1,Tm35,1,1,0,0,2,2,0,0
Sm24,MTe06,1,1,0,0,2,2,0,0
Sm24,Sm32,1,1,0,0,2,2,0,0
TmY11,cL21,1,1,0,0,2,2,0,0
TmY16,MTe42,1,1,0,0,2,2,0,0
Sm31,Sm37,1,1,0,0,2,2,0,0
Sm21,Tm5a,1,1,0,0,2,2,0,0
Sm21,L5,1,1,0,0,2,2,0,0
T5b,LMa5,1,1,0,0,2,2,0,0
Li22,LC14b,1,1,0,0,2,2,0,0
TmY16,Li28,1,1,0,0,2,2,0,0
TmY16,Li18,1,1,0,0,2,2,0,0
Tm5b,MTe53,1,1,0,0,2,2,0,0
Mi1,Sm26,1,1,0,0,2,2,0,0
Sm10,MTe04,1,1,0,0,2,2,0,0
Sm10,L3,1,1,0,0,2,2,0,0
Li03,Li31,1,1,0,0,2,2,0,0
Tm5c,LTe38a,1,1,0,0,2,2,0,0
Tm32,OA-AL2b1,1,1,0,0,2,2,0,0
Tm21,LT84,1,1,0,0,2,2,0,0
Li11,Tlp4,1,1,0,0,2,2,0,0
MLt1,aMe13,1,1,0,0,2,2,0,0
MLt1,MTe12,1,1,0,0,2,2,0,0
Tm33,Y11,1,1,0,0,2,2,0,0
Tm1,Li09,1,1,0,0,2,2,0,0
Sm31,Li06,1,1,0,0,2,2,0,0
Sm31,LPLC2,1,1,0,0,2,2,0,0
Dm19,Mi2,1,1,0,0,2,2,0,0
Tlp5,OA-AL2i1,1,1,0,0,2,2,0,0
MLt8,MLt1,1,1,0,0,2,2,0,0
MLt8,LC27,1,1,0,0,2,2,0,0
Dm8b,Tm34,1,1,0,0,2,2,0,0
Sm08,Sm28,1,1,0,0,2,2,0,0
Li16,LC25,1,1,0,0,2,2,0,0
R8,Sm23,1,1,0,0,2,2,0,0
Y11,Li27,1,1,0,0,2,2,0,0
LPi02,VST2,1,1,0,0,2,2,0,0
LPi02,LPT53,1,1,0,0,2,2,0,0
Pm05,MTe22,1,1,0,0,2,2,0,0
TmY5a,LCe04,1,1,0,0,2,2,0,0
Li04,MLt2,1,1,0,0,2,2,0,0
MLt6,LTe62,1,1,0,0,2,2,0,0
MLt6,LMa3,1,1,0,0,2,2,0,0
Mi14,Sm12,1,1,0,0,2,2,0,0
Tm5f,LTe13,1,1,0,0,2,2,0,0
Tm20,Dm16,1,1,0,0,2,2,0,0
TmY31,VS5,1,1,0,0,2,2,0,0
Li01,Tm8a,1,1,0,0,2,2,0,0
Mi13,MeTu4d,1,1,0,0,2,2,0,0
TmY16,Tm5c,1,1,0,0,2,2,0,0
TmY16,Tm31,1,1,0,0,2,2,0,0
TmY16,Li31,1,1,0,0,2,2,0,0
Mi4,cM16,1,1,0,0,2,2,0,0
DmDRA2,DmDRA2,1,1,0,0,2,2,0,0
LMt3,LTe20,1,1,0,0,2,2,0,0
MLt4,Li21,1,1,0,0,2,2,0,0
Y3,LTe69,1,1,0,0,2,2,0,0
LMt3,Li07,1,1,0,0,2,2,0,0
Tlp5,Tm5a,1,1,0,0,2,2,0,0
Tm35,LTe26,1,1,0,0,2,2,0,0
Tm35,LC4,1,1,0,0,2,2,0,0
TmY14,MTe08,1,1,0,0,2,2,0,0
Tm35,T3,1,1,0,0,2,2,0,0
Tm35,T5c,1,1,0,0,2,2,0,0
Tm35,MLt3,1,1,0,0,2,2,0,0
Tm35,Li17,1,1,0,0,2,2,0,0
Dm18,MeMe_e07,1,1,0,0,2,2,0,0
Dm18,TmY14,1,1,0,0,2,2,0,0
Li12,cL06,1,1,0,0,2,2,0,0
TmY31,LT66,1,1,0,0,2,2,0,0
Y1,Li27,1,1,0,0,2,2,0,0
Y1,Pm06,1,1,0,0,2,2,0,0
Mi4,AVLP534,1,1,0,0,2,2,0,0
Pm01,LC14b,1,1,0,0,2,2,0,0
Li21,LC20b,1,1,0,0,2,2,0,0
Li21,cL20,1,1,0,0,2,2,0,0
Li21,LTe65,1,1,0,0,2,2,0,0
Tlp5,LTe32,1,1,0,0,2,2,0,0
Tlp5,H2,1,1,0,0,2,2,0,0
Y3,MTe39,1,1,0,0,2,2,0,0
Dm13,L3,1,1,0,0,2,2,0,0
Dm15,Tm31,1,1,0,0,2,2,0,0
Tm25,Sm24,1,1,0,0,2,2,0,0
Sm32,Dm3p,1,1,0,0,2,2,0,0
Sm32,MeTu4a,1,1,0,0,2,2,0,0
LMt2,LTe10,1,1,0,0,2,2,0,0
LMt2,Li27,1,1,0,0,2,2,0,0
Dm14,L1,1,1,0,0,2,2,0,0
Tm27,LPi02,1,1,0,0,2,2,0,0
Mi15,Sm24,1,1,0,0,2,2,0,0
Sm35,Tm9,1,1,0,0,2,2,0,0
Sm35,Tm36,1,1,0,0,2,2,0,0
Sm35,Sm13,1,1,0,0,2,2,0,0
Sm35,OA-AL2i4,1,1,0,0,2,2,0,0
Sm35,5-HTPMPV03,1,1,0,0,2,2,0,0
Sm35,Tm8a,1,1,0,0,2,2,0,0
Sm35,OA-AL2i1,1,1,0,0,2,2,0,0
Sm35,Lawf1,1,1,0,0,2,2,0,0
Sm35,MTe18,1,1,0,0,2,2,0,0
Sm35,L4,1,1,0,0,2,2,0,0
Pm03,MTe53,1,1,0,0,2,2,0,0
Tm25,5-HTPMPV03,1,1,0,0,2,2,0,0
C3,Sm42,1,1,0,0,2,2,0,0
Sm11,Pm14,1,1,0,0,2,2,0,0
Sm11,MLt2,1,1,0,0,2,2,0,0
Sm11,Tm5f,1,1,0,0,2,2,0,0
Sm11,CB0566,1,1,0,0,2,2,0,0
Tm7,LT73,1,1,0,0,2,2,0,0
Tm7,MTe16,1,1,0,0,2,2,0,0
Dm13,Sm07,1,1,0,0,2,2,0,0
Lawf1,Sm41,1,1,0,0,2,2,0,0
Lawf1,aMe19b,1,1,0,0,2,2,0,0
Mi14,Lai,1,1,0,0,2,2,0,0
Li10,DNp11,1,1,0,0,2,2,0,0
Dm16,LMa2,1,1,0,0,2,2,0,0
Dm16,LC14a1,1,1,0,0,2,2,0,0
Dm16,LPLC2,1,1,0,0,2,2,0,0
Dm16,LC6,1,1,0,0,2,2,0,0
Tm5c,T5a,1,1,0,0,2,2,0,0
Tm5d,MTe48,1,1,0,0,2,2,0,0
Li15,Li22,1,1,0,0,2,2,0,0
Li15,Li06,1,1,0,0,2,2,0,0
LMt2,LLPC4,1,1,0,0,2,2,0,0
MLt2,Sm02,1,1,0,0,2,2,0,0
MLt2,Li07,1,1,0,0,2,2,0,0
Tm37,MLt1,1,1,0,0,2,2,0,0
LPi11,OA-AL2i1,1,1,0,0,2,2,0,0
TmY14,cLLPM01,1,1,0,0,2,2,0,0
Pm08,LMt1,1,1,0,0,2,2,0,0
Tm5a,AVLP534,1,1,0,0,2,2,0,0
Dm9,Tm36,1,1,0,0,2,2,0,0
Dm6,R8,1,1,0,0,2,2,0,0
Li15,LC13,1,1,0,0,2,2,0,0
Tm4,cL02b,1,1,0,0,2,2,0,0
Tm8a,Tlp4,1,1,0,0,2,2,0,0
TmY14,Tm5a,1,1,0,0,2,2,0,0
Lawf1,Mi13,1,1,0,0,2,2,0,0
LPi03,VST1,1,1,0,0,2,2,0,0
T4a,cM15,1,1,0,0,2,2,0,0
Tm5e,CT1,1,1,0,0,2,2,0,0
LPi15,LC31a,1,1,0,0,2,2,0,0
LPi15,LPT30,1,1,0,0,2,2,0,0
LLPt,LTe55,1,1,0,0,2,2,0,0
Tm33,TmY14,1,1,0,0,2,2,0,0
Tm33,LTe01,1,1,0,0,2,2,0,0
Li14,Li01,1,1,0,0,2,2,0,0
Lawf2,PDt,1,1,0,0,2,2,0,0
Tm32,PDt,1,1,0,0,2,2,0,0
Tm32,MTe04,1,1,0,0,2,2,0,0
T5d,cLP05,1,1,0,0,2,2,0,0
Tm8a,LT42,1,1,0,0,2,2,0,0
Tm8a,MeTu2a,1,1,0,0,2,2,0,0
Mi9,cM09,1,1,0,0,2,2,0,0
Tm5b,MTe30,1,1,0,0,2,2,0,0
Pm05,MTe27,1,1,0,0,2,2,0,0
MLt8,LTe48,1,1,0,0,2,2,0,0
MLt8,MeMe_e01,1,1,0,0,2,2,0,0
MLt8,T2a,1,1,0,0,2,2,0,0
MLt8,Sm16,1,1,0,0,2,2,0,0
Li08,LTe09,1,1,0,0,2,2,0,0
Li16,T5c,1,1,0,0,2,2,0,0
Li16,Tm5c,1,1,0,0,2,2,0,0
Tm5c,cLM01,1,1,0,0,2,2,0,0
Sm20,TmY5a,1,1,0,0,2,2,0,0
Sm20,Tm16,1,1,0,0,2,2,0,0
L4,cM07,1,1,0,0,2,2,0,0
TmY20,Nod2,1,1,0,0,2,2,0,0
TmY20,T3,1,1,0,0,2,2,0,0
Tm1,VST1,1,1,0,0,2,2,0,0
Tm1,Tlp5,1,1,0,0,2,2,0,0
Sm21,Sm35,1,1,0,0,2,2,0,0
Li08,LCe08,1,1,0,0,2,2,0,0
Li03,Li04,1,1,0,0,2,2,0,0
Dm4,LMa4,1,1,0,0,2,2,0,0
Sm10,Dm4,1,1,0,0,2,2,0,0
Mi10,MC65,1,1,0,0,2,2,0,0
L5,Tm32,1,1,0,0,2,2,0,0
L5,MTe41,1,1,0,0,2,2,0,0
Tm31,AVLP534,1,1,0,0,2,2,0,0
Tm25,Li29,1,1,0,0,2,2,0,0
Y3,PLP155,1,1,0,0,2,2,0,0
T4d,TmY31,1,1,0,0,2,2,0,0
Y1,Tm5e,1,1,0,0,2,2,0,0
L3,Pm05,1,1,0,0,2,2,0,0
Dm11,TmY14,1,1,0,0,2,2,0,0
TmY16,Sm09,1,1,0,0,2,2,0,0
Sm10,MeLp1,1,1,0,0,2,2,0,0
Tm37,Y11,1,1,0,0,2,2,0,0
T4b,LPT31,1,1,0,0,2,2,0,0
Tm21,LT76,1,1,0,0,2,2,0,0
Tm5d,LC14b,1,1,0,0,2,2,0,0
MLt1,R8,1,1,0,0,2,2,0,0
MLt1,cLLP02,1,1,0,0,2,2,0,0
MLt1,LT86,1,1,0,0,2,2,0,0
Tm1,MeTu1,1,1,0,0,2,2,0,0
Tm37,MeTu4c,1,1,0,0,2,2,0,0
Y12,cLLPM01,1,1,0,0,2,2,0,0
Tm31,LT61b,1,1,0,0,2,2,0,0
Tm31,LLPC1,1,1,0,0,2,2,0,0
Tm16,LTe40,1,1,0,0,2,2,0,0
Sm20,Tm31,1,1,0,0,2,2,0,0
Sm20,Mi4,1,1,0,0,2,2,0,0
Dm4,Sm26,1,1,0,0,2,2,0,0
T4c,LPT58,1,1,0,0,2,2,0,0
Tm34,Sm30,1,1,0,0,2,2,0,0
Tm34,LT39,1,1,0,0,2,2,0,0
LPi06,TmY11,1,1,0,0,2,2,0,0
Y3,Sm07,1,1,0,0,2,2,0,0
LMt3,MTe27,1,1,0,0,2,2,0,0
Tm36,Dm3q,1,1,0,0,2,2,0,0
TmY9q,LT86,1,1,0,0,2,2,0,0
Tm37,cL17,1,1,0,0,2,2,0,0
Sm08,Pm07,1,1,0,0,2,2,0,0
T5b,Tm20,1,1,0,0,2,2,0,0
MLt1,LCe02,1,1,0,0,2,2,0,0
TmY4,LPTe02,1,1,0,0,2,2,0,0
Mi13,cML01,1,1,0,0,2,2,0,0
Tm21,LCe06,1,1,0,0,2,2,0,0
Tm37,MLt5,1,1,0,0,2,2,0,0
Tm37,MeTu4a,1,1,0,0,2,2,0,0
L1,Sm04,1,1,0,0,2,2,0,0
Li18,LT53,1,1,0,0,2,2,0,0
Li18,cL07,1,1,0,0,2,2,0,0
LPi10,VS1,1,1,0,0,2,2,0,0
LPi05,Tlp14,1,1,0,0,2,2,0,0
T2,Li33,1,1,0,0,2,2,0,0
Tm8a,cM15,1,1,0,0,2,2,0,0
Mi14,Sm01,1,1,0,0,2,2,0,0
Mi14,MTe50,1,1,0,0,2,2,0,0
Tm4,Sm15,1,1,0,0,2,2,0,0
MLt1,LC4,1,1,0,0,2,2,0,0
LPi04,T5a,1,1,0,0,2,2,0,0
Tm37,LT69,1,1,0,0,2,2,0,0
Sm24,MeMe_e09,1,1,0,0,2,2,0,0
Sm24,Dm11,1,1,0,0,2,2,0,0
Sm24,aMe9,1,1,0,0,2,2,0,0
Sm24,MTe02,1,1,0,0,2,2,0,0
Sm24,MTe40,1,1,0,0,2,2,0,0
Sm24,Tm34,1,1,0,0,2,2,0,0
Sm24,Sm06,1,1,0,0,2,2,0,0
Li07,LCe01a,1,1,0,0,2,2,0,0
Li07,LTe76,1,1,0,0,2,2,0,0
TmY9q,Mi14,1,1,0,0,2,2,0,0
TmY9q⊥,cM10,1,1,0,0,2,2,0,0
MLt4,LTe64,1,1,0,0,2,2,0,0
LMt3,cL02b,1,1,0,0,2,2,0,0
LPi01,Tm8a,1,1,0,0,2,2,0,0
LPi01,Tm27,1,1,0,0,2,2,0,0
LPi01,Pm09,1,1,0,0,2,2,0,0
LPi01,MTe02,1,1,0,0,2,2,0,0
LPi01,TmY3,1,1,0,0,2,2,0,0
Sm10,Li06,1,1,0,0,2,2,0,0
Tm5f,LTe25,1,1,0,0,2,2,0,0
Tm5f,LTe33,1,1,0,0,2,2,0,0
Tm5f,LT47,1,1,0,0,2,2,0,0
Li10,AOTU065,1,1,0,0,2,2,0,0
Tm27,Tm37,1,1,0,0,2,2,0,0
Tm1,MTe53,1,1,0,0,2,2,0,0
Tm5f,LTe09,1,1,0,0,2,2,0,0
TmY9q⊥,Sm01,1,1,0,0,2,2,0,0
Mi1,MTe05,1,1,0,0,2,2,0,0
MLt2,mALD1,1,1,0,0,2,2,0,0
MLt2,Dm9,1,1,0,0,2,2,0,0
Tm8b,cM15,1,1,0,0,2,2,0,0
LMt1,Dm16,1,1,0,0,2,2,0,0
Y3,LTe37,1,1,0,0,2,2,0,0
TmY4,LTe55,1,1,0,0,2,2,0,0
Pm05,T4c,1,1,0,0,2,2,0,0
LPi07,Tm1,1,1,0,0,2,2,0,0
Y3,LT68,1,1,0,0,2,2,0,0
Y3,LT1c,1,1,0,0,2,2,0,0
Y4,LTe14,1,1,0,0,2,2,0,0
Sm03,cML01,1,1,0,0,2,2,0,0
LPi08,TmY9q⊥,1,1,0,0,2,2,0,0
Tm8a,LLPC2,1,1,0,0,2,2,0,0
TmY15,LPi06,1,1,0,0,2,2,0,0
L1,Sm39,1,1,0,0,2,2,0,0
TmY15,vCal1,1,1,0,0,2,2,0,0
Dm3p,Sm02,1,1,0,0,2,2,0,0
MLt1,MTe19,1,1,0,0,2,2,0,0
MLt1,LTe09,1,1,0,0,2,2,0,0
Tm5c,LTe59,1,1,0,0,2,2,0,0
Dm2,Dm1,1,1,0,0,2,2,0,0
Pm07,Tm37,1,1,0,0,2,2,0,0
LMt2,Sm32,1,1,0,0,2,2,0,0
LPi08,cMLLP02,1,1,0,0,2,2,0,0
T4d,Pm06,1,1,0,0,2,2,0,0
Tm8a,LTe69,1,1,0,0,2,2,0,0
TmY4,Sm04,1,1,0,0,2,2,0,0
DmDRA2,aMe12,1,1,0,0,2,2,0,0
DmDRA2,Mi2,1,1,0,0,2,2,0,0
Tm9,Sm07,1,1,0,0,2,2,0,0
Li15,LC14b,1,1,0,0,2,2,0,0
Li15,LT83,1,1,0,0,2,2,0,0
Li15,LT1b,1,1,0,0,2,2,0,0
TmY11,cLP03,1,1,0,0,2,2,0,0
LMa2,LTe33,1,1,0,0,2,2,0,0
TmY9q,LTe29,1,1,0,0,2,2,0,0
Mi15,cM04,1,1,0,0,2,2,0,0
Sm43,Sm12,1,1,0,0,2,2,0,0
TmY31,aMe24,1,1,0,0,2,2,0,0
Tm27,Sm29,1,1,0,0,2,2,0,0
Li02,CB0143,1,1,0,0,2,2,0,0
Y1,LT41,1,1,0,0,2,2,0,0
Dm3q,MTe43,1,1,0,0,2,2,0,0
Tm7,LTe66,1,1,0,0,2,2,0,0
Tm7,LTe37,1,1,0,0,2,2,0,0
Sm09,LMa3,1,1,0,0,2,2,0,0
Sm07,cM02a,1,1,0,0,2,2,0,0
Tm4,CB0816,1,1,0,0,2,2,0,0
Y11,Li09,1,1,0,0,2,2,0,0
Li08,mALC5,1,1,0,0,2,2,0,0
Li08,OA-ASM1,1,1,0,0,2,2,0,0
TmY9q⊥,OA-AL2i1,1,1,0,0,2,2,0,0
Li13,LTe22,1,1,0,0,2,2,0,0
Y1,Li21,1,1,0,0,2,2,0,0
Li04,LTe60,1,1,0,0,2,2,0,0
Li04,LT63,1,1,0,0,2,2,0,0
Li04,LLPt,1,1,0,0,2,2,0,0
Pm05,cM08a,1,1,0,0,2,2,0,0
T5c,LMt4,1,1,0,0,2,2,0,0
LPi05,cLP01,1,1,0,0,2,2,0,0
TmY3,cL15,1,1,0,0,2,2,0,0
Sm10,Y1,1,1,0,0,2,2,0,0
Tm5a,Sm15,1,1,0,0,2,2,0,0
Li19,LLPC2,1,1,0,0,2,2,0,0
Li19,OA-AL2i2,1,1,0,0,2,2,0,0
Li19,Li01,1,1,0,0,2,2,0,0
Sm14,MeMe_e10,1,1,0,0,2,2,0,0
Sm14,Sm40,1,1,0,0,2,2,0,0
Sm14,Sm05,1,1,0,0,2,2,0,0
Y3,cL03,1,1,0,0,2,2,0,0
MLt2,LC41,1,1,0,0,2,2,0,0
Tm33,MTe26,1,1,0,0,2,2,0,0
MLt5,Li12,1,1,0,0,2,2,0,0
Sm16,MeTu2a,1,1,0,0,2,2,0,0
Tm8b,LMt3,1,1,0,0,2,2,0,0
Y4,LPC1,1,1,0,0,2,2,0,0
Tm3,LTe42b,1,1,0,0,2,2,0,0
LMt1,LTe03,1,1,0,0,2,2,0,0
TmY9q⊥,cL22b,1,1,0,0,2,2,0,0
L5,Tm36,1,1,0,0,2,2,0,0
Tm9,MeMe_e08,1,1,0,0,2,2,0,0
LMt3,LT37,1,1,0,0,2,2,0,0
Sm25,Sm20,1,1,0,0,2,2,0,0
Sm05,TmY20,1,1,0,0,2,2,0,0
LMt4,Pm14,1,1,0,0,2,2,0,0
C3,MTe04,1,1,0,0,2,2,0,0
Li13,LC9,1,1,0,0,2,2,0,0
Li13,LTe24,1,1,0,0,2,2,0,0
Li13,LTe67,1,1,0,0,2,2,0,0
Li03,LC18,1,1,0,0,2,2,0,0
Tm5a,TmY16,1,1,0,0,2,2,0,0
Tm25,Sm31,1,1,0,0,2,2,0,0
Sm21,Lawf1,1,1,0,0,2,2,0,0
Sm21,aMe17b,1,1,0,0,2,2,0,0
Tm36,Sm43,1,1,0,0,2,2,0,0
LPi04,LPT28,1,1,0,0,2,2,0,0
TmY3,cLP01,1,1,0,0,2,2,0,0
T3,LT74,1,1,0,0,2,2,0,0
Sm36,cM12,1,1,0,0,2,2,0,0
Sm36,MTe53,1,1,0,0,2,2,0,0
Sm36,Lawf2,1,1,0,0,2,2,0,0
Sm36,aMe4,1,1,0,0,2,2,0,0
Sm36,Tm34,1,1,0,0,2,2,0,0
Dm17,L3,1,1,0,0,2,2,0,0
T2,Sm34,1,1,0,0,2,2,0,0
Tm34,Sm34,1,1,0,0,2,2,0,0
Tm5d,MTe14,1,1,0,0,2,2,0,0
Pm09,Tm5f,1,1,0,0,2,2,0,0
Pm09,LC12,1,1,0,0,2,2,0,0
Tm25,LC37a,1,1,0,0,2,2,0,0
Tm2,cM06,1,1,0,0,2,2,0,0
Tm8a,L3,1,1,0,0,2,2,0,0
Sm10,MTe54,1,1,0,0,2,2,0,0
Sm10,aMe25,1,1,0,0,2,2,0,0
Tm35,LCe04,1,1,0,0,2,2,0,0
TmY16,LTe05,1,1,0,0,2,2,0,0
Tm27,LPi15,1,1,0,0,2,2,0,0
R7,Tm33,1,1,0,0,2,2,0,0
Sm24,OA-AL2i4,1,1,0,0,2,2,0,0
Sm24,MTe05,1,1,0,0,2,2,0,0
Sm24,aMe19a,1,1,0,0,2,2,0,0
Sm24,Tm3,1,1,0,0,2,2,0,0
Sm24,MTe22,1,1,0,0,2,2,0,0
Sm21,Mi14,1,1,0,0,2,2,0,0
MLt3,Tm31,1,1,0,0,2,2,0,0
LMa5,Dm10,1,1,0,0,2,2,0,0
Tm4,Li30,1,1,0,0,2,2,0,0
Pm12,PDt,1,1,0,0,2,2,0,0
Pm12,DNc02,1,1,0,0,2,2,0,0
Pm12,MTe27,1,1,0,0,2,2,0,0
T2a,MTe33,1,1,0,0,2,2,0,0
TmY10,Sm35,1,1,0,0,2,2,0,0
Pm04,LC14b,1,1,0,0,2,2,0,0
Pm04,mALC3,1,1,0,0,2,2,0,0
Sm06,cM08c,1,1,0,0,2,2,0,0
Sm36,CB0592,1,1,0,0,2,2,0,0
Sm36,Sm03,1,1,0,0,2,2,0,0
Mi1,aMe3,1,1,0,0,2,2,0,0
TmY15,MeLp2,1,1,0,0,2,2,0,0
Sm09,MTe26,1,1,0,0,2,2,0,0
Y11,Li15,1,1,0,0,2,2,0,0
LPi04,DCH,1,1,0,0,2,2,0,0
LMa1,Y1,1,1,0,0,2,2,0,0
LMa1,LT79,1,1,0,0,2,2,0,0
LMa1,Li09,1,1,0,0,2,2,0,0
Lat,Dm20,1,1,0,0,2,2,0,0
Lat,Sm07,1,1,0,0,2,2,0,0
Lat,Sm23,1,1,0,0,2,2,0,0
Lat,Sm39,1,1,0,0,2,2,0,0
Sm18,cM01b,1,1,0,0,2,2,0,0
Sm04,Pm08,1,1,0,0,2,2,0,0
Pm07,Dm20,1,1,0,0,2,2,0,0
TmY4,LTe17,1,1,0,0,2,2,0,0
Tm8a,LTe06,1,1,0,0,2,2,0,0
Tm5e,LTe55,1,1,0,0,2,2,0,0
Sm29,Sm39,1,1,0,0,2,2,0,0
Sm29,Tm3,1,1,0,0,2,2,0,0
Sm29,Sm23,1,1,0,0,2,2,0,0
Li30,aMe20,1,1,0,0,2,2,0,0
Li30,LTe35,1,1,0,0,2,2,0,0
Li30,TmY14,1,1,0,0,2,2,0,0
Li30,LCe05,1,1,0,0,2,2,0,0
Li30,cL08,1,1,0,0,2,2,0,0
Li30,MeTu4a,1,1,0,0,2,2,0,0
Li30,Li04,1,1,0,0,2,2,0,0
Li30,LTe60,1,1,0,0,2,2,0,0
Li30,cLPL01,1,1,0,0,2,2,0,0
Li30,LLPC1,1,1,0,0,2,2,0,0
Li30,Y11,1,1,0,0,2,2,0,0
Li30,Li16,1,1,0,0,2,2,0,0
Li30,LCe09,1,1,0,0,2,2,0,0
Li30,cL22b,1,1,0,0,2,2,0,0
Li30,LPT31,1,1,0,0,2,2,0,0
Li30,LCe04,1,1,0,0,2,2,0,0
Li30,Tm34,1,1,0,0,2,2,0,0
Li30,LTe26,1,1,0,0,2,2,0,0
Tm37,LTe08,1,1,0,0,2,2,0,0
Sm29,MeTu2a,1,1,0,0,2,2,0,0
Sm29,MTe11,1,1,0,0,2,2,0,0
Sm29,Sm10,1,1,0,0,2,2,0,0
Sm29,MTe26,1,1,0,0,2,2,0,0
LLPt,LTe20,1,1,0,0,2,2,0,0
Mi14,MTe13,1,1,0,0,2,2,0,0
Mi14,Tm36,1,1,0,0,2,2,0,0
Tm5e,cL01,1,1,0,0,2,2,0,0
LMt3,LC6,1,1,0,0,2,2,0,0
LMt3,Li01,1,1,0,0,2,2,0,0
Li31,LC36,1,1,0,0,2,2,0,0
Li31,LC10e,1,1,0,0,2,2,0,0
Li31,LT59,1,1,0,0,2,2,0,0
Li31,cL16,1,1,0,0,2,2,0,0
Li31,Tm35,1,1,0,0,2,2,0,0
Li31,Y1,1,1,0,0,2,2,0,0
Li31,LT76,1,1,0,0,2,2,0,0
Li31,LT69,1,1,0,0,2,2,0,0
Li31,LCe09,1,1,0,0,2,2,0,0
Li31,LT42,1,1,0,0,2,2,0,0
Li31,TmY9q⊥,1,1,0,0,2,2,0,0
Li31,OA-AL2i1,1,1,0,0,2,2,0,0
L2,TmY9q,1,1,0,0,2,2,0,0
MLt8,MeTu3a,1,1,0,0,2,2,0,0
Dm11,TmY20,1,1,0,0,2,2,0,0
LPi11,VS5,1,1,0,0,2,2,0,0
T1,Tm3,1,1,0,0,2,2,0,0
LLPt,LPTe02,1,1,0,0,2,2,0,0
LPi05,Nod2,1,1,0,0,2,2,0,0
Y12,Tm5d,1,1,0,0,2,2,0,0
Tm5a,MTe08,1,1,0,0,2,2,0,0
Tm8a,MTe44,1,1,0,0,2,2,0,0
Sm02,MeTu4c,1,1,0,0,2,2,0,0
LPi03,LPi14,1,1,0,0,2,2,0,0
Y12,MTe33,1,1,0,0,2,2,0,0
Y12,LT75,1,1,0,0,2,2,0,0
LMa3,LPT26,1,1,0,0,2,2,0,0
Pm07,cLLPM02,1,1,0,0,2,2,0,0
Pm07,Sm36,1,1,0,0,2,2,0,0
Dm8b,MeMe_e09,1,1,0,0,2,2,0,0
T4d,LPT57,1,1,0,0,2,2,0,0
Sm20,Dm20,1,1,0,0,2,2,0,0
Sm20,Sm23,1,1,0,0,2,2,0,0
Tm8a,MTe28,1,1,0,0,2,2,0,0
Lawf2,Y11,1,1,0,0,2,2,0,0
Dm3p,Dm11,1,1,0,0,2,2,0,0
MLt8,LTe45,1,1,0,0,2,2,0,0
Tm20,aMe6a,1,1,0,0,2,2,0,0
Tm33,MTe53,1,1,0,0,2,2,0,0
Tm8a,Sm34,1,1,0,0,2,2,0,0
Sm09,cM08c,1,1,0,0,2,2,0,0
Sm09,MTe45,1,1,0,0,2,2,0,0
Sm26,Tm25,1,1,0,0,2,2,0,0
Sm26,Sm16,1,1,0,0,2,2,0,0
Dm3q,Sm03,1,1,0,0,2,2,0,0
Sm05,MeTu3a,1,1,0,0,2,2,0,0
Tm1,LT82a,1,1,0,0,2,2,0,0
R8,aMe3,1,1,0,0,2,2,0,0
Li17,Li18,1,1,0,0,2,2,0,0
Tm25,CB0566,1,1,0,0,2,2,0,0
Sm08,aMe17a1,1,1,0,0,2,2,0,0
Tm7,MTe31,1,1,0,0,2,2,0,0
Sm14,MTe23,1,1,0,0,2,2,0,0
Sm14,cM02b,1,1,0,0,2,2,0,0
Sm14,Sm25,1,1,0,0,2,2,0,0
Tlp1,LPT54,1,1,0,0,2,2,0,0
Mi2,Tm5a,1,1,0,0,2,2,0,0
T5a,Tm5b,1,1,0,0,2,2,0,0
MLt7,Sm05,1,1,0,0,2,2,0,0
MLt7,LC10b,1,1,0,0,2,2,0,0
MLt3,LT64,1,1,0,0,2,2,0,0
Dm4,5-HTPMPV03,1,1,0,0,2,2,0,0
Dm4,TmY5a,1,1,0,0,2,2,0,0
LMa5,MTe03,1,1,0,0,2,2,0,0
LMt1,cL08,1,1,0,0,2,2,0,0
Li05,PLP068,1,1,0,0,2,2,0,0
Li05,aMe17a2,1,1,0,0,2,2,0,0
Tlp4,Tm5e,1,1,0,0,2,2,0,0
Y12,LT47,1,1,0,0,2,2,0,0
TmY9q⊥,Sm14,1,1,0,0,2,2,0,0
TmY9q⊥,Sm02,1,1,0,0,2,2,0,0
Y3,Li26,1,1,0,0,2,2,0,0
Tm8b,CB0816,1,1,0,0,2,2,0,0
Tm8b,mALD1,1,1,0,0,2,2,0,0
T2a,Sm20,1,1,0,0,2,2,0,0
Mi14,Mi15,1,1,0,0,2,2,0,0
DmDRA1,MTe51,1,1,0,0,2,2,0,0
MLt4,cM08b,1,1,0,0,2,2,0,0
Tm20,cLLPM01,1,1,0,0,2,2,0,0
Tm4,aMe12,1,1,0,0,2,2,0,0
Dm18,cM05,1,1,0,0,2,2,0,0
Mi4,aMe12,1,1,0,0,2,2,0,0
Tlp5,LTe11,1,1,0,0,2,2,0,0
Tlp5,LCe06,1,1,0,0,2,2,0,0
Tlp5,LT77,1,1,0,0,2,2,0,0
Tlp5,LPT49,1,1,0,0,2,2,0,0
TmY16,LTe31,1,1,0,0,2,2,0,0
TmY31,Pm04,1,1,0,0,2,2,0,0
MLt2,Tm4,1,1,0,0,2,2,0,0
T5d,Li31,1,1,0,0,2,2,0,0
TmY5a,LPT27,1,1,0,0,2,2,0,0
LPi01,T5d,1,1,0,0,2,2,0,0
Sm21,LT76,1,1,0,0,2,2,0,0
Sm21,Pm10,1,1,0,0,2,2,0,0
Sm21,LTe76,1,1,0,0,2,2,0,0
Sm21,MTe01a,1,1,0,0,2,2,0,0
Sm21,LC28a,1,1,0,0,2,2,0,0
Sm21,LT57,1,1,0,0,2,2,0,0
Sm21,TmY11,1,1,0,0,2,2,0,0
Sm21,Tm35,1,1,0,0,2,2,0,0
Sm21,Li13,1,1,0,0,2,2,0,0
T5b,cMLLP02,1,1,0,0,2,2,0,0
R7,CB0816,1,1,0,0,2,2,0,0
LMt2,TmY3,1,1,0,0,2,2,0,0
LMt2,LC14a2,1,1,0,0,2,2,0,0
MLt7,LC39,1,1,0,0,2,2,0,0
Tm33,Tm1,1,1,0,0,2,2,0,0
Dm8b,Tm9,1,1,0,0,2,2,0,0
Sm26,R7,1,1,0,0,2,2,0,0
Mi10,Sm28,1,1,0,0,2,2,0,0
TmY5a,LT38,1,1,0,0,2,2,0,0
Sm08,cM05,1,1,0,0,2,2,0,0
Tm36,MTe14,1,1,0,0,2,2,0,0
Tm36,MTe32,1,1,0,0,2,2,0,0
TmY11,LT66,1,1,0,0,2,2,0,0
LPi04,MeLp2,1,1,0,0,2,2,0,0
Li02,Tm37,1,1,0,0,2,2,0,0
T4b,LPTe01,1,1,0,0,2,2,0,0
MLt6,Sm03,1,1,0,0,2,2,0,0
MLt6,LC17,1,1,0,0,2,2,0,0
MLt6,LT84,1,1,0,0,2,2,0,0
MLt6,MeTu4a,1,1,0,0,2,2,0,0
C2,Tm5b,1,1,0,0,2,2,0,0
Tm4,Tm8b,1,1,0,0,2,2,0,0
Sm07,MLt4,1,1,0,0,2,2,0,0
Sm30,MTe37,1,1,0,0,2,2,0,0
Dm14,aMe17a2,1,1,0,0,2,2,0,0
Li05,aMe20,1,1,0,0,2,2,0,0
Li25,Tm5e,1,1,0,0,2,2,0,0
Li25,LT51,1,1,0,0,2,2,0,0
Li25,LT66,1,1,0,0,2,2,0,0
Li25,Tm5f,1,1,0,0,2,2,0,0
Mi14,Tm5c,1,1,0,0,2,2,0,0
MLt4,Pm06,1,1,0,0,2,2,0,0
Li12,LTe55,1,1,0,0,2,2,0,0
Y3,OA-AL2i4,1,1,0,0,2,2,0,0
Tm5d,LMa3,1,1,0,0,2,2,0,0
T4d,MeMe_e08,1,1,0,0,2,2,0,0
Pm05,LMt4,1,1,0,0,2,2,0,0
TmY31,MTe22,1,1,0,0,2,2,0,0
Li05,Li17,1,1,0,0,2,2,0,0
Sm32,Sm05,1,1,0,0,2,2,0,0
Sm34,aMe17a2,1,1,0,0,2,2,0,0
Sm34,MeTu2a,1,1,0,0,2,2,0,0
TmY4,VS3,1,1,0,0,2,2,0,0
Sm18,5-HTPMPV03,1,1,0,0,2,2,0,0
Sm18,Tm5e,1,1,0,0,2,2,0,0
Sm18,MeTu4d,1,1,0,0,2,2,0,0
Sm18,Sm22,1,1,0,0,2,2,0,0
Sm12,Dm3p,1,1,0,0,2,2,0,0
Tm5b,MeMe_e09,1,1,0,0,2,2,0,0
Tm8b,MeTu3b,1,1,0,0,2,2,0,0
Tm3,aMe3,1,1,0,0,2,2,0,0
TmY9q,Pm02,1,1,0,0,2,2,0,0
MLt5,MeTu2b,1,1,0,0,2,2,0,0
MLt5,MTe11,1,1,0,0,2,2,0,0
T5d,mALC3,1,1,0,0,2,2,0,0
LPi07,HSE,1,1,0,0,2,2,0,0
Tm5b,cL18,1,1,0,0,2,2,0,0
Sm26,MTe06,1,1,0,0,2,2,0,0
TmY4,Dm8a,1,1,0,0,2,2,0,0
TmY4,mALC5,1,1,0,0,2,2,0,0
Tm5d,MTe18,1,1,0,0,2,2,0,0
Mi14,aMe17c,1,1,0,0,2,2,0,0
Sm26,Sm34,1,1,0,0,2,2,0,0
Dm3v,MTe44,1,1,0,0,2,2,0,0
MLt2,Y11,1,1,0,0,2,2,0,0
Mi10,Sm17,1,1,0,0,2,2,0,0
Dm10,TmY20,1,1,0,0,2,2,0,0
Sm10,MTe23,1,1,0,0,2,2,0,0
Sm10,PDt,1,1,0,0,2,2,0,0
Tm33,cL17,1,1,0,0,2,2,0,0
Tm5e,cL06,1,1,0,0,2,2,0,0
Tlp1,Tm31,1,1,0,0,2,2,0,0
MLt3,MTe42,1,1,0,0,2,2,0,0
LMa1,Pm14,1,1,0,0,2,2,0,0
LMa1,LLPC3,1,1,0,0,2,2,0,0
LMa1,Dm20,1,1,0,0,2,2,0,0
LMa1,Li18,1,1,0,0,2,2,0,0
TmY15,LC43,1,1,0,0,2,2,0,0
MLt8,TmY5a,1,1,0,0,2,2,0,0
MLt8,Sm08,1,1,0,0,2,2,0,0
MLt8,Sm42,1,1,0,0,2,2,0,0
MLt8,Li12,1,1,0,0,2,2,0,0
MLt8,LTe11,1,1,0,0,2,2,0,0
Tm21,Dm9,1,1,0,0,2,2,0,0
Tm21,MTe28,1,1,0,0,2,2,0,0
Dm2,cML01,1,1,0,0,2,2,0,0
Sm02,Y1,1,1,0,0,2,2,0,0
LMt4,MLt2,1,1,0,0,2,2,0,0
TmY16,MTe34,1,1,0,0,2,2,0,0
Li32,DNp27,1,1,0,0,2,2,0,0
Li32,mALC5,1,1,0,0,2,2,0,0
Li32,cML01,1,1,0,0,2,2,0,0
Li32,LT41,1,1,0,0,2,2,0,0
Li32,CB3089,1,1,0,0,2,2,0,0
Li32,LT37,1,1,0,0,2,2,0,0
Li32,Tm27,1,1,0,0,2,2,0,0
Li32,MLt6,1,1,0,0,2,2,0,0
Li32,LT64,1,1,0,0,2,2,0,0
Li32,LTe55,1,1,0,0,2,2,0,0
Li32,LCe08,1,1,0,0,2,2,0,0
Li32,cM10,1,1,0,0,2,2,0,0
Li32,LC10c,1,1,0,0,2,2,0,0
Li32,Li16,1,1,0,0,2,2,0,0
Li32,cL02a,1,1,0,0,2,2,0,0
Pm05,OA-AL2i1,1,1,0,0,2,2,0,0
Tm8b,LTe37,1,1,0,0,2,2,0,0
Sm43,Sm15,1,1,0,0,2,2,0,0
LMa2,Sm07,1,1,0,0,2,2,0,0
Tm20,LTe21,1,1,0,0,2,2,0,0
Tm16,LT37,1,1,0,0,2,2,0,0
Sm10,aMe17a1,1,1,0,0,2,2,0,0
Sm10,aMe17a2,1,1,0,0,2,2,0,0
TmY11,MTe39,1,1,0,0,2,2,0,0
Tm32,Sm23,1,1,0,0,2,2,0,0
Y4,cLLPM02,1,1,0,0,2,2,0,0
Sm03,MTe08,1,1,0,0,2,2,0,0
Y12,Nod2,1,1,0,0,2,2,0,0
Sm13,cM08b,1,1,0,0,2,2,0,0
Sm13,Sm26,1,1,0,0,2,2,0,0
Sm21,MeTu3c,1,1,0,0,2,2,0,0
Li01,Y11,1,1,0,0,2,2,0,0
Lai,Dm8a,1,1,0,0,2,2,0,0
Tm8b,T2,1,1,0,0,2,2,0,0
Tm8b,Sm34,1,1,0,0,2,2,0,0
Tm8b,LT85,1,1,0,0,2,2,0,0
T4a,cM06,1,1,0,0,2,2,0,0
TmY16,MLt3,1,1,0,0,2,2,0,0
Tm5a,cL02b,1,1,0,0,2,2,0,0
Mi9,MeTu1,1,1,0,0,2,2,0,0
Tm20,LT64,1,1,0,0,2,2,0,0
MLt7,MTe15,1,1,0,0,2,2,0,0
MLt7,LTe43,1,1,0,0,2,2,0,0
MLt7,MTe22,1,1,0,0,2,2,0,0
Lawf1,Dm4,1,1,0,0,2,2,0,0
Li06,Y11,1,1,0,0,2,2,0,0
Li06,cMLLP01,1,1,0,0,2,2,0,0
MTe04,MeTu1,1,1,0,0,2,2,0,0
LC13,cL02c,1,1,0,0,2,2,0,0
LC13,LPLC1,1,1,0,0,2,2,0,0
LC4,Tm31,1,1,0,0,2,2,0,0
LC41,cL05,1,1,0,0,2,2,0,0
LC41,LTe17,1,1,0,0,2,2,0,0
LTe48,Tm32,1,1,0,0,2,2,0,0
LTe48,LC10b,1,1,0,0,2,2,0,0
LC15,LTe59,1,1,0,0,2,2,0,0
MeTu3b,aMe10,1,1,0,0,2,2,0,0
LC6,LC33a,1,1,0,0,2,2,0,0
LCe03,Li03,1,1,0,0,2,2,0,0
LTe31,TmY31,1,1,0,0,2,2,0,0
LTe31,LC25,1,1,0,0,2,2,0,0
LTe31,cL16,1,1,0,0,2,2,0,0
LTe31,Tm5d,1,1,0,0,2,2,0,0
LTe38a,Li12,1,1,0,0,2,2,0,0
LTe38a,LTe16,1,1,0,0,2,2,0,0
LTe58,LC33a,1,1,0,0,2,2,0,0
LTe58,LTe42a,1,1,0,0,2,2,0,0
LTe58,LC41,1,1,0,0,2,2,0,0
MTe04,Pm13,1,1,0,0,2,2,0,0
LC33a,LT72,1,1,0,0,2,2,0,0
LLPC2,Li17,1,1,0,0,2,2,0,0
LC9,cM07,1,1,0,0,2,2,0,0
MTe54,cM17,1,1,0,0,2,2,0,0
cM12,Sm03,1,1,0,0,2,2,0,0
cM12,MTe12,1,1,0,0,2,2,0,0
cM12,cLLPM01,1,1,0,0,2,2,0,0
cM12,Tm8a,1,1,0,0,2,2,0,0
cM12,Tm37,1,1,0,0,2,2,0,0
cM12,TmY31,1,1,0,0,2,2,0,0
cM12,Y1,1,1,0,0,2,2,0,0
cM12,Mi14,1,1,0,0,2,2,0,0
cM12,cM08b,1,1,0,0,2,2,0,0
cM12,MTe26,1,1,0,0,2,2,0,0
cM12,Pm14,1,1,0,0,2,2,0,0
cM12,Mi13,1,1,0,0,2,2,0,0
cM12,MeMe_e10,1,1,0,0,2,2,0,0
cM12,MTe51,1,1,0,0,2,2,0,0
cM12,MeTu3c,1,1,0,0,2,2,0,0
LC9,LT84,1,1,0,0,2,2,0,0
LC9,LT57,1,1,0,0,2,2,0,0
LC10d,Tm5c,1,1,0,0,2,2,0,0
LC15,LT62,1,1,0,0,2,2,0,0
LC39,cL04,1,1,0,0,2,2,0,0
LC39,LC20a,1,1,0,0,2,2,0,0
LC39,LT82a,1,1,0,0,2,2,0,0
LC39,LC10d,1,1,0,0,2,2,0,0
LC39,LMa4,1,1,0,0,2,2,0,0
LC39,LC12,1,1,0,0,2,2,0,0
LC39,TmY5a,1,1,0,0,2,2,0,0
LLPC2,cL18,1,1,0,0,2,2,0,0
MTe51,Pm09,1,1,0,0,2,2,0,0
MTe52,LMt3,1,1,0,0,2,2,0,0
LC46,LT63,1,1,0,0,2,2,0,0
LCe01b,LT53,1,1,0,0,2,2,0,0
LC20b,LC31a,1,1,0,0,2,2,0,0
LC20a,Tm5e,1,1,0,0,2,2,0,0
LC20a,LC44,1,1,0,0,2,2,0,0
LC20a,LTe74,1,1,0,0,2,2,0,0
LC20a,Y11,1,1,0,0,2,2,0,0
LC10c,LLPC1,1,1,0,0,2,2,0,0
LC10e,LTe52,1,1,0,0,2,2,0,0
LLPC3,LMt4,1,1,0,0,2,2,0,0
LC28a,Y11,1,1,0,0,2,2,0,0
MTe01b,Sm34,1,1,0,0,2,2,0,0
LC11,Y1,1,1,0,0,2,2,0,0
LTe04,Li11,1,1,0,0,2,2,0,0
LTe04,LT53,1,1,0,0,2,2,0,0
LTe04,cL12,1,1,0,0,2,2,0,0
LTe04,LC46,1,1,0,0,2,2,0,0
LTe04,LT63,1,1,0,0,2,2,0,0
LTe04,Li01,1,1,0,0,2,2,0,0
LTe04,LTe22,1,1,0,0,2,2,0,0
cLP01,MeLp1,1,1,0,0,2,2,0,0
MeTu2a,Sm12,1,1,0,0,2,2,0,0
LT74,LT75,1,1,0,0,2,2,0,0
LT74,LLPC2,1,1,0,0,2,2,0,0
LT74,LC20b,1,1,0,0,2,2,0,0
LT74,LLPC3,1,1,0,0,2,2,0,0
LT74,cMLLP01,1,1,0,0,2,2,0,0
LT74,Li17,1,1,0,0,2,2,0,0
LT74,Tm5f,1,1,0,0,2,2,0,0
LC19,LTe49a,1,1,0,0,2,2,0,0
LC19,LT79,1,1,0,0,2,2,0,0
LC19,Tm20,1,1,0,0,2,2,0,0
LC19,Li30,1,1,0,0,2,2,0,0
LC19,Tm25,1,1,0,0,2,2,0,0
LC19,Li03,1,1,0,0,2,2,0,0
LC19,Tm5d,1,1,0,0,2,2,0,0
LC15,LCe06,1,1,0,0,2,2,0,0
LLPC2,TmY10,1,1,0,0,2,2,0,0
LTe32,cL06,1,1,0,0,2,2,0,0
LTe32,LT51,1,1,0,0,2,2,0,0
LC10d,LC21,1,1,0,0,2,2,0,0
LC13,TmY10,1,1,0,0,2,2,0,0
LLPC1,LC43,1,1,0,0,2,2,0,0
LPT31,LPT26,1,1,0,0,2,2,0,0
LC6,Tm34,1,1,0,0,2,2,0,0
LLPC3,LT74,1,1,0,0,2,2,0,0
LLPC3,OA-ASM1,1,1,0,0,2,2,0,0
LC31b,LC13,1,1,0,0,2,2,0,0
LC31b,LTe12,1,1,0,0,2,2,0,0
LC24,LT75,1,1,0,0,2,2,0,0
MTe54,Tm3,1,1,0,0,2,2,0,0
MTe54,cM08a,1,1,0,0,2,2,0,0
LC21,MC65,1,1,0,0,2,2,0,0
LT78,Li16,1,1,0,0,2,2,0,0
LT78,MLt6,1,1,0,0,2,2,0,0
LT78,LC22,1,1,0,0,2,2,0,0
LT78,TmY14,1,1,0,0,2,2,0,0
LT78,T2a,1,1,0,0,2,2,0,0
LT78,Li25,1,1,0,0,2,2,0,0
LT78,LC9,1,1,0,0,2,2,0,0
LT78,LT53,1,1,0,0,2,2,0,0
cM01c,cM02b,1,1,0,0,2,2,0,0
cM01c,MTe23,1,1,0,0,2,2,0,0
cM01c,Tm34,1,1,0,0,2,2,0,0
cM01c,Tm35,1,1,0,0,2,2,0,0
cM01c,MeTu3c,1,1,0,0,2,2,0,0
LC29,Li21,1,1,0,0,2,2,0,0
MeTu4d,MTe48,1,1,0,0,2,2,0,0
cLM01,TmY31,1,1,0,0,2,2,0,0
cLM01,OA-ASM1,1,1,0,0,2,2,0,0
cLM01,Sm29,1,1,0,0,2,2,0,0
cLM01,LMt4,1,1,0,0,2,2,0,0
cLM01,Tm5c,1,1,0,0,2,2,0,0
cLM01,LC39,1,1,0,0,2,2,0,0
cLM01,MTe22,1,1,0,0,2,2,0,0
cLM01,Li13,1,1,0,0,2,2,0,0
cLM01,LLPt,1,1,0,0,2,2,0,0
cLM01,Li01,1,1,0,0,2,2,0,0
cLM01,LC28a,1,1,0,0,2,2,0,0
cLM01,LTe26,1,1,0,0,2,2,0,0
cLM01,MTe11,1,1,0,0,2,2,0,0
cLM01,LC37a,1,1,0,0,2,2,0,0
cLM01,LPLC2,1,1,0,0,2,2,0,0
cLM01,Sm12,1,1,0,0,2,2,0,0
cLM01,cM14,1,1,0,0,2,2,0,0
cLM01,Li05,1,1,0,0,2,2,0,0
cLM01,LTe47,1,1,0,0,2,2,0,0
LTe64,Li19,1,1,0,0,2,2,0,0
LTe64,TmY4,1,1,0,0,2,2,0,0
LTe64,Li02,1,1,0,0,2,2,0,0
LPLC4,LT41,1,1,0,0,2,2,0,0
LT51,LMa1,1,1,0,0,2,2,0,0
LT51,cL22a,1,1,0,0,2,2,0,0
LLPC3,LTe31,1,1,0,0,2,2,0,0
MeTu4a,LC9,1,1,0,0,2,2,0,0
MeTu4a,LTe07,1,1,0,0,2,2,0,0
LCe01a,Tm33,1,1,0,0,2,2,0,0
MTe50,Sm24,1,1,0,0,2,2,0,0
MTe50,Sm29,1,1,0,0,2,2,0,0
cM04,Sm38,1,1,0,0,2,2,0,0
cM04,TmY5a,1,1,0,0,2,2,0,0
cLP03,Sm05,1,1,0,0,2,2,0,0
cLP03,Tm27,1,1,0,0,2,2,0,0
aMe17a1,Sm33,1,1,0,0,2,2,0,0
aMe17a1,MTe25,1,1,0,0,2,2,0,0
aMe17a1,MTe22,1,1,0,0,2,2,0,0
aMe17a1,MeMe_e07,1,1,0,0,2,2,0,0
aMe17a1,Pm10,1,1,0,0,2,2,0,0
aMe17a1,Sm29,1,1,0,0,2,2,0,0
aMe17a1,Y4,1,1,0,0,2,2,0,0
aMe17a1,OA-ASM1,1,1,0,0,2,2,0,0
aMe17a1,Sm26,1,1,0,0,2,2,0,0
aMe17a1,Sm43,1,1,0,0,2,2,0,0
aMe17a1,MeMe_e10,1,1,0,0,2,2,0,0
aMe17a1,l-LNv,1,1,0,0,2,2,0,0
aMe17a1,Tm36,1,1,0,0,2,2,0,0
aMe17a1,MeMe_e02,1,1,0,0,2,2,0,0
aMe17a1,MeTu4c,1,1,0,0,2,2,0,0
aMe17a1,MeMe_e09,1,1,0,0,2,2,0,0
LPTe02,TmY31,1,1,0,0,2,2,0,0
LTe11,LC27,1,1,0,0,2,2,0,0
LTe11,Li08,1,1,0,0,2,2,0,0
LTe11,LC10b,1,1,0,0,2,2,0,0
LTe11,Li01,1,1,0,0,2,2,0,0
LTe11,Li12,1,1,0,0,2,2,0,0
LTe11,LMt3,1,1,0,0,2,2,0,0
LC10c,LTe35,1,1,0,0,2,2,0,0
LTe45,LTe70,1,1,0,0,2,2,0,0
LTe45,LT69,1,1,0,0,2,2,0,0
LTe45,LTe06,1,1,0,0,2,2,0,0
LTe45,LTe48,1,1,0,0,2,2,0,0
LTe45,MC65,1,1,0,0,2,2,0,0
LTe45,LTe03,1,1,0,0,2,2,0,0
LTe45,LCe07,1,1,0,0,2,2,0,0
LTe45,Li33,1,1,0,0,2,2,0,0
LTe45,Li08,1,1,0,0,2,2,0,0
LT70,Li28,1,1,0,0,2,2,0,0
LT70,LT52,1,1,0,0,2,2,0,0
LT70,cM07,1,1,0,0,2,2,0,0
LT70,Tm32,1,1,0,0,2,2,0,0
LT70,Tm8a,1,1,0,0,2,2,0,0
aMe22,aMe4,1,1,0,0,2,2,0,0
aMe22,aMe26,1,1,0,0,2,2,0,0
aMe22,Sm02,1,1,0,0,2,2,0,0
aMe22,cM08b,1,1,0,0,2,2,0,0
aMe22,PLP239,1,1,0,0,2,2,0,0
aMe22,MTe30,1,1,0,0,2,2,0,0
aMe22,aMe5,1,1,0,0,2,2,0,0
aMe22,DNpe053,1,1,0,0,2,2,0,0
aMe22,MeLp1,1,1,0,0,2,2,0,0
aMe22,MTe01a,1,1,0,0,2,2,0,0
aMe22,MTe26,1,1,0,0,2,2,0,0
LC13,cL02b,1,1,0,0,2,2,0,0
LC15,LC29,1,1,0,0,2,2,0,0
LPC2,Nod3,1,1,0,0,2,2,0,0
LPC2,PLP023,1,1,0,0,2,2,0,0
LC10d,LT84,1,1,0,0,2,2,0,0
MeTu4b,LC28a,1,1,0,0,2,2,0,0
cL01,Li32,1,1,0,0,2,2,0,0
cL01,DNp27,1,1,0,0,2,2,0,0
MTe52,Tm20,1,1,0,0,2,2,0,0
PLP068,LCe03,1,1,0,0,2,2,0,0
PLP068,LTe17,1,1,0,0,2,2,0,0
PLP068,TmY31,1,1,0,0,2,2,0,0
PLP068,LC46,1,1,0,0,2,2,0,0
PLP068,LTe42a,1,1,0,0,2,2,0,0
PLP068,Li01,1,1,0,0,2,2,0,0
MTe01a,MLt4,1,1,0,0,2,2,0,0
LPC1,OA-AL2i1,1,1,0,0,2,2,0,0
MTe51,MeTu2b,1,1,0,0,2,2,0,0
LC29,LTe14,1,1,0,0,2,2,0,0
LC29,Li27,1,1,0,0,2,2,0,0
LC29,LT63,1,1,0,0,2,2,0,0
MeTu1,L4,1,1,0,0,2,2,0,0
LC25,LMt3,1,1,0,0,2,2,0,0
LT60,LT62,1,1,0,0,2,2,0,0
LT60,LTe18,1,1,0,0,2,2,0,0
LT60,LT56,1,1,0,0,2,2,0,0
LT60,LC17,1,1,0,0,2,2,0,0
LT60,LC10d,1,1,0,0,2,2,0,0
LT60,LT1a,1,1,0,0,2,2,0,0
LT60,LT79,1,1,0,0,2,2,0,0
LT60,Tm27,1,1,0,0,2,2,0,0
LT60,cM07,1,1,0,0,2,2,0,0
LC37a,Lat,1,1,0,0,2,2,0,0
LC37a,Tm8a,1,1,0,0,2,2,0,0
MeTu3c,Tm5b,1,1,0,0,2,2,0,0
LPLC1,LPT22,1,1,0,0,2,2,0,0
LLPC2,H1,1,1,0,0,2,2,0,0
aMe25,Tm8a,1,1,0,0,2,2,0,0
LTe14,LTe36,1,1,0,0,2,2,0,0
LTe14,LT78,1,1,0,0,2,2,0,0
LLPC1,Li24,1,1,0,0,2,2,0,0
LC18,LT1b,1,1,0,0,2,2,0,0
LC18,Li02,1,1,0,0,2,2,0,0
LC28a,LTe30,1,1,0,0,2,2,0,0
LC28a,LTe41,1,1,0,0,2,2,0,0
LTe16,LTe03,1,1,0,0,2,2,0,0
LTe16,LPLC4,1,1,0,0,2,2,0,0
LTe16,Tm37,1,1,0,0,2,2,0,0
LC13,LTe17,1,1,0,0,2,2,0,0
LC13,Tm7,1,1,0,0,2,2,0,0
LPT23,LPi03,1,1,0,0,2,2,0,0
LPT23,T4a,1,1,0,0,2,2,0,0
LPT23,OA-AL2i1,1,1,0,0,2,2,0,0
LT52,LTe29,1,1,0,0,2,2,0,0
LT52,MeTu4c,1,1,0,0,2,2,0,0
MTe25,Sm20,1,1,0,0,2,2,0,0
MTe25,MTe15,1,1,0,0,2,2,0,0
MTe25,Tm31,1,1,0,0,2,2,0,0
MTe25,MeMe_e03,1,1,0,0,2,2,0,0
MTe25,MLt5,1,1,0,0,2,2,0,0
MTe25,Sm03,1,1,0,0,2,2,0,0
MTe25,Sm19,1,1,0,0,2,2,0,0
MTe25,MTe05,1,1,0,0,2,2,0,0
OA-AL2i4,Dm10,1,1,0,0,2,2,0,0
OA-AL2i4,cMLLP01,1,1,0,0,2,2,0,0
OA-AL2i4,aMe17b,1,1,0,0,2,2,0,0
OA-AL2i4,MTe37,1,1,0,0,2,2,0,0
OA-AL2i4,Dm20,1,1,0,0,2,2,0,0
OA-AL2i4,MTe51,1,1,0,0,2,2,0,0
OA-AL2i4,Sm22,1,1,0,0,2,2,0,0
OA-AL2i4,MeMe_e03,1,1,0,0,2,2,0,0
OA-AL2i4,TmY9q,1,1,0,0,2,2,0,0
OA-AL2i4,Sm24,1,1,0,0,2,2,0,0
OA-AL2i4,aMe12,1,1,0,0,2,2,0,0
OA-AL2i4,MeMe_e06,1,1,0,0,2,2,0,0
OA-AL2i4,Sm10,1,1,0,0,2,2,0,0
OA-AL2i4,MTe24,1,1,0,0,2,2,0,0
OA-AL2i4,cM03,1,1,0,0,2,2,0,0
OA-AL2i4,cM17,1,1,0,0,2,2,0,0
OA-AL2i4,Pm05,1,1,0,0,2,2,0,0
OA-AL2i4,MTe06,1,1,0,0,2,2,0,0
OA-AL2i4,s-LNva,1,1,0,0,2,2,0,0
OA-AL2i4,MLt8,1,1,0,0,2,2,0,0
OA-AL2i4,MTe05,1,1,0,0,2,2,0,0
LC20b,Tm3,1,1,0,0,2,2,0,0
LC20b,LMt3,1,1,0,0,2,2,0,0
LC20b,cM10,1,1,0,0,2,2,0,0
LC20b,TmY15,1,1,0,0,2,2,0,0
LC20b,LC43,1,1,0,0,2,2,0,0
LC20b,LT63,1,1,0,0,2,2,0,0
cL12,cL10,1,1,0,0,2,2,0,0
cL12,LC20a,1,1,0,0,2,2,0,0
cL12,Tm32,1,1,0,0,2,2,0,0
cL12,LTe02,1,1,0,0,2,2,0,0
cL12,cM09,1,1,0,0,2,2,0,0
cL12,LLPt,1,1,0,0,2,2,0,0
cL12,LTe01,1,1,0,0,2,2,0,0
cL12,LTe48,1,1,0,0,2,2,0,0
aMe5,TmY16,1,1,0,0,2,2,0,0
aMe5,Sm05,1,1,0,0,2,2,0,0
MTe50,Dm3v,1,1,0,0,2,2,0,0
MTe50,Sm08,1,1,0,0,2,2,0,0
MTe01b,Mi13,1,1,0,0,2,2,0,0
MTe01b,OA-ASM1,1,1,0,0,2,2,0,0
MTe01b,Tm20,1,1,0,0,2,2,0,0
LT78,LC45,1,1,0,0,2,2,0,0
LT78,Tm7,1,1,0,0,2,2,0,0
LC31a,LT11,1,1,0,0,2,2,0,0
LC31a,LC14b,1,1,0,0,2,2,0,0
LC31a,Li32,1,1,0,0,2,2,0,0
LC45,LTe47,1,1,0,0,2,2,0,0
LC4,LC16,1,1,0,0,2,2,0,0
LLPC2,LTe24,1,1,0,0,2,2,0,0
LC10a,LMt1,1,1,0,0,2,2,0,0
LC9,LT34,1,1,0,0,2,2,0,0
LC10e,LLPt,1,1,0,0,2,2,0,0
LC9,cL02a,1,1,0,0,2,2,0,0
MeTu3c,TmY16,1,1,0,0,2,2,0,0
LC4,LLPC3,1,1,0,0,2,2,0,0
LC22,LC12,1,1,0,0,2,2,0,0
MTe52,Tm5b,1,1,0,0,2,2,0,0
MTe52,Tm37,1,1,0,0,2,2,0,0
LC20b,LTe13,1,1,0,0,2,2,0,0
aMe26,Sm40,1,1,0,0,2,2,0,0
aMe26,MeTu3c,1,1,0,0,2,2,0,0
LPTe01,Tm21,1,1,0,0,2,2,0,0
MeTu3a,MTe25,1,1,0,0,2,2,0,0
LPLC1,LPT48_vCal3,1,1,0,0,2,2,0,0
LPLC1,LT33,1,1,0,0,2,2,0,0
LC31a,Tm5e,1,1,0,0,2,2,0,0
LC31a,Li13,1,1,0,0,2,2,0,0
LC31a,Y12,1,1,0,0,2,2,0,0
LC31a,cM07,1,1,0,0,2,2,0,0
LT82a,Li12,1,1,0,0,2,2,0,0
LT82a,Li02,1,1,0,0,2,2,0,0
LT82a,Li30,1,1,0,0,2,2,0,0
LT82a,T2a,1,1,0,0,2,2,0,0
LT82a,LC12,1,1,0,0,2,2,0,0
LT82a,LPLC2,1,1,0,0,2,2,0,0
LT82a,LC10c,1,1,0,0,2,2,0,0
LT82a,LLPt,1,1,0,0,2,2,0,0
LT57,LT65,1,1,0,0,2,2,0,0
MTe40,Tm5c,1,1,0,0,2,2,0,0
MTe40,aMe5,1,1,0,0,2,2,0,0
MTe40,Sm29,1,1,0,0,2,2,0,0
MTe40,Sm11,1,1,0,0,2,2,0,0
MTe40,MeMe_e04,1,1,0,0,2,2,0,0
MTe40,MTe10,1,1,0,0,2,2,0,0
MTe40,Sm09,1,1,0,0,2,2,0,0
MTe40,Sm05,1,1,0,0,2,2,0,0
MTe40,Mi4,1,1,0,0,2,2,0,0
MTe40,MTe01b,1,1,0,0,2,2,0,0
MTe40,MeTu3c,1,1,0,0,2,2,0,0
MTe40,Tm21,1,1,0,0,2,2,0,0
cL09,Tm3,1,1,0,0,2,2,0,0
cL09,Li21,1,1,0,0,2,2,0,0
cL09,LMt3,1,1,0,0,2,2,0,0
cL09,Tm16,1,1,0,0,2,2,0,0
cL09,LMt2,1,1,0,0,2,2,0,0
cL09,OA-AL2i1,1,1,0,0,2,2,0,0
cL09,Tm4,1,1,0,0,2,2,0,0
LC4,mALC4,1,1,0,0,2,2,0,0
LC6,LC20a,1,1,0,0,2,2,0,0
LTe36,LC6,1,1,0,0,2,2,0,0
LTe36,Li31,1,1,0,0,2,2,0,0
LTe36,Li01,1,1,0,0,2,2,0,0
LTe36,Li10,1,1,0,0,2,2,0,0
cM05,Tm5d,1,1,0,0,2,2,0,0
cM05,MTe50,1,1,0,0,2,2,0,0
cM05,Sm09,1,1,0,0,2,2,0,0
cM05,Pm09,1,1,0,0,2,2,0,0
cM05,Sm07,1,1,0,0,2,2,0,0
cM05,cM17,1,1,0,0,2,2,0,0
cM05,Tlp4,1,1,0,0,2,2,0,0
cM05,LMa1,1,1,0,0,2,2,0,0
cM05,TmY10,1,1,0,0,2,2,0,0
cM05,Tm27,1,1,0,0,2,2,0,0
cM05,Sm41,1,1,0,0,2,2,0,0
cM05,Dm11,1,1,0,0,2,2,0,0
cM05,Dm9,1,1,0,0,2,2,0,0
cM05,AVLP534,1,1,0,0,2,2,0,0
cM05,MTe05,1,1,0,0,2,2,0,0
cM05,MeTu1,1,1,0,0,2,2,0,0
cM05,TmY14,1,1,0,0,2,2,0,0
cM05,MeTu3a,1,1,0,0,2,2,0,0
cM05,LC14b,1,1,0,0,2,2,0,0
LCe03,Li16,1,1,0,0,2,2,0,0
LCe03,LC27,1,1,0,0,2,2,0,0
LCe03,LCe07,1,1,0,0,2,2,0,0
cL21,LC6,1,1,0,0,2,2,0,0
cL21,Y11,1,1,0,0,2,2,0,0
cL21,AN_multi_125,1,1,0,0,2,2,0,0
cL21,MeTu4a,1,1,0,0,2,2,0,0
cL21,VCH,1,1,0,0,2,2,0,0
MeTu4a,cM01c,1,1,0,0,2,2,0,0
LC10b,LTe68,1,1,0,0,2,2,0,0
LC10b,TmY4,1,1,0,0,2,2,0,0
VS2,T4b,1,1,0,0,2,2,0,0
VS2,LPi12,1,1,0,0,2,2,0,0
VS2,DNc02,1,1,0,0,2,2,0,0
LC10a,Tm25,1,1,0,0,2,2,0,0
PLP051,Tm32,1,1,0,0,2,2,0,0
PLP051,LTe64,1,1,0,0,2,2,0,0
PLP051,Li11,1,1,0,0,2,2,0,0
PLP051,Li02,1,1,0,0,2,2,0,0
PLP051,Li08,1,1,0,0,2,2,0,0
PLP051,LC36,1,1,0,0,2,2,0,0
cLP03,VS4,1,1,0,0,2,2,0,0
LLPC3,VS8,1,1,0,0,2,2,0,0
MTe24,Sm18,1,1,0,0,2,2,0,0
MTe24,MeMe_e01,1,1,0,0,2,2,0,0
LPT57,H2,1,1,0,0,2,2,0,0
LPT57,LPT42_Nod4,1,1,0,0,2,2,0,0
LPT57,T5a,1,1,0,0,2,2,0,0
LPT57,LPT52,1,1,0,0,2,2,0,0
LPT57,Nod1,1,1,0,0,2,2,0,0
LPT57,Y3,1,1,0,0,2,2,0,0
LPT57,T5d,1,1,0,0,2,2,0,0
LPT57,LPT28,1,1,0,0,2,2,0,0
LT57,LTe75,1,1,0,0,2,2,0,0
LT57,OA-AL2b1,1,1,0,0,2,2,0,0
LC10a,LTe05,1,1,0,0,2,2,0,0
MeTu3c,MTe07,1,1,0,0,2,2,0,0
LC15,LC39,1,1,0,0,2,2,0,0
LC10b,LTe29,1,1,0,0,2,2,0,0
LC16,LLPC4,1,1,0,0,2,2,0,0
cL16,LT72,1,1,0,0,2,2,0,0
cL16,LC45,1,1,0,0,2,2,0,0
cL16,LTe03,1,1,0,0,2,2,0,0
cL16,LMa2,1,1,0,0,2,2,0,0
cL16,LTe37,1,1,0,0,2,2,0,0
cL16,Li04,1,1,0,0,2,2,0,0
cL16,cL04,1,1,0,0,2,2,0,0
cL16,Li24,1,1,0,0,2,2,0,0
cL16,LC37a,1,1,0,0,2,2,0,0
cL16,LMt2,1,1,0,0,2,2,0,0
cL16,LMa1,1,1,0,0,2,2,0,0
LPLC4,LTe33,1,1,0,0,2,2,0,0
LT61a,LT83,1,1,0,0,2,2,0,0
LT61a,LPLC4,1,1,0,0,2,2,0,0
LT61a,LT66,1,1,0,0,2,2,0,0
LT61a,LPLC1,1,1,0,0,2,2,0,0
LT61a,LC35,1,1,0,0,2,2,0,0
LPT51,cM09,1,1,0,0,2,2,0,0
LPT51,VCH,1,1,0,0,2,2,0,0
LT57,mALD1,1,1,0,0,2,2,0,0
LT57,aMe20,1,1,0,0,2,2,0,0
MeTu4a,Sm32,1,1,0,0,2,2,0,0
MeTu3b,MTe28,1,1,0,0,2,2,0,0
LC17,LLPC3,1,1,0,0,2,2,0,0
cL02a,cL20,1,1,0,0,2,2,0,0
cL02a,Tm20,1,1,0,0,2,2,0,0
cL02a,cM07,1,1,0,0,2,2,0,0
cL02a,LC36,1,1,0,0,2,2,0,0
cL02a,Li04,1,1,0,0,2,2,0,0
cL02a,LT55,1,1,0,0,2,2,0,0
LC39,LC22,1,1,0,0,2,2,0,0
LC39,LTe65,1,1,0,0,2,2,0,0
LTe37,Li10,1,1,0,0,2,2,0,0
LTe37,Li02,1,1,0,0,2,2,0,0
LTe37,LT53,1,1,0,0,2,2,0,0
LPLC4,T2a,1,1,0,0,2,2,0,0
MTe50,Sm16,1,1,0,0,2,2,0,0
LC13,LTe65,1,1,0,0,2,2,0,0
LC27,LTe66,1,1,0,0,2,2,0,0
MTe01a,Sm11,1,1,0,0,2,2,0,0
LC10b,LTe75,1,1,0,0,2,2,0,0
LC10b,MLt8,1,1,0,0,2,2,0,0
cLPL01,LPi06,1,1,0,0,2,2,0,0
cLPL01,Y4,1,1,0,0,2,2,0,0
cLPL01,TmY11,1,1,0,0,2,2,0,0
cLPL01,LC13,1,1,0,0,2,2,0,0
cLPL01,Li21,1,1,0,0,2,2,0,0
LTe18,LT61a,1,1,0,0,2,2,0,0
LTe18,LT82a,1,1,0,0,2,2,0,0
LTe18,LT60,1,1,0,0,2,2,0,0
LTe18,Tm8b,1,1,0,0,2,2,0,0
MTe54,Sm29,1,1,0,0,2,2,0,0
LC36,cL05,1,1,0,0,2,2,0,0
LC36,LTe21,1,1,0,0,2,2,0,0
LC36,LT78,1,1,0,0,2,2,0,0
LC36,LC24,1,1,0,0,2,2,0,0
LC36,LTe58,1,1,0,0,2,2,0,0
LCe06,cM07,1,1,0,0,2,2,0,0
LT52,LC27,1,1,0,0,2,2,0,0
LC13,LCe02,1,1,0,0,2,2,0,0
LLPC2,LPT53,1,1,0,0,2,2,0,0
MTe35,Sm15,1,1,0,0,2,2,0,0
MTe35,MTe01b,1,1,0,0,2,2,0,0
MTe35,Mi10,1,1,0,0,2,2,0,0
MTe35,Sm42,1,1,0,0,2,2,0,0
MTe35,MLt6,1,1,0,0,2,2,0,0
MTe35,Dm2,1,1,0,0,2,2,0,0
MTe35,aMe5,1,1,0,0,2,2,0,0
LC22,cL07,1,1,0,0,2,2,0,0
LHPV2i2a,aMe17a2,1,1,0,0,2,2,0,0
LHPV2i2a,LC41,1,1,0,0,2,2,0,0
LTe27,LTe49c,1,1,0,0,2,2,0,0
LC4,LTe65,1,1,0,0,2,2,0,0
LC22,LTe58,1,1,0,0,2,2,0,0
LT61b,LTe03,1,1,0,0,2,2,0,0
LT61b,LC19,1,1,0,0,2,2,0,0
LT61b,LTe45,1,1,0,0,2,2,0,0
LT61b,Li18,1,1,0,0,2,2,0,0
LT61b,Tm5f,1,1,0,0,2,2,0,0
LC6,DNp11,1,1,0,0,2,2,0,0
aMe17b,Mi10,1,1,0,0,2,2,0,0
aMe17b,Tm1,1,1,0,0,2,2,0,0
aMe17b,AVLP534,1,1,0,0,2,2,0,0
aMe17b,Tm8a,1,1,0,0,2,2,0,0
aMe17b,Dm9,1,1,0,0,2,2,0,0
aMe17b,aMe17a1,1,1,0,0,2,2,0,0
aMe17b,TmY9q⊥,1,1,0,0,2,2,0,0
LLPC3,Tm25,1,1,0,0,2,2,0,0
LC16,Tm25,1,1,0,0,2,2,0,0
cL13,Y4,1,1,0,0,2,2,0,0
cL13,TmY9q,1,1,0,0,2,2,0,0
cL13,LTe10,1,1,0,0,2,2,0,0
cL13,Li08,1,1,0,0,2,2,0,0
cL13,Li24,1,1,0,0,2,2,0,0
cL13,TmY20,1,1,0,0,2,2,0,0
cL13,LC41,1,1,0,0,2,2,0,0
cL13,LMa1,1,1,0,0,2,2,0,0
cL13,MLt5,1,1,0,0,2,2,0,0
cL13,LTe49c,1,1,0,0,2,2,0,0
cL13,Li01,1,1,0,0,2,2,0,0
cL13,Li33,1,1,0,0,2,2,0,0
cML01,Tm5e,1,1,0,0,2,2,0,0
cML01,LLPC3,1,1,0,0,2,2,0,0
cML01,LC16,1,1,0,0,2,2,0,0
cML01,LT40,1,1,0,0,2,2,0,0
cML01,Dm18,1,1,0,0,2,2,0,0
cML01,Tm5f,1,1,0,0,2,2,0,0
cML01,Dm8a,1,1,0,0,2,2,0,0
cML01,LC9,1,1,0,0,2,2,0,0
cML01,MTe40,1,1,0,0,2,2,0,0
cML01,MTe01a,1,1,0,0,2,2,0,0
cML01,LC31a,1,1,0,0,2,2,0,0
cML01,MLt3,1,1,0,0,2,2,0,0
cML01,MLt2,1,1,0,0,2,2,0,0
cML01,LT87,1,1,0,0,2,2,0,0
cML01,cM07,1,1,0,0,2,2,0,0
cML01,Mi15,1,1,0,0,2,2,0,0
cML01,LT60,1,1,0,0,2,2,0,0
cML01,LC28a,1,1,0,0,2,2,0,0
cML01,LPLC2,1,1,0,0,2,2,0,0
MTe03,Tm32,1,1,0,0,2,2,0,0
MTe12,Mi2,1,1,0,0,2,2,0,0
LTe03,Li01,1,1,0,0,2,2,0,0
LTe03,CB3238,1,1,0,0,2,2,0,0
LTe03,LTe35,1,1,0,0,2,2,0,0
MTe02,aMe19b,1,1,0,0,2,2,0,0
LC10d,OA-AL2b1,1,1,0,0,2,2,0,0
MeTu4c,cLM01,1,1,0,0,2,2,0,0
LC22,Li04,1,1,0,0,2,2,0,0
LT79,Li11,1,1,0,0,2,2,0,0
LT79,LT63,1,1,0,0,2,2,0,0
LT79,T2a,1,1,0,0,2,2,0,0
LT79,LC10d,1,1,0,0,2,2,0,0
LT79,LC24,1,1,0,0,2,2,0,0
LT79,LC26,1,1,0,0,2,2,0,0
LT79,LT67,1,1,0,0,2,2,0,0
LT79,LC43,1,1,0,0,2,2,0,0
LC10a,LC35,1,1,0,0,2,2,0,0
cL10,MeTu1,1,1,0,0,2,2,0,0
cL10,LPC2,1,1,0,0,2,2,0,0
cL10,Li08,1,1,0,0,2,2,0,0
cL10,Li04,1,1,0,0,2,2,0,0
cL10,MeTu2a,1,1,0,0,2,2,0,0
cL10,cL02b,1,1,0,0,2,2,0,0
cL10,LPLC4,1,1,0,0,2,2,0,0
cL10,LTe36,1,1,0,0,2,2,0,0
cL10,Li12,1,1,0,0,2,2,0,0
cL10,LC18,1,1,0,0,2,2,0,0
cL10,LT65,1,1,0,0,2,2,0,0
cL10,LT68,1,1,0,0,2,2,0,0
cL10,Mi14,1,1,0,0,2,2,0,0
cL10,LC20a,1,1,0,0,2,2,0,0
cL10,LTe07,1,1,0,0,2,2,0,0
cL10,Sm08,1,1,0,0,2,2,0,0
cL10,Sm12,1,1,0,0,2,2,0,0
cL10,LC11,1,1,0,0,2,2,0,0
cL10,MeMe_e04,1,1,0,0,2,2,0,0
cL10,MTe53,1,1,0,0,2,2,0,0
cL10,LC10d,1,1,0,0,2,2,0,0
MTe01a,Dm8a,1,1,0,0,2,2,0,0
MTe01a,MTe52,1,1,0,0,2,2,0,0
LC16,Tm4,1,1,0,0,2,2,0,0
MTe52,MC65,1,1,0,0,2,2,0,0
MTe52,Pm11,1,1,0,0,2,2,0,0
LC33a,Li05,1,1,0,0,2,2,0,0
MTe33,Sm07,1,1,0,0,2,2,0,0
MTe33,Sm13,1,1,0,0,2,2,0,0
MTe33,MTe02,1,1,0,0,2,2,0,0
MTe33,Sm09,1,1,0,0,2,2,0,0
LT36,LT84,1,1,0,0,2,2,0,0
LT36,Tm36,1,1,0,0,2,2,0,0
LT36,cM08a,1,1,0,0,2,2,0,0
LT36,Tm35,1,1,0,0,2,2,0,0
LT36,LT86,1,1,0,0,2,2,0,0
LT36,LTe01,1,1,0,0,2,2,0,0
LT36,MLt5,1,1,0,0,2,2,0,0
LT36,cLLP02,1,1,0,0,2,2,0,0
LC40,LTe38a,1,1,0,0,2,2,0,0
LLPC3,C3,1,1,0,0,2,2,0,0
MeTu4a,cM10,1,1,0,0,2,2,0,0
cM08c,Mi13,1,1,0,0,2,2,0,0
cM08c,LC10b,1,1,0,0,2,2,0,0
cM08c,LT52,1,1,0,0,2,2,0,0
cM08c,Li04,1,1,0,0,2,2,0,0
cM08c,LT58,1,1,0,0,2,2,0,0
MeTu3a,MTe13,1,1,0,0,2,2,0,0
OA-AL2i3,Dm3q,1,1,0,0,2,2,0,0
OA-AL2i3,cM07,1,1,0,0,2,2,0,0
OA-AL2i3,aMe5,1,1,0,0,2,2,0,0
cLP01,VST2,1,1,0,0,2,2,0,0
mALC6,LTe57,1,1,0,0,2,2,0,0
mALC6,Li10,1,1,0,0,2,2,0,0
LC6,Li18,1,1,0,0,2,2,0,0
LC22,TmY9q⊥,1,1,0,0,2,2,0,0
LLPC2,LT81,1,1,0,0,2,2,0,0
MeTu3b,MLt7,1,1,0,0,2,2,0,0
LT59,Li29,1,1,0,0,2,2,0,0
LT59,Li33,1,1,0,0,2,2,0,0
LT59,PLP051,1,1,0,0,2,2,0,0
LT59,LC20a,1,1,0,0,2,2,0,0
LT59,Tm5e,1,1,0,0,2,2,0,0
LT59,Li28,1,1,0,0,2,2,0,0
LT59,LC34,1,1,0,0,2,2,0,0
LT59,MLt2,1,1,0,0,2,2,0,0
LT59,Lat,1,1,0,0,2,2,0,0
LT59,Li09,1,1,0,0,2,2,0,0
MTe01b,Sm26,1,1,0,0,2,2,0,0
LC11,Tm7,1,1,0,0,2,2,0,0
LC29,LC35,1,1,0,0,2,2,0,0
LCe01a,LT76,1,1,0,0,2,2,0,0
LT40,LC13,1,1,0,0,2,2,0,0
LT40,Tlp14,1,1,0,0,2,2,0,0
LT40,cL09,1,1,0,0,2,2,0,0
LT40,LC10b,1,1,0,0,2,2,0,0
LT40,LC17,1,1,0,0,2,2,0,0
LT40,Y12,1,1,0,0,2,2,0,0
LT40,LMt2,1,1,0,0,2,2,0,0
LT40,LC28a,1,1,0,0,2,2,0,0
LT40,cL15,1,1,0,0,2,2,0,0
LT40,Li13,1,1,0,0,2,2,0,0
LTe02,MeTu4a,1,1,0,0,2,2,0,0
LTe02,LPLC4,1,1,0,0,2,2,0,0
LTe33,Tm5f,1,1,0,0,2,2,0,0
LTe33,LC14b,1,1,0,0,2,2,0,0
LTe33,LCe01a,1,1,0,0,2,2,0,0
LTe33,T2a,1,1,0,0,2,2,0,0
LTe33,LT57,1,1,0,0,2,2,0,0
LTe33,Li02,1,1,0,0,2,2,0,0
LTe33,TmY10,1,1,0,0,2,2,0,0
LTe33,LTe14,1,1,0,0,2,2,0,0
LTe33,Li27,1,1,0,0,2,2,0,0
LTe33,LTe49a,1,1,0,0,2,2,0,0
LTe33,LTe08,1,1,0,0,2,2,0,0
LTe33,LTe67,1,1,0,0,2,2,0,0
LTe33,aMe8,1,1,0,0,2,2,0,0
LC25,LTe20,1,1,0,0,2,2,0,0
LLPC1,Tm16,1,1,0,0,2,2,0,0
LTe49f,LPLC4,1,1,0,0,2,2,0,0
LTe49f,LTe24,1,1,0,0,2,2,0,0
LTe49f,Li10,1,1,0,0,2,2,0,0
LTe49f,LT81,1,1,0,0,2,2,0,0
LC11,Tm33,1,1,0,0,2,2,0,0
LTe23,Li33,1,1,0,0,2,2,0,0
LC10a,Li28,1,1,0,0,2,2,0,0
MTe51,LMa4,1,1,0,0,2,2,0,0
HSN,T5c,1,1,0,0,2,2,0,0
HSN,Tm2,1,1,0,0,2,2,0,0
HSN,Tm27,1,1,0,0,2,2,0,0
HSN,LPC1,1,1,0,0,2,2,0,0
HSN,LPLC4,1,1,0,0,2,2,0,0
HSN,LPT23,1,1,0,0,2,2,0,0
HSN,T4c,1,1,0,0,2,2,0,0
LC28a,cL11,1,1,0,0,2,2,0,0
LC28a,cL22b,1,1,0,0,2,2,0,0
LPLC2,cMLLP02,1,1,0,0,2,2,0,0
LC21,cL02b,1,1,0,0,2,2,0,0
LPLC1,LC20b,1,1,0,0,2,2,0,0
LTe58,cL16,1,1,0,0,2,2,0,0
LTe58,Li01,1,1,0,0,2,2,0,0
MTe52,MTe51,1,1,0,0,2,2,0,0
LC31a,Li12,1,1,0,0,2,2,0,0
LC31a,Tm4,1,1,0,0,2,2,0,0
LC31a,LC4,1,1,0,0,2,2,0,0
MTe02,MTe40,1,1,0,0,2,2,0,0
LC10d,LTe24,1,1,0,0,2,2,0,0
MTe05,MeTu3c,1,1,0,0,2,2,0,0
MTe51,LPLC4,1,1,0,0,2,2,0,0
MTe51,LMa1,1,1,0,0,2,2,0,0
MTe51,PDt,1,1,0,0,2,2,0,0
MTe51,Sm01,1,1,0,0,2,2,0,0
MTe51,MTe33,1,1,0,0,2,2,0,0
cM18,Tm16,1,1,0,0,2,2,0,0
cM18,aMe12,1,1,0,0,2,2,0,0
cM18,Tm5e,1,1,0,0,2,2,0,0
cM18,Pm08,1,1,0,0,2,2,0,0
cM18,Sm07,1,1,0,0,2,2,0,0
cM18,Sm24,1,1,0,0,2,2,0,0
cM18,aMe9,1,1,0,0,2,2,0,0
cM18,Tm5d,1,1,0,0,2,2,0,0
MTe51,MTe16,1,1,0,0,2,2,0,0
LCe01a,LPLC2,1,1,0,0,2,2,0,0
LCe01a,Tm34,1,1,0,0,2,2,0,0
LCe01a,LTe08,1,1,0,0,2,2,0,0
LPLC2,LT80,1,1,0,0,2,2,0,0
LC9,Li03,1,1,0,0,2,2,0,0
LLPC1,LC31c,1,1,0,0,2,2,0,0
LC10c,LC24,1,1,0,0,2,2,0,0
LTe08,LT43,1,1,0,0,2,2,0,0
LTe08,LC14a2,1,1,0,0,2,2,0,0
LTe08,LTe19,1,1,0,0,2,2,0,0
LTe08,LMa1,1,1,0,0,2,2,0,0
LTe08,TmY5a,1,1,0,0,2,2,0,0
LTe08,Li24,1,1,0,0,2,2,0,0
LTe08,Tm7,1,1,0,0,2,2,0,0
LTe08,LCe04,1,1,0,0,2,2,0,0
LTe08,LC34,1,1,0,0,2,2,0,0
LTe08,LTe31,1,1,0,0,2,2,0,0
LTe08,LTe74,1,1,0,0,2,2,0,0
LTe08,LPLC1,1,1,0,0,2,2,0,0
LTe08,Li31,1,1,0,0,2,2,0,0
LTe08,LTe24,1,1,0,0,2,2,0,0
LTe08,LC17,1,1,0,0,2,2,0,0
LTe08,Li12,1,1,0,0,2,2,0,0
LTe08,LPLC4,1,1,0,0,2,2,0,0
LTe08,LT58,1,1,0,0,2,2,0,0
LTe08,Li23,1,1,0,0,2,2,0,0
LTe38a,Li05,1,1,0,0,2,2,0,0
MeTu1,cM03,1,1,0,0,2,2,0,0
MeTu1,cLM01,1,1,0,0,2,2,0,0
LC40,LT36,1,1,0,0,2,2,0,0
LC40,MLt4,1,1,0,0,2,2,0,0
LC10c,Li05,1,1,0,0,2,2,0,0
LC22,cL22b,1,1,0,0,2,2,0,0
LT64,LTe06,1,1,0,0,2,2,0,0
LT64,LMa1,1,1,0,0,2,2,0,0
LT64,LTe67,1,1,0,0,2,2,0,0
LT64,Tm20,1,1,0,0,2,2,0,0
LT64,LTe36,1,1,0,0,2,2,0,0
LT64,LT58,1,1,0,0,2,2,0,0
LT64,LC13,1,1,0,0,2,2,0,0
LT64,LT57,1,1,0,0,2,2,0,0
LT64,LT63,1,1,0,0,2,2,0,0
cL07,LTe26,1,1,0,0,2,2,0,0
cL07,T2a,1,1,0,0,2,2,0,0
cL07,Li16,1,1,0,0,2,2,0,0
cL07,LT1a,1,1,0,0,2,2,0,0
LT73,LPLC1,1,1,0,0,2,2,0,0
LT73,LC19,1,1,0,0,2,2,0,0
LT73,Li28,1,1,0,0,2,2,0,0
MeTu2a,MLt5,1,1,0,0,2,2,0,0
LPTe01,Y3,1,1,0,0,2,2,0,0
LC21,Y11,1,1,0,0,2,2,0,0
MTe01a,cM07,1,1,0,0,2,2,0,0
LLPC3,VST2,1,1,0,0,2,2,0,0
LLPC3,Tm5c,1,1,0,0,2,2,0,0
LPLC1,Li09,1,1,0,0,2,2,0,0
MeTu3c,MTe03,1,1,0,0,2,2,0,0
LC24,LC18,1,1,0,0,2,2,0,0
MeTu4b,MTe01a,1,1,0,0,2,2,0,0
MeTu4b,cM10,1,1,0,0,2,2,0,0
MTe01a,Sm19,1,1,0,0,2,2,0,0
LC10b,TmY9q,1,1,0,0,2,2,0,0
LC10b,LT58,1,1,0,0,2,2,0,0
LTe59,LTe42c,1,1,0,0,2,2,0,0
LT51,LTe22,1,1,0,0,2,2,0,0
LT51,LC29,1,1,0,0,2,2,0,0
LCe09,LC29,1,1,0,0,2,2,0,0
LCe09,LCe09,1,1,0,0,2,2,0,0
MTe51,TmY3,1,1,0,0,2,2,0,0
LC10a,LC39,1,1,0,0,2,2,0,0
CB3238,Li02,1,1,0,0,2,2,0,0
CB3238,LTe44,1,1,0,0,2,2,0,0
CB3238,LTe03,1,1,0,0,2,2,0,0
LC9,Tm5a,1,1,0,0,2,2,0,0
cLP02,LPT26,1,1,0,0,2,2,0,0
cLLP02,LT38,1,1,0,0,2,2,0,0
cLLP02,cL10,1,1,0,0,2,2,0,0
cLLP02,LPC1,1,1,0,0,2,2,0,0
cLLP02,LTe53,1,1,0,0,2,2,0,0
cLLP02,LTe57,1,1,0,0,2,2,0,0
cLLP02,LCe01b,1,1,0,0,2,2,0,0
cLLP02,Tlp1,1,1,0,0,2,2,0,0
cLLP02,LT11,1,1,0,0,2,2,0,0
cLLP02,LC35,1,1,0,0,2,2,0,0
LPT23,LPT53,1,1,0,0,2,2,0,0
LPT23,VSm,1,1,0,0,2,2,0,0
LPT23,cMLLP02,1,1,0,0,2,2,0,0
LPT23,VS8,1,1,0,0,2,2,0,0
LTe64,LC28a,1,1,0,0,2,2,0,0
LTe64,Y4,1,1,0,0,2,2,0,0
LT1a,LTe13,1,1,0,0,2,2,0,0
LT1a,LT1c,1,1,0,0,2,2,0,0
LT1a,LMa3,1,1,0,0,2,2,0,0
LLPC1,LMa5,1,1,0,0,2,2,0,0
MeTu3b,Tm32,1,1,0,0,2,2,0,0
MeTu3b,Sm14,1,1,0,0,2,2,0,0
LLPC2,LPi06,1,1,0,0,2,2,0,0
LC22,cL16,1,1,0,0,2,2,0,0
LCe01b,Tm25,1,1,0,0,2,2,0,0
MTe37,cM01b,1,1,0,0,2,2,0,0
MTe37,Tm8a,1,1,0,0,2,2,0,0
MTe37,MTe09,1,1,0,0,2,2,0,0
MTe37,MeTu2a,1,1,0,0,2,2,0,0
MTe37,aMe4,1,1,0,0,2,2,0,0
MTe37,MLt7,1,1,0,0,2,2,0,0
MTe37,aMe17a2,1,1,0,0,2,2,0,0
MTe37,TmY31,1,1,0,0,2,2,0,0
LT78,LCe02,1,1,0,0,2,2,0,0
MTe04,Mi14,1,1,0,0,2,2,0,0
LC16,cL08,1,1,0,0,2,2,0,0
cLP02,cLP01,1,1,0,0,2,2,0,0
LC15,LC10f,1,1,0,0,2,2,0,0
LC15,Li21,1,1,0,0,2,2,0,0
aMe5,Sm25,1,1,0,0,2,2,0,0
aMe5,CL104,1,1,0,0,2,2,0,0
cL03,cM15,1,1,0,0,2,2,0,0
cL03,LMt3,1,1,0,0,2,2,0,0
DNc02,Mi15,1,1,0,0,2,2,0,0
DNc02,LMa5,1,1,0,0,2,2,0,0
DNc02,Pm04,1,1,0,0,2,2,0,0
DNc02,L2,1,1,0,0,2,2,0,0
DNc02,Dm1,1,1,0,0,2,2,0,0
DNc02,Tm1,1,1,0,0,2,2,0,0
DNc02,Pm09,1,1,0,0,2,2,0,0
DNc02,Pm11,1,1,0,0,2,2,0,0
DNc02,Mi1,1,1,0,0,2,2,0,0
DNc02,Dm2,1,1,0,0,2,2,0,0
LC21,Tm34,1,1,0,0,2,2,0,0
LC33a,Li27,1,1,0,0,2,2,0,0
LC4,LC35,1,1,0,0,2,2,0,0
LC10b,LC20a,1,1,0,0,2,2,0,0
LC10b,Tm5c,1,1,0,0,2,2,0,0
LTe43,Tm35,1,1,0,0,2,2,0,0
LTe43,LC10c,1,1,0,0,2,2,0,0
LC4,LT83,1,1,0,0,2,2,0,0
MTe03,TmY5a,1,1,0,0,2,2,0,0
LC37a,Li07,1,1,0,0,2,2,0,0
LLPC3,cL02d,1,1,0,0,2,2,0,0
LCe01a,LTe26,1,1,0,0,2,2,0,0
LCe01a,TmY5a,1,1,0,0,2,2,0,0
LC4,Tlp14,1,1,0,0,2,2,0,0
LTe53,PLP251,1,1,0,0,2,2,0,0
LTe53,LC34,1,1,0,0,2,2,0,0
LTe53,LTe72,1,1,0,0,2,2,0,0
LTe53,PLP051,1,1,0,0,2,2,0,0
LTe53,Tm35,1,1,0,0,2,2,0,0
LTe53,MeTu4c,1,1,0,0,2,2,0,0
LTe53,LTe41,1,1,0,0,2,2,0,0
LTe53,cLLP02,1,1,0,0,2,2,0,0
LTe53,LTe57,1,1,0,0,2,2,0,0
LTe53,LTe24,1,1,0,0,2,2,0,0
LC17,Tm34,1,1,0,0,2,2,0,0
MeTu3c,Tm21,1,1,0,0,2,2,0,0
LPTe02,LPC1,1,1,0,0,2,2,0,0
LLPC4,Tm4,1,1,0,0,2,2,0,0
LLPC4,LC15,1,1,0,0,2,2,0,0
LLPC4,Tm7,1,1,0,0,2,2,0,0
LC29,LT78,1,1,0,0,2,2,0,0
MTe01a,Tm25,1,1,0,0,2,2,0,0
LAL047,LC10a,1,1,0,0,2,2,0,0
LAL047,LTe43,1,1,0,0,2,2,0,0
LAL047,LTe66,1,1,0,0,2,2,0,0
LAL047,LC40,1,1,0,0,2,2,0,0
LAL047,MLt3,1,1,0,0,2,2,0,0
LPLC4,Tlp1,1,1,0,0,2,2,0,0
LLPC1,LT74,1,1,0,0,2,2,0,0
cLP03,LLPC4,1,1,0,0,2,2,0,0
VS7,LPi15,1,1,0,0,2,2,0,0
VS7,LPi01,1,1,0,0,2,2,0,0
LC33a,LTe25,1,1,0,0,2,2,0,0
LC33a,MeTu4a,1,1,0,0,2,2,0,0
LC33a,LTe30,1,1,0,0,2,2,0,0
LC33a,LTe19,1,1,0,0,2,2,0,0
LC33a,LC10e,1,1,0,0,2,2,0,0
LC33a,Tm31,1,1,0,0,2,2,0,0
LLPC2,LT77,1,1,0,0,2,2,0,0
MTe03,MTe33,1,1,0,0,2,2,0,0
MTe03,TmY14,1,1,0,0,2,2,0,0
MTe03,MTe01b,1,1,0,0,2,2,0,0
LT51,LT57,1,1,0,0,2,2,0,0
LT51,LTe46,1,1,0,0,2,2,0,0
LT51,MeTu4c,1,1,0,0,2,2,0,0
LT51,TmY11,1,1,0,0,2,2,0,0
LC25,LMt1,1,1,0,0,2,2,0,0
MeTu4b,cM09,1,1,0,0,2,2,0,0
MeTu4c,cM07,1,1,0,0,2,2,0,0
MeTu4a,aMe17a2,1,1,0,0,2,2,0,0
cM10,MTe02,1,1,0,0,2,2,0,0
cM10,Dm20,1,1,0,0,2,2,0,0
cM10,Tm35,1,1,0,0,2,2,0,0
cM10,MTe52,1,1,0,0,2,2,0,0
cM10,MTe43,1,1,0,0,2,2,0,0
cM10,MeTu3b,1,1,0,0,2,2,0,0
cM10,Tlp4,1,1,0,0,2,2,0,0
cM10,Tm1,1,1,0,0,2,2,0,0
cM10,CB0592,1,1,0,0,2,2,0,0
cM10,MTe35,1,1,0,0,2,2,0,0
cM10,Sm32,1,1,0,0,2,2,0,0
LPT27,LPT50,1,1,0,0,2,2,0,0
LPT27,LPT30,1,1,0,0,2,2,0,0
LPT27,cM08b,1,1,0,0,2,2,0,0
LPT27,cLP01,1,1,0,0,2,2,0,0
LPT27,Sm40,1,1,0,0,2,2,0,0
LPT27,LPi08,1,1,0,0,2,2,0,0
LCe02,LC6,1,1,0,0,2,2,0,0
LCe01a,Li10,1,1,0,0,2,2,0,0
LCe01a,LT78,1,1,0,0,2,2,0,0
LLPC3,Li19,1,1,0,0,2,2,0,0
MeTu4c,cL01,1,1,0,0,2,2,0,0
LC13,LTe24,1,1,0,0,2,2,0,0
LT51,Li28,1,1,0,0,2,2,0,0
cL01,LC14b,1,1,0,0,2,2,0,0
MTe43,MeMe_e07,1,1,0,0,2,2,0,0
MTe43,TmY11,1,1,0,0,2,2,0,0
MTe43,Pm03,1,1,0,0,2,2,0,0
MTe43,L2,1,1,0,0,2,2,0,0
MTe43,Pm05,1,1,0,0,2,2,0,0
MTe43,Tm25,1,1,0,0,2,2,0,0
MTe43,Sm07,1,1,0,0,2,2,0,0
LCe07,Li13,1,1,0,0,2,2,0,0
LCe07,Tm5c,1,1,0,0,2,2,0,0
s-LNva,aMe24,1,1,0,0,2,2,0,0
s-LNva,aMe1,1,1,0,0,2,2,0,0
MTe02,Mi10,1,1,0,0,2,2,0,0
LC10d,LPLC1,1,1,0,0,2,2,0,0
cM06,Sm36,1,1,0,0,2,2,0,0
cM06,Mi4,1,1,0,0,2,2,0,0
cM06,Mi14,1,1,0,0,2,2,0,0
cM06,Y3,1,1,0,0,2,2,0,0
cM06,Dm4,1,1,0,0,2,2,0,0
cM06,Sm02,1,1,0,0,2,2,0,0
cM06,Sm12,1,1,0,0,2,2,0,0
cM06,Dm3q,1,1,0,0,2,2,0,0
cM06,TmY16,1,1,0,0,2,2,0,0
cM06,Y12,1,1,0,0,2,2,0,0
cM06,Tm8a,1,1,0,0,2,2,0,0
cM06,T3,1,1,0,0,2,2,0,0
MTe12,MTe48,1,1,0,0,2,2,0,0
MTe12,Sm06,1,1,0,0,2,2,0,0
MTe12,Sm23,1,1,0,0,2,2,0,0
MTe12,Tm35,1,1,0,0,2,2,0,0
MTe04,MTe04,1,1,0,0,2,2,0,0
LC9,OA-ASM1,1,1,0,0,2,2,0,0
MeTu4c,Pm10,1,1,0,0,2,2,0,0
MTe03,Y3,1,1,0,0,2,2,0,0
LT77,Li13,1,1,0,0,2,2,0,0
LT77,LTe31,1,1,0,0,2,2,0,0
LT77,LTe10,1,1,0,0,2,2,0,0
LT77,LC39,1,1,0,0,2,2,0,0
LC15,LC40,1,1,0,0,2,2,0,0
LC9,LT61a,1,1,0,0,2,2,0,0
LPT42_Nod4,LPT49,1,1,0,0,2,2,0,0
LPT42_Nod4,TmY15,1,1,0,0,2,2,0,0
LPT42_Nod4,Y3,1,1,0,0,2,2,0,0
LPT42_Nod4,H2,1,1,0,0,2,2,0,0
LPT42_Nod4,LLPt,1,1,0,0,2,2,0,0
LPT42_Nod4,Nod3,1,1,0,0,2,2,0,0
LPT42_Nod4,TmY3,1,1,0,0,2,2,0,0
LPT42_Nod4,Tlp4,1,1,0,0,2,2,0,0
LPT42_Nod4,TmY4,1,1,0,0,2,2,0,0
LPT42_Nod4,LPLC4,1,1,0,0,2,2,0,0
LPLC2,Tm35,1,1,0,0,2,2,0,0
MTe01a,Tm5c,1,1,0,0,2,2,0,0
MeTu1,cM01a,1,1,0,0,2,2,0,0
LT57,Y4,1,1,0,0,2,2,0,0
LC13,Tm5c,1,1,0,0,2,2,0,0
LC10a,LTe65,1,1,0,0,2,2,0,0
MTe01a,Pm10,1,1,0,0,2,2,0,0
VS1,LPT29,1,1,0,0,2,2,0,0
VS1,LPi06,1,1,0,0,2,2,0,0
MTe20,Sm28,1,1,0,0,2,2,0,0
LLPC3,Tm35,1,1,0,0,2,2,0,0
MTe51,Tm7,1,1,0,0,2,2,0,0
OA-AL2i2,CT1,1,1,0,0,2,2,0,0
OA-AL2i2,DNp11,1,1,0,0,2,2,0,0
OA-AL2i2,C2,1,1,0,0,2,2,0,0
OA-AL2i2,Li05,1,1,0,0,2,2,0,0
OA-AL2i2,Li02,1,1,0,0,2,2,0,0
OA-AL2i2,T4a,1,1,0,0,2,2,0,0
MTe02,MTe50,1,1,0,0,2,2,0,0
LLPC2,Li31,1,1,0,0,2,2,0,0
LCe05,LPLC2,1,1,0,0,2,2,0,0
LPTe01,VS8,1,1,0,0,2,2,0,0
MC65,cM09,1,1,0,0,2,2,0,0
MC65,LTe40,1,1,0,0,2,2,0,0
MC65,DmDRA1,1,1,0,0,2,2,0,0
MC65,Sm34,1,1,0,0,2,2,0,0
MC65,Sm06,1,1,0,0,2,2,0,0
MeTu4b,Mi9,1,1,0,0,2,2,0,0
MeTu4b,LC41,1,1,0,0,2,2,0,0
MTe51,cM17,1,1,0,0,2,2,0,0
MTe51,MTe11,1,1,0,0,2,2,0,0
MTe51,Li12,1,1,0,0,2,2,0,0
aMe5,Tm9,1,1,0,0,2,2,0,0
MTe16,Sm09,1,1,0,0,2,2,0,0
MTe16,Pm14,1,1,0,0,2,2,0,0
MTe16,MLt8,1,1,0,0,2,2,0,0
LC33a,MLt4,1,1,0,0,2,2,0,0
LC40,LTe38c,1,1,0,0,2,2,0,0
LT78,LC37a,1,1,0,0,2,2,0,0
LT78,Tm5e,1,1,0,0,2,2,0,0
cLLPM01,MTe12,1,1,0,0,2,2,0,0
cLLPM01,PLP155,1,1,0,0,2,2,0,0
cLLPM01,Tm32,1,1,0,0,2,2,0,0
cLLPM01,Tm35,1,1,0,0,2,2,0,0
LC15,Tlp4,1,1,0,0,2,2,0,0
LC15,Y12,1,1,0,0,2,2,0,0
LC20a,LTe01,1,1,0,0,2,2,0,0
MeTu4b,LTe25,1,1,0,0,2,2,0,0
LC11,LCe01a,1,1,0,0,2,2,0,0
MTe03,Tm33,1,1,0,0,2,2,0,0
MTe03,Sm01,1,1,0,0,2,2,0,0
LPC2,LPT51,1,1,0,0,2,2,0,0
LPC1,LPT45_dCal1,1,1,0,0,2,2,0,0
MeTu3b,MTe25,1,1,0,0,2,2,0,0
MeTu3b,MTe31,1,1,0,0,2,2,0,0
LC10b,LT85,1,1,0,0,2,2,0,0
LC10b,Y3,1,1,0,0,2,2,0,0
MeTu4c,cLLP02,1,1,0,0,2,2,0,0
LC20b,OA-AL2i1,1,1,0,0,2,2,0,0
LC20b,PLP215,1,1,0,0,2,2,0,0
LC20b,LTe66,1,1,0,0,2,2,0,0
LCe01b,LTe55,1,1,0,0,2,2,0,0
mALC5,LT75,1,1,0,0,2,2,0,0
mALC5,LTe38a,1,1,0,0,2,2,0,0
mALC5,LTe76,1,1,0,0,2,2,0,0
mALC5,TmY31,1,1,0,0,2,2,0,0
mALC5,MTe53,1,1,0,0,2,2,0,0
mALC5,LC35,1,1,0,0,2,2,0,0
mALC5,Mi10,1,1,0,0,2,2,0,0
mALC5,MLt3,1,1,0,0,2,2,0,0
mALC5,MTe12,1,1,0,0,2,2,0,0
mALC5,LPi11,1,1,0,0,2,2,0,0
mALC5,LCe02,1,1,0,0,2,2,0,0
mALC5,Li31,1,1,0,0,2,2,0,0
mALC5,VST2,1,1,0,0,2,2,0,0
mALC5,MeTu4c,1,1,0,0,2,2,0,0
mALC5,Sm32,1,1,0,0,2,2,0,0
mALC5,LPT22,1,1,0,0,2,2,0,0
mALC5,LC6,1,1,0,0,2,2,0,0
mALC5,LC16,1,1,0,0,2,2,0,0
mALC5,Li32,1,1,0,0,2,2,0,0
mALC5,Tm9,1,1,0,0,2,2,0,0
mALC5,Dm3v,1,1,0,0,2,2,0,0
mALC5,LC12,1,1,0,0,2,2,0,0
mALC5,Lawf1,1,1,0,0,2,2,0,0
mALC5,LT53,1,1,0,0,2,2,0,0
mALC5,Li18,1,1,0,0,2,2,0,0
mALC5,Li13,1,1,0,0,2,2,0,0
mALC5,Y1,1,1,0,0,2,2,0,0
MTe41,Tm35,1,1,0,0,2,2,0,0
MTe41,Pm03,1,1,0,0,2,2,0,0
MTe41,Dm2,1,1,0,0,2,2,0,0
MTe41,TmY16,1,1,0,0,2,2,0,0
MTe41,MLt4,1,1,0,0,2,2,0,0
MTe41,Pm07,1,1,0,0,2,2,0,0
MTe41,Mi13,1,1,0,0,2,2,0,0
LC13,LTe68,1,1,0,0,2,2,0,0
LC13,LTe48,1,1,0,0,2,2,0,0
LC13,LTe73,1,1,0,0,2,2,0,0
LT57,LTe23,1,1,0,0,2,2,0,0
LT57,LC22,1,1,0,0,2,2,0,0
LT57,PLP051,1,1,0,0,2,2,0,0
LT57,LC21,1,1,0,0,2,2,0,0
LCe03,Li09,1,1,0,0,2,2,0,0
LC27,LC24,1,1,0,0,2,2,0,0
MTe26,Tm37,1,1,0,0,2,2,0,0
MTe26,MTe23,1,1,0,0,2,2,0,0
MTe26,MTe50,1,1,0,0,2,2,0,0
MTe26,aMe19a,1,1,0,0,2,2,0,0
MTe26,MTe54,1,1,0,0,2,2,0,0
MTe26,MeTu4d,1,1,0,0,2,2,0,0
MTe26,Sm21,1,1,0,0,2,2,0,0
MTe26,Sm25,1,1,0,0,2,2,0,0
MTe26,Tm33,1,1,0,0,2,2,0,0
MTe26,Sm33,1,1,0,0,2,2,0,0
MTe26,Tm8a,1,1,0,0,2,2,0,0
MTe26,Tm5b,1,1,0,0,2,2,0,0
MTe26,Sm18,1,1,0,0,2,2,0,0
MTe26,Sm10,1,1,0,0,2,2,0,0
MTe26,Sm37,1,1,0,0,2,2,0,0
MTe26,aMe5,1,1,0,0,2,2,0,0
LC4,LC20b,1,1,0,0,2,2,0,0
LC4,LTe58,1,1,0,0,2,2,0,0
cM02a,MTe12,1,1,0,0,2,2,0,0
cM02a,MTe54,1,1,0,0,2,2,0,0
cM02a,TmY31,1,1,0,0,2,2,0,0
cM02a,CB0566,1,1,0,0,2,2,0,0
cM02a,Tm1,1,1,0,0,2,2,0,0
cM02a,Pm07,1,1,0,0,2,2,0,0
cM02a,MeMe_e06,1,1,0,0,2,2,0,0
cM02a,MTe30,1,1,0,0,2,2,0,0
cM02a,Sm22,1,1,0,0,2,2,0,0
cM02a,MLt6,1,1,0,0,2,2,0,0
cM02a,aMe17c,1,1,0,0,2,2,0,0
cM02a,MTe51,1,1,0,0,2,2,0,0
cM02a,Tm9,1,1,0,0,2,2,0,0
cM02a,5-HTPMPV03,1,1,0,0,2,2,0,0
cM02a,MeMe_e04,1,1,0,0,2,2,0,0
LLPC2,Li32,1,1,0,0,2,2,0,0
cM03,Lawf1,1,1,0,0,2,2,0,0
cM03,MeMe_e02,1,1,0,0,2,2,0,0
cM03,Sm15,1,1,0,0,2,2,0,0
cM03,MLt5,1,1,0,0,2,2,0,0
cM03,MTe20,1,1,0,0,2,2,0,0
cM03,MeMe_e04,1,1,0,0,2,2,0,0
cM03,MTe15,1,1,0,0,2,2,0,0
LLPC3,LC20a,1,1,0,0,2,2,0,0
LC11,cL02b,1,1,0,0,2,2,0,0
LTe30,LTe48,1,1,0,0,2,2,0,0
LTe30,Li28,1,1,0,0,2,2,0,0
LTe30,Li11,1,1,0,0,2,2,0,0
LTe30,Tm5f,1,1,0,0,2,2,0,0
LTe30,aMe17a2,1,1,0,0,2,2,0,0
LTe30,LT68,1,1,0,0,2,2,0,0
cM07,Li05,1,1,0,0,2,2,0,0
cM07,LTe36,1,1,0,0,2,2,0,0
cM07,Li28,1,1,0,0,2,2,0,0
cM07,LMt4,1,1,0,0,2,2,0,0
cM07,Tlp4,1,1,0,0,2,2,0,0
cM07,MeTu4a,1,1,0,0,2,2,0,0
cM07,Dm12,1,1,0,0,2,2,0,0
cM07,LC13,1,1,0,0,2,2,0,0
cM07,LT67,1,1,0,0,2,2,0,0
cM07,Dm3q,1,1,0,0,2,2,0,0
cM07,Li15,1,1,0,0,2,2,0,0
cM07,LC6,1,1,0,0,2,2,0,0
cM07,Dm10,1,1,0,0,2,2,0,0
cM07,LC14a2,1,1,0,0,2,2,0,0
cM07,TmY9q,1,1,0,0,2,2,0,0
cM07,LT77,1,1,0,0,2,2,0,0
cM07,aMe4,1,1,0,0,2,2,0,0
cM07,cL16,1,1,0,0,2,2,0,0
cM07,LC10d,1,1,0,0,2,2,0,0
cM07,LC4,1,1,0,0,2,2,0,0
cM07,MTe13,1,1,0,0,2,2,0,0
cM07,Tm5d,1,1,0,0,2,2,0,0
cM07,cL10,1,1,0,0,2,2,0,0
cM07,aMe17a2,1,1,0,0,2,2,0,0
cM07,TmY11,1,1,0,0,2,2,0,0
cM07,OA-ASM1,1,1,0,0,2,2,0,0
cM07,LT73,1,1,0,0,2,2,0,0
cM07,LTe76,1,1,0,0,2,2,0,0
cM07,TmY3,1,1,0,0,2,2,0,0
cM07,Dm8a,1,1,0,0,2,2,0,0
cM07,aMe20,1,1,0,0,2,2,0,0
cM07,Li10,1,1,0,0,2,2,0,0
LC41,LTe75,1,1,0,0,2,2,0,0
LC45,Li27,1,1,0,0,2,2,0,0
VST1,Y3,1,1,0,0,2,2,0,0
cL18,Tlp1,1,1,0,0,2,2,0,0
cL18,LTe59,1,1,0,0,2,2,0,0
cL18,cL02c,1,1,0,0,2,2,0,0
cL18,Tm5a,1,1,0,0,2,2,0,0
cL18,LC28a,1,1,0,0,2,2,0,0
LC13,cLPL01,1,1,0,0,2,2,0,0
LC13,Tm25,1,1,0,0,2,2,0,0
LC27,LTe16,1,1,0,0,2,2,0,0
LC27,LT64,1,1,0,0,2,2,0,0
LTe60,Li13,1,1,0,0,2,2,0,0
LTe60,LTe38c,1,1,0,0,2,2,0,0
LTe60,LTe49b,1,1,0,0,2,2,0,0
LTe60,Li10,1,1,0,0,2,2,0,0
LTe60,LTe33,1,1,0,0,2,2,0,0
LTe60,LC29,1,1,0,0,2,2,0,0
LTe60,Li32,1,1,0,0,2,2,0,0
LTe60,Tm8a,1,1,0,0,2,2,0,0
LTe60,LT72,1,1,0,0,2,2,0,0
LTe60,LT76,1,1,0,0,2,2,0,0
MeTu3a,CB0816,1,1,0,0,2,2,0,0
Nod3,Tlp1,1,1,0,0,2,2,0,0
Nod3,TmY3,1,1,0,0,2,2,0,0
Nod3,vCal1,1,1,0,0,2,2,0,0
Nod3,LPi05,1,1,0,0,2,2,0,0
MeTu2b,MeMe_e10,1,1,0,0,2,2,0,0
MTe02,Mi9,1,1,0,0,2,2,0,0
LC25,LT52,1,1,0,0,2,2,0,0
LC25,LT75,1,1,0,0,2,2,0,0
LC25,LC18,1,1,0,0,2,2,0,0
LPLC1,cL16,1,1,0,0,2,2,0,0
LLPC1,LPT30,1,1,0,0,2,2,0,0
LT33,MTe47,1,1,0,0,2,2,0,0
LT33,LLPC1,1,1,0,0,2,2,0,0
LT33,cMLLP02,1,1,0,0,2,2,0,0
LT33,LPLC1,1,1,0,0,2,2,0,0
LT33,MeTu4c,1,1,0,0,2,2,0,0
LT33,T3,1,1,0,0,2,2,0,0
LLPC2,LT87,1,1,0,0,2,2,0,0
cL20,LT1d,1,1,0,0,2,2,0,0
cL20,Li08,1,1,0,0,2,2,0,0
cL20,LMt4,1,1,0,0,2,2,0,0
cL20,LTe66,1,1,0,0,2,2,0,0
cL20,Tm16,1,1,0,0,2,2,0,0
cL20,MeTu4c,1,1,0,0,2,2,0,0
cL20,Tlp14,1,1,0,0,2,2,0,0
cL20,OA-AL2i1,1,1,0,0,2,2,0,0
cL20,LT78,1,1,0,0,2,2,0,0
cL20,LMt2,1,1,0,0,2,2,0,0
cL20,Tm25,1,1,0,0,2,2,0,0
cL20,LTe13,1,1,0,0,2,2,0,0
cL20,MLt3,1,1,0,0,2,2,0,0
cL20,T2,1,1,0,0,2,2,0,0
cL20,Tlp4,1,1,0,0,2,2,0,0
LPT52,LPTe01,1,1,0,0,2,2,0,0
LPT52,LPi02,1,1,0,0,2,2,0,0
LPT52,LPi14,1,1,0,0,2,2,0,0
LPT52,Y3,1,1,0,0,2,2,0,0
LPT52,LPi06,1,1,0,0,2,2,0,0
LPT52,Nod1,1,1,0,0,2,2,0,0
LT87,LC31a,1,1,0,0,2,2,0,0
LT87,LC24,1,1,0,0,2,2,0,0
LT87,LC28a,1,1,0,0,2,2,0,0
LT87,Li21,1,1,0,0,2,2,0,0
LT87,LC11,1,1,0,0,2,2,0,0
LT87,Li28,1,1,0,0,2,2,0,0
LT87,Tm7,1,1,0,0,2,2,0,0
LT87,LPLC4,1,1,0,0,2,2,0,0
LT87,LMt3,1,1,0,0,2,2,0,0
LT87,Tm31,1,1,0,0,2,2,0,0
LC34,LC29,1,1,0,0,2,2,0,0
LC10c,LTe38c,1,1,0,0,2,2,0,0
LMTe01,Sm39,1,1,0,0,2,2,0,0
MTe48,cM08a,1,1,0,0,2,2,0,0
MTe48,MTe40,1,1,0,0,2,2,0,0
MTe48,Tm8b,1,1,0,0,2,2,0,0
MTe48,aMe3,1,1,0,0,2,2,0,0
MTe48,aMe8,1,1,0,0,2,2,0,0
MTe48,LMa5,1,1,0,0,2,2,0,0
MTe48,Sm02,1,1,0,0,2,2,0,0
LLPC3,LT79,1,1,0,0,2,2,0,0
MTe50,Sm10,1,1,0,0,2,2,0,0
MTe01b,Sm29,1,1,0,0,2,2,0,0
MTe01b,Sm18,1,1,0,0,2,2,0,0
MTe01b,Sm32,1,1,0,0,2,2,0,0
LC37a,CB2685,1,1,0,0,2,2,0,0
LC37a,LC41,1,1,0,0,2,2,0,0
LC37a,LC19,1,1,0,0,2,2,0,0
LC37a,Li27,1,1,0,0,2,2,0,0
LC37a,LTe01,1,1,0,0,2,2,0,0
LT1c,LTe18,1,1,0,0,2,2,0,0
LT1c,LPLC1,1,1,0,0,2,2,0,0
LT1c,mALC4,1,1,0,0,2,2,0,0
LT1c,LC14a1,1,1,0,0,2,2,0,0
LT1c,Li06,1,1,0,0,2,2,0,0
LT1c,LC31a,1,1,0,0,2,2,0,0
LT56,Li29,1,1,0,0,2,2,0,0
LT56,LLPC1,1,1,0,0,2,2,0,0
LT56,LT87,1,1,0,0,2,2,0,0
LT56,Li33,1,1,0,0,2,2,0,0
LT56,cLLPM01,1,1,0,0,2,2,0,0
aMe5,Sm36,1,1,0,0,2,2,0,0
LPTe01,Nod3,1,1,0,0,2,2,0,0
LT41,LT79,1,1,0,0,2,2,0,0
LT41,Li07,1,1,0,0,2,2,0,0
LT41,Tlp1,1,1,0,0,2,2,0,0
LT41,LC33a,1,1,0,0,2,2,0,0
LT41,Tm5e,1,1,0,0,2,2,0,0
LT41,LC13,1,1,0,0,2,2,0,0
LT41,LT74,1,1,0,0,2,2,0,0
LT41,LMa3,1,1,0,0,2,2,0,0
LT41,Tm20,1,1,0,0,2,2,0,0
LT41,cL07,1,1,0,0,2,2,0,0
LT41,LT76,1,1,0,0,2,2,0,0
LT69,LT63,1,1,0,0,2,2,0,0
LT69,LC10e,1,1,0,0,2,2,0,0
LT69,cLLP02,1,1,0,0,2,2,0,0
LT69,LC34,1,1,0,0,2,2,0,0
LT69,LC20b,1,1,0,0,2,2,0,0
LT69,LCe01b,1,1,0,0,2,2,0,0
LT69,LTe04,1,1,0,0,2,2,0,0
LT69,LTe57,1,1,0,0,2,2,0,0
LT69,LTe74,1,1,0,0,2,2,0,0
LT69,LTe65,1,1,0,0,2,2,0,0
LT69,cL04,1,1,0,0,2,2,0,0
LT69,LTe45,1,1,0,0,2,2,0,0
LT69,Tm5a,1,1,0,0,2,2,0,0
LT69,aMe20,1,1,0,0,2,2,0,0
mALD2,Li33,1,1,0,0,2,2,0,0
mALD2,LCe07,1,1,0,0,2,2,0,0
mALD2,LC22,1,1,0,0,2,2,0,0
mALD2,Li09,1,1,0,0,2,2,0,0
mALD2,Li11,1,1,0,0,2,2,0,0
mALD2,LC28a,1,1,0,0,2,2,0,0
mALD2,LTe62,1,1,0,0,2,2,0,0
mALD2,LC35,1,1,0,0,2,2,0,0
mALD2,Li13,1,1,0,0,2,2,0,0
mALD2,TmY31,1,1,0,0,2,2,0,0
mALD2,Li23,1,1,0,0,2,2,0,0
mALD2,LT51,1,1,0,0,2,2,0,0
mALD2,Li16,1,1,0,0,2,2,0,0
mALD2,LMa2,1,1,0,0,2,2,0,0
mALD2,LTe19,1,1,0,0,2,2,0,0
LC20a,cL13,1,1,0,0,2,2,0,0
LC20a,LT64,1,1,0,0,2,2,0,0
MeTu2a,Sm06,1,1,0,0,2,2,0,0
LCe01b,LTe16,1,1,0,0,2,2,0,0
LCe01a,Tm31,1,1,0,0,2,2,0,0
cL03,Tm27,1,1,0,0,2,2,0,0
cLP01,Pm14,1,1,0,0,2,2,0,0
MeTu3c,Sm01,1,1,0,0,2,2,0,0
MeTu3c,Sm33,1,1,0,0,2,2,0,0
LTe49e,Tm5e,1,1,0,0,2,2,0,0
cM16,Dm20,1,1,0,0,2,2,0,0
cM16,MTe05,1,1,0,0,2,2,0,0
cM16,Pm08,1,1,0,0,2,2,0,0
cM16,LMt2,1,1,0,0,2,2,0,0
cM16,MeTu1,1,1,0,0,2,2,0,0
MeTu4d,MeTu3b,1,1,0,0,2,2,0,0
LTe51,Li10,1,1,0,0,2,2,0,0
cM04,Sm04,1,1,0,0,2,2,0,0
cM04,MTe20,1,1,0,0,2,2,0,0
LT52,aMe20,1,1,0,0,2,2,0,0
LC35,LPLC2,1,1,0,0,2,2,0,0
LC35,Tm3,1,1,0,0,2,2,0,0
LC35,LC45,1,1,0,0,2,2,0,0
LC35,Tlp1,1,1,0,0,2,2,0,0
LC35,LT76,1,1,0,0,2,2,0,0
LCe03,TmY10,1,1,0,0,2,2,0,0
Nod5,LLPC3,1,1,0,0,2,2,0,0
Nod5,VSm,1,1,0,0,2,2,0,0
Nod5,LPi08,1,1,0,0,2,2,0,0
Nod5,LPi02,1,1,0,0,2,2,0,0
Nod5,LPi12,1,1,0,0,2,2,0,0
Nod5,cM07,1,1,0,0,2,2,0,0
Nod5,LT66,1,1,0,0,2,2,0,0
Nod5,Tm16,1,1,0,0,2,2,0,0
cL02b,LT42,1,1,0,0,2,2,0,0
cL02b,Li05,1,1,0,0,2,2,0,0
LT63,LT43,1,1,0,0,2,2,0,0
LT63,LTe50,1,1,0,0,2,2,0,0
LT63,Tm5f,1,1,0,0,2,2,0,0
LT63,LMt2,1,1,0,0,2,2,0,0
LT63,Li13,1,1,0,0,2,2,0,0
LT63,LT68,1,1,0,0,2,2,0,0
LT63,LTe25,1,1,0,0,2,2,0,0
LT63,LTe31,1,1,0,0,2,2,0,0
LT63,LTe16,1,1,0,0,2,2,0,0
LT63,Li16,1,1,0,0,2,2,0,0
LT63,Tm37,1,1,0,0,2,2,0,0
cL18,cLP04,1,1,0,0,2,2,0,0
cL18,CB2848,1,1,0,0,2,2,0,0
LC20a,cLLP02,1,1,0,0,2,2,0,0
MTe50,AOTU053,1,1,0,0,2,2,0,0
LT53,LC40,1,1,0,0,2,2,0,0
LC10c,LC6,1,1,0,0,2,2,0,0
LC21,LTe41,1,1,0,0,2,2,0,0
LC27,cL12,1,1,0,0,2,2,0,0
LC9,TmY9q,1,1,0,0,2,2,0,0
LC28a,LTe20,1,1,0,0,2,2,0,0
LC28a,Tm32,1,1,0,0,2,2,0,0
LLPC1,cL02c,1,1,0,0,2,2,0,0
LT51,LC10c,1,1,0,0,2,2,0,0
LT51,LTe10,1,1,0,0,2,2,0,0
LT51,OA-ASM1,1,1,0,0,2,2,0,0
LT51,LT79,1,1,0,0,2,2,0,0
LT51,LCe05,1,1,0,0,2,2,0,0
LT51,Tm34,1,1,0,0,2,2,0,0
LT51,Li18,1,1,0,0,2,2,0,0
LT51,LC18,1,1,0,0,2,2,0,0
LC33a,LC9,1,1,0,0,2,2,0,0
MeTu3c,Mi2,1,1,0,0,2,2,0,0
MeTu1,LC34,1,1,0,0,2,2,0,0
cL11,TmY4,1,1,0,0,2,2,0,0
cL11,LTe62,1,1,0,0,2,2,0,0
cL11,cL16,1,1,0,0,2,2,0,0
cL11,Li01,1,1,0,0,2,2,0,0
cL11,cL05,1,1,0,0,2,2,0,0
cL11,LTe15,1,1,0,0,2,2,0,0
cL11,Y4,1,1,0,0,2,2,0,0
cL11,LTe59,1,1,0,0,2,2,0,0
cL11,LMa1,1,1,0,0,2,2,0,0
cL11,Tm8a,1,1,0,0,2,2,0,0
cL11,TmY9q,1,1,0,0,2,2,0,0
MTe52,TmY9q⊥,1,1,0,0,2,2,0,0
MTe52,Tm35,1,1,0,0,2,2,0,0
MeTu3c,Dm12,1,1,0,0,2,2,0,0
LC22,Li25,1,1,0,0,2,2,0,0
aMe20,LC10b,1,1,0,0,2,2,0,0
LPLC1,LTe29,1,1,0,0,2,2,0,0
LTe47,LC6,1,1,0,0,2,2,0,0
LPT58,LLPC2,1,1,0,0,2,2,0,0
LPT58,LPLC4,1,1,0,0,2,2,0,0
LPT58,LPT54,1,1,0,0,2,2,0,0
LPT58,LPi02,1,1,0,0,2,2,0,0
LPT58,LPi12,1,1,0,0,2,2,0,0
LPT58,T4b,1,1,0,0,2,2,0,0
LPT58,cLPL01,1,1,0,0,2,2,0,0
LC27,cM08a,1,1,0,0,2,2,0,0
LC28a,Tm5c,1,1,0,0,2,2,0,0
LC28a,TmY11,1,1,0,0,2,2,0,0
MTe02,AVLP534,1,1,0,0,2,2,0,0
cM08b,Tm8a,1,1,0,0,2,2,0,0
cM08b,MLt6,1,1,0,0,2,2,0,0
cM08b,MTe48,1,1,0,0,2,2,0,0
cM08b,C2,1,1,0,0,2,2,0,0
cM08b,MTe38,1,1,0,0,2,2,0,0
cM08b,Tm31,1,1,0,0,2,2,0,0
cM08b,TmY5a,1,1,0,0,2,2,0,0
LT38,LTe15,1,1,0,0,2,2,0,0
LT38,Tm33,1,1,0,0,2,2,0,0
LT38,LC13,1,1,0,0,2,2,0,0
LT38,Li05,1,1,0,0,2,2,0,0
LT38,Tlp1,1,1,0,0,2,2,0,0
LT51,LC16,1,1,0,0,2,2,0,0
LT51,Li01,1,1,0,0,2,2,0,0
LT1b,LT61b,1,1,0,0,2,2,0,0
LC13,LTe15,1,1,0,0,2,2,0,0
LC13,LC15,1,1,0,0,2,2,0,0
LC13,cL16,1,1,0,0,2,2,0,0
LC13,LC29,1,1,0,0,2,2,0,0
LC13,LTe08,1,1,0,0,2,2,0,0
cLLPM01,Li06,1,1,0,0,2,2,0,0
cLLPM01,Tlp14,1,1,0,0,2,2,0,0
cLLPM01,LC31a,1,1,0,0,2,2,0,0
cLLPM01,LMt3,1,1,0,0,2,2,0,0
cLLPM01,LC11,1,1,0,0,2,2,0,0
cLLPM01,cL07,1,1,0,0,2,2,0,0
LC6,cLLP02,1,1,0,0,2,2,0,0
LC20a,LT79,1,1,0,0,2,2,0,0
LT70,Li03,1,1,0,0,2,2,0,0
LT70,LT73,1,1,0,0,2,2,0,0
LT70,LTe58,1,1,0,0,2,2,0,0
LC46,LC40,1,1,0,0,2,2,0,0
LC46,LPLC4,1,1,0,0,2,2,0,0
LC46,LTe14,1,1,0,0,2,2,0,0
LC18,LTe59,1,1,0,0,2,2,0,0
LCe07,Li10,1,1,0,0,2,2,0,0
aMe6a,aMe3,1,1,0,0,2,2,0,0
LC29,Tm4,1,1,0,0,2,2,0,0
LC29,Y3,1,1,0,0,2,2,0,0
LC10e,Tm35,1,1,0,0,2,2,0,0
MTe01a,Tm31,1,1,0,0,2,2,0,0
MTe01a,LMa5,1,1,0,0,2,2,0,0
MTe01a,CB0816,1,1,0,0,2,2,0,0
LCe04,Li11,1,1,0,0,2,2,0,0
OA-AL2i1,MeLp2,1,1,0,0,2,2,0,0
OA-AL2i1,H1,1,1,0,0,2,2,0,0
OA-AL2i1,LPT42_Nod4,1,1,0,0,2,2,0,0
OA-AL2i1,LT83,1,1,0,0,2,2,0,0
OA-AL2i1,LCe07,1,1,0,0,2,2,0,0
OA-AL2i1,LPi12,1,1,0,0,2,2,0,0
OA-AL2i1,LPT51,1,1,0,0,2,2,0,0
OA-AL2i1,HSE,1,1,0,0,2,2,0,0
OA-AL2i1,MTe47,1,1,0,0,2,2,0,0
OA-AL2i1,Li19,1,1,0,0,2,2,0,0
OA-AL2i1,LPT30,1,1,0,0,2,2,0,0
OA-AL2i1,mALC4,1,1,0,0,2,2,0,0
OA-AL2i1,LC20a,1,1,0,0,2,2,0,0
OA-AL2i1,cLLPM01,1,1,0,0,2,2,0,0
OA-AL2i1,LC11,1,1,0,0,2,2,0,0
OA-AL2i1,MTe50,1,1,0,0,2,2,0,0
OA-AL2i1,Dm4,1,1,0,0,2,2,0,0
OA-AL2i1,LC29,1,1,0,0,2,2,0,0
OA-AL2i1,Nod1,1,1,0,0,2,2,0,0
OA-AL2i1,LPi06,1,1,0,0,2,2,0,0
OA-AL2i1,LTe05,1,1,0,0,2,2,0,0
OA-AL2i1,Tm5d,1,1,0,0,2,2,0,0
OA-AL2i1,LPT28,1,1,0,0,2,2,0,0
OA-AL2i1,Tm35,1,1,0,0,2,2,0,0
OA-AL2i1,LC17,1,1,0,0,2,2,0,0
OA-AL2i1,Li20,1,1,0,0,2,2,0,0
OA-AL2i1,T2,1,1,0,0,2,2,0,0
MeTu4c,Li04,1,1,0,0,2,2,0,0
LC6,Li17,1,1,0,0,2,2,0,0
cM01a,Tm34,1,1,0,0,2,2,0,0
cM01a,Sm10,1,1,0,0,2,2,0,0
cM01a,MTe04,1,1,0,0,2,2,0,0
cM01a,MTe17,1,1,0,0,2,2,0,0
cM01a,MTe12,1,1,0,0,2,2,0,0
MTe06,MLt5,1,1,0,0,2,2,0,0
LC10b,LC31b,1,1,0,0,2,2,0,0
LC10b,LCe04,1,1,0,0,2,2,0,0
LTe64,LTe21,1,1,0,0,2,2,0,0
LTe64,TmY10,1,1,0,0,2,2,0,0
LC6,Tm5d,1,1,0,0,2,2,0,0
LC13,LT56,1,1,0,0,2,2,0,0
cL01,LT58,1,1,0,0,2,2,0,0
LC31b,Li06,1,1,0,0,2,2,0,0
MTe17,Sm10,1,1,0,0,2,2,0,0
MTe17,Sm23,1,1,0,0,2,2,0,0
MTe17,Sm01,1,1,0,0,2,2,0,0
MTe17,Sm02,1,1,0,0,2,2,0,0
LCe07,TmY14,1,1,0,0,2,2,0,0
LCe07,LC21,1,1,0,0,2,2,0,0
mALD1,OA-ASM1,1,1,0,0,2,2,0,0
mALD1,LC27,1,1,0,0,2,2,0,0
mALD1,LT75,1,1,0,0,2,2,0,0
mALD1,LT59,1,1,0,0,2,2,0,0
mALD1,Li13,1,1,0,0,2,2,0,0
mALD1,LC10f,1,1,0,0,2,2,0,0
mALD1,Tm5e,1,1,0,0,2,2,0,0
mALD1,LC17,1,1,0,0,2,2,0,0
mALD1,Li08,1,1,0,0,2,2,0,0
mALD1,Li10,1,1,0,0,2,2,0,0
mALD1,LTe61,1,1,0,0,2,2,0,0
mALD1,LC9,1,1,0,0,2,2,0,0
mALD1,MeTu4c,1,1,0,0,2,2,0,0
LC10e,Li29,1,1,0,0,2,2,0,0
MeTu4c,cM08a,1,1,0,0,2,2,0,0
MeTu4c,LT1a,1,1,0,0,2,2,0,0
LC10e,Tm5e,1,1,0,0,2,2,0,0
LC36,LT58,1,1,0,0,2,2,0,0
LTe33,LTe19,1,1,0,0,2,2,0,0
LTe33,LTe51,1,1,0,0,2,2,0,0
LTe33,LTe24,1,1,0,0,2,2,0,0
LTe33,Tm34,1,1,0,0,2,2,0,0
LTe33,PLP150a,1,1,0,0,2,2,0,0
LTe33,LTe58,1,1,0,0,2,2,0,0
LTe33,LTe44,1,1,0,0,2,2,0,0
LTe33,LC21,1,1,0,0,2,2,0,0
LC10b,LTe31,1,1,0,0,2,2,0,0
LC11,LT67,1,1,0,0,2,2,0,0
LC10c,LCe06,1,1,0,0,2,2,0,0
LC31a,Li06,1,1,0,0,2,2,0,0
LC31a,LC21,1,1,0,0,2,2,0,0
LLPC1,T2a,1,1,0,0,2,2,0,0
LPC2,LTe14,1,1,0,0,2,2,0,0
LPC2,LTe69,1,1,0,0,2,2,0,0
LPC2,LT51,1,1,0,0,2,2,0,0
LTe02,Y3,1,1,0,0,2,2,0,0
LTe73,LTe33,1,1,0,0,2,2,0,0
LTe73,LCe09,1,1,0,0,2,2,0,0
LTe73,Tm5e,1,1,0,0,2,2,0,0
LTe73,LTe24,1,1,0,0,2,2,0,0
MTe52,MTe47,1,1,0,0,2,2,0,0
OA-AL2i3,TmY14,1,1,0,0,2,2,0,0
OA-AL2i3,TmY11,1,1,0,0,2,2,0,0
OA-AL2i3,Sm02,1,1,0,0,2,2,0,0
OA-AL2i3,Tm1,1,1,0,0,2,2,0,0
OA-AL2i3,Dm15,1,1,0,0,2,2,0,0
LCe02,Li27,1,1,0,0,2,2,0,0
LLPC3,LC10c,1,1,0,0,2,2,0,0
LT37,LCe06,1,1,0,0,2,2,0,0
LT37,Li09,1,1,0,0,2,2,0,0
LT37,LTe35,1,1,0,0,2,2,0,0
LT37,TmY3,1,1,0,0,2,2,0,0
LT37,Tlp4,1,1,0,0,2,2,0,0
LT37,OA-AL2b1,1,1,0,0,2,2,0,0
LT37,LCe01a,1,1,0,0,2,2,0,0
LT37,Tm5e,1,1,0,0,2,2,0,0
LT37,LTe64,1,1,0,0,2,2,0,0
LT37,LC20a,1,1,0,0,2,2,0,0
LT37,MLt3,1,1,0,0,2,2,0,0
LT37,LMt3,1,1,0,0,2,2,0,0
LT37,LTe38a,1,1,0,0,2,2,0,0
LT37,Tm35,1,1,0,0,2,2,0,0
LC10a,Tm33,1,1,0,0,2,2,0,0
LT64,LMt2,1,1,0,0,2,2,0,0
LT64,TmY5a,1,1,0,0,2,2,0,0
LT64,LTe42c,1,1,0,0,2,2,0,0
LC10b,PLP251,1,1,0,0,2,2,0,0
LC28a,Li25,1,1,0,0,2,2,0,0
aMe24,aMe26,1,1,0,0,2,2,0,0
LC20b,LTe46,1,1,0,0,2,2,0,0
MeTu4a,LC20a,1,1,0,0,2,2,0,0
MeTu4a,MTe05,1,1,0,0,2,2,0,0
LTe50,Li05,1,1,0,0,2,2,0,0
LTe50,LTe02,1,1,0,0,2,2,0,0
LTe50,aMe20,1,1,0,0,2,2,0,0
LC13,LT57,1,1,0,0,2,2,0,0
LC19,LTe57,1,1,0,0,2,2,0,0
LC19,Tm5e,1,1,0,0,2,2,0,0
LC19,Li27,1,1,0,0,2,2,0,0
LC19,LTe45,1,1,0,0,2,2,0,0
MTe01b,Tm36,1,1,0,0,2,2,0,0
LPT31,LPLC2,1,1,0,0,2,2,0,0
LPT31,LPC1,1,1,0,0,2,2,0,0
LPT31,LLPt,1,1,0,0,2,2,0,0
LPT31,LC20b,1,1,0,0,2,2,0,0
aMe17b,MTe06,1,1,0,0,2,2,0,0
aMe17b,TmY3,1,1,0,0,2,2,0,0
aMe17b,MTe28,1,1,0,0,2,2,0,0
aMe17b,Sm38,1,1,0,0,2,2,0,0
MTe01b,CB0566,1,1,0,0,2,2,0,0
cL15,LT64,1,1,0,0,2,2,0,0
cL15,LT36,1,1,0,0,2,2,0,0
cL15,LC14a2,1,1,0,0,2,2,0,0
cL15,TmY9q⊥,1,1,0,0,2,2,0,0
cL15,cL02c,1,1,0,0,2,2,0,0
cL15,LMt3,1,1,0,0,2,2,0,0
cL15,5-HTPMPV03,1,1,0,0,2,2,0,0
cL15,LC20b,1,1,0,0,2,2,0,0
cL15,Y1,1,1,0,0,2,2,0,0
LPLC2,LC36,1,1,0,0,2,2,0,0
LPLC2,LC33a,1,1,0,0,2,2,0,0
LPLC2,LTe24,1,1,0,0,2,2,0,0
LTe13,cM07,1,1,0,0,2,2,0,0
LTe13,LT83,1,1,0,0,2,2,0,0
MeTu3a,MeMe_e02,1,1,0,0,2,2,0,0
MeTu3a,MLt7,1,1,0,0,2,2,0,0
LT39,LTe21,1,1,0,0,2,2,0,0
LT39,MeTu2b,1,1,0,0,2,2,0,0
LT39,LTe01,1,1,0,0,2,2,0,0
LT39,Tm33,1,1,0,0,2,2,0,0
LT39,LMt2,1,1,0,0,2,2,0,0
LT39,cM07,1,1,0,0,2,2,0,0
LT39,LC12,1,1,0,0,2,2,0,0
LT39,LTe25,1,1,0,0,2,2,0,0
LT39,LT73,1,1,0,0,2,2,0,0
LT39,LTe42a,1,1,0,0,2,2,0,0
LT39,LT37,1,1,0,0,2,2,0,0
cL02b,Tm5d,1,1,0,0,2,2,0,0
cL02b,LC10a,1,1,0,0,2,2,0,0
cL02b,LC36,1,1,0,0,2,2,0,0
LC11,cL18,1,1,0,0,2,2,0,0
LC13,LC4,1,1,0,0,2,2,0,0
LC13,LTe38b,1,1,0,0,2,2,0,0
MTe42,Dm12,1,1,0,0,2,2,0,0
MTe42,MLt3,1,1,0,0,2,2,0,0
MeTu3b,CB0566,1,1,0,0,2,2,0,0
MTe06,Mi9,1,1,0,0,2,2,0,0
MTe06,MeTu2a,1,1,0,0,2,2,0,0
LTe38b,LT72,1,1,0,0,2,2,0,0
LC6,LC17,1,1,0,0,2,2,0,0
MTe05,Mi15,1,1,0,0,2,2,0,0
LCe02,LTe26,1,1,0,0,2,2,0,0
LCe02,LC24,1,1,0,0,2,2,0,0
LLPC3,T5b,1,1,0,0,2,2,0,0
cM03,MTe16,1,1,0,0,2,2,0,0
cM03,Sm31,1,1,0,0,2,2,0,0
cM03,Sm25,1,1,0,0,2,2,0,0
cM03,MeMe_e07,1,1,0,0,2,2,0,0
cM03,MTe37,1,1,0,0,2,2,0,0
LPC1,LPi11,1,1,0,0,2,2,0,0
LCe04,LTe49b,1,1,0,0,2,2,0,0
LC20a,LTe42c,1,1,0,0,2,2,0,0
LC37a,LTe15,1,1,0,0,2,2,0,0
LC37a,LT87,1,1,0,0,2,2,0,0
LC28a,cM09,1,1,0,0,2,2,0,0
cL03,VS8,1,1,0,0,2,2,0,0
cL03,VS7,1,1,0,0,2,2,0,0
cL03,VST2,1,1,0,0,2,2,0,0
MTe02,LPT27,1,1,0,0,2,2,0,0
LCe04,Tm32,1,1,0,0,2,2,0,0
LCe04,LC10f,1,1,0,0,2,2,0,0
LCe04,Tm5c,1,1,0,0,2,2,0,0
LCe04,LTe17,1,1,0,0,2,2,0,0
LC22,Tm25,1,1,0,0,2,2,0,0
LC22,Tm5c,1,1,0,0,2,2,0,0
LC16,MeTu1,1,1,0,0,2,2,0,0
Nod1,LPi15,1,1,0,0,2,2,0,0
MeTu3b,MTe30,1,1,0,0,2,2,0,0
LC10e,Li27,1,1,0,0,2,2,0,0
LC9,cML01,1,1,0,0,2,2,0,0
MTe22,Sm41,1,1,0,0,2,2,0,0
MTe22,DNc01,1,1,0,0,2,2,0,0
MTe22,Sm31,1,1,0,0,2,2,0,0
LTe49a,LC10f,1,1,0,0,2,2,0,0
LTe49a,LC19,1,1,0,0,2,2,0,0
LTe49a,Li10,1,1,0,0,2,2,0,0
LTe49a,LTe14,1,1,0,0,2,2,0,0
LT52,LTe19,1,1,0,0,2,2,0,0
LT52,LTe68,1,1,0,0,2,2,0,0
LTe10,LTe49b,1,1,0,0,2,2,0,0
LTe10,LC15,1,1,0,0,2,2,0,0
LTe10,LPLC4,1,1,0,0,2,2,0,0
LTe10,LC14b,1,1,0,0,2,2,0,0
LTe10,LMt1,1,1,0,0,2,2,0,0
LTe10,Li33,1,1,0,0,2,2,0,0
LTe10,LC24,1,1,0,0,2,2,0,0
LT80,LT76,1,1,0,0,2,2,0,0
LT80,Tm5a,1,1,0,0,2,2,0,0
LT80,LT52,1,1,0,0,2,2,0,0
LT80,LC22,1,1,0,0,2,2,0,0
LT80,LC20b,1,1,0,0,2,2,0,0
LTe54,Tm8a,1,1,0,0,2,2,0,0
cL14,LTe04,1,1,0,0,2,2,0,0
cL14,TmY20,1,1,0,0,2,2,0,0
cL14,Tm20,1,1,0,0,2,2,0,0
cL14,LCe01b,1,1,0,0,2,2,0,0
cL14,LTe42b,1,1,0,0,2,2,0,0
cL14,LC39,1,1,0,0,2,2,0,0
cL14,LCe01a,1,1,0,0,2,2,0,0
cL14,Tlp5,1,1,0,0,2,2,0,0
cL14,LT63,1,1,0,0,2,2,0,0
cL14,Li12,1,1,0,0,2,2,0,0
cL14,LTe37,1,1,0,0,2,2,0,0
cL14,LTe45,1,1,0,0,2,2,0,0
cL14,LC31c,1,1,0,0,2,2,0,0
cL14,Tm31,1,1,0,0,2,2,0,0
cL14,LC9,1,1,0,0,2,2,0,0
cL14,LTe15,1,1,0,0,2,2,0,0
cL14,LMa1,1,1,0,0,2,2,0,0
cL14,LC29,1,1,0,0,2,2,0,0
cL14,LPT29,1,1,0,0,2,2,0,0
cL14,LTe16,1,1,0,0,2,2,0,0
MTe01b,MLt5,1,1,0,0,2,2,0,0
LTe58,LC36,1,1,0,0,2,2,0,0
MTe30,Sm15,1,1,0,0,2,2,0,0
MTe30,Sm42,1,1,0,0,2,2,0,0
LC22,TmY4,1,1,0,0,2,2,0,0
MeTu4c,LTe42a,1,1,0,0,2,2,0,0
cLP01,VST1,1,1,0,0,2,2,0,0
DNpe053,LNda,1,1,0,0,2,2,0,0
DNpe053,aMe17c,1,1,0,0,2,2,0,0
LC15,Li13,1,1,0,0,2,2,0,0
MTe50,MTe53,1,1,0,0,2,2,0,0
LC24,LTe23,1,1,0,0,2,2,0,0
LTe62,Tm5e,1,1,0,0,2,2,0,0
MeTu4a,Tm21,1,1,0,0,2,2,0,0
MeTu4a,LTe38a,1,1,0,0,2,2,0,0
cL04,LTe09,1,1,0,0,2,2,0,0
cL04,LTe49c,1,1,0,0,2,2,0,0
cL04,LT67,1,1,0,0,2,2,0,0
cL04,LT81,1,1,0,0,2,2,0,0
cL04,cL22a,1,1,0,0,2,2,0,0
cL04,LTe41,1,1,0,0,2,2,0,0
LPLC2,HSE,1,1,0,0,2,2,0,0
LPLC2,LMt2,1,1,0,0,2,2,0,0
VST2,VST1,1,1,0,0,2,2,0,0
LPT54,T2a,1,1,0,0,2,2,0,0
LPT54,LPT52,1,1,0,0,2,2,0,0
LPT54,Tm20,1,1,0,0,2,2,0,0
LPT54,cM18,1,1,0,0,2,2,0,0
LPT54,H1,1,1,0,0,2,2,0,0
LPT54,LLPC4,1,1,0,0,2,2,0,0
LPT54,VSm,1,1,0,0,2,2,0,0
LPT54,LPT49,1,1,0,0,2,2,0,0
LPT54,Tm5e,1,1,0,0,2,2,0,0
LPT54,Li21,1,1,0,0,2,2,0,0
LPT54,Sm22,1,1,0,0,2,2,0,0
LC13,LTe64,1,1,0,0,2,2,0,0
LC13,LT82a,1,1,0,0,2,2,0,0
LPLC1,Li22,1,1,0,0,2,2,0,0
LC10b,LC29,1,1,0,0,2,2,0,0
LC10b,5-HTPMPV03,1,1,0,0,2,2,0,0
LC10b,LTe37,1,1,0,0,2,2,0,0
LC9,Tlp1,1,1,0,0,2,2,0,0
LTe41,LT43,1,1,0,0,2,2,0,0
LTe41,Tm5f,1,1,0,0,2,2,0,0
LTe41,LC29,1,1,0,0,2,2,0,0
LTe41,LPLC1,1,1,0,0,2,2,0,0
LTe41,Li27,1,1,0,0,2,2,0,0
LTe41,LC25,1,1,0,0,2,2,0,0
LPLC1,cM07,1,1,0,0,2,2,0,0
LC13,cM07,1,1,0,0,2,2,0,0
vCal1,T5b,1,1,0,0,2,2,0,0
vCal1,TmY31,1,1,0,0,2,2,0,0
LC13,LTe16,1,1,0,0,2,2,0,0
LT1d,Li22,1,1,0,0,2,2,0,0
LT1d,LMt2,1,1,0,0,2,2,0,0
LTe38b,Li12,1,1,0,0,2,2,0,0
LTe38b,cL17,1,1,0,0,2,2,0,0
LTe38b,LC43,1,1,0,0,2,2,0,0
VST2,VS6,1,1,0,0,2,2,0,0
VST2,Y3,1,1,0,0,2,2,0,0
VST2,TmY16,1,1,0,0,2,2,0,0
VST2,LPi08,1,1,0,0,2,2,0,0
aMe4,MTe53,1,1,0,0,2,2,0,0
LCe03,LTe17,1,1,0,0,2,2,0,0
LCe03,LC41,1,1,0,0,2,2,0,0
LCe06,LC10d,1,1,0,0,2,2,0,0
LCe06,LPLC2,1,1,0,0,2,2,0,0
LCe06,LMt3,1,1,0,0,2,2,0,0
LCe06,Li06,1,1,0,0,2,2,0,0
LCe06,LTe21,1,1,0,0,2,2,0,0
LCe06,TmY9q⊥,1,1,0,0,2,2,0,0
LTe24,LC10b,1,1,0,0,2,2,0,0
LTe24,LT87,1,1,0,0,2,2,0,0
LTe24,LTe09,1,1,0,0,2,2,0,0
LTe24,LC33a,1,1,0,0,2,2,0,0
LTe24,OA-AL2b1,1,1,0,0,2,2,0,0
LTe24,LTe53,1,1,0,0,2,2,0,0
MeTu4a,CB0734,1,1,0,0,2,2,0,0
LC9,LPT30,1,1,0,0,2,2,0,0
LC6,Y3,1,1,0,0,2,2,0,0
MTe54,Pm06,1,1,0,0,2,2,0,0
LC28a,LC41,1,1,0,0,2,2,0,0
LC28a,LT1c,1,1,0,0,2,2,0,0
LC28a,LT61a,1,1,0,0,2,2,0,0
LC28a,Li19,1,1,0,0,2,2,0,0
MeTu4a,Tm25,1,1,0,0,2,2,0,0
MeTu4a,Tm5a,1,1,0,0,2,2,0,0
LT53,H1,1,1,0,0,2,2,0,0
LT53,cL01,1,1,0,0,2,2,0,0
LT84,LC10e,1,1,0,0,2,2,0,0
LT84,LT37,1,1,0,0,2,2,0,0
LT84,LC20a,1,1,0,0,2,2,0,0
LT84,LPLC2,1,1,0,0,2,2,0,0
LT84,LTe21,1,1,0,0,2,2,0,0
LT84,Li30,1,1,0,0,2,2,0,0
LT84,Tm7,1,1,0,0,2,2,0,0
LT84,Li28,1,1,0,0,2,2,0,0
LT84,LC6,1,1,0,0,2,2,0,0
LLPC2,LC21,1,1,0,0,2,2,0,0
LTe35,LTe25,1,1,0,0,2,2,0,0
LTe35,LC9,1,1,0,0,2,2,0,0
LTe35,LT81,1,1,0,0,2,2,0,0
LTe35,cL22a,1,1,0,0,2,2,0,0
LTe35,LTe41,1,1,0,0,2,2,0,0
LTe35,TmY31,1,1,0,0,2,2,0,0
LTe35,LPLC2,1,1,0,0,2,2,0,0
LTe35,LC10b,1,1,0,0,2,2,0,0
LPLC4,cM07,1,1,0,0,2,2,0,0
MTe01a,Tm37,1,1,0,0,2,2,0,0
cLP01,H1,1,1,0,0,2,2,0,0
LTe42b,LCe05,1,1,0,0,2,2,0,0
LTe42b,Li10,1,1,0,0,2,2,0,0
LTe42b,LTe64,1,1,0,0,2,2,0,0
LTe42b,MLt6,1,1,0,0,2,2,0,0
LTe42b,TmY5a,1,1,0,0,2,2,0,0
LTe42b,TmY9q⊥,1,1,0,0,2,2,0,0
LTe42b,LC20b,1,1,0,0,2,2,0,0
aMe12,Sm15,1,1,0,0,2,2,0,0
LC24,cL16,1,1,0,0,2,2,0,0
LC27,LPLC4,1,1,0,0,2,2,0,0
LC27,LC13,1,1,0,0,2,2,0,0
LCe01a,Tm25,1,1,0,0,2,2,0,0
LPLC4,LC10e,1,1,0,0,2,2,0,0
MTe01a,MeTu2a,1,1,0,0,2,2,0,0
cLP05,Y1,1,1,0,0,2,2,0,0
cLP05,LPi10,1,1,0,0,2,2,0,0
cLP05,LPTe02,1,1,0,0,2,2,0,0
cLP05,LPT28,1,1,0,0,2,2,0,0
cLP05,T5d,1,1,0,0,2,2,0,0
cLP05,LPC1,1,1,0,0,2,2,0,0
LLPC3,VST1,1,1,0,0,2,2,0,0
MeTu4d,MeMe_e01,1,1,0,0,2,2,0,0
LC20a,LT75,1,1,0,0,2,2,0,0
MeTu2b,MTe06,1,1,0,0,2,2,0,0
LC46,LC37a,1,1,0,0,2,2,0,0
MTe50,MTe02,1,1,0,0,2,2,0,0
MTe14,Y3,1,1,0,0,2,2,0,0
MTe14,MeTu4b,1,1,0,0,2,2,0,0
MTe14,Tm8a,1,1,0,0,2,2,0,0
LTe74,LLPt,1,1,0,0,2,2,0,0
LTe74,LCe04,1,1,0,0,2,2,0,0
LTe74,LT68,1,1,0,0,2,2,0,0
cMLLP02,cLLP02,1,1,0,0,2,2,0,0
cMLLP02,DNp27,1,1,0,0,2,2,0,0
cMLLP02,Y4,1,1,0,0,2,2,0,0
cMLLP02,T4c,1,1,0,0,2,2,0,0
cMLLP02,LPT51,1,1,0,0,2,2,0,0
cMLLP02,LLPC2,1,1,0,0,2,2,0,0
cMLLP02,cLP03,1,1,0,0,2,2,0,0
cMLLP02,VS2,1,1,0,0,2,2,0,0
cMLLP02,LPT54,1,1,0,0,2,2,0,0
cMLLP02,MeTu4c,1,1,0,0,2,2,0,0
LTe38c,Li03,1,1,0,0,2,2,0,0
LTe38c,LTe58,1,1,0,0,2,2,0,0
LTe38c,LC10e,1,1,0,0,2,2,0,0
cL01,LC27,1,1,0,0,2,2,0,0
cL01,TmY5a,1,1,0,0,2,2,0,0
MTe02,Pm13,1,1,0,0,2,2,0,0
LC22,cM07,1,1,0,0,2,2,0,0
aMe17a2,Pm14,1,1,0,0,2,2,0,0
aMe17a2,MTe33,1,1,0,0,2,2,0,0
aMe17a2,R7,1,1,0,0,2,2,0,0
aMe17a2,cM03,1,1,0,0,2,2,0,0
aMe17a2,Pm05,1,1,0,0,2,2,0,0
aMe17a2,MeTu4b,1,1,0,0,2,2,0,0
aMe17a2,R8,1,1,0,0,2,2,0,0
aMe17a2,MTe31,1,1,0,0,2,2,0,0
LC20b,LCe01,1,1,0,0,2,2,0,0
LC20b,LTe12,1,1,0,0,2,2,0,0
LC46,LTe49d,1,1,0,0,2,2,0,0
cM08a,Lawf1,1,1,0,0,2,2,0,0
cM08a,Sm14,1,1,0,0,2,2,0,0
cM08a,Sm06,1,1,0,0,2,2,0,0
cM08a,LMt1,1,1,0,0,2,2,0,0
cM08a,TmY11,1,1,0,0,2,2,0,0
cM08a,cM08c,1,1,0,0,2,2,0,0
cM08a,MeTu4c,1,1,0,0,2,2,0,0
cM08a,5-HTPMPV03,1,1,0,0,2,2,0,0
cM08a,Li09,1,1,0,0,2,2,0,0
cM08a,Tm5b,1,1,0,0,2,2,0,0
cM08a,OA-ASM1,1,1,0,0,2,2,0,0
LC21,Tm16,1,1,0,0,2,2,0,0
LC28a,MLt1,1,1,0,0,2,2,0,0
LPLC1,TmY9q⊥,1,1,0,0,2,2,0,0
MTe09,Sm16,1,1,0,0,2,2,0,0
MTe09,MTe15,1,1,0,0,2,2,0,0
MTe09,MTe37,1,1,0,0,2,2,0,0
LLPC3,Li17,1,1,0,0,2,2,0,0
MeTu1,Pm09,1,1,0,0,2,2,0,0
MTe02,5-HTPMPV03,1,1,0,0,2,2,0,0
MeTu4c,AOTU026,1,1,0,0,2,2,0,0
LT70,LC27,1,1,0,0,2,2,0,0
LT70,LMa1,1,1,0,0,2,2,0,0
MTe28,MTe17,1,1,0,0,2,2,0,0
MTe28,Sm22,1,1,0,0,2,2,0,0
MTe28,Sm07,1,1,0,0,2,2,0,0
MTe28,Sm08,1,1,0,0,2,2,0,0
MTe28,MTe47,1,1,0,0,2,2,0,0
MTe28,Sm40,1,1,0,0,2,2,0,0
MTe28,Lat,1,1,0,0,2,2,0,0
MTe28,Sm16,1,1,0,0,2,2,0,0
MTe28,MTe09,1,1,0,0,2,2,0,0
LPLC1,LPi04,1,1,0,0,2,2,0,0
LPLC1,Li20,1,1,0,0,2,2,0,0
cL01,LTe51,1,1,0,0,2,2,0,0
cL01,LTe17,1,1,0,0,2,2,0,0
LC46,LC10e,1,1,0,0,2,2,0,0
LC46,Li07,1,1,0,0,2,2,0,0
LC46,LCe03,1,1,0,0,2,2,0,0
LC46,5-HTPMPV03,1,1,0,0,2,2,0,0
LC4,LT64,1,1,0,0,2,2,0,0
MeTu1,Dm12,1,1,0,0,2,2,0,0
LPT48_vCal3,LPi02,1,1,0,0,2,2,0,0
VST2,vCal1,1,1,0,0,2,2,0,0
VST2,VST2,1,1,0,0,2,2,0,0
VST2,VS2,1,1,0,0,2,2,0,0
cL02b,LC39,1,1,0,0,2,2,0,0
cL02b,PLP051,1,1,0,0,2,2,0,0
cL02b,LC10e,1,1,0,0,2,2,0,0
cL02b,OA-AL2b1,1,1,0,0,2,2,0,0
cL02b,LTe33,1,1,0,0,2,2,0,0
cL02b,LMt1,1,1,0,0,2,2,0,0
cL02b,cLPL01,1,1,0,0,2,2,0,0
cL02b,LC14a2,1,1,0,0,2,2,0,0
cL02b,Tm8b,1,1,0,0,2,2,0,0
LLPC1,LPi01,1,1,0,0,2,2,0,0
LPLC2,Tm5b,1,1,0,0,2,2,0,0
LPLC2,LTe26,1,1,0,0,2,2,0,0
DN1a,APDN3,1,1,0,0,2,2,0,0
DN1a,CB1791,1,1,0,0,2,2,0,0
MTe51,OA-AL2i4,1,1,0,0,2,2,0,0
DGI,Li05,1,1,0,0,2,2,0,0
DGI,LLPt,1,1,0,0,2,2,0,0
LC41,LTe60,1,1,0,0,2,2,0,0
LT57,LTe45,1,1,0,0,2,2,0,0
LT57,PLP185,1,1,0,0,2,2,0,0
LT57,cL22b,1,1,0,0,2,2,0,0
LTe58,Tm32,1,1,0,0,2,2,0,0
cL18,LTe65,1,1,0,0,2,2,0,0
cL18,TmY3,1,1,0,0,2,2,0,0
cL18,Tm16,1,1,0,0,2,2,0,0
cL18,TmY4,1,1,0,0,2,2,0,0
cL18,LTe13,1,1,0,0,2,2,0,0
LC31a,LC13,1,1,0,0,2,2,0,0
cM17,MeMe_e08,1,1,0,0,2,2,0,0
cM17,Lat,1,1,0,0,2,2,0,0
cM17,aMe26,1,1,0,0,2,2,0,0
cM17,TmY16,1,1,0,0,2,2,0,0
cM17,Sm15,1,1,0,0,2,2,0,0
cM17,Mi2,1,1,0,0,2,2,0,0
cM17,Tm4,1,1,0,0,2,2,0,0
cM17,LMa1,1,1,0,0,2,2,0,0
cM17,MTe26,1,1,0,0,2,2,0,0
cM17,Tm9,1,1,0,0,2,2,0,0
cM17,MeTu3c,1,1,0,0,2,2,0,0
cM17,Sm13,1,1,0,0,2,2,0,0
cM17,LPi09,1,1,0,0,2,2,0,0
LPLC2,Tm33,1,1,0,0,2,2,0,0
MeTu4c,LTe33,1,1,0,0,2,2,0,0
VS6,LPi02,1,1,0,0,2,2,0,0
LTe40,Li09,1,1,0,0,2,2,0,0
cM03,cM10,1,1,0,0,2,2,0,0
cM03,Dm20,1,1,0,0,2,2,0,0
cM03,Sm10,1,1,0,0,2,2,0,0
cM03,Mi10,1,1,0,0,2,2,0,0
cM03,Li12,1,1,0,0,2,2,0,0
cM03,cM03,1,1,0,0,2,2,0,0
LTe01,LT57,1,1,0,0,2,2,0,0
LTe01,Li08,1,1,0,0,2,2,0,0
LTe01,LC34,1,1,0,0,2,2,0,0
LTe01,LCe06,1,1,0,0,2,2,0,0
LTe01,LTe66,1,1,0,0,2,2,0,0
LTe01,LC46,1,1,0,0,2,2,0,0
LCe05,Tm20,1,1,0,0,2,2,0,0
LCe05,Tm35,1,1,0,0,2,2,0,0
LCe05,Tm31,1,1,0,0,2,2,0,0
LCe05,LC10a,1,1,0,0,2,2,0,0
LCe05,LC26,1,1,0,0,2,2,0,0
LCe05,LCe02,1,1,0,0,2,2,0,0
LPTe01,TmY11,1,1,0,0,2,2,0,0
LPTe01,Tm1,1,1,0,0,2,2,0,0
LLPC2,cM10,1,1,0,0,2,2,0,0
LLPC2,LC29,1,1,0,0,2,2,0,0
LCe09,LT64,1,1,0,0,2,2,0,0
cM09,C3,1,1,0,0,2,2,0,0
cM09,Dm3q,1,1,0,0,2,2,0,0
cM09,MeTu1,1,1,0,0,2,2,0,0
cM09,LC10a,1,1,0,0,2,2,0,0
LPLC4,LPi12,1,1,0,0,2,2,0,0
MeTu4c,TmY9q⊥,1,1,0,0,2,2,0,0
LTe38a,LT63,1,1,0,0,2,2,0,0
cL22c,LT38,1,1,0,0,2,2,0,0
cL22c,LC20a,1,1,0,0,2,2,0,0
cL22c,LC20b,1,1,0,0,2,2,0,0
cL22c,Li13,1,1,0,0,2,2,0,0
cL22c,mALD2,1,1,0,0,2,2,0,0
cL22c,LC31b,1,1,0,0,2,2,0,0
cL22c,LC40,1,1,0,0,2,2,0,0
cL22c,Tm8a,1,1,0,0,2,2,0,0
cL22c,Li08,1,1,0,0,2,2,0,0
cL22c,LC10f,1,1,0,0,2,2,0,0
cL22c,LTe58,1,1,0,0,2,2,0,0
cL22c,Tm35,1,1,0,0,2,2,0,0
cL22c,LTe09,1,1,0,0,2,2,0,0
cL22c,LTe01,1,1,0,0,2,2,0,0
cL22c,TmY31,1,1,0,0,2,2,0,0
cL22c,LT85,1,1,0,0,2,2,0,0
LTe59,TmY5a,1,1,0,0,2,2,0,0
MTe27,Sm42,1,1,0,0,2,2,0,0
MTe27,Tm8a,1,1,0,0,2,2,0,0
MTe27,MTe46,1,1,0,0,2,2,0,0
MTe27,MC65,1,1,0,0,2,2,0,0
MTe27,Mi4,1,1,0,0,2,2,0,0
MTe27,TmY14,1,1,0,0,2,2,0,0
MTe27,Sm31,1,1,0,0,2,2,0,0
LTe70,MeTu4a,1,1,0,0,2,2,0,0
cLP03,cMLLP02,1,1,0,0,2,2,0,0
MTe54,LMt1,1,1,0,0,2,2,0,0
LTe57,LT51,1,1,0,0,2,2,0,0
LTe57,LT52,1,1,0,0,2,2,0,0
LTe57,LTe49a,1,1,0,0,2,2,0,0
LTe57,LC33a,1,1,0,0,2,2,0,0
cML02,LMa1,1,1,0,0,2,2,0,0
cML02,DCH,1,1,0,0,2,2,0,0
cML02,Pm12,1,1,0,0,2,2,0,0
cML02,Tm9,1,1,0,0,2,2,0,0
LC10d,LTe46,1,1,0,0,2,2,0,0
LC36,LTe42b,1,1,0,0,2,2,0,0
LC36,Tm8b,1,1,0,0,2,2,0,0
LC13,LLPC3,1,1,0,0,2,2,0,0
MeTu4c,cM18,1,1,0,0,2,2,0,0
LTe38c,Li01,1,1,0,0,2,2,0,0
LTe38c,TmY20,1,1,0,0,2,2,0,0
LC29,LT80,1,1,0,0,2,2,0,0
LC29,LC31c,1,1,0,0,2,2,0,0
LPT21,VST1,1,1,0,0,2,2,0,0
LPT21,LPT28,1,1,0,0,2,2,0,0
LPT21,TmY9q,1,1,0,0,2,2,0,0
LPT21,LPT54,1,1,0,0,2,2,0,0
LPT21,T5a,1,1,0,0,2,2,0,0
LPT21,Y12,1,1,0,0,2,2,0,0
cM14,aMe17a1,1,1,0,0,2,2,0,0
cM14,Pm07,1,1,0,0,2,2,0,0
cM14,TmY9q⊥,1,1,0,0,2,2,0,0
cM14,Sm31,1,1,0,0,2,2,0,0
cM14,Sm38,1,1,0,0,2,2,0,0
cM14,TmY16,1,1,0,0,2,2,0,0
cM14,MTe12,1,1,0,0,2,2,0,0
cM14,Dm2,1,1,0,0,2,2,0,0
cM14,cM18,1,1,0,0,2,2,0,0
cM14,MTe13,1,1,0,0,2,2,0,0
cM14,MTe37,1,1,0,0,2,2,0,0
cM14,Sm18,1,1,0,0,2,2,0,0
LC24,LCe05,1,1,0,0,2,2,0,0
LT38,Tm32,1,1,0,0,2,2,0,0
LT38,LTe49c,1,1,0,0,2,2,0,0
LT38,LTe61,1,1,0,0,2,2,0,0
LT38,Tm5f,1,1,0,0,2,2,0,0
LT38,Y4,1,1,0,0,2,2,0,0
LT38,cL11,1,1,0,0,2,2,0,0
LT38,Tm8a,1,1,0,0,2,2,0,0
LT38,cM08a,1,1,0,0,2,2,0,0
LT38,Li08,1,1,0,0,2,2,0,0
LT38,cM07,1,1,0,0,2,2,0,0
LLPC2,T5b,1,1,0,0,2,2,0,0
MeTu3c,MeMe_e09,1,1,0,0,2,2,0,0
LCe06,cLLP02,1,1,0,0,2,2,0,0
LCe06,Li30,1,1,0,0,2,2,0,0
LCe06,cL20,1,1,0,0,2,2,0,0
MTe01a,cM13,1,1,0,0,2,2,0,0
MTe01a,cM17,1,1,0,0,2,2,0,0
LC10d,LT79,1,1,0,0,2,2,0,0
MTe52,Lawf1,1,1,0,0,2,2,0,0
LT68,LC13,1,1,0,0,2,2,0,0
LT68,LTe40,1,1,0,0,2,2,0,0
LT68,cL17,1,1,0,0,2,2,0,0
LT68,LMa5,1,1,0,0,2,2,0,0
LT68,LTe54,1,1,0,0,2,2,0,0
LT68,LTe09,1,1,0,0,2,2,0,0
LCe01a,LTe64,1,1,0,0,2,2,0,0
LCe01,LC6,1,1,0,0,2,2,0,0
LCe01,LCe03,1,1,0,0,2,2,0,0
cLP02,cMLLP02,1,1,0,0,2,2,0,0
LC20a,LTe54,1,1,0,0,2,2,0,0
LC10c,TmY5a,1,1,0,0,2,2,0,0
LT52,LTe03,1,1,0,0,2,2,0,0
VCH,Li16,1,1,0,0,2,2,0,0
VCH,CB0592,1,1,0,0,2,2,0,0
VCH,cLLP02,1,1,0,0,2,2,0,0
VCH,Li26,1,1,0,0,2,2,0,0
VCH,Tm5e,1,1,0,0,2,2,0,0
VCH,Tm1,1,1,0,0,2,2,0,0
VCH,LPT30,1,1,0,0,2,2,0,0
VCH,VST2,1,1,0,0,2,2,0,0
MeTu2a,MTe04,1,1,0,0,2,2,0,0
MTe53,MTe04,1,1,0,0,2,2,0,0
LCe01a,Tm35,1,1,0,0,2,2,0,0
cL08,LLPt,1,1,0,0,2,2,0,0
cL08,LC13,1,1,0,0,2,2,0,0
cL08,LC16,1,1,0,0,2,2,0,0
cL08,LT83,1,1,0,0,2,2,0,0
cL08,Li24,1,1,0,0,2,2,0,0
cL08,Li25,1,1,0,0,2,2,0,0
cL08,LLPC1,1,1,0,0,2,2,0,0
cL08,Tm5c,1,1,0,0,2,2,0,0
cL08,LC14b,1,1,0,0,2,2,0,0
cL08,LC10a,1,1,0,0,2,2,0,0
cL08,Tm21,1,1,0,0,2,2,0,0
cL08,LT78,1,1,0,0,2,2,0,0
cL08,Y1,1,1,0,0,2,2,0,0
LC35,LLPC4,1,1,0,0,2,2,0,0
LC35,Tm16,1,1,0,0,2,2,0,0
LC35,LTe12,1,1,0,0,2,2,0,0
LC35,LC11,1,1,0,0,2,2,0,0
LC36,Li13,1,1,0,0,2,2,0,0
LTe56,LC37a,1,1,0,0,2,2,0,0
LTe56,LTe68,1,1,0,0,2,2,0,0
LTe56,LC27,1,1,0,0,2,2,0,0
LTe56,Li33,1,1,0,0,2,2,0,0
LPC2,T4a,1,1,0,0,2,2,0,0
LC21,LTe13,1,1,0,0,2,2,0,0
LC16,LT53,1,1,0,0,2,2,0,0
LC16,Tm8b,1,1,0,0,2,2,0,0
LC16,Li29,1,1,0,0,2,2,0,0
MeTu4c,cL22a,1,1,0,0,2,2,0,0
MeTu4c,MTe12,1,1,0,0,2,2,0,0
LC20a,Li18,1,1,0,0,2,2,0,0
LC20a,TmY9q⊥,1,1,0,0,2,2,0,0
LC22,Tm34,1,1,0,0,2,2,0,0
LC22,LTe08,1,1,0,0,2,2,0,0
LC35,Li27,1,1,0,0,2,2,0,0
LC35,LC39,1,1,0,0,2,2,0,0
LC35,LTe18,1,1,0,0,2,2,0,0
LC35,LT66,1,1,0,0,2,2,0,0
LC6,Tm36,1,1,0,0,2,2,0,0
LC10e,cL06,1,1,0,0,2,2,0,0
LCe01a,PLP155,1,1,0,0,2,2,0,0
cM15,MeTu4d,1,1,0,0,2,2,0,0
cM15,MTe18,1,1,0,0,2,2,0,0
cM15,MLt3,1,1,0,0,2,2,0,0
cM15,cM06,1,1,0,0,2,2,0,0
cM15,MTe35,1,1,0,0,2,2,0,0
cM15,MeTu3c,1,1,0,0,2,2,0,0
cM15,Dm3q,1,1,0,0,2,2,0,0
cM15,MTe43,1,1,0,0,2,2,0,0
cM15,aMe5,1,1,0,0,2,2,0,0
LPLC4,LTe55,1,1,0,0,2,2,0,0
LTe47,Tm5a,1,1,0,0,2,2,0,0
LTe47,Li27,1,1,0,0,2,2,0,0
MTe51,Tm3,1,1,0,0,2,2,0,0
MTe15,Tm34,1,1,0,0,2,2,0,0
LPT22,TmY31,1,1,0,0,2,2,0,0
LPT22,LPi12,1,1,0,0,2,2,0,0
LPT22,LLPC3,1,1,0,0,2,2,0,0
LPT22,T5b,1,1,0,0,2,2,0,0
LPT22,VS1,1,1,0,0,2,2,0,0
LPT22,LPT30,1,1,0,0,2,2,0,0
LPT22,TmY9q⊥,1,1,0,0,2,2,0,0
LCe04,LT58,1,1,0,0,2,2,0,0
LCe04,LC10b,1,1,0,0,2,2,0,0
LT42,LT84,1,1,0,0,2,2,0,0
LT42,Tm37,1,1,0,0,2,2,0,0
LT42,MLt3,1,1,0,0,2,2,0,0
LT42,Tm4,1,1,0,0,2,2,0,0
LT42,LT51,1,1,0,0,2,2,0,0
LT42,LPT31,1,1,0,0,2,2,0,0
MTe01a,MeTu4d,1,1,0,0,2,2,0,0
MTe01a,Sm36,1,1,0,0,2,2,0,0
LC13,cL21,1,1,0,0,2,2,0,0
LC39,TmY10,1,1,0,0,2,2,0,0
LC39,Tm31,1,1,0,0,2,2,0,0
LC39,LLPC3,1,1,0,0,2,2,0,0
LC39,LT69,1,1,0,0,2,2,0,0
cLP03,LPT54,1,1,0,0,2,2,0,0
LT82a,Tm5e,1,1,0,0,2,2,0,0
LT82a,LTe64,1,1,0,0,2,2,0,0
LT82a,Li06,1,1,0,0,2,2,0,0
LT82a,Li16,1,1,0,0,2,2,0,0
MTe54,LPT54,1,1,0,0,2,2,0,0
MTe54,Sm32,1,1,0,0,2,2,0,0
MTe52,cML01,1,1,0,0,2,2,0,0
LC12,Tm4,1,1,0,0,2,2,0,0
MTe03,MeMe_e05,1,1,0,0,2,2,0,0
LC31a,Li33,1,1,0,0,2,2,0,0
MTe02,MTe48,1,1,0,0,2,2,0,0
MeTu4c,cM03,1,1,0,0,2,2,0,0
MeTu4c,OA-AL2i4,1,1,0,0,2,2,0,0
LLPC1,LT87,1,1,0,0,2,2,0,0
LC25,cM07,1,1,0,0,2,2,0,0
LC10e,cM09,1,1,0,0,2,2,0,0
LC22,Tm5f,1,1,0,0,2,2,0,0
LC22,Tm20,1,1,0,0,2,2,0,0
LC20a,LC45,1,1,0,0,2,2,0,0
LC20a,Li27,1,1,0,0,2,2,0,0
LT58,LC14a1,1,1,0,0,2,2,0,0
LT58,MTe53,1,1,0,0,2,2,0,0
LT58,MLt7,1,1,0,0,2,2,0,0
LT58,LTe58,1,1,0,0,2,2,0,0
LT58,MTe20,1,1,0,0,2,2,0,0
LT58,cM08c,1,1,0,0,2,2,0,0
LT58,LT69,1,1,0,0,2,2,0,0
LT58,cL10,1,1,0,0,2,2,0,0
LT58,LTe72,1,1,0,0,2,2,0,0
LT58,Li19,1,1,0,0,2,2,0,0
LT58,LT73,1,1,0,0,2,2,0,0
LT58,MeTu2a,1,1,0,0,2,2,0,0
LT58,MeMe_e05,1,1,0,0,2,2,0,0
LT58,LT76,1,1,0,0,2,2,0,0
LT58,MeMe_e01,1,1,0,0,2,2,0,0
LT58,aMe6a,1,1,0,0,2,2,0,0
LT58,OA-AL2i4,1,1,0,0,2,2,0,0
LT58,Mi9,1,1,0,0,2,2,0,0
LC16,LTe42c,1,1,0,0,2,2,0,0
LC31b,Li17,1,1,0,0,2,2,0,0
LC31b,LMa3,1,1,0,0,2,2,0,0
LCe01a,LTe41,1,1,0,0,2,2,0,0
LCe01a,LTe33,1,1,0,0,2,2,0,0
LC10b,LT77,1,1,0,0,2,2,0,0
LT53,TmY9q⊥,1,1,0,0,2,2,0,0
LT53,LMa5,1,1,0,0,2,2,0,0
LC25,LTe76,1,1,0,0,2,2,0,0
MeTu3b,Li10,1,1,0,0,2,2,0,0
MeTu3b,Mi2,1,1,0,0,2,2,0,0
LTe17,LTe75,1,1,0,0,2,2,0,0
LTe17,Li29,1,1,0,0,2,2,0,0
LTe17,Tm35,1,1,0,0,2,2,0,0
LTe17,LT55,1,1,0,0,2,2,0,0
LTe17,LC27,1,1,0,0,2,2,0,0
LTe17,Li28,1,1,0,0,2,2,0,0
LTe17,LTe01,1,1,0,0,2,2,0,0
LTe17,Tm37,1,1,0,0,2,2,0,0
LTe17,Y3,1,1,0,0,2,2,0,0
LC10c,Li09,1,1,0,0,2,2,0,0
LC10c,LTe33,1,1,0,0,2,2,0,0
MeTu4c,TmY9q,1,1,0,0,2,2,0,0
MeTu4c,Mi4,1,1,0,0,2,2,0,0
LT11,LCe01b,1,1,0,0,2,2,0,0
LT11,LT58,1,1,0,0,2,2,0,0
LT11,Tm31,1,1,0,0,2,2,0,0
LT11,Tm5a,1,1,0,0,2,2,0,0
LT11,cM07,1,1,0,0,2,2,0,0
LT11,TmY14,1,1,0,0,2,2,0,0
LT11,Tm5e,1,1,0,0,2,2,0,0
LT11,LT1a,1,1,0,0,2,2,0,0
LT11,LC9,1,1,0,0,2,2,0,0
LC4,Y1,1,1,0,0,2,2,0,0
LC4,cL18,1,1,0,0,2,2,0,0
LCe03,LT75,1,1,0,0,2,2,0,0
LTe52,Li30,1,1,0,0,2,2,0,0
LTe52,LT51,1,1,0,0,2,2,0,0
LTe52,LC10e,1,1,0,0,2,2,0,0
LTe52,LCe07,1,1,0,0,2,2,0,0
LC10e,LT84,1,1,0,0,2,2,0,0
LC10d,LC29,1,1,0,0,2,2,0,0
LTe42a,TmY5a,1,1,0,0,2,2,0,0
LTe42a,Tm16,1,1,0,0,2,2,0,0
LTe42a,LT57,1,1,0,0,2,2,0,0
LTe42a,LTe60,1,1,0,0,2,2,0,0
LTe42a,LC10c,1,1,0,0,2,2,0,0
LC6,LC12,1,1,0,0,2,2,0,0
LC10a,Tm5e,1,1,0,0,2,2,0,0
MTe01a,MTe25,1,1,0,0,2,2,0,0
HSS,TmY31,1,1,0,0,2,2,0,0
HSS,OA-AL2i1,1,1,0,0,2,2,0,0
HSS,LPi02,1,1,0,0,2,2,0,0
MeTu2b,Sm34,1,1,0,0,2,2,0,0
MeTu4c,LMa5,1,1,0,0,2,2,0,0
LC21,cL08,1,1,0,0,2,2,0,0
LC17,Tm20,1,1,0,0,2,2,0,0
LC17,LC10d,1,1,0,0,2,2,0,0
LC17,LC10b,1,1,0,0,2,2,0,0
MeTu4a,LCe07,1,1,0,0,2,2,0,0
LPC1,T4d,1,1,0,0,2,2,0,0
LC10b,CB0472,1,1,0,0,2,2,0,0
LCe01b,LC40,1,1,0,0,2,2,0,0
LC10b,LLPC1,1,1,0,0,2,2,0,0
LC22,LTe54,1,1,0,0,2,2,0,0
LTe03,LMa3,1,1,0,0,2,2,0,0
LTe03,LC31b,1,1,0,0,2,2,0,0
LTe03,Li27,1,1,0,0,2,2,0,0
LTe03,LTe14,1,1,0,0,2,2,0,0
LTe03,LC28a,1,1,0,0,2,2,0,0
LTe03,Tm32,1,1,0,0,2,2,0,0
LTe03,LT39,1,1,0,0,2,2,0,0
MTe45,LTe02,1,1,0,0,2,2,0,0
MTe45,LTe44,1,1,0,0,2,2,0,0
MTe45,LTe49e,1,1,0,0,2,2,0,0
MTe45,CB1791,1,1,0,0,2,2,0,0
LC13,Y3,1,1,0,0,2,2,0,0
MTe04,Dm10,1,1,0,0,2,2,0,0
MTe01a,Sm17,1,1,0,0,2,2,0,0
LPLC2,LT86,1,1,0,0,2,2,0,0
LTe38a,OA-AL2b1,1,1,0,0,2,2,0,0
LTe38a,Li04,1,1,0,0,2,2,0,0
LPT31,LT80,1,1,0,0,2,2,0,0
LT85,cM07,1,1,0,0,2,2,0,0
LT85,Li05,1,1,0,0,2,2,0,0
LT85,LC20a,1,1,0,0,2,2,0,0
LT85,LC29,1,1,0,0,2,2,0,0
LT85,LTe49e,1,1,0,0,2,2,0,0
LT85,TmY5a,1,1,0,0,2,2,0,0
LT85,LT68,1,1,0,0,2,2,0,0
LT85,LC10e,1,1,0,0,2,2,0,0
LT85,Li27,1,1,0,0,2,2,0,0
LCe09,LC20b,1,1,0,0,2,2,0,0
LC10e,LT53,1,1,0,0,2,2,0,0
LC6,LC40,1,1,0,0,2,2,0,0
LC25,LT73,1,1,0,0,2,2,0,0
MTe01a,Mi10,1,1,0,0,2,2,0,0
MTe01a,MeTu3b,1,1,0,0,2,2,0,0
LT77,LT58,1,1,0,0,2,2,0,0
LT77,LT78,1,1,0,0,2,2,0,0
LT77,LC35,1,1,0,0,2,2,0,0
LT77,Li09,1,1,0,0,2,2,0,0
LT77,LC26,1,1,0,0,2,2,0,0
LT77,TmY20,1,1,0,0,2,2,0,0
LT77,Tm16,1,1,0,0,2,2,0,0
LCe05,Li32,1,1,0,0,2,2,0,0
HSE,LPLC4,1,1,0,0,2,2,0,0
HSE,Am1,1,1,0,0,2,2,0,0
LC34,Li02,1,1,0,0,2,2,0,0
LC34,LTe33,1,1,0,0,2,2,0,0
LC34,LTe74,1,1,0,0,2,2,0,0
LC34,LTe43,1,1,0,0,2,2,0,0
MeTu3c,MeTu2a,1,1,0,0,2,2,0,0
LC28a,LT47,1,1,0,0,2,2,0,0
LC28a,Tm25,1,1,0,0,2,2,0,0
AOTU065,LTe74,1,1,0,0,2,2,0,0
AOTU065,LT55,1,1,0,0,2,2,0,0
AOTU065,Tm5e,1,1,0,0,2,2,0,0
AOTU065,LPLC1,1,1,0,0,2,2,0,0
AOTU065,LC20b,1,1,0,0,2,2,0,0
AOTU065,LCe06,1,1,0,0,2,2,0,0
AOTU065,AVLP593,1,1,0,0,2,2,0,0
AOTU065,cL04,1,1,0,0,2,2,0,0
AOTU065,LTe01,1,1,0,0,2,2,0,0
AOTU065,LTe14,1,1,0,0,2,2,0,0
LTe06,MeTu3c,1,1,0,0,2,2,0,0
LTe06,LC28a,1,1,0,0,2,2,0,0
LTe06,LTe33,1,1,0,0,2,2,0,0
LTe06,Tm8a,1,1,0,0,2,2,0,0
LTe06,LT69,1,1,0,0,2,2,0,0
LTe06,Li18,1,1,0,0,2,2,0,0
LTe06,LTe51,1,1,0,0,2,2,0,0
LTe06,Tm5f,1,1,0,0,2,2,0,0
LTe06,LC16,1,1,0,0,2,2,0,0
LTe06,aMe20,1,1,0,0,2,2,0,0
cM01b,MTe01a,1,1,0,0,2,2,0,0
cM01b,aMe17b,1,1,0,0,2,2,0,0
cM01b,Sm35,1,1,0,0,2,2,0,0
cM01b,OA-AL2i4,1,1,0,0,2,2,0,0
cM01b,Sm29,1,1,0,0,2,2,0,0
cM01b,Sm20,1,1,0,0,2,2,0,0
LTe52,OA-AL2b1,1,1,0,0,2,2,0,0
cLP02,Li15,1,1,0,0,2,2,0,0
LC9,cL13,1,1,0,0,2,2,0,0
LCe03,LC16,1,1,0,0,2,2,0,0
LCe03,LPLC1,1,1,0,0,2,2,0,0
MTe05,Sm19,1,1,0,0,2,2,0,0
LPLC1,Tm7,1,1,0,0,2,2,0,0
LT43,cL16,1,1,0,0,2,2,0,0
LT43,LTe38b,1,1,0,0,2,2,0,0
LT43,LTe10,1,1,0,0,2,2,0,0
LT43,LTe30,1,1,0,0,2,2,0,0
LT43,Li32,1,1,0,0,2,2,0,0
LT43,TmY10,1,1,0,0,2,2,0,0
LT43,LT52,1,1,0,0,2,2,0,0
LT43,LC16,1,1,0,0,2,2,0,0
LT43,MLt1,1,1,0,0,2,2,0,0
LC10e,LCe04,1,1,0,0,2,2,0,0
MeTu3a,aMe17a2,1,1,0,0,2,2,0,0
LC28a,LTe44,1,1,0,0,2,2,0,0
LC28a,LT62,1,1,0,0,2,2,0,0
LC28a,LT60,1,1,0,0,2,2,0,0
MTe54,cM05,1,1,0,0,2,2,0,0
Nod1,Tlp5,1,1,0,0,2,2,0,0
Nod1,VCH,1,1,0,0,2,2,0,0
LC16,Tm3,1,1,0,0,2,2,0,0
LPLC4,cLP02,1,1,0,0,2,2,0,0
LC29,LC24,1,1,0,0,2,2,0,0
MTe01a,Y3,1,1,0,0,2,2,0,0
LC34,Li23,1,1,0,0,2,2,0,0
LC34,LT64,1,1,0,0,2,2,0,0
LC34,LC20b,1,1,0,0,2,2,0,0
LC34,LC20a,1,1,0,0,2,2,0,0
LC34,LTe23,1,1,0,0,2,2,0,0
LC34,LTe49c,1,1,0,0,2,2,0,0
LTe50,MLt1,1,1,0,0,2,2,0,0
LTe50,LTe24,1,1,0,0,2,2,0,0
LTe50,LC14b,1,1,0,0,2,2,0,0
LPT53,OA-AL2i1,1,1,0,0,2,2,0,0
LPT53,LPT31,1,1,0,0,2,2,0,0
LC34,LTe37,1,1,0,0,2,2,0,0
LC34,OA-AL2b1,1,1,0,0,2,2,0,0
LCe07,LC28a,1,1,0,0,2,2,0,0
LCe07,LC6,1,1,0,0,2,2,0,0
LCe07,LT11,1,1,0,0,2,2,0,0
LCe07,Tm27,1,1,0,0,2,2,0,0
MeTu4c,LMt1,1,1,0,0,2,2,0,0
LC10c,Li30,1,1,0,0,2,2,0,0
LC10d,Li07,1,1,0,0,2,2,0,0
DNp11,LC12,1,1,0,0,2,2,0,0
DNp11,Li25,1,1,0,0,2,2,0,0
DNp11,LMt2,1,1,0,0,2,2,0,0
DNp11,Li17,1,1,0,0,2,2,0,0
DNp11,LMt1,1,1,0,0,2,2,0,0
DNp11,LC11,1,1,0,0,2,2,0,0
DNp11,Li21,1,1,0,0,2,2,0,0
DNp11,LLPC3,1,1,0,0,2,2,0,0
DNp11,Y4,1,1,0,0,2,2,0,0
DNp11,Li32,1,1,0,0,2,2,0,0
DNp11,LT66,1,1,0,0,2,2,0,0
DNp11,Li20,1,1,0,0,2,2,0,0
LC9,LC10e,1,1,0,0,2,2,0,0
LC26,LT11,1,1,0,0,2,2,0,0
MeTu4d,LAL047,1,1,0,0,2,2,0,0
MeTu4d,LC14b,1,1,0,0,2,2,0,0
cL22a,LT57,1,1,0,0,2,2,0,0
cL22a,LTe23,1,1,0,0,2,2,0,0
cL22a,CB0472,1,1,0,0,2,2,0,0
cL22a,LTe11,1,1,0,0,2,2,0,0
cL22a,Li31,1,1,0,0,2,2,0,0
cL22a,Tm5e,1,1,0,0,2,2,0,0
cL22a,LTe31,1,1,0,0,2,2,0,0
cL22a,LTe25,1,1,0,0,2,2,0,0
LC25,LT64,1,1,0,0,2,2,0,0
MeTu3a,MeTu2b,1,1,0,0,2,2,0,0
MeTu3a,TmY10,1,1,0,0,2,2,0,0
MeTu3a,Li05,1,1,0,0,2,2,0,0
LC28a,LPLC2,1,1,0,0,2,2,0,0
LC10a,LTe49a,1,1,0,0,2,2,0,0
LT62,LC35,1,1,0,0,2,2,0,0
LT62,LT87,1,1,0,0,2,2,0,0
LT62,LC14b,1,1,0,0,2,2,0,0
LT62,LT1d,1,1,0,0,2,2,0,0
LT62,MLt3,1,1,0,0,2,2,0,0
LT62,LT66,1,1,0,0,2,2,0,0
LT62,LC10d,1,1,0,0,2,2,0,0
LC10c,LC22,1,1,0,0,2,2,0,0
cL22b,Li17,1,1,0,0,2,2,0,0
cL22b,cL16,1,1,0,0,2,2,0,0
cL22b,Li05,1,1,0,0,2,2,0,0
cL22b,LTe54,1,1,0,0,2,2,0,0
cL22b,cL11,1,1,0,0,2,2,0,0
cL22b,Li03,1,1,0,0,2,2,0,0
cL22b,LT78,1,1,0,0,2,2,0,0
cL22b,LC14b,1,1,0,0,2,2,0,0
cL22b,LC41,1,1,0,0,2,2,0,0
cL22b,Tm37,1,1,0,0,2,2,0,0
cL22b,Li28,1,1,0,0,2,2,0,0
cL22b,LTe44,1,1,0,0,2,2,0,0
cL22b,LMt3,1,1,0,0,2,2,0,0
DNg33,Tm27,1,1,0,0,2,2,0,0
DNg33,T5d,1,1,0,0,2,2,0,0
DNg33,Tm2,1,1,0,0,2,2,0,0
DNg33,T5c,1,1,0,0,2,2,0,0
LTe21,LTe01,1,1,0,0,2,2,0,0
LTe21,LC10b,1,1,0,0,2,2,0,0
LTe21,Li04,1,1,0,0,2,2,0,0
AVLP151,MTe47,1,1,0,0,2,2,0,0
AVLP151,Li12,1,1,0,0,2,2,0,0
AVLP151,Tm27,1,1,0,0,2,2,0,0
AVLP151,T4d,1,1,0,0,2,2,0,0
AVLP151,LPi14,1,1,0,0,2,2,0,0
AVLP151,VST2,1,1,0,0,2,2,0,0
AVLP151,cLP03,1,1,0,0,2,2,0,0
AVLP151,T3,1,1,0,0,2,2,0,0
AVLP151,Tm16,1,1,0,0,2,2,0,0
AVLP151,T4b,1,1,0,0,2,2,0,0
AVLP151,Pm07,1,1,0,0,2,2,0,0
LC17,Li15,1,1,0,0,2,2,0,0
LC17,Tm27,1,1,0,0,2,2,0,0
LC28a,LTe49d,1,1,0,0,2,2,0,0
LC10b,cL22a,1,1,0,0,2,2,0,0
LC27,LTe42a,1,1,0,0,2,2,0,0
LPT26,T5b,1,1,0,0,2,2,0,0
LPT26,LPi10,1,1,0,0,2,2,0,0
LPT26,VS8,1,1,0,0,2,2,0,0
LPT26,LPTe01,1,1,0,0,2,2,0,0
LPT26,LPT50,1,1,0,0,2,2,0,0
LPT26,T5a,1,1,0,0,2,2,0,0
LPT26,LPC2,1,1,0,0,2,2,0,0
LPT26,Nod5,1,1,0,0,2,2,0,0
LPT26,LLPt,1,1,0,0,2,2,0,0
LPT26,LPi08,1,1,0,0,2,2,0,0
LPT26,T4a,1,1,0,0,2,2,0,0
MTe01a,Sm10,1,1,0,0,2,2,0,0
LC11,LTe57,1,1,0,0,2,2,0,0
LT70,LT61b,1,1,0,0,2,2,0,0
LT70,LC29,1,1,0,0,2,2,0,0
LT70,Li05,1,1,0,0,2,2,0,0
cM04,Pm07,1,1,0,0,2,2,0,0
cM04,LMa3,1,1,0,0,2,2,0,0
MTe01b,Sm19,1,1,0,0,2,2,0,0
LPC1,T5c,1,1,0,0,2,2,0,0
AVLP534,Pm09,1,1,0,0,2,2,0,0
AVLP534,Dm8b,1,1,0,0,2,2,0,0
AVLP534,Dm2,1,1,0,0,2,2,0,0
AVLP534,LMa3,1,1,0,0,2,2,0,0
AVLP534,Pm05,1,1,0,0,2,2,0,0
MeTu4a,cLLP02,1,1,0,0,2,2,0,0
MeTu4a,5-HTPMPV03,1,1,0,0,2,2,0,0
VST1,LPi08,1,1,0,0,2,2,0,0
VST1,LPi15,1,1,0,0,2,2,0,0
VST1,T4d,1,1,0,0,2,2,0,0
VST1,cLLP02,1,1,0,0,2,2,0,0
MTe01b,aMe9,1,1,0,0,2,2,0,0
MTe01b,Sm03,1,1,0,0,2,2,0,0
MTe54,TmY20,1,1,0,0,2,2,0,0
MC65,Li33,1,1,0,0,2,2,0,0
MC65,TmY9q⊥,1,1,0,0,2,2,0,0
MC65,Tm20,1,1,0,0,2,2,0,0
MC65,MTe05,1,1,0,0,2,2,0,0
MC65,Pm08,1,1,0,0,2,2,0,0
MC65,LTe50,1,1,0,0,2,2,0,0
MC65,LMa5,1,1,0,0,2,2,0,0
MC65,Dm2,1,1,0,0,2,2,0,0
LPLC4,HSS,1,1,0,0,2,2,0,0
MTe19,MeMe_e03,1,1,0,0,2,2,0,0
MTe19,Sm39,1,1,0,0,2,2,0,0
LLPC3,LPT50,1,1,0,0,2,2,0,0
LC21,LT11,1,1,0,0,2,2,0,0
LC9,LTe05,1,1,0,0,2,2,0,0
LC24,LTe57,1,1,0,0,2,2,0,0
LT43,Li12,1,1,0,0,2,2,0,0
LT43,aMe24,1,1,0,0,2,2,0,0
LT43,LC13,1,1,0,0,2,2,0,0
LT43,Tm8b,1,1,0,0,2,2,0,0
LC22,LTe38b,1,1,0,0,2,2,0,0
LC22,LC43,1,1,0,0,2,2,0,0
LTe43,LT86,1,1,0,0,2,2,0,0
LTe43,LC14b,1,1,0,0,2,2,0,0
LTe26,LCe01a,1,1,0,0,2,2,0,0
LTe26,Li11,1,1,0,0,2,2,0,0
LTe26,LMa3,1,1,0,0,2,2,0,0
LTe26,Li03,1,1,0,0,2,2,0,0
LTe26,LC27,1,1,0,0,2,2,0,0
LTe26,Li09,1,1,0,0,2,2,0,0
LC4,Li19,1,1,0,0,2,2,0,0
LPLC1,LC39,1,1,0,0,2,2,0,0
LPLC1,OA-AL2i1,1,1,0,0,2,2,0,0
MTe01b,MeTu4a,1,1,0,0,2,2,0,0
LT67,Tm5f,1,1,0,0,2,2,0,0
LT67,Li09,1,1,0,0,2,2,0,0
LT57,LT81,1,1,0,0,2,2,0,0
LTe05,T2,1,1,0,0,2,2,0,0
LTe05,T3,1,1,0,0,2,2,0,0
LTe05,Li30,1,1,0,0,2,2,0,0
LC9,Tm8a,1,1,0,0,2,2,0,0
cLLPM02,LMt2,1,1,0,0,2,2,0,0
cLLPM02,Tm32,1,1,0,0,2,2,0,0
cLLPM02,TmY10,1,1,0,0,2,2,0,0
cLLPM02,LTe62,1,1,0,0,2,2,0,0
cLLPM02,cL02c,1,1,0,0,2,2,0,0
cLLPM02,Li28,1,1,0,0,2,2,0,0
cLLPM02,TmY20,1,1,0,0,2,2,0,0
cLLPM02,LC13,1,1,0,0,2,2,0,0
cLLPM02,Tm5b,1,1,0,0,2,2,0,0
cLLPM02,PLP051,1,1,0,0,2,2,0,0
cLLPM02,Tm33,1,1,0,0,2,2,0,0
cLLPM02,LC14a2,1,1,0,0,2,2,0,0
cLLPM02,Am1,1,1,0,0,2,2,0,0
cLLPM02,T4d,1,1,0,0,2,2,0,0
cLLPM02,LC28a,1,1,0,0,2,2,0,0
cLLPM02,Tm8a,1,1,0,0,2,2,0,0
cLLPM02,Y11,1,1,0,0,2,2,0,0
LLPC1,LTe17,1,1,0,0,2,2,0,0
LC28a,LCe08,1,1,0,0,2,2,0,0
LC19,LTe24,1,1,0,0,2,2,0,0
LC19,TmY5a,1,1,0,0,2,2,0,0
LPLC2,Pm14,1,1,0,0,2,2,0,0
LPT23,LPi09,1,1,0,0,2,2,0,0
LPT23,LPT23,1,1,0,0,2,2,0,0
LPT23,LPT04_HST,1,1,0,0,2,2,0,0
LPT23,LPT45_dCal1,1,1,0,0,2,2,0,0
LPT23,LPT57,1,1,0,0,2,2,0,0
LPT23,LPT31,1,1,0,0,2,2,0,0
LPT23,Tm7,1,1,0,0,2,2,0,0
LPT23,LPTe01,1,1,0,0,2,2,0,0
MeTu4a,MTe46,1,1,0,0,2,2,0,0
MeTu4a,LAL047,1,1,0,0,2,2,0,0
MTe06,Sm23,1,1,0,0,2,2,0,0
LC13,LT34,1,1,0,0,2,2,0,0
MTe54,5-HTPMPV03,1,1,0,0,2,2,0,0
MTe54,Tm5e,1,1,0,0,2,2,0,0
MTe01a,cM02a,1,1,0,0,2,2,0,0
MTe01a,Sm27,1,1,0,0,2,2,0,0
MeTu3c,Tm27,1,1,0,0,2,2,0,0
LPT28,LPi05,1,1,0,0,2,2,0,0
LPT28,LPi07,1,1,0,0,2,2,0,0
LPT28,Y12,1,1,0,0,2,2,0,0
LPT28,Sm05,1,1,0,0,2,2,0,0
LPT28,VSm,1,1,0,0,2,2,0,0
LPT28,T5c,1,1,0,0,2,2,0,0
LPT28,LPi06,1,1,0,0,2,2,0,0
LPT28,TmY5a,1,1,0,0,2,2,0,0
LPT28,TmY20,1,1,0,0,2,2,0,0
LT64,Tm37,1,1,0,0,2,2,0,0
LT64,cM10,1,1,0,0,2,2,0,0
LT64,Li01,1,1,0,0,2,2,0,0
LT64,Tm36,1,1,0,0,2,2,0,0
LT64,LCe03,1,1,0,0,2,2,0,0
LT64,Li28,1,1,0,0,2,2,0,0
LT64,LTe42b,1,1,0,0,2,2,0,0
LT64,LT76,1,1,0,0,2,2,0,0
LTe12,LMt2,1,1,0,0,2,2,0,0
LTe12,Li21,1,1,0,0,2,2,0,0
LTe12,Tm20,1,1,0,0,2,2,0,0
LTe12,LT82a,1,1,0,0,2,2,0,0
LTe12,LLPC3,1,1,0,0,2,2,0,0
LTe12,LC20b,1,1,0,0,2,2,0,0
LTe12,LLPt,1,1,0,0,2,2,0,0
MTe01a,aMe17b,1,1,0,0,2,2,0,0
VSm,LPTe01,1,1,0,0,2,2,0,0
VSm,LPi14,1,1,0,0,2,2,0,0
VSm,LPi06,1,1,0,0,2,2,0,0
VSm,LPi09,1,1,0,0,2,2,0,0
LC10c,LT68,1,1,0,0,2,2,0,0
LC20b,LTe35,1,1,0,0,2,2,0,0
MeTu4c,Li05,1,1,0,0,2,2,0,0
MeTu4c,Sm13,1,1,0,0,2,2,0,0
MeTu4c,MTe30,1,1,0,0,2,2,0,0
MTe13,Pm13,1,1,0,0,2,2,0,0
MTe13,Sm42,1,1,0,0,2,2,0,0
MTe13,Y4,1,1,0,0,2,2,0,0
LC10d,Tm20,1,1,0,0,2,2,0,0
LPC1,cLP03,1,1,0,0,2,2,0,0
aMe8,Lat,1,1,0,0,2,2,0,0
aMe8,MTe48,1,1,0,0,2,2,0,0
cM09,Tm2,1,1,0,0,2,2,0,0
cM09,MTe48,1,1,0,0,2,2,0,0
cM09,Li11,1,1,0,0,2,2,0,0
cM09,LC11,1,1,0,0,2,2,0,0
LT52,LMt1,1,1,0,0,2,2,0,0
LT52,LMt3,1,1,0,0,2,2,0,0
LT52,LC31a,1,1,0,0,2,2,0,0
aMe4,CL104,1,1,0,0,2,2,0,0
cMLLP02,LPi02,1,1,0,0,2,2,0,0
cMLLP02,Tm2,1,1,0,0,2,2,0,0
cMLLP02,VS4,1,1,0,0,2,2,0,0
cMLLP02,LLPC1,1,1,0,0,2,2,0,0
cMLLP02,MLt4,1,1,0,0,2,2,0,0
cMLLP02,cLLPM02,1,1,0,0,2,2,0,0
cMLLP02,Nod1,1,1,0,0,2,2,0,0
MeTu3b,Sm27,1,1,0,0,2,2,0,0
MeTu3b,MTe12,1,1,0,0,2,2,0,0
LPLC1,MLt3,1,1,0,0,2,2,0,0
LTe46,Tm5d,1,1,0,0,2,2,0,0
LTe46,LLPt,1,1,0,0,2,2,0,0
LTe46,Li02,1,1,0,0,2,2,0,0
LC24,LT34,1,1,0,0,2,2,0,0
LC24,LTe05,1,1,0,0,2,2,0,0
LC24,LTe26,1,1,0,0,2,2,0,0
LCe01b,LTe03,1,1,0,0,2,2,0,0
LCe01b,LC31a,1,1,0,0,2,2,0,0
cL02d,LC10d,1,1,0,0,2,2,0,0
cL02d,LPLC1,1,1,0,0,2,2,0,0
cL02d,cL16,1,1,0,0,2,2,0,0
cL02d,LC10a,1,1,0,0,2,2,0,0
cL02d,LCe05,1,1,0,0,2,2,0,0
cL02d,LC36,1,1,0,0,2,2,0,0
MeTu4a,LTe44,1,1,0,0,2,2,0,0
cL01,LT85,1,1,0,0,2,2,0,0
LC10d,TmY9q,1,1,0,0,2,2,0,0
LCe02,LTe64,1,1,0,0,2,2,0,0
LCe02,LCe01b,1,1,0,0,2,2,0,0
MTe52,Y12,1,1,0,0,2,2,0,0
MTe52,MTe43,1,1,0,0,2,2,0,0
LC22,LT56,1,1,0,0,2,2,0,0
LC22,Li18,1,1,0,0,2,2,0,0
LTe64,LC16,1,1,0,0,2,2,0,0
LTe64,LTe54,1,1,0,0,2,2,0,0
LTe64,Li11,1,1,0,0,2,2,0,0
LTe64,LC24,1,1,0,0,2,2,0,0
LTe64,Li28,1,1,0,0,2,2,0,0
LCe03,LC46,1,1,0,0,2,2,0,0
MTe31,Sm08,1,1,0,0,2,2,0,0
MTe31,OA-AL2i3,1,1,0,0,2,2,0,0
MTe31,Sm01,1,1,0,0,2,2,0,0
MTe31,aMe1,1,1,0,0,2,2,0,0
MTe31,OA-AL2i4,1,1,0,0,2,2,0,0
LCe08,Li02,1,1,0,0,2,2,0,0
cLLP02,LTe38a,1,1,0,0,2,2,0,0
cLLP02,LTe03,1,1,0,0,2,2,0,0
cLLP02,LMa5,1,1,0,0,2,2,0,0
cLLP02,cL19,1,1,0,0,2,2,0,0
cLLP02,LTe05,1,1,0,0,2,2,0,0
cLLP02,Tm16,1,1,0,0,2,2,0,0
cLLP02,LTe70,1,1,0,0,2,2,0,0
cLLP02,LTe45,1,1,0,0,2,2,0,0
cLLP02,LT55,1,1,0,0,2,2,0,0
cLLP02,LTe29,1,1,0,0,2,2,0,0
cLLP02,cL11,1,1,0,0,2,2,0,0
cLLP02,aMe20,1,1,0,0,2,2,0,0
cLLP02,Tm5e,1,1,0,0,2,2,0,0
cLLP02,MLt4,1,1,0,0,2,2,0,0
cLLP02,LLPC1,1,1,0,0,2,2,0,0
cLLP02,LTe75,1,1,0,0,2,2,0,0
cLLP02,LC34,1,1,0,0,2,2,0,0
cLLP02,MLt5,1,1,0,0,2,2,0,0
H2,VSm,1,1,0,0,2,2,0,0
H2,LLPC3,1,1,0,0,2,2,0,0
H2,LPT48_vCal3,1,1,0,0,2,2,0,0
H2,LPT04_HST,1,1,0,0,2,2,0,0
H2,T5d,1,1,0,0,2,2,0,0
H2,LPi04,1,1,0,0,2,2,0,0
H2,LPT50,1,1,0,0,2,2,0,0
H2,LPTe01,1,1,0,0,2,2,0,0
MeTu2b,Dm2,1,1,0,0,2,2,0,0
aMe12,Dm8a,1,1,0,0,2,2,0,0
aMe12,MTe40,1,1,0,0,2,2,0,0
aMe12,MTe10,1,1,0,0,2,2,0,0
aMe12,Dm9,1,1,0,0,2,2,0,0
aMe12,Sm19,1,1,0,0,2,2,0,0
aMe12,OA-AL2i4,1,1,0,0,2,2,0,0
aMe12,MTe29,1,1,0,0,2,2,0,0
LPLC2,VSm,1,1,0,0,2,2,0,0
LPLC4,OA-AL2i1,1,1,0,0,2,2,0,0
MTe01b,MTe22,1,1,0,0,2,2,0,0
LC13,LT60,1,1,0,0,2,2,0,0
aMe5,Sm09,1,1,0,0,2,2,0,0
aMe5,aMe3,1,1,0,0,2,2,0,0
LC17,LC14b,1,1,0,0,2,2,0,0
MC65,MTe54,1,1,0,0,2,2,0,0
MC65,Li04,1,1,0,0,2,2,0,0
MC65,cM08a,1,1,0,0,2,2,0,0
MC65,LCe09,1,1,0,0,2,2,0,0
LPLC2,cL08,1,1,0,0,2,2,0,0
LC11,TmY3,1,1,0,0,2,2,0,0
cLP04,LC10f,1,1,0,0,2,2,0,0
cLP04,LPT45_dCal1,1,1,0,0,2,2,0,0
cLP04,LPi14,1,1,0,0,2,2,0,0
cLP04,Li04,1,1,0,0,2,2,0,0
cLP04,LTe42c,1,1,0,0,2,2,0,0
cLP04,Li10,1,1,0,0,2,2,0,0
cLP04,cL05,1,1,0,0,2,2,0,0
cLP04,LC10a,1,1,0,0,2,2,0,0
cLP04,T4d,1,1,0,0,2,2,0,0
DN1-l,Sm29,1,1,0,0,2,2,0,0
LT52,LC29,1,1,0,0,2,2,0,0
cLLPM01,cL05,1,1,0,0,2,2,0,0
cLLPM01,OA-AL2i1,1,1,0,0,2,2,0,0
cLLPM01,LMa4,1,1,0,0,2,2,0,0
aMe1,aMe13,1,1,0,0,2,2,0,0
aMe1,Sm39,1,1,0,0,2,2,0,0
LC20a,mALD1,1,1,0,0,2,2,0,0
LC43,Li32,1,1,0,0,2,2,0,0
LC43,LC26,1,1,0,0,2,2,0,0
MeTu4a,Pm07,1,1,0,0,2,2,0,0
aMe26,MeMe_e01,1,1,0,0,2,2,0,0
aMe26,cM09,1,1,0,0,2,2,0,0
aMe26,MeTu4a,1,1,0,0,2,2,0,0
aMe26,Mi15,1,1,0,0,2,2,0,0
MTe05,Sm15,1,1,0,0,2,2,0,0
aMe4,Tm7,1,1,0,0,2,2,0,0
MTe12,cM09,1,1,0,0,2,2,0,0
LC28a,cM10,1,1,0,0,2,2,0,0
MTe08,MTe54,1,1,0,0,2,2,0,0
MTe08,Tm25,1,1,0,0,2,2,0,0
MTe08,Sm42,1,1,0,0,2,2,0,0
MTe08,MeMe_e07,1,1,0,0,2,2,0,0
MeTu4a,Li04,1,1,0,0,2,2,0,0
DNc01,Pm09,1,1,0,0,2,2,0,0
DNc01,aMe12,1,1,0,0,2,2,0,0
DNc01,TmY16,1,1,0,0,2,2,0,0
MTe02,cM14,1,1,0,0,2,2,0,0
MTe02,MTe38,1,1,0,0,2,2,0,0
cL02a,TmY10,1,1,0,0,2,2,0,0
PLP215,LC10e,1,1,0,0,2,2,0,0
PLP215,MLt4,1,1,0,0,2,2,0,0
PLP215,LTe36,1,1,0,0,2,2,0,0
PLP215,LT65,1,1,0,0,2,2,0,0
PLP215,LC10a,1,1,0,0,2,2,0,0
PLP215,LC34,1,1,0,0,2,2,0,0
LTe32,LLPt,1,1,0,0,2,2,0,0
LTe32,Li13,1,1,0,0,2,2,0,0
LC28a,MLt8,1,1,0,0,2,2,0,0
cL06,MeTu4a,1,1,0,0,2,2,0,0
cL06,LMa5,1,1,0,0,2,2,0,0
cL06,LTe58,1,1,0,0,2,2,0,0
cL06,cL04,1,1,0,0,2,2,0,0
cL06,Li07,1,1,0,0,2,2,0,0
cL06,LT68,1,1,0,0,2,2,0,0
cL06,TmY4,1,1,0,0,2,2,0,0
cL06,TmY10,1,1,0,0,2,2,0,0
cL06,TmY5a,1,1,0,0,2,2,0,0
cL06,LTe25,1,1,0,0,2,2,0,0
LCe03,Li01,1,1,0,0,2,2,0,0
LCe03,mALC5,1,1,0,0,2,2,0,0
cLP02,T3,1,1,0,0,2,2,0,0
cLP02,LT80,1,1,0,0,2,2,0,0
cLP01,MeMe_e08,1,1,0,0,2,2,0,0
aMe26,MTe06,1,1,0,0,2,2,0,0
aMe26,LTe71,1,1,0,0,2,2,0,0
aMe26,MTe15,1,1,0,0,2,2,0,0
aMe26,Tm9,1,1,0,0,2,2,0,0
aMe26,Sm39,1,1,0,0,2,2,0,0
aMe26,MeMe_e06,1,1,0,0,2,2,0,0
aMe26,CB0566,1,1,0,0,2,2,0,0
aMe26,MTe19,1,1,0,0,2,2,0,0
MeTu4d,cM14,1,1,0,0,2,2,0,0
LC18,LC29,1,1,0,0,2,2,0,0
MTe44,Pm02,1,1,0,0,2,2,0,0
MTe44,TmY3,1,1,0,0,2,2,0,0
MTe44,Pm05,1,1,0,0,2,2,0,0
MTe44,Pm10,1,1,0,0,2,2,0,0
MTe44,MLt4,1,1,0,0,2,2,0,0
aMe1,LMa1,1,1,0,0,2,2,0,0
aMe1,MTe05,1,1,0,0,2,2,0,0
LC27,LTe11,1,1,0,0,2,2,0,0
LC27,Li13,1,1,0,0,2,2,0,0
LC27,cL04,1,1,0,0,2,2,0,0
MTe04,Sm08,1,1,0,0,2,2,0,0
LPT29,LPLC1,1,1,0,0,2,2,0,0
LPT29,LPT57,1,1,0,0,2,2,0,0
LPT29,LPi15,1,1,0,0,2,2,0,0
LPT29,Tm8a,1,1,0,0,2,2,0,0
LPT29,LPi09,1,1,0,0,2,2,0,0
LPT29,LPi07,1,1,0,0,2,2,0,0
LPT29,LC21,1,1,0,0,2,2,0,0
LPT29,LT57,1,1,0,0,2,2,0,0
LPT29,LTe14,1,1,0,0,2,2,0,0
LPT29,LPi06,1,1,0,0,2,2,0,0
MTe36,MTe47,1,1,0,0,2,2,0,0
MTe36,MeTu4c,1,1,0,0,2,2,0,0
MTe36,MTe28,1,1,0,0,2,2,0,0
MTe08,TmY9q,1,1,0,0,2,2,0,0
MeTu4c,Li28,1,1,0,0,2,2,0,0
LPLC2,LTe08,1,1,0,0,2,2,0,0
cL16,LTe10,1,1,0,0,2,2,0,0
cL16,LTe41,1,1,0,0,2,2,0,0
cL16,LTe40,1,1,0,0,2,2,0,0
cL16,LT75,1,1,0,0,2,2,0,0
cL16,mALC5,1,1,0,0,2,2,0,0
cL16,Tlp4,1,1,0,0,2,2,0,0
cL16,Tm8a,1,1,0,0,2,2,0,0
cL16,Tm36,1,1,0,0,2,2,0,0
cL16,Y1,1,1,0,0,2,2,0,0
cL16,LC9,1,1,0,0,2,2,0,0
cL16,5-HTPMPV03,1,1,0,0,2,2,0,0
cL16,Tm25,1,1,0,0,2,2,0,0
cL16,LCe06,1,1,0,0,2,2,0,0
cL16,Tm5a,1,1,0,0,2,2,0,0
cL16,MLt6,1,1,0,0,2,2,0,0
cL16,LMt3,1,1,0,0,2,2,0,0
cL16,Tm34,1,1,0,0,2,2,0,0
cL16,LTe31,1,1,0,0,2,2,0,0
cL16,LTe09,1,1,0,0,2,2,0,0
LC40,cL10,1,1,0,0,2,2,0,0
LC40,cLLPM02,1,1,0,0,2,2,0,0
MTe01a,MTe11,1,1,0,0,2,2,0,0
LT72,Li08,1,1,0,0,2,2,0,0
LT72,Li12,1,1,0,0,2,2,0,0
LT72,LC11,1,1,0,0,2,2,0,0
LT72,LC44,1,1,0,0,2,2,0,0
LT72,Tm5a,1,1,0,0,2,2,0,0
LT72,LC46,1,1,0,0,2,2,0,0
LT72,LTe15,1,1,0,0,2,2,0,0
LT72,LC37a,1,1,0,0,2,2,0,0
Nod2,T5a,1,1,0,0,2,2,0,0
Nod2,VCH,1,1,0,0,2,2,0,0
Nod2,LPT26,1,1,0,0,2,2,0,0
LTe01,LC14b,1,1,0,0,2,2,0,0
LTe01,LT43,1,1,0,0,2,2,0,0
LTe01,LTe03,1,1,0,0,2,2,0,0
LTe01,LPLC4,1,1,0,0,2,2,0,0
LTe01,Li13,1,1,0,0,2,2,0,0
LTe01,LTe19,1,1,0,0,2,2,0,0
LTe01,cL11,1,1,0,0,2,2,0,0
LTe01,Li30,1,1,0,0,2,2,0,0
cL02b,LC13,1,1,0,0,2,2,0,0
cL02b,TmY5a,1,1,0,0,2,2,0,0
cL02b,LTe05,1,1,0,0,2,2,0,0
cL02b,Y3,1,1,0,0,2,2,0,0
cL02b,LPLC2,1,1,0,0,2,2,0,0
LPT49,LLPC2,1,1,0,0,2,2,0,0
LPT49,LPLC1,1,1,0,0,2,2,0,0
LPT49,LPi05,1,1,0,0,2,2,0,0
LPT49,LLPt,1,1,0,0,2,2,0,0
LPT49,LPT48_vCal3,1,1,0,0,2,2,0,0
LPT49,LPT27,1,1,0,0,2,2,0,0
MeTu3a,Sm34,1,1,0,0,2,2,0,0
LC10b,Tm36,1,1,0,0,2,2,0,0
LC6,LC45,1,1,0,0,2,2,0,0
LTe66,LPLC4,1,1,0,0,2,2,0,0
cM02b,MTe38,1,1,0,0,2,2,0,0
cM02b,MeTu3c,1,1,0,0,2,2,0,0
cM02b,MTe22,1,1,0,0,2,2,0,0
cM02b,Sm37,1,1,0,0,2,2,0,0
LC40,LCe01b,1,1,0,0,2,2,0,0
LC10a,cLLP02,1,1,0,0,2,2,0,0
LC10a,Li09,1,1,0,0,2,2,0,0
LCe01b,LLPt,1,1,0,0,2,2,0,0
LCe01b,LT11,1,1,0,0,2,2,0,0
LC43,LC39,1,1,0,0,2,2,0,0
LC43,cL13,1,1,0,0,2,2,0,0
LT82a,LC31a,1,1,0,0,2,2,0,0
LT82a,LC31b,1,1,0,0,2,2,0,0
LC15,LMt4,1,1,0,0,2,2,0,0
LC11,MeTu3c,1,1,0,0,2,2,0,0
LTe75,aMe24,1,1,0,0,2,2,0,0
LTe75,LTe42a,1,1,0,0,2,2,0,0
LTe75,LTe30,1,1,0,0,2,2,0,0
LTe75,LTe56,1,1,0,0,2,2,0,0
LTe75,aMe20,1,1,0,0,2,2,0,0
LTe75,LTe09,1,1,0,0,2,2,0,0
LCe01b,LTe14,1,1,0,0,2,2,0,0
MTe04,MTe29,1,1,0,0,2,2,0,0
MTe04,Tm20,1,1,0,0,2,2,0,0
MeTu3c,MTe01a,1,1,0,0,2,2,0,0
LC17,LTe42a,1,1,0,0,2,2,0,0
LC17,LC19,1,1,0,0,2,2,0,0
MeTu1,Tm16,1,1,0,0,2,2,0,0
LC21,DNp27,1,1,0,0,2,2,0,0
MTe05,Lat,1,1,0,0,2,2,0,0
MTe05,APDN3,1,1,0,0,2,2,0,0
MeTu4c,LTe65,1,1,0,0,2,2,0,0
LC25,LCe03,1,1,0,0,2,2,0,0
LT52,LTe44,1,1,0,0,2,2,0,0
cL04,LTe31,1,1,0,0,2,2,0,0
cL04,CB0143,1,1,0,0,2,2,0,0
cL04,LTe54,1,1,0,0,2,2,0,0
cL04,LC35,1,1,0,0,2,2,0,0
cL04,Li32,1,1,0,0,2,2,0,0
cL04,Li16,1,1,0,0,2,2,0,0
cL04,LTe07,1,1,0,0,2,2,0,0
cL04,Tm37,1,1,0,0,2,2,0,0
cL04,LTe28,1,1,0,0,2,2,0,0
cL04,LC41,1,1,0,0,2,2,0,0
LC10c,LC13,1,1,0,0,2,2,0,0
cLP03,LPT57,1,1,0,0,2,2,0,0
LT75,Li27,1,1,0,0,2,2,0,0
LT75,Li02,1,1,0,0,2,2,0,0
LT86,TmY11,1,1,0,0,2,2,0,0
LT86,LTe08,1,1,0,0,2,2,0,0
LT86,Li11,1,1,0,0,2,2,0,0
LT86,TmY31,1,1,0,0,2,2,0,0
LT86,LC19,1,1,0,0,2,2,0,0
LT86,Li28,1,1,0,0,2,2,0,0
LT86,LTe24,1,1,0,0,2,2,0,0
LT86,Li09,1,1,0,0,2,2,0,0
LT86,Tm20,1,1,0,0,2,2,0,0
MTe16,Tm5a,1,1,0,0,2,2,0,0
MTe16,Tm5d,1,1,0,0,2,2,0,0
MTe16,Tm32,1,1,0,0,2,2,0,0
MTe16,TmY10,1,1,0,0,2,2,0,0
LCe05,TmY31,1,1,0,0,2,2,0,0
LCe05,LTe21,1,1,0,0,2,2,0,0
LCe05,TmY9q,1,1,0,0,2,2,0,0
LCe05,cL16,1,1,0,0,2,2,0,0
LCe05,LC10b,1,1,0,0,2,2,0,0
LCe05,LC14a2,1,1,0,0,2,2,0,0
cM08b,Tm5e,1,1,0,0,2,2,0,0
cM08b,MeMe_e03,1,1,0,0,2,2,0,0
cM08b,Dm11,1,1,0,0,2,2,0,0
cM08b,MTe32,1,1,0,0,2,2,0,0
cM08b,Sm04,1,1,0,0,2,2,0,0
LPLC2,Tm5c,1,1,0,0,2,2,0,0
MTe01b,LatB,1,1,0,0,2,2,0,0
MTe50,MLt1,1,1,0,0,2,2,0,0
LPTe01,VST2,1,1,0,0,2,2,0,0
LPTe01,LPLC1,1,1,0,0,2,2,0,0
cL21,mALC3,1,1,0,0,2,2,0,0
cL21,LPC1,1,1,0,0,2,2,0,0
cL21,Mi2,1,1,0,0,2,2,0,0
cL21,OA-AL2i1,1,1,0,0,2,2,0,0
cL21,LC39,1,1,0,0,2,2,0,0
LC9,Y1,1,1,0,0,2,2,0,0
cM13,MTe50,1,1,0,0,2,2,0,0
cM13,cM08c,1,1,0,0,2,2,0,0
cM13,MeMe_e03,1,1,0,0,2,2,0,0
cM13,Sm34,1,1,0,0,2,2,0,0
cM13,cM14,1,1,0,0,2,2,0,0
cM13,TmY4,1,1,0,0,2,2,0,0
cM13,MTe51,1,1,0,0,2,2,0,0
cM13,DN1a,1,1,0,0,2,2,0,0
cM13,Sm05,1,1,0,0,2,2,0,0
cM13,Mi1,1,1,0,0,2,2,0,0
cM13,aMe6a,1,1,0,0,2,2,0,0
cM13,Sm02,1,1,0,0,2,2,0,0
cM13,MTe14,1,1,0,0,2,2,0,0
cM13,LMa5,1,1,0,0,2,2,0,0
cM13,T2a,1,1,0,0,2,2,0,0
LLPC2,Li21,1,1,0,0,2,2,0,0
LTe19,Li04,1,1,0,0,2,2,0,0
LTe19,Li33,1,1,0,0,2,2,0,0
LTe19,LTe74,1,1,0,0,2,2,0,0
LTe19,cL01,1,1,0,0,2,2,0,0
LTe19,TmY10,1,1,0,0,2,2,0,0
LCe08,LC10d,1,1,0,0,2,2,0,0
LC36,Tm20,1,1,0,0,2,2,0,0
LC36,LT70,1,1,0,0,2,2,0,0
LLPC1,LC10e,1,1,0,0,2,2,0,0
MTe38,Sm06,1,1,0,0,2,2,0,0
MTe38,Sm40,1,1,0,0,2,2,0,0
MTe38,Tm5e,1,1,0,0,2,2,0,0
cLP02,VST2,1,1,0,0,2,2,0,0
MeTu2a,CB0816,1,1,0,0,2,2,0,0
MTe52,LPLC4,1,1,0,0,2,2,0,0
LCe02,Li01,1,1,0,0,2,2,0,0
MTe01a,Mi2,1,1,0,0,2,2,0,0
MTe01a,Sm25,1,1,0,0,2,2,0,0
MTe01a,Lawf2,1,1,0,0,2,2,0,0
cM08a,MTe18,1,1,0,0,2,2,0,0
cM08a,Mi4,1,1,0,0,2,2,0,0
cM08a,Sm08,1,1,0,0,2,2,0,0
cM08a,MTe52,1,1,0,0,2,2,0,0
cM08a,PDt,1,1,0,0,2,2,0,0
cM08a,aMe17a2,1,1,0,0,2,2,0,0
LTe76,Tm8b,1,1,0,0,2,2,0,0
LTe76,LC15,1,1,0,0,2,2,0,0
LTe76,LC10d,1,1,0,0,2,2,0,0
LTe76,LTe26,1,1,0,0,2,2,0,0
LCe01b,LC19,1,1,0,0,2,2,0,0
LC10d,LT70,1,1,0,0,2,2,0,0
MTe05,LatB,1,1,0,0,2,2,0,0
MTe05,MTe04,1,1,0,0,2,2,0,0
LT34,LTe38c,1,1,0,0,2,2,0,0
LT34,Tm5c,1,1,0,0,2,2,0,0
LT34,LTe24,1,1,0,0,2,2,0,0
LT34,LTe49a,1,1,0,0,2,2,0,0
LT34,MeTu3b,1,1,0,0,2,2,0,0
LT34,LC27,1,1,0,0,2,2,0,0
LT34,LMt3,1,1,0,0,2,2,0,0
LT34,LCe05,1,1,0,0,2,2,0,0
LT34,Tm9,1,1,0,0,2,2,0,0
LT34,TmY9q,1,1,0,0,2,2,0,0
LT34,LLPC2,1,1,0,0,2,2,0,0
LT34,LTe43,1,1,0,0,2,2,0,0
LT53,LT85,1,1,0,0,2,2,0,0
LT53,cLLP02,1,1,0,0,2,2,0,0
LT53,LT57,1,1,0,0,2,2,0,0
LT53,Tm35,1,1,0,0,2,2,0,0
LT53,LTe24,1,1,0,0,2,2,0,0
LT53,LC20a,1,1,0,0,2,2,0,0
LT53,LCe03,1,1,0,0,2,2,0,0
LT53,Tm5e,1,1,0,0,2,2,0,0
LC16,LT84,1,1,0,0,2,2,0,0
LPLC4,LPT22,1,1,0,0,2,2,0,0
LC34,LC10d,1,1,0,0,2,2,0,0
LC34,Tm35,1,1,0,0,2,2,0,0
LC34,LC10e,1,1,0,0,2,2,0,0
LPLC2,LMt4,1,1,0,0,2,2,0,0
LTe55,LTe46,1,1,0,0,2,2,0,0
LTe55,LC37a,1,1,0,0,2,2,0,0
LTe55,LT58,1,1,0,0,2,2,0,0
LTe55,Tm5d,1,1,0,0,2,2,0,0
LTe55,MLt6,1,1,0,0,2,2,0,0
cL02c,LMa4,1,1,0,0,2,2,0,0
cL02c,TmY10,1,1,0,0,2,2,0,0
MTe14,Sm13,1,1,0,0,2,2,0,0
MTe14,Pm14,1,1,0,0,2,2,0,0
MTe14,aMe12,1,1,0,0,2,2,0,0
MTe14,Sm27,1,1,0,0,2,2,0,0
MTe14,Tm5a,1,1,0,0,2,2,0,0
MTe14,MTe03,1,1,0,0,2,2,0,0
LC40,LT67,1,1,0,0,2,2,0,0
LC10b,Tm35,1,1,0,0,2,2,0,0
LC24,Li08,1,1,0,0,2,2,0,0
LC24,Tm8a,1,1,0,0,2,2,0,0
LT77,LTe08,1,1,0,0,2,2,0,0
LT77,LLPt,1,1,0,0,2,2,0,0
LT77,LCe06,1,1,0,0,2,2,0,0
LT77,Li31,1,1,0,0,2,2,0,0
LT77,LTe03,1,1,0,0,2,2,0,0
LT77,LTe59,1,1,0,0,2,2,0,0
LT77,Li06,1,1,0,0,2,2,0,0
LT77,Tm36,1,1,0,0,2,2,0,0
LT77,LTe13,1,1,0,0,2,2,0,0
LC22,LCe05,1,1,0,0,2,2,0,0
VS8,Tlp1,1,1,0,0,2,2,0,0
VS8,HSS,1,1,0,0,2,2,0,0
VS8,Tlp5,1,1,0,0,2,2,0,0
VS8,TmY20,1,1,0,0,2,2,0,0
VS8,LPT26,1,1,0,0,2,2,0,0
VS8,LLPC3,1,1,0,0,2,2,0,0
LTe71,aMe19b,1,1,0,0,2,2,0,0
LT63,LTe54,1,1,0,0,2,2,0,0
LT63,LT36,1,1,0,0,2,2,0,0
LT63,LT77,1,1,0,0,2,2,0,0
LT63,LTe04,1,1,0,0,2,2,0,0
LT63,LC41,1,1,0,0,2,2,0,0
LT63,cL05,1,1,0,0,2,2,0,0
LC36,Li28,1,1,0,0,2,2,0,0
LatB,L1,1,1,0,0,2,2,0,0
LatB,LatB,1,1,0,0,2,2,0,0
LLPC4,LCe07,1,1,0,0,2,2,0,0
LLPC4,LT83,1,1,0,0,2,2,0,0
LLPC4,LT78,1,1,0,0,2,2,0,0
LLPC4,LC10a,1,1,0,0,2,2,0,0
MTe17,MTe03,1,1,0,0,2,2,0,0
MTe17,TmY4,1,1,0,0,2,2,0,0
LTe28,LT59,1,1,0,0,2,2,0,0
LTe28,LC40,1,1,0,0,2,2,0,0
LTe28,LC36,1,1,0,0,2,2,0,0
LTe28,TmY31,1,1,0,0,2,2,0,0
LTe28,Li30,1,1,0,0,2,2,0,0
LTe28,Tm16,1,1,0,0,2,2,0,0
LTe28,Tm8b,1,1,0,0,2,2,0,0
LTe28,Tm35,1,1,0,0,2,2,0,0
LTe28,LC19,1,1,0,0,2,2,0,0
LC20b,LT41,1,1,0,0,2,2,0,0
LC10e,Li16,1,1,0,0,2,2,0,0
LT51,LT43,1,1,0,0,2,2,0,0
MeTu3b,MeTu4c,1,1,0,0,2,2,0,0
MeTu1,MeMe_e10,1,1,0,0,2,2,0,0
LT52,LC41,1,1,0,0,2,2,0,0
LC17,Li30,1,1,0,0,2,2,0,0
LC22,LTe38a,1,1,0,0,2,2,0,0
MTe05,LTe75,1,1,0,0,2,2,0,0
MTe05,CB0734,1,1,0,0,2,2,0,0
MTe05,MeTu4a,1,1,0,0,2,2,0,0
LC15,LT64,1,1,0,0,2,2,0,0
LCe03,Tm8a,1,1,0,0,2,2,0,0
LPLC4,LTe49f,1,1,0,0,2,2,0,0
LPLC2,Li25,1,1,0,0,2,2,0,0
cM09,aMe8,1,1,0,0,2,2,0,0
cM09,LTe04,1,1,0,0,2,2,0,0
cM09,MTe52,1,1,0,0,2,2,0,0
cM09,LTe22,1,1,0,0,2,2,0,0
cM09,LC10f,1,1,0,0,2,2,0,0
cM09,Tm27,1,1,0,0,2,2,0,0
cM09,Pm05,1,1,0,0,2,2,0,0
cM09,L3,1,1,0,0,2,2,0,0
LPLC1,LTe26,1,1,0,0,2,2,0,0
MTe01a,TmY16,1,1,0,0,2,2,0,0
LC11,LPT31,1,1,0,0,2,2,0,0
MTe54,Sm08,1,1,0,0,2,2,0,0
LC10c,Tm36,1,1,0,0,2,2,0,0
LC10c,LT79,1,1,0,0,2,2,0,0
LT74,Li02,1,1,0,0,2,2,0,0
LT74,Tlp5,1,1,0,0,2,2,0,0
LT74,LTe40,1,1,0,0,2,2,0,0
LTe49b,MeTu4c,1,1,0,0,2,2,0,0
LC19,Li32,1,1,0,0,2,2,0,0
LC19,Y4,1,1,0,0,2,2,0,0
OA-AL2i2,Li29,1,1,0,0,2,2,0,0
OA-AL2i2,LTe18,1,1,0,0,2,2,0,0
OA-AL2i2,LPT54,1,1,0,0,2,2,0,0
OA-AL2i2,LMt4,1,1,0,0,2,2,0,0
OA-AL2i2,Sm09,1,1,0,0,2,2,0,0
OA-AL2i2,T4d,1,1,0,0,2,2,0,0
LT47,LPLC2,1,1,0,0,2,2,0,0
LCe02,Tm5b,1,1,0,0,2,2,0,0
LTe29,LC13,1,1,0,0,2,2,0,0
LTe29,LLPC1,1,1,0,0,2,2,0,0
LTe29,Tm5f,1,1,0,0,2,2,0,0
LTe29,Tm33,1,1,0,0,2,2,0,0
LTe29,cL17,1,1,0,0,2,2,0,0
LTe29,LT79,1,1,0,0,2,2,0,0
LTe29,LTe55,1,1,0,0,2,2,0,0
LTe29,LPLC4,1,1,0,0,2,2,0,0
LTe29,Li32,1,1,0,0,2,2,0,0
LTe29,LC45,1,1,0,0,2,2,0,0
LTe29,LC15,1,1,0,0,2,2,0,0
LTe29,Li09,1,1,0,0,2,2,0,0
LC17,mALC4,1,1,0,0,2,2,0,0
MTe15,LTe25,1,1,0,0,2,2,0,0
MTe15,Tm5c,1,1,0,0,2,2,0,0
MTe15,LTe75,1,1,0,0,2,2,0,0
MTe15,LT43,1,1,0,0,2,2,0,0
LC20b,cL10,1,1,0,0,2,2,0,0
LC20b,LT53,1,1,0,0,2,2,0,0
LC20b,LMa1,1,1,0,0,2,2,0,0
LLPC3,LT66,1,1,0,0,2,2,0,0
MTe32,MTe33,1,1,0,0,2,2,0,0
MTe32,aMe4,1,1,0,0,2,2,0,0
MTe32,MTe25,1,1,0,0,2,2,0,0
MTe32,Lawf2,1,1,0,0,2,2,0,0
MTe32,MTe12,1,1,0,0,2,2,0,0
LC40,OA-AL2b1,1,1,0,0,2,2,0,0
LC40,Tm5f,1,1,0,0,2,2,0,0
MTe18,Tm16,1,1,0,0,2,2,0,0
MTe18,TmY16,1,1,0,0,2,2,0,0
LLPC3,H1,1,1,0,0,2,2,0,0
LC31c,Li16,1,1,0,0,2,2,0,0
LC31c,LT79,1,1,0,0,2,2,0,0
LC31c,LPLC4,1,1,0,0,2,2,0,0
LC31c,LC14b,1,1,0,0,2,2,0,0
VS5,TmY4,1,1,0,0,2,2,0,0
VS5,Y3,1,1,0,0,2,2,0,0
VS5,LPi15,1,1,0,0,2,2,0,0
VS5,LPi02,1,1,0,0,2,2,0,0
VS5,LPT47_vCal2,1,1,0,0,2,2,0,0
VS5,LPT29,1,1,0,0,2,2,0,0
VS5,Tlp1,1,1,0,0,2,2,0,0
VS5,Tlp5,1,1,0,0,2,2,0,0
VS5,TmY14,1,1,0,0,2,2,0,0
VS5,VS4,1,1,0,0,2,2,0,0
VS5,LPi07,1,1,0,0,2,2,0,0
aMe4,Tm5b,1,1,0,0,2,2,0,0
aMe4,MTe01b,1,1,0,0,2,2,0,0
aMe4,Sm03,1,1,0,0,2,2,0,0
aMe4,Tm35,1,1,0,0,2,2,0,0
mALC4,Li10,1,1,0,0,2,2,0,0
mALC4,LT60,1,1,0,0,2,2,0,0
mALC4,LTe13,1,1,0,0,2,2,0,0
mALC4,CT1,1,1,0,0,2,2,0,0
mALC4,Li02,1,1,0,0,2,2,0,0
DCH,MeTu4c,1,1,0,0,2,2,0,0
DCH,TmY31,1,1,0,0,2,2,0,0
DCH,LMa4,1,1,0,0,2,2,0,0
DCH,LPi04,1,1,0,0,2,2,0,0
DCH,Tm5f,1,1,0,0,2,2,0,0
DCH,LLPt,1,1,0,0,2,2,0,0
DCH,MeMe_e08,1,1,0,0,2,2,0,0
DCH,Tm5c,1,1,0,0,2,2,0,0
LC13,OA-ASM1,1,1,0,0,2,2,0,0
LC13,LT65,1,1,0,0,2,2,0,0
LC13,LC40,1,1,0,0,2,2,0,0
LC13,LC24,1,1,0,0,2,2,0,0
cL01,LTe25,1,1,0,0,2,2,0,0
LC25,LMt4,1,1,0,0,2,2,0,0
LT65,LC28a,1,1,0,0,2,2,0,0
LT65,MLt6,1,1,0,0,2,2,0,0
LT65,LTe31,1,1,0,0,2,2,0,0
LT65,LT58,1,1,0,0,2,2,0,0
LT65,Li23,1,1,0,0,2,2,0,0
LT65,Y12,1,1,0,0,2,2,0,0
LT65,TmY4,1,1,0,0,2,2,0,0
LT65,LC16,1,1,0,0,2,2,0,0
LT65,LTe46,1,1,0,0,2,2,0,0
LT65,LTe48,1,1,0,0,2,2,0,0
LT65,Tm35,1,1,0,0,2,2,0,0
LT65,Tm7,1,1,0,0,2,2,0,0
LT65,LLPC1,1,1,0,0,2,2,0,0
LT65,LTe43,1,1,0,0,2,2,0,0
LT65,LCe06,1,1,0,0,2,2,0,0
LT65,Tm5a,1,1,0,0,2,2,0,0
LT65,Y3,1,1,0,0,2,2,0,0
LT65,LTe41,1,1,0,0,2,2,0,0
LT65,LC29,1,1,0,0,2,2,0,0
LT65,aMe20,1,1,0,0,2,2,0,0
LT65,LTe40,1,1,0,0,2,2,0,0
LT65,LTe19,1,1,0,0,2,2,0,0
LC17,Li23,1,1,0,0,2,2,0,0
LC17,LTe19,1,1,0,0,2,2,0,0
MTe04,Tm34,1,1,0,0,2,2,0,0
MTe04,CB0816,1,1,0,0,2,2,0,0
LC4,LT56,1,1,0,0,2,2,0,0
LC4,Tm36,1,1,0,0,2,2,0,0
MeTu4a,Sm33,1,1,0,0,2,2,0,0
LTe58,cM07,1,1,0,0,2,2,0,0
LTe58,Li09,1,1,0,0,2,2,0,0
LTe58,Tm31,1,1,0,0,2,2,0,0
MTe34,Y1,1,1,0,0,2,2,0,0
MTe34,LMa5,1,1,0,0,2,2,0,0
MTe34,Tm27,1,1,0,0,2,2,0,0
MTe34,Sm31,1,1,0,0,2,2,0,0
mALC3,Pm03,1,1,0,0,2,2,0,0
mALC3,Li15,1,1,0,0,2,2,0,0
mALC3,Li06,1,1,0,0,2,2,0,0
mALC3,LLPC2,1,1,0,0,2,2,0,0
LTe49a,LTe36,1,1,0,0,2,2,0,0
LC46,MLt2,1,1,0,0,2,2,0,0
LC46,Li12,1,1,0,0,2,2,0,0
LLPC1,LC15,1,1,0,0,2,2,0,0
LCe02,LTe29,1,1,0,0,2,2,0,0
LMTe01,Sm29,1,1,0,0,2,2,0,0
cM08c,Mi15,1,1,0,0,2,2,0,0
cM08c,MeMe_e10,1,1,0,0,2,2,0,0
cM08c,TmY9q⊥,1,1,0,0,2,2,0,0
cM08c,MLt2,1,1,0,0,2,2,0,0
cM08c,aMe17b,1,1,0,0,2,2,0,0
cM08c,MLt8,1,1,0,0,2,2,0,0
cM08c,cM01a,1,1,0,0,2,2,0,0
cM08c,MTe04,1,1,0,0,2,2,0,0
cM08c,MTe13,1,1,0,0,2,2,0,0
cM08c,Tm27,1,1,0,0,2,2,0,0
cM08c,Tm20,1,1,0,0,2,2,0,0
cM08c,LTe49b,1,1,0,0,2,2,0,0
cM08c,Li11,1,1,0,0,2,2,0,0
LC45,CB0472,1,1,0,0,2,2,0,0
LC45,LC13,1,1,0,0,2,2,0,0
LC45,LC15,1,1,0,0,2,2,0,0
LC45,Li32,1,1,0,0,2,2,0,0
aMe5,AOTU053,1,1,0,0,2,2,0,0
aMe5,Tm21,1,1,0,0,2,2,0,0
aMe5,MeMe_e10,1,1,0,0,2,2,0,0
aMe5,MTe08,1,1,0,0,2,2,0,0
LPT30,TmY14,1,1,0,0,2,2,0,0
LPT30,T4d,1,1,0,0,2,2,0,0
LPT30,LPT49,1,1,0,0,2,2,0,0
LPT30,LC20b,1,1,0,0,2,2,0,0
LPT30,LPT51,1,1,0,0,2,2,0,0
LPT30,LPT27,1,1,0,0,2,2,0,0
LPT30,LPi02,1,1,0,0,2,2,0,0
LTe22,LT55,1,1,0,0,2,2,0,0
LTe22,LTe11,1,1,0,0,2,2,0,0
LTe22,LCe01b,1,1,0,0,2,2,0,0
LTe22,LCe09,1,1,0,0,2,2,0,0
LTe22,cL19,1,1,0,0,2,2,0,0
LTe22,LT65,1,1,0,0,2,2,0,0
LTe22,LC36,1,1,0,0,2,2,0,0
LTe22,LTe49f,1,1,0,0,2,2,0,0
LTe22,TmY31,1,1,0,0,2,2,0,0
LTe22,LTe48,1,1,0,0,2,2,0,0
LTe22,LT86,1,1,0,0,2,2,0,0
LTe22,LC43,1,1,0,0,2,2,0,0
LC13,Tm33,1,1,0,0,2,2,0,0
MTe54,MTe42,1,1,0,0,2,2,0,0
LC20b,LC14b,1,1,0,0,2,2,0,0
LTe43,LT52,1,1,0,0,2,2,0,0
LTe43,LT63,1,1,0,0,2,2,0,0
LTe15,Li06,1,1,0,0,2,2,0,0
LTe15,LTe55,1,1,0,0,2,2,0,0
LTe15,TmY20,1,1,0,0,2,2,0,0
LTe15,Li29,1,1,0,0,2,2,0,0
LTe15,LT58,1,1,0,0,2,2,0,0
LTe15,LTe17,1,1,0,0,2,2,0,0
LTe15,LT52,1,1,0,0,2,2,0,0
LLPC3,LPi15,1,1,0,0,2,2,0,0
LC10c,LC36,1,1,0,0,2,2,0,0
LC10e,LTe76,1,1,0,0,2,2,0,0
LC10e,LT59,1,1,0,0,2,2,0,0
LTe68,Li28,1,1,0,0,2,2,0,0
LCe06,LC11,1,1,0,0,2,2,0,0
LCe06,LC14b,1,1,0,0,2,2,0,0
LCe06,LMa5,1,1,0,0,2,2,0,0
LCe06,LMa2,1,1,0,0,2,2,0,0
LC4,Li03,1,1,0,0,2,2,0,0
MeTu2b,Sm30,1,1,0,0,2,2,0,0
MTe21,Tm20,1,1,0,0,2,2,0,0
MTe21,Sm10,1,1,0,0,2,2,0,0
MTe21,CB0816,1,1,0,0,2,2,0,0
MTe21,MLt8,1,1,0,0,2,2,0,0
MTe21,MTe04,1,1,0,0,2,2,0,0
LPLC4,LT56,1,1,0,0,2,2,0,0
LC41,LTe22,1,1,0,0,2,2,0,0
LPC2,PLP051,1,1,0,0,2,2,0,0
LTe25,MC65,1,1,0,0,2,2,0,0
LTe25,Li02,1,1,0,0,2,2,0,0
LTe25,LT53,1,1,0,0,2,2,0,0
LTe25,LTe21,1,1,0,0,2,2,0,0
LTe25,LT77,1,1,0,0,2,2,0,0
LTe25,LT51,1,1,0,0,2,2,0,0
LTe25,LT68,1,1,0,0,2,2,0,0
LTe25,MLt6,1,1,0,0,2,2,0,0
LTe25,LC24,1,1,0,0,2,2,0,0
LC10f,LTe65,1,1,0,0,2,2,0,0
LC10f,aMe20,1,1,0,0,2,2,0,0
aMe3,Li18,1,1,0,0,2,2,0,0
aMe3,LC37a,1,1,0,0,2,2,0,0
aMe3,Li04,1,1,0,0,2,2,0,0
aMe3,Li11,1,1,0,0,2,2,0,0
aMe3,LCe09,1,1,0,0,2,2,0,0
aMe3,LTe52,1,1,0,0,2,2,0,0
LPLC4,LT62,1,1,0,0,2,2,0,0
LPLC4,T2,1,1,0,0,2,2,0,0
VS3,LPT30,1,1,0,0,2,2,0,0
VS3,T4b,1,1,0,0,2,2,0,0
VS3,LPi06,1,1,0,0,2,2,0,0
MeTu1,MeTu4d,1,1,0,0,2,2,0,0
LC10b,LT75,1,1,0,0,2,2,0,0
LC10b,LTe21,1,1,0,0,2,2,0,0
LC35,Tlp4,1,1,0,0,2,2,0,0
LC35,LC13,1,1,0,0,2,2,0,0
cM08c,cM17,1,1,0,0,2,2,0,0
cM08c,Tm8b,1,1,0,0,2,2,0,0
cM08c,LTe49c,1,1,0,0,2,2,0,0
cM08c,MeTu3a,1,1,0,0,2,2,0,0
cM08c,Tm5b,1,1,0,0,2,2,0,0
cM08c,cL04,1,1,0,0,2,2,0,0
LLPC3,cL07,1,1,0,0,2,2,0,0
MeTu4c,Sm40,1,1,0,0,2,2,0,0
cL02a,Li06,1,1,0,0,2,2,0,0
cL02a,Li29,1,1,0,0,2,2,0,0
cL02a,LLPC3,1,1,0,0,2,2,0,0
cL02a,Tm7,1,1,0,0,2,2,0,0
cL02a,Tlp4,1,1,0,0,2,2,0,0
cL02a,Y12,1,1,0,0,2,2,0,0
cL02a,cL07,1,1,0,0,2,2,0,0
LC10a,LCe06,1,1,0,0,2,2,0,0
LC10d,LTe19,1,1,0,0,2,2,0,0
LLPC2,LT60,1,1,0,0,2,2,0,0
MeTu2b,Sm10,1,1,0,0,2,2,0,0
LC34,cLLP02,1,1,0,0,2,2,0,0
LCe03,LTe55,1,1,0,0,2,2,0,0
LTe20,Tm21,1,1,0,0,2,2,0,0
LTe20,T2a,1,1,0,0,2,2,0,0
LTe20,Li32,1,1,0,0,2,2,0,0
LTe20,Tm5e,1,1,0,0,2,2,0,0
LTe20,Tm31,1,1,0,0,2,2,0,0
MTe01a,aMe25,1,1,0,0,2,2,0,0
MTe54,MLt6,1,1,0,0,2,2,0,0
LPLC1,LC35,1,1,0,0,2,2,0,0
LC10c,Tm20,1,1,0,0,2,2,0,0
LPLC2,LPT31,1,1,0,0,2,2,0,0
MTe01a,LPLC4,1,1,0,0,2,2,0,0
LT80,LC18,1,1,0,0,2,2,0,0
LT80,Li30,1,1,0,0,2,2,0,0
LT80,cL02b,1,1,0,0,2,2,0,0
LT80,LMa1,1,1,0,0,2,2,0,0
LT80,LT51,1,1,0,0,2,2,0,0
MTe01b,LT58,1,1,0,0,2,2,0,0
MeTu1,Tm3,1,1,0,0,2,2,0,0
LPC2,cLLPM02,1,1,0,0,2,2,0,0
LPC2,LPT29,1,1,0,0,2,2,0,0
cMLLP01,DNp27,1,1,0,0,2,2,0,0
cMLLP01,Tm25,1,1,0,0,2,2,0,0
cMLLP01,T4d,1,1,0,0,2,2,0,0
cMLLP01,cL11,1,1,0,0,2,2,0,0
cMLLP01,mALC5,1,1,0,0,2,2,0,0
cMLLP01,Sm31,1,1,0,0,2,2,0,0
cMLLP01,Pm07,1,1,0,0,2,2,0,0
cMLLP01,LC44,1,1,0,0,2,2,0,0
cMLLP01,LLPC4,1,1,0,0,2,2,0,0
cMLLP01,MTe11,1,1,0,0,2,2,0,0
cMLLP01,LTe58,1,1,0,0,2,2,0,0
cMLLP01,MTe03,1,1,0,0,2,2,0,0
cMLLP01,LC41,1,1,0,0,2,2,0,0
cMLLP01,Mi2,1,1,0,0,2,2,0,0
cMLLP01,Li12,1,1,0,0,2,2,0,0
cMLLP01,Mi13,1,1,0,0,2,2,0,0
cMLLP01,LT75,1,1,0,0,2,2,0,0
cMLLP01,C2,1,1,0,0,2,2,0,0
cMLLP01,cM07,1,1,0,0,2,2,0,0
cMLLP01,LTe62,1,1,0,0,2,2,0,0
cMLLP01,Sm04,1,1,0,0,2,2,0,0
MeTu3b,Sm36,1,1,0,0,2,2,0,0
MTe51,CB0816,1,1,0,0,2,2,0,0
MTe51,Mi15,1,1,0,0,2,2,0,0
MTe03,Sm15,1,1,0,0,2,2,0,0
LLPC1,Nod5,1,1,0,0,2,2,0,0
LC28a,LTe12,1,1,0,0,2,2,0,0
LC28a,Li21,1,1,0,0,2,2,0,0
LC28a,LC12,1,1,0,0,2,2,0,0
LLPC1,VS5,1,1,0,0,2,2,0,0
LT52,Li21,1,1,0,0,2,2,0,0
LT52,LC18,1,1,0,0,2,2,0,0
LT52,LC17,1,1,0,0,2,2,0,0
cL05,Li06,1,1,0,0,2,2,0,0
cL05,Tm5f,1,1,0,0,2,2,0,0
cL05,TmY10,1,1,0,0,2,2,0,0
cL05,cL16,1,1,0,0,2,2,0,0
cL05,LT55,1,1,0,0,2,2,0,0
cL05,PLP068,1,1,0,0,2,2,0,0
cL05,TmY11,1,1,0,0,2,2,0,0
cL05,Li23,1,1,0,0,2,2,0,0
cL05,Tm16,1,1,0,0,2,2,0,0
cL05,LC12,1,1,0,0,2,2,0,0
cL05,cM08a,1,1,0,0,2,2,0,0
MTe06,CB0816,1,1,0,0,2,2,0,0
MTe06,MTe05,1,1,0,0,2,2,0,0
MTe06,Tm8a,1,1,0,0,2,2,0,0
MTe08,Tm32,1,1,0,0,2,2,0,0
MTe08,MTe09,1,1,0,0,2,2,0,0
LTe64,LT66,1,1,0,0,2,2,0,0
LT52,cLM01,1,1,0,0,2,2,0,0
LT52,LTe12,1,1,0,0,2,2,0,0
LT52,Y12,1,1,0,0,2,2,0,0
LT52,Tm27,1,1,0,0,2,2,0,0
LT52,Li17,1,1,0,0,2,2,0,0
LPLC2,Nod3,1,1,0,0,2,2,0,0
LC37a,MLt2,1,1,0,0,2,2,0,0
LCe03,LC20a,1,1,0,0,2,2,0,0
LCe03,LC26,1,1,0,0,2,2,0,0
LCe03,LLPC2,1,1,0,0,2,2,0,0
aMe12,aMe12,1,1,0,0,2,2,0,0
aMe12,Tm7,1,1,0,0,2,2,0,0
aMe12,Sm21,1,1,0,0,2,2,0,0
aMe12,Sm25,1,1,0,0,2,2,0,0
aMe12,MeLp1,1,1,0,0,2,2,0,0
aMe12,MTe49,1,1,0,0,2,2,0,0
LLPC4,LC20b,1,1,0,0,2,2,0,0
LLPC4,TmY20,1,1,0,0,2,2,0,0
LLPC4,Li30,1,1,0,0,2,2,0,0
LT76,LPLC4,1,1,0,0,2,2,0,0
LT76,LC36,1,1,0,0,2,2,0,0
MTe51,Pm10,1,1,0,0,2,2,0,0
LC12,LMt3,1,1,0,0,2,2,0,0
MeTu4a,cM14,1,1,0,0,2,2,0,0
LPT47_vCal2,LPC2,1,1,0,0,2,2,0,0
LPT47_vCal2,Y3,1,1,0,0,2,2,0,0
LPT47_vCal2,Tlp4,1,1,0,0,2,2,0,0
LPT47_vCal2,VSm,1,1,0,0,2,2,0,0
LPT47_vCal2,T4d,1,1,0,0,2,2,0,0
LPT47_vCal2,LPT28,1,1,0,0,2,2,0,0
LPT47_vCal2,LPi15,1,1,0,0,2,2,0,0
LT83,Li16,1,1,0,0,2,2,0,0
LT83,Y11,1,1,0,0,2,2,0,0
LT83,LTe12,1,1,0,0,2,2,0,0
LT83,TmY4,1,1,0,0,2,2,0,0
LT83,Tm4,1,1,0,0,2,2,0,0
LT83,LTe05,1,1,0,0,2,2,0,0
LT83,Li21,1,1,0,0,2,2,0,0
LT83,LTe20,1,1,0,0,2,2,0,0
LT83,LPLC2,1,1,0,0,2,2,0,0
LC10d,Tm27,1,1,0,0,2,2,0,0
MeTu4a,Sm02,1,1,0,0,2,2,0,0
LC25,LC19,1,1,0,0,2,2,0,0
LPLC4,LT79,1,1,0,0,2,2,0,0
cL01,LTe56,1,1,0,0,2,2,0,0
cL01,LC34,1,1,0,0,2,2,0,0
LC37a,LTe62,1,1,0,0,2,2,0,0
LC37a,LC31a,1,1,0,0,2,2,0,0
LCe08,LLPt,1,1,0,0,2,2,0,0
LCe08,LT78,1,1,0,0,2,2,0,0
LCe08,cMLLP01,1,1,0,0,2,2,0,0
LC20a,LC39,1,1,0,0,2,2,0,0
aMe17c,Dm9,1,1,0,0,2,2,0,0
aMe17c,MTe46,1,1,0,0,2,2,0,0
aMe17c,L1,1,1,0,0,2,2,0,0
aMe17c,MTe50,1,1,0,0,2,2,0,0
LC22,cL05,1,1,0,0,2,2,0,0
LPLC2,VST2,1,1,0,0,2,2,0,0
LC10f,LT63,1,1,0,0,2,2,0,0
PLP032,LC34,1,1,0,0,2,2,0,0
LT68,OA-AL2b1,1,1,0,0,2,2,0,0
LT68,LTe74,1,1,0,0,2,2,0,0
LT68,LC10d,1,1,0,0,2,2,0,0
LT68,MeTu1,1,1,0,0,2,2,0,0
LT68,LT64,1,1,0,0,2,2,0,0
LT68,LTe72,1,1,0,0,2,2,0,0
LT68,Li09,1,1,0,0,2,2,0,0
LTe42c,LT78,1,1,0,0,2,2,0,0
LTe42c,Li05,1,1,0,0,2,2,0,0
LTe42c,Li33,1,1,0,0,2,2,0,0
LTe42c,LC10e,1,1,0,0,2,2,0,0
VS4,LPTe01,1,1,0,0,2,2,0,0
VS4,DCH,1,1,0,0,2,2,0,0
VS4,HSE,1,1,0,0,2,2,0,0
VS4,Y11,1,1,0,0,2,2,0,0
VS4,VSm,1,1,0,0,2,2,0,0
VS4,Tlp5,1,1,0,0,2,2,0,0
VS4,TmY9q,1,1,0,0,2,2,0,0
MeTu2b,aMe4,1,1,0,0,2,2,0,0
LC25,LMa3,1,1,0,0,2,2,0,0
aMe17c,Dm13,1,1,0,0,2,2,0,0
aMe17c,Sm40,1,1,0,0,2,2,0,0
aMe17c,DNc02,1,1,0,0,2,2,0,0
aMe17c,Tm21,1,1,0,0,2,2,0,0
aMe17c,Sm37,1,1,0,0,2,2,0,0
LLPC3,LC14a2,1,1,0,0,2,2,0,0
LTe09,LPLC4,1,1,0,0,2,2,0,0
LTe09,LC14b,1,1,0,0,2,2,0,0
LTe09,Li10,1,1,0,0,2,2,0,0
